/*--------------------------------*- C++ -*----------------------------------*\
  =========                 |
  \\      /  F ield         | OpenFOAM: The Open Source CFD Toolbox
   \\    /   O peration     | Website:  https://openfoam.org
    \\  /    A nd           | Version:  7
     \\/     M anipulation  |
\*---------------------------------------------------------------------------*/
FoamFile
{
    version     2.0;
    format      ascii;
    class       surfaceScalarField;
    location    "0.0144";
    object      phi;
}
// * * * * * * * * * * * * * * * * * * * * * * * * * * * * * * * * * * * * * //

dimensions      [0 3 -1 0 0 0 0];

internalField   nonuniform List<scalar> 
4900
(
-5.558e-06
5.55799e-06
-1.01635e-05
4.60552e-06
-1.29469e-05
2.78339e-06
-1.46588e-05
1.71184e-06
-1.57494e-05
1.09066e-06
-1.64736e-05
7.24177e-07
-1.69773e-05
5.03678e-07
-1.73429e-05
3.65627e-07
-1.76176e-05
2.74662e-07
-1.78293e-05
2.11704e-07
-1.79956e-05
1.6629e-07
-1.8128e-05
1.32423e-07
-1.82345e-05
1.0649e-07
-1.83207e-05
8.6203e-08
-1.83907e-05
7.0046e-08
-1.84477e-05
5.69721e-08
-1.84939e-05
4.6234e-08
-1.85312e-05
3.72823e-08
-1.85609e-05
2.97023e-08
-1.85841e-05
2.31741e-08
-1.86015e-05
1.74452e-08
-1.86138e-05
1.23113e-08
-1.86214e-05
7.6032e-09
-1.86246e-05
3.17607e-09
-1.86235e-05
-1.09951e-09
-1.86182e-05
-5.34253e-09
-1.86085e-05
-9.67104e-09
-1.85943e-05
-1.42056e-08
-1.85752e-05
-1.90767e-08
-1.85508e-05
-2.44317e-08
-1.85203e-05
-3.04433e-08
-1.8483e-05
-3.73194e-08
-1.84377e-05
-4.53172e-08
-1.83829e-05
-5.4762e-08
-1.83169e-05
-6.60747e-08
-1.82371e-05
-7.98126e-08
-1.81403e-05
-9.67332e-08
-1.80224e-05
-1.17898e-07
-1.78776e-05
-1.4485e-07
-1.76977e-05
-1.79918e-07
-1.74709e-05
-2.26793e-07
-1.71793e-05
-2.91579e-07
-1.67944e-05
-3.84852e-07
-1.62688e-05
-5.25603e-07
-1.55206e-05
-7.48198e-07
-1.44085e-05
-1.1121e-06
-1.26932e-05
-1.71533e-06
-9.95392e-06
-2.73929e-06
-5.45543e-06
-4.49848e-06
-5.45543e-06
-1.14099e-08
5.5694e-06
-2.12172e-06
6.71583e-06
-4.83077e-06
5.49244e-06
-7.22043e-06
4.1015e-06
-9.1227e-06
2.99293e-06
-1.05917e-05
2.19316e-06
-1.17221e-05
1.63406e-06
-1.25982e-05
1.24174e-06
-1.32847e-05
9.61145e-07
-1.38286e-05
7.55687e-07
-1.4264e-05
6.01696e-07
-1.46154e-05
4.83794e-07
-1.49007e-05
3.91811e-07
-1.51334e-05
3.18852e-07
-1.53235e-05
2.60118e-07
-1.54787e-05
2.12178e-07
-1.56049e-05
1.72516e-07
-1.57069e-05
1.39246e-07
-1.57881e-05
1.10921e-07
-1.58514e-05
8.64087e-08
-1.58987e-05
6.48062e-08
-1.59318e-05
4.53755e-08
-1.59517e-05
2.74994e-08
-1.59592e-05
1.06451e-08
-1.59546e-05
-5.66306e-09
-1.59381e-05
-2.18702e-08
-1.59093e-05
-3.84107e-08
-1.58678e-05
-5.57306e-08
-1.58126e-05
-7.43093e-08
-1.57423e-05
-9.46831e-08
-1.56553e-05
-1.17473e-07
-1.55492e-05
-1.4342e-07
-1.54211e-05
-1.73428e-07
-1.52672e-05
-2.08623e-07
-1.50828e-05
-2.5044e-07
-1.48619e-05
-3.00741e-07
-1.45967e-05
-3.61999e-07
-1.4277e-05
-4.37571e-07
-1.38897e-05
-5.32134e-07
-1.34172e-05
-6.52377e-07
-1.28359e-05
-8.08102e-07
-1.21135e-05
-1.01401e-06
-1.12059e-05
-1.29242e-06
-1.00542e-05
-1.67732e-06
-8.58364e-06
-2.21878e-06
-6.71386e-06
-2.98188e-06
-4.40585e-06
-4.02334e-06
-1.82953e-06
-5.31561e-06
1.1931e-07
-6.44732e-06
-5.33612e-06
1.03828e-06
4.53112e-06
5.7239e-07
7.18173e-06
-9.32444e-07
6.99728e-06
-2.77964e-06
5.94869e-06
-4.57709e-06
4.79039e-06
-6.16627e-06
3.78234e-06
-7.50979e-06
2.97758e-06
-8.62273e-06
2.35468e-06
-9.53737e-06
1.87578e-06
-1.02877e-05
1.50599e-06
-1.09037e-05
1.21777e-06
-1.14105e-05
9.9059e-07
-1.18281e-05
8.09406e-07
-1.21725e-05
6.63233e-07
-1.24564e-05
5.43968e-07
-1.26898e-05
4.45557e-07
-1.28806e-05
3.63405e-07
-1.30354e-05
2.93969e-07
-1.31589e-05
2.34472e-07
-1.32552e-05
1.82702e-07
-1.33273e-05
1.36864e-07
-1.33774e-05
9.54764e-08
-1.34072e-05
5.72833e-08
-1.34177e-05
2.11937e-08
-1.34096e-05
-1.37732e-08
-1.33829e-05
-4.85357e-08
-1.33373e-05
-8.39908e-08
-1.3272e-05
-1.21055e-07
-1.31856e-05
-1.60704e-07
-1.30763e-05
-2.0402e-07
-1.29415e-05
-2.52242e-07
-1.27781e-05
-3.06821e-07
-1.2582e-05
-3.69502e-07
-1.23482e-05
-4.4242e-07
-1.20705e-05
-5.28232e-07
-1.17409e-05
-6.303e-07
-1.13499e-05
-7.52949e-07
-1.08857e-05
-9.01828e-07
-1.03334e-05
-1.08443e-06
-9.67496e-06
-1.31081e-06
-8.88849e-06
-1.59457e-06
-7.94845e-06
-1.95405e-06
-6.82749e-06
-2.41338e-06
-5.50236e-06
-3.00244e-06
-3.96877e-06
-3.75238e-06
-2.27318e-06
-4.67747e-06
-5.73559e-07
-5.72296e-06
7.6092e-07
-6.65009e-06
1.08401e-06
-6.77042e-06
-4.25211e-06
9.16805e-07
3.61432e-06
1.26987e-06
6.82866e-06
7.34519e-07
7.53263e-06
-3.64963e-07
7.04817e-06
-1.70171e-06
6.12714e-06
-3.06013e-06
5.14075e-06
-4.32576e-06
4.24321e-06
-5.45142e-06
3.48034e-06
-6.42703e-06
2.85139e-06
-7.26029e-06
2.33925e-06
-7.96598e-06
1.92347e-06
-8.56062e-06
1.58522e-06
-9.05992e-06
1.30871e-06
-9.47788e-06
1.0812e-06
-9.82652e-06
8.92606e-07
-1.01159e-05
7.34959e-07
-1.03544e-05
6.01933e-07
-1.0549e-05
4.88474e-07
-1.0705e-05
3.90509e-07
-1.0827e-05
3.04714e-07
-1.09185e-05
2.2834e-07
-1.09821e-05
1.59079e-07
-1.10197e-05
9.49527e-08
-1.10328e-05
3.42233e-08
-1.10219e-05
-2.46815e-08
-1.09872e-05
-8.32366e-08
-1.09283e-05
-1.42881e-07
-1.08443e-05
-2.05077e-07
-1.07336e-05
-2.71367e-07
-1.05942e-05
-3.43441e-07
-1.04232e-05
-4.23199e-07
-1.02172e-05
-5.12836e-07
-9.97177e-06
-6.14932e-07
-9.68162e-06
-7.32567e-07
-9.34038e-06
-8.69473e-07
-8.94046e-06
-1.03022e-06
-8.47297e-06
-1.22044e-06
-7.92764e-06
-1.44716e-06
-7.29295e-06
-1.71913e-06
-6.55656e-06
-2.04719e-06
-5.70657e-06
-2.44457e-06
-4.73402e-06
-2.9266e-06
-3.63814e-06
-3.50926e-06
-2.43607e-06
-4.20451e-06
-1.1798e-06
-5.00865e-06
1.86619e-08
-5.87593e-06
9.60585e-07
-6.66488e-06
1.35281e-06
-7.04231e-06
9.16111e-07
-6.33372e-06
-3.336e-06
6.8643e-07
2.92789e-06
1.29846e-06
6.21663e-06
1.34151e-06
7.48958e-06
8.5385e-07
7.53583e-06
2.00794e-08
6.96091e-06
-9.80253e-07
6.14109e-06
-2.01808e-06
5.28103e-06
-3.01508e-06
4.47735e-06
-3.93071e-06
3.76701e-06
-4.74843e-06
3.15697e-06
-5.46562e-06
2.64066e-06
-6.08692e-06
2.20653e-06
-6.62033e-06
1.84212e-06
-7.07493e-06
1.5358e-06
-7.45971e-06
1.27738e-06
-7.78295e-06
1.05819e-06
-8.05198e-06
8.70964e-07
-8.27312e-06
7.09617e-07
-8.45169e-06
5.69079e-07
-8.59206e-06
4.45088e-07
-8.69776e-06
3.34036e-07
-8.77152e-06
2.32834e-07
-8.81536e-06
1.38793e-07
-8.83066e-06
4.95254e-08
-8.81819e-06
-3.71479e-08
-8.77815e-06
-1.23275e-07
-8.71018e-06
-2.10852e-07
-8.61337e-06
-3.01892e-07
-8.48623e-06
-3.98501e-07
-8.32673e-06
-5.02947e-07
-8.13219e-06
-6.1774e-07
-7.89931e-06
-7.45715e-07
-7.62412e-06
-8.90123e-07
-7.30194e-06
-1.05474e-06
-6.92745e-06
-1.24397e-06
-6.49465e-06
-1.46301e-06
-5.99716e-06
-1.71794e-06
-5.42846e-06
-2.01586e-06
-4.78267e-06
-2.36491e-06
-4.05575e-06
-2.77412e-06
-3.24764e-06
-3.25267e-06
-2.36591e-06
-3.80833e-06
-1.43141e-06
-4.44377e-06
-4.86727e-07
-5.14919e-06
3.92876e-07
-5.88825e-06
1.08985e-06
-6.5729e-06
1.44738e-06
-7.02241e-06
1.31183e-06
-6.90676e-06
6.69094e-07
-5.69098e-06
-2.66691e-06
4.98033e-07
2.42985e-06
1.14122e-06
5.57345e-06
1.48006e-06
7.15074e-06
1.4109e-06
7.60498e-06
9.98114e-07
7.3737e-06
3.56779e-07
6.78242e-06
-4.04508e-07
6.04232e-06
-1.20383e-06
5.27667e-06
-1.98697e-06
4.55015e-06
-2.72182e-06
3.89182e-06
-3.39186e-06
3.3107e-06
-3.99066e-06
2.80532e-06
-4.51787e-06
2.36933e-06
-4.97656e-06
1.99448e-06
-5.37144e-06
1.67227e-06
-5.70788e-06
1.39463e-06
-5.99121e-06
1.15429e-06
-6.22641e-06
9.44819e-07
-6.41792e-06
7.60589e-07
-6.56955e-06
5.96719e-07
-6.68447e-06
4.48956e-07
-6.76521e-06
3.13574e-07
-6.81369e-06
1.87272e-07
-6.83124e-06
6.7079e-08
-6.81865e-06
-4.97375e-08
-6.77617e-06
-1.65757e-07
-6.70353e-06
-2.83489e-07
-6.59998e-06
-4.05446e-07
-6.46425e-06
-5.34228e-07
-6.29461e-06
-6.72588e-07
-6.08884e-06
-8.23513e-07
-5.84426e-06
-9.90292e-07
-5.55779e-06
-1.17659e-06
-5.22602e-06
-1.38651e-06
-4.84532e-06
-1.62467e-06
-4.41214e-06
-1.89619e-06
-3.92337e-06
-2.20671e-06
-3.37701e-06
-2.56222e-06
-2.77317e-06
-2.96875e-06
-2.11564e-06
-3.43164e-06
-1.41423e-06
-3.95409e-06
-6.87993e-07
-4.53457e-06
3.03583e-08
-5.16212e-06
6.89615e-07
-5.80844e-06
1.2164e-06
-6.41503e-06
1.5176e-06
-6.87411e-06
1.49896e-06
-7.00377e-06
1.11566e-06
-6.52347e-06
4.7572e-07
-5.05104e-06
-2.19119e-06
3.67532e-07
2.06232e-06
9.62598e-07
4.97838e-06
1.4297e-06
6.68364e-06
1.61776e-06
7.41692e-06
1.51551e-06
7.47594e-06
1.17927e-06
7.11866e-06
6.84542e-07
6.53705e-06
1.0096e-07
5.86025e-06
-5.16955e-07
5.16806e-06
-1.13075e-06
4.50562e-06
-1.71557e-06
3.89552e-06
-2.25682e-06
3.34657e-06
-2.74706e-06
2.85958e-06
-3.18365e-06
2.43107e-06
-3.56686e-06
2.05548e-06
-3.89868e-06
1.72646e-06
-4.18197e-06
1.43758e-06
-4.41988e-06
1.18273e-06
-4.61556e-06
9.56262e-07
-4.77188e-06
7.53041e-07
-4.89138e-06
5.68454e-07
-4.97615e-06
3.9835e-07
-5.02786e-06
2.38976e-07
-5.04768e-06
8.69032e-08
-5.03636e-06
-6.10548e-08
-4.9942e-06
-2.07917e-07
-4.92108e-06
-3.56616e-07
-4.81645e-06
-5.10071e-07
-4.67942e-06
-6.71259e-07
-4.50873e-06
-8.43281e-07
-4.30282e-06
-1.02942e-06
-4.0599e-06
-1.23321e-06
-3.77808e-06
-1.45842e-06
-3.45547e-06
-1.70913e-06
-3.09048e-06
-1.98966e-06
-2.68217e-06
-2.30449e-06
-2.23078e-06
-2.6581e-06
-1.73844e-06
-3.05455e-06
-1.21035e-06
-3.49684e-06
-6.56155e-07
-3.98584e-06
-9.18945e-08
-4.51835e-06
4.57703e-07
-5.08416e-06
9.56915e-07
-5.66133e-06
1.35764e-06
-6.20917e-06
1.60105e-06
-6.65844e-06
1.6262e-06
-6.89925e-06
1.39164e-06
-6.76921e-06
9.16796e-07
-6.04863e-06
3.44653e-07
-4.4789e-06
-1.84653e-06
2.81019e-07
1.7813e-06
8.07905e-07
4.4515e-06
1.3137e-06
6.17785e-06
1.64637e-06
7.08425e-06
1.75577e-06
7.36654e-06
1.65563e-06
7.2188e-06
1.38967e-06
6.80301e-06
1.00919e-06
6.24073e-06
5.61116e-07
5.61614e-06
8.32407e-08
4.98349e-06
-3.96483e-07
4.37524e-06
-8.58795e-07
3.80888e-06
-1.29133e-06
3.29211e-06
-1.68686e-06
2.82659e-06
-2.04174e-06
2.41035e-06
-2.35474e-06
2.03946e-06
-2.62616e-06
1.709e-06
-2.85719e-06
1.41376e-06
-3.04944e-06
1.14851e-06
-3.20468e-06
9.08281e-07
-3.32461e-06
6.88386e-07
-3.41076e-06
4.84494e-07
-3.46438e-06
2.92596e-07
-3.48644e-06
1.08962e-07
-3.47758e-06
-6.99093e-08
-3.43815e-06
-2.47354e-07
-3.36815e-06
-4.26609e-07
-3.26735e-06
-6.10871e-07
-3.13525e-06
-8.0336e-07
-2.97116e-06
-1.00737e-06
-2.7743e-06
-1.22629e-06
-2.54386e-06
-1.46365e-06
-2.2792e-06
-1.72308e-06
-1.98003e-06
-2.0083e-06
-1.64673e-06
-2.32296e-06
-1.28074e-06
-2.67048e-06
-8.85146e-07
-3.0537e-06
-4.65351e-07
-3.47434e-06
-3.00638e-08
-3.93213e-06
4.07595e-07
-4.4235e-06
8.28842e-07
-4.9396e-06
1.20809e-06
-5.46341e-06
1.51242e-06
-5.96566e-06
1.7027e-06
-6.39946e-06
1.73802e-06
-6.69376e-06
1.58581e-06
-6.74705e-06
1.24057e-06
-6.42397e-06
7.52177e-07
-5.56023e-06
2.58845e-07
-3.98557e-06
-1.58769e-06
2.22689e-07
1.55861e-06
6.82918e-07
3.99127e-06
1.1829e-06
5.67787e-06
1.58775e-06
6.6794e-06
1.83211e-06
7.12219e-06
1.90309e-06
7.14782e-06
1.81937e-06
6.88673e-06
1.614e-06
6.44611e-06
1.32308e-06
5.90706e-06
9.79548e-07
5.32702e-06
6.10543e-07
4.74425e-06
2.3688e-07
4.18254e-06
-1.26375e-07
3.65537e-06
-4.68904e-07
3.16912e-06
-7.84068e-07
2.72552e-06
-1.06795e-06
2.32334e-06
-1.31854e-06
1.95959e-06
-1.53512e-06
1.63035e-06
-1.71781e-06
1.3312e-06
-1.86717e-06
1.05764e-06
-1.98401e-06
8.05229e-07
-2.0692e-06
5.69678e-07
-2.12352e-06
3.46925e-07
-2.14768e-06
1.33115e-07
-2.14217e-06
-7.54144e-08
-2.10735e-06
-2.82177e-07
-2.04338e-06
-4.90576e-07
-1.9503e-06
-7.03954e-07
-1.82803e-06
-9.25627e-07
-1.67649e-06
-1.15891e-06
-1.49563e-06
-1.40714e-06
-1.28563e-06
-1.67365e-06
-1.04703e-06
-1.96168e-06
-7.80969e-07
-2.27435e-06
-4.89516e-07
-2.61441e-06
-1.76038e-07
-2.98396e-06
1.54291e-07
-3.38403e-06
4.93897e-07
-3.81395e-06
8.32118e-07
-4.27035e-06
1.1545e-06
-4.74588e-06
1.44222e-06
-5.22731e-06
1.6719e-06
-5.69309e-06
1.81637e-06
-6.11013e-06
1.84708e-06
-6.43017e-06
1.73936e-06
-6.58605e-06
1.48169e-06
-6.48937e-06
1.08958e-06
-6.03186e-06
6.23031e-07
-5.09368e-06
2.01596e-07
-3.56413e-06
-1.38609e-06
1.81714e-07
1.3769e-06
5.82929e-07
3.59005e-06
1.05636e-06
5.20444e-06
1.48871e-06
6.24704e-06
1.81252e-06
6.79838e-06
2.0005e-06
6.95984e-06
2.05381e-06
6.83342e-06
1.99021e-06
6.5097e-06
1.83478e-06
6.06249e-06
1.61376e-06
5.54805e-06
1.35107e-06
5.00693e-06
1.0668e-06
4.46681e-06
7.76808e-07
3.94536e-06
4.93028e-07
3.4529e-06
2.24062e-07
2.99449e-06
-2.41755e-08
2.57158e-06
-2.47831e-07
2.18325e-06
-4.44553e-07
1.82707e-06
-6.1307e-07
1.49972e-06
-7.52834e-07
1.19741e-06
-8.63762e-07
9.16157e-07
-9.46041e-07
6.51956e-07
-9.99991e-07
4.00875e-07
-1.02598e-06
1.59106e-07
-1.02437e-06
-7.70256e-08
-9.95483e-07
-3.11064e-07
-9.39612e-07
-5.46447e-07
-8.57043e-07
-7.86523e-07
-7.48103e-07
-1.03457e-06
-6.13234e-07
-1.29378e-06
-4.53095e-07
-1.56728e-06
-2.68701e-07
-1.85804e-06
-6.16009e-08
-2.16878e-06
1.65895e-07
-2.50185e-06
4.10439e-07
-2.85895e-06
6.67303e-07
-3.24082e-06
9.2999e-07
-3.64672e-06
1.18981e-06
-4.07377e-06
1.43546e-06
-4.51601e-06
1.65275e-06
-4.96317e-06
1.82452e-06
-5.39908e-06
1.93118e-06
-5.79974e-06
1.9521e-06
-6.13106e-06
1.86858e-06
-6.34664e-06
1.66869e-06
-6.38616e-06
1.35474e-06
-6.17543e-06
9.52748e-07
-5.62986e-06
5.22262e-07
-4.66319e-06
1.61861e-07
-3.20373e-06
-1.22423e-06
1.51514e-07
1.22538e-06
5.01871e-07
3.2397e-06
9.39941e-07
4.76637e-06
1.37283e-06
5.81415e-06
1.7374e-06
6.43381e-06
2.00005e-06
6.69719e-06
2.15088e-06
6.68259e-06
2.19613e-06
6.46446e-06
2.15121e-06
6.10741e-06
2.03541e-06
5.66384e-06
1.86835e-06
5.17399e-06
1.66794e-06
4.66723e-06
1.44942e-06
4.16388e-06
1.22514e-06
3.67718e-06
1.00468e-06
3.21495e-06
7.9521e-07
2.78104e-06
6.01929e-07
2.37653e-06
4.28445e-07
2.00055e-06
2.77174e-07
1.65099e-06
1.4964e-07
1.32494e-06
4.6729e-08
1.01907e-06
-3.11137e-08
7.29799e-07
-8.37438e-08
4.53505e-07
-1.11212e-07
1.86574e-07
-1.13705e-07
-7.45334e-08
-9.15049e-08
-3.33264e-07
-4.49927e-08
-5.92959e-07
2.53358e-08
-8.56851e-07
1.18824e-07
-1.12805e-06
2.34579e-07
-1.40954e-06
3.71373e-07
-1.70408e-06
5.27513e-07
-2.01418e-06
7.00674e-07
-2.34194e-06
8.87705e-07
-2.68888e-06
1.08439e-06
-3.05564e-06
1.28519e-06
-3.44162e-06
1.48299e-06
-3.84452e-06
1.66882e-06
-4.2596e-06
1.83172e-06
-4.67891e-06
1.95874e-06
-5.09019e-06
2.03528e-06
-5.47562e-06
2.04597e-06
-5.81044e-06
1.97638e-06
-6.06147e-06
1.8158e-06
-6.18606e-06
1.56141e-06
-6.13177e-06
1.22372e-06
-5.83773e-06
8.32627e-07
-5.23877e-06
4.42495e-07
-4.27306e-06
1.32999e-07
-2.89424e-06
-1.09123e-06
1.28197e-07
1.09719e-06
4.34714e-07
2.93318e-06
8.34408e-07
4.36667e-06
1.25184e-06
5.39672e-06
1.63076e-06
6.05489e-06
1.93618e-06
6.39177e-06
2.15198e-06
6.46679e-06
2.2764e-06
6.34004e-06
2.31716e-06
6.06664e-06
2.28726e-06
5.69374e-06
2.20179e-06
5.25947e-06
2.07577e-06
4.79324e-06
1.92296e-06
4.31669e-06
1.7552e-06
3.84495e-06
1.58225e-06
3.3879e-06
1.41188e-06
2.95141e-06
1.2501e-06
2.53831e-06
1.1014e-06
2.14926e-06
9.69042e-07
1.78335e-06
8.55335e-07
1.43865e-06
7.61837e-07
1.11257e-06
6.89539e-07
8.02097e-07
6.39009e-07
5.04035e-07
6.10492e-07
2.15092e-07
6.03979e-07
-6.80206e-08
6.19248e-07
-3.48533e-07
6.55871e-07
-6.29582e-07
7.13201e-07
-9.14182e-07
7.9033e-07
-1.20518e-06
8.86025e-07
-1.50523e-06
9.98634e-07
-1.81669e-06
1.12598e-06
-2.14152e-06
1.2652e-06
-2.48117e-06
1.41262e-06
-2.8363e-06
1.56355e-06
-3.20657e-06
1.71213e-06
-3.5902e-06
1.85115e-06
-3.98354e-06
1.97199e-06
-4.38044e-06
2.06463e-06
-4.77155e-06
2.11788e-06
-5.14344e-06
2.11998e-06
-5.47772e-06
2.05957e-06
-5.75003e-06
1.92743e-06
-5.92932e-06
1.71887e-06
-5.9775e-06
1.43704e-06
-5.84994e-06
1.09668e-06
-5.49737e-06
7.2779e-07
-4.86989e-06
3.77932e-07
-3.9232e-06
1.1108e-07
-2.62738e-06
-9.80149e-07
1.09448e-07
9.8774e-07
3.77792e-07
2.66483e-06
7.38846e-07
4.00562e-06
1.13148e-06
5.00409e-06
1.50697e-06
5.6794e-06
1.8317e-06
6.06704e-06
2.08665e-06
6.21184e-06
2.26494e-06
6.16175e-06
2.36861e-06
5.96298e-06
2.40544e-06
5.65691e-06
2.3863e-06
5.27861e-06
2.32318e-06
4.85636e-06
2.22786e-06
4.41202e-06
2.1111e-06
3.96171e-06
1.98225e-06
3.51674e-06
1.84915e-06
3.0845e-06
1.71814e-06
2.66932e-06
1.59422e-06
2.27318e-06
1.48122e-06
1.89634e-06
1.38201e-06
1.53786e-06
1.29867e-06
1.19591e-06
1.23262e-06
8.68145e-07
1.18479e-06
5.51866e-07
1.15568e-06
2.44197e-07
1.14546e-06
-5.77997e-08
1.15398e-06
-3.57051e-07
1.1808e-06
-6.56402e-07
1.22518e-06
-9.58565e-07
1.28606e-06
-1.26606e-06
1.36197e-06
-1.58114e-06
1.45098e-06
-1.9057e-06
1.55061e-06
-2.24116e-06
1.65772e-06
-2.58828e-06
1.76838e-06
-2.94696e-06
1.87774e-06
-3.31593e-06
1.97999e-06
-3.69245e-06
2.06825e-06
-4.07179e-06
2.13461e-06
-4.4468e-06
2.17032e-06
-4.80726e-06
2.16613e-06
-5.13926e-06
2.11297e-06
-5.42456e-06
2.00296e-06
-5.64002e-06
1.83093e-06
-5.7573e-06
1.59647e-06
-5.74304e-06
1.30625e-06
-5.55972e-06
9.76661e-07
-5.16778e-06
6.35835e-07
-4.52906e-06
3.24412e-07
-3.61178e-06
9.37577e-08
-2.39673e-06
-8.86392e-07
9.38699e-08
8.9387e-07
3.28554e-07
2.43015e-06
6.51985e-07
3.68219e-06
1.0146e-06
4.64147e-06
1.37486e-06
5.31913e-06
1.70193e-06
5.73997e-06
1.97606e-06
5.93771e-06
2.18745e-06
5.95036e-06
2.33419e-06
5.81624e-06
2.42001e-06
5.57109e-06
2.45218e-06
5.24644e-06
2.4398e-06
4.86874e-06
2.39253e-06
4.45928e-06
2.31975e-06
4.03449e-06
2.23001e-06
3.60648e-06
2.13079e-06
3.18372e-06
2.02842e-06
2.77169e-06
1.92807e-06
2.37353e-06
1.83388e-06
1.99054e-06
1.74905e-06
1.62268e-06
1.67603e-06
1.26894e-06
1.61656e-06
9.27616e-07
1.57184e-06
5.96584e-07
1.5426e-06
2.73441e-07
1.52914e-06
-4.4342e-08
1.53141e-06
-3.59319e-07
1.54899e-06
-6.73981e-07
1.58111e-06
-9.90684e-07
1.62661e-06
-1.31156e-06
1.68392e-06
-1.63845e-06
1.75098e-06
-1.97276e-06
1.82517e-06
-2.31535e-06
1.90325e-06
-2.66636e-06
1.98127e-06
-3.02497e-06
2.0545e-06
-3.38916e-06
2.11742e-06
-3.75537e-06
2.16373e-06
-4.1181e-06
2.18646e-06
-4.46953e-06
2.17823e-06
-4.79902e-06
2.13165e-06
-5.09268e-06
2.04001e-06
-5.33292e-06
1.89826e-06
-5.49826e-06
1.70423e-06
-5.56327e-06
1.46025e-06
-5.49906e-06
1.17487e-06
-5.27433e-06
8.64481e-07
-4.85739e-06
5.54452e-07
-4.21903e-06
2.79045e-07
-3.33637e-06
7.96003e-08
-2.19728e-06
-8.06791e-07
8.05923e-08
8.13277e-07
2.85256e-07
2.22549e-06
5.72659e-07
3.39479e-06
9.02562e-07
4.31157e-06
1.23994e-06
4.98176e-06
1.5573e-06
5.42261e-06
1.83552e-06
5.65949e-06
2.06342e-06
5.72246e-06
2.23657e-06
5.64308e-06
2.35574e-06
5.45193e-06
2.42528e-06
5.1769e-06
2.45175e-06
4.84227e-06
2.4428e-06
4.46824e-06
2.40629e-06
4.071e-06
2.34976e-06
3.66301e-06
2.28007e-06
3.2534e-06
2.20324e-06
2.84852e-06
2.12437e-06
2.4524e-06
2.04766e-06
2.06725e-06
1.97648e-06
1.69385e-06
1.91347e-06
1.33195e-06
1.86058e-06
9.80508e-07
1.8192e-06
6.37961e-07
1.79022e-06
3.02417e-07
1.77409e-06
-2.82065e-08
1.77082e-06
-3.56051e-07
1.78006e-06
-6.83217e-07
1.80104e-06
-1.01167e-06
1.83261e-06
-1.34313e-06
1.87316e-06
-1.679e-06
1.92062e-06
-2.02022e-06
1.97238e-06
-2.36711e-06
2.02526e-06
-2.71924e-06
2.07547e-06
-3.07518e-06
2.11858e-06
-3.43227e-06
2.14954e-06
-3.78633e-06
2.16276e-06
-4.13132e-06
2.15227e-06
-4.45904e-06
2.11203e-06
-4.75877e-06
2.03631e-06
-5.01696e-06
1.92038e-06
-5.217e-06
1.76133e-06
-5.33921e-06
1.55907e-06
-5.36101e-06
1.31756e-06
-5.25755e-06
1.04604e-06
-5.00282e-06
7.60007e-07
-4.57135e-06
4.81724e-07
-3.94075e-06
2.39839e-07
-3.09449e-06
6.77096e-08
-2.02516e-06
-7.39082e-07
6.9058e-08
7.44219e-07
2.46695e-07
2.04785e-06
4.99911e-07
3.14157e-06
7.96018e-07
4.01546e-06
1.1057e-06
4.67207e-06
1.40498e-06
5.12334e-06
1.67609e-06
5.38837e-06
1.90757e-06
5.49098e-06
2.09355e-06
5.4571e-06
2.23274e-06
5.31274e-06
2.32729e-06
5.08236e-06
2.38164e-06
4.78792e-06
2.4016e-06
4.44827e-06
2.39358e-06
4.07903e-06
2.364e-06
3.69258e-06
2.31898e-06
3.29843e-06
2.26402e-06
2.90348e-06
2.20396e-06
2.51247e-06
2.14288e-06
2.12833e-06
2.08414e-06
1.75259e-06
2.03045e-06
1.38565e-06
1.98386e-06
1.0271e-06
1.94588e-06
6.75944e-07
1.9175e-06
3.30792e-07
1.89927e-06
-9.97781e-09
1.8913e-06
-3.48081e-07
1.89329e-06
-6.85207e-07
1.90454e-06
-1.02292e-06
1.92394e-06
-1.36253e-06
1.94995e-06
-1.70501e-06
1.98056e-06
-2.05083e-06
2.0133e-06
-2.39985e-06
2.04518e-06
-2.75112e-06
2.07267e-06
-3.10268e-06
2.09176e-06
-3.45136e-06
2.09796e-06
-3.79253e-06
2.08646e-06
-4.11982e-06
2.05227e-06
-4.42485e-06
1.99054e-06
-4.69705e-06
1.89699e-06
-4.92341e-06
1.76843e-06
-5.08844e-06
1.60348e-06
-5.17426e-06
1.40343e-06
-5.16095e-06
1.17303e-06
-5.02716e-06
9.21442e-07
-4.75122e-06
6.62742e-07
-4.31265e-06
4.16134e-07
-3.69414e-06
2.05402e-07
-2.88376e-06
5.75019e-08
-1.87726e-06
-6.8158e-07
5.88952e-08
6.85324e-07
2.12025e-07
1.89472e-06
4.32978e-07
2.92062e-06
6.95226e-07
3.75321e-06
9.74415e-07
4.39288e-06
1.24994e-06
4.84781e-06
1.50584e-06
5.13247e-06
1.73103e-06
5.26579e-06
1.91902e-06
5.26912e-06
2.06721e-06
5.16454e-06
2.17615e-06
4.97342e-06
2.2486e-06
4.71546e-06
2.28882e-06
4.40805e-06
2.30187e-06
4.06598e-06
2.29308e-06
3.70137e-06
2.26772e-06
3.32379e-06
2.2307e-06
2.94049e-06
2.18646e-06
2.55671e-06
2.13881e-06
2.17598e-06
2.091e-06
1.80039e-06
2.04567e-06
1.43098e-06
2.00489e-06
1.06788e-06
1.9702e-06
7.1063e-07
1.94267e-06
3.58322e-07
1.92291e-06
9.78537e-09
1.9111e-06
-3.36272e-07
1.90703e-06
-6.81135e-07
1.91008e-06
-1.02597e-06
1.91923e-06
-1.37169e-06
1.93307e-06
-1.71885e-06
1.94975e-06
-2.06751e-06
1.96699e-06
-2.41709e-06
1.98207e-06
-2.76619e-06
1.99183e-06
-3.11244e-06
1.99273e-06
-3.45226e-06
1.9809e-06
-3.7807e-06
1.95226e-06
-4.09118e-06
1.90275e-06
-4.37534e-06
1.82857e-06
-4.62287e-06
1.72657e-06
-4.82141e-06
1.59474e-06
-4.95661e-06
1.43277e-06
-5.0123e-06
1.2427e-06
-4.97088e-06
1.02954e-06
-4.814e-06
8.01844e-07
-4.52353e-06
5.72061e-07
-4.08287e-06
3.56491e-07
-3.47857e-06
1.74742e-07
-2.70201e-06
4.85833e-08
-1.7511e-06
-6.32997e-07
4.98441e-08
6.3548e-07
1.80625e-07
1.76394e-06
3.7123e-07
2.73001e-06
6.00202e-07
3.52424e-06
8.47467e-07
4.14562e-06
1.09558e-06
4.5997e-06
1.33054e-06
4.89752e-06
1.54208e-06
5.05424e-06
1.72365e-06
5.08755e-06
1.87196e-06
5.01623e-06
1.98643e-06
4.85895e-06
2.06858e-06
4.63331e-06
2.12137e-06
4.35526e-06
2.14869e-06
4.03866e-06
2.15487e-06
3.69519e-06
2.14433e-06
3.33433e-06
2.12133e-06
2.96349e-06
2.0898e-06
2.58824e-06
2.05325e-06
2.21253e-06
2.01467e-06
1.83897e-06
1.97657e-06
1.46908e-06
1.94095e-06
1.1035e-06
1.90933e-06
7.42249e-07
1.88279e-06
3.84859e-07
1.86199e-06
3.05873e-08
1.84718e-06
-3.21457e-07
1.83821e-06
-6.72174e-07
1.8346e-06
-1.02235e-06
1.83544e-06
-1.37253e-06
1.83949e-06
-1.72289e-06
1.84509e-06
-2.07311e-06
1.85024e-06
-2.42223e-06
1.85253e-06
-2.76848e-06
1.84923e-06
-3.10914e-06
1.83728e-06
-3.44032e-06
1.81343e-06
-3.75685e-06
1.77431e-06
-4.05206e-06
1.71665e-06
-4.31768e-06
1.63754e-06
-4.54376e-06
1.53473e-06
-4.7186e-06
1.40704e-06
-4.82892e-06
1.25483e-06
-4.86009e-06
1.08046e-06
-4.79651e-06
8.88782e-07
-4.62232e-06
6.8749e-07
-4.32224e-06
4.873e-07
-3.88268e-06
3.01835e-07
-3.2931e-06
1.47125e-07
-2.5473e-06
4.06753e-08
-1.64465e-06
-5.92321e-07
4.17127e-08
5.93768e-07
1.52016e-07
1.65364e-06
3.14121e-07
2.56791e-06
5.1079e-07
3.32757e-06
7.25641e-07
3.93077e-06
9.44129e-07
4.38121e-06
1.15423e-06
4.68742e-06
1.34678e-06
4.86169e-06
1.51554e-06
4.91879e-06
1.65694e-06
4.87483e-06
1.76974e-06
4.74615e-06
1.85453e-06
4.54852e-06
1.91328e-06
4.29651e-06
1.94889e-06
4.00306e-06
1.96476e-06
3.67933e-06
1.96452e-06
3.33456e-06
1.9518e-06
2.97622e-06
1.92998e-06
2.61005e-06
1.90217e-06
2.24034e-06
1.87107e-06
1.87007e-06
1.83897e-06
1.50117e-06
1.80776e-06
1.13472e-06
1.77888e-06
7.71128e-07
1.75339e-06
4.10349e-07
1.73196e-06
5.20182e-08
1.71489e-06
-3.04389e-07
1.70214e-06
-6.5942e-07
1.6933e-06
-1.01352e-06
1.68766e-06
-1.36689e-06
1.68414e-06
-1.71937e-06
1.68134e-06
-2.07032e-06
1.67754e-06
-2.41844e-06
1.67071e-06
-2.76165e-06
1.65853e-06
-3.09695e-06
1.63845e-06
-3.42024e-06
1.60779e-06
-3.72619e-06
1.56384e-06
-4.00811e-06
1.50403e-06
-4.25787e-06
1.42614e-06
-4.46586e-06
1.3286e-06
-4.62106e-06
1.21079e-06
-4.71112e-06
1.07344e-06
-4.72273e-06
9.18917e-07
-4.64199e-06
7.51634e-07
-4.45504e-06
5.78252e-07
-4.14885e-06
4.07767e-07
-3.7122e-06
2.51364e-07
-3.1367e-06
1.21979e-07
-2.41791e-06
3.3571e-08
-1.55624e-06
-5.5875e-07
3.43502e-08
5.59417e-07
1.258e-07
1.56218e-06
2.61141e-07
2.43257e-06
4.26686e-07
3.16203e-06
6.09254e-07
3.7482e-06
7.96928e-07
4.19353e-06
9.79617e-07
4.50473e-06
1.14939e-06
4.69191e-06
1.30059e-06
4.7676e-06
1.42969e-06
4.74573e-06
1.53509e-06
4.64075e-06
1.61677e-06
4.46684e-06
1.67595e-06
4.23733e-06
1.7147e-06
3.96431e-06
1.73564e-06
3.65838e-06
1.74169e-06
3.32851e-06
1.73581e-06
2.98209e-06
1.72089e-06
2.62498e-06
1.69957e-06
2.26166e-06
1.67423e-06
1.89541e-06
1.64691e-06
1.52849e-06
1.61931e-06
1.16231e-06
1.59278e-06
7.97661e-07
1.56831e-06
4.3482e-07
1.54657e-06
7.37636e-08
1.52789e-06
-2.85711e-07
1.51231e-06
-6.4384e-07
1.49955e-06
-1.00076e-06
1.48906e-06
-1.35639e-06
1.47997e-06
-1.71028e-06
1.47115e-06
-2.0615e-06
1.46119e-06
-2.40848e-06
1.44843e-06
-2.74889e-06
1.43098e-06
-3.07951e-06
1.4068e-06
-3.39606e-06
1.37373e-06
-3.69312e-06
1.32963e-06
-3.96401e-06
1.27253e-06
-4.20076e-06
1.20077e-06
-4.3941e-06
1.11326e-06
-4.53355e-06
1.00974e-06
-4.6076e-06
8.91029e-07
-4.60402e-06
7.59307e-07
-4.51027e-06
6.18361e-07
-4.31409e-06
4.73732e-07
-4.00423e-06
3.32748e-07
-3.57121e-06
2.04368e-07
-3.00832e-06
9.88369e-08
-2.31238e-06
2.71071e-08
-1.48451e-06
-5.31643e-07
2.76299e-08
5.31787e-07
1.01625e-07
1.48819e-06
2.11787e-07
2.32241e-06
3.47457e-07
3.02636e-06
4.9825e-07
3.59741e-06
6.54625e-07
4.03716e-06
8.08347e-07
4.35101e-06
9.52772e-07
4.54748e-06
1.08298e-06
4.63739e-06
1.19571e-06
4.63299e-06
1.28928e-06
4.54718e-06
1.36329e-06
4.39283e-06
1.41838e-06
4.18223e-06
1.456e-06
3.92669e-06
1.47811e-06
3.63628e-06
1.48695e-06
3.31967e-06
1.48492e-06
2.98413e-06
1.47435e-06
2.63555e-06
1.45748e-06
2.27854e-06
1.4363e-06
1.91659e-06
1.41259e-06
1.5522e-06
1.38783e-06
1.18708e-06
1.36322e-06
8.22272e-07
1.33967e-06
4.58364e-07
1.31783e-06
9.56042e-08
1.29806e-06
-2.6594e-07
1.28046e-06
-6.26243e-07
1.26489e-06
-9.85191e-07
1.25095e-06
-1.34245e-06
1.23801e-06
-1.69734e-06
1.22519e-06
-2.04868e-06
1.21143e-06
-2.39471e-06
1.19542e-06
-2.73289e-06
1.17572e-06
-3.05981e-06
1.15074e-06
-3.37108e-06
1.11882e-06
-3.6612e-06
1.07834e-06
-3.92353e-06
1.02781e-06
-4.15023e-06
9.66005e-07
-4.3323e-06
8.92184e-07
-4.45973e-06
8.06244e-07
-4.52166e-06
7.08943e-07
-4.50672e-06
6.02101e-07
-4.40343e-06
4.88769e-07
-4.20076e-06
3.73326e-07
-3.88878e-06
2.61492e-07
-3.45938e-06
1.60194e-07
-2.90702e-06
7.72912e-08
-2.22948e-06
2.11474e-08
-1.42837e-06
-5.10496e-07
2.14389e-08
5.10349e-07
7.91614e-08
1.43047e-06
1.65545e-07
2.23602e-06
2.72556e-07
2.91935e-06
3.92273e-07
3.47769e-06
5.1732e-07
3.91211e-06
6.41218e-07
4.22711e-06
7.58619e-07
4.43008e-06
8.65441e-07
4.53057e-06
9.58868e-07
4.53957e-06
1.03727e-06
4.46878e-06
1.10007e-06
4.33003e-06
1.14753e-06
4.13477e-06
1.1806e-06
3.89363e-06
1.20065e-06
3.61622e-06
1.2094e-06
3.31092e-06
1.20866e-06
2.98487e-06
1.20029e-06
2.64392e-06
1.18607e-06
2.29276e-06
1.16765e-06
1.93501e-06
1.14648e-06
1.57337e-06
1.12382e-06
1.20974e-06
1.1007e-06
8.45385e-07
1.07795e-06
4.81117e-07
1.05615e-06
1.17405e-07
1.03568e-06
-2.45469e-07
1.01671e-06
-6.07272e-07
9.99207e-07
-9.6769e-07
9.82953e-07
-1.3262e-06
9.67535e-07
-1.68192e-06
9.52366e-07
-2.03351e-06
9.36686e-07
-2.37903e-06
9.19585e-07
-2.71578e-06
9.00018e-07
-3.04024e-06
8.76844e-07
-3.3479e-06
8.4887e-07
-3.63323e-06
8.14916e-07
-3.88958e-06
7.73903e-07
-4.10921e-06
7.24959e-07
-4.28336e-06
6.67547e-07
-4.40232e-06
6.01607e-07
-4.45572e-06
5.2771e-07
-4.43282e-06
4.472e-07
-4.32292e-06
3.62316e-07
-4.11588e-06
2.76264e-07
-3.80273e-06
1.93214e-07
-3.37633e-06
1.18212e-07
-2.83202e-06
5.69724e-08
-2.16824e-06
1.55719e-08
-1.38696e-06
-4.94924e-07
1.56725e-08
4.94676e-07
5.80901e-08
1.38805e-06
1.21883e-07
2.17223e-06
2.01331e-07
2.8399e-06
2.90729e-07
3.38829e-06
3.84685e-07
3.81816e-06
4.78377e-07
4.13342e-06
5.67744e-07
4.34072e-06
6.49597e-07
4.44872e-06
7.21651e-07
4.46751e-06
7.82487e-07
4.40794e-06
8.31466e-07
4.28105e-06
8.68613e-07
4.09762e-06
8.94473e-07
3.86777e-06
9.0998e-07
3.60071e-06
9.16323e-07
3.30458e-06
9.14835e-07
2.98635e-06
9.06896e-07
2.65185e-06
8.93859e-07
2.30579e-06
8.76998e-07
1.95188e-06
8.57466e-07
1.5929e-06
8.36273e-07
1.23093e-06
8.14272e-07
8.67385e-07
7.92158e-07
5.03231e-07
7.70464e-07
1.39099e-07
7.49567e-07
-2.24572e-07
7.29695e-07
-5.874e-07
7.10932e-07
-9.48927e-07
6.93223e-07
-1.30849e-06
6.76381e-07
-1.66508e-06
6.60093e-07
-2.01723e-06
6.43925e-07
-2.36286e-06
6.27335e-07
-2.69919e-06
6.09682e-07
-3.02259e-06
5.90247e-07
-3.32847e-06
5.68265e-07
-3.61125e-06
5.42964e-07
-3.86428e-06
5.13619e-07
-4.07987e-06
4.79622e-07
-4.24936e-06
4.40567e-07
-4.36326e-06
3.96346e-07
-4.4115e-06
3.4725e-07
-4.38372e-06
2.94075e-07
-4.26974e-06
2.38199e-07
-4.06e-06
1.81647e-07
-3.74618e-06
1.27094e-07
-3.32178e-06
7.78086e-08
-2.78274e-06
3.75319e-08
-2.12796e-06
1.02707e-08
-1.3597e-06
-4.84653e-07
1.02297e-08
4.84446e-07
3.80941e-08
1.36019e-06
8.0243e-08
2.13008e-06
1.33052e-07
2.78709e-06
1.92841e-07
3.3285e-06
2.56062e-07
3.75494e-06
3.19471e-07
4.07001e-06
3.80267e-07
4.27992e-06
4.36182e-07
4.3928e-06
4.85522e-07
4.41817e-06
5.27164e-07
4.3663e-06
5.60513e-07
4.24771e-06
5.85439e-07
4.0727e-06
6.02192e-07
3.85102e-06
6.11314e-07
3.59159e-06
6.13551e-07
3.30234e-06
6.09779e-07
2.99013e-06
6.00933e-07
2.6607e-06
5.87953e-07
2.31877e-06
5.71744e-07
1.96808e-06
5.53146e-07
1.6115e-06
5.32915e-07
1.25116e-06
5.1171e-07
8.8859e-07
4.90093e-07
5.24849e-07
4.68525e-07
1.60667e-07
4.47375e-07
-2.03422e-07
4.26917e-07
-5.66942e-07
4.07343e-07
-9.29352e-07
3.88761e-07
-1.28991e-06
3.71206e-07
-1.64752e-06
3.54636e-07
-2.00066e-06
3.3894e-07
-2.34717e-06
3.23939e-07
-2.68419e-06
3.09384e-07
-3.00803e-06
2.94971e-07
-3.31405e-06
2.80341e-07
-3.59662e-06
2.651e-07
-3.84904e-06
2.48841e-07
-4.06361e-06
2.31173e-07
-4.23169e-06
2.11768e-07
-4.34386e-06
1.90409e-07
-4.39014e-06
1.67054e-07
-4.36037e-06
1.41896e-07
-4.24458e-06
1.15428e-07
-4.03353e-06
8.84864e-08
-3.71924e-06
6.22784e-08
-3.29557e-06
3.83702e-08
-2.75883e-06
1.86327e-08
-2.10823e-06
5.13983e-09
-1.34621e-06
-4.79513e-07
5.01203e-09
4.79434e-07
1.88558e-08
1.34634e-06
4.00504e-08
2.10889e-06
6.69225e-08
2.76022e-06
9.76904e-08
3.29774e-06
1.30553e-07
3.72207e-06
1.63782e-07
4.03678e-06
1.9581e-07
4.24789e-06
2.25296e-07
4.36332e-06
2.5117e-07
4.3923e-06
2.72656e-07
4.34481e-06
2.89267e-07
4.23109e-06
3.00782e-07
4.06118e-06
3.07213e-07
3.84459e-06
3.08764e-07
3.59004e-06
3.05782e-07
3.30533e-06
2.98716e-07
2.99719e-06
2.88076e-07
2.67134e-06
2.74403e-07
2.33245e-06
2.58236e-07
1.98425e-06
2.401e-07
1.62964e-06
2.20491e-07
1.27077e-06
1.99864e-07
9.09217e-07
1.7864e-07
5.46073e-07
1.57198e-07
1.82108e-07
1.35885e-07
-1.82108e-07
1.15016e-07
-5.46073e-07
9.48808e-08
-9.09217e-07
7.57472e-08
-1.27077e-06
5.78635e-08
-1.62964e-06
4.14588e-08
-1.98425e-06
2.67402e-08
-2.33245e-06
1.38882e-08
-2.67134e-06
3.04796e-09
-2.99719e-06
-5.68076e-09
-3.30533e-06
-1.22555e-08
-3.59004e-06
-1.6703e-08
-3.84459e-06
-1.91294e-08
-4.06118e-06
-1.97263e-08
-4.23109e-06
-1.87703e-08
-4.34481e-06
-1.66136e-08
-4.3923e-06
-1.36639e-08
-4.36332e-06
-1.03545e-08
-4.24789e-06
-7.10331e-09
-4.03678e-06
-4.26819e-09
-3.72207e-06
-2.10122e-09
-3.29774e-06
-7.12378e-10
-2.76022e-06
-5.13965e-11
-2.10889e-06
7.92255e-11
-1.34634e-06
-4.79434e-07
-7.92224e-11
4.79514e-07
5.14051e-11
1.34621e-06
7.12391e-10
2.10823e-06
2.10127e-09
2.75883e-06
4.26828e-09
3.29557e-06
7.10344e-09
3.71924e-06
1.03547e-08
4.03353e-06
1.36642e-08
4.24458e-06
1.66139e-08
4.36037e-06
1.87707e-08
4.39014e-06
1.97267e-08
4.34386e-06
1.91298e-08
4.23169e-06
1.67035e-08
4.06361e-06
1.22561e-08
3.84903e-06
5.68138e-09
3.59662e-06
-3.0473e-09
3.31405e-06
-1.38875e-08
3.00803e-06
-2.67395e-08
2.68419e-06
-4.1458e-08
2.34717e-06
-5.78627e-08
2.00066e-06
-7.57464e-08
1.64752e-06
-9.488e-08
1.28991e-06
-1.15015e-07
9.29352e-07
-1.35884e-07
5.66942e-07
-1.57197e-07
2.03421e-07
-1.78639e-07
-1.60667e-07
-1.99863e-07
-5.24849e-07
-2.2049e-07
-8.88591e-07
-2.401e-07
-1.25116e-06
-2.58235e-07
-1.6115e-06
-2.74402e-07
-1.96808e-06
-2.88076e-07
-2.31877e-06
-2.98715e-07
-2.6607e-06
-3.05781e-07
-2.99013e-06
-3.08763e-07
-3.30234e-06
-3.07213e-07
-3.59159e-06
-3.00781e-07
-3.85102e-06
-2.89267e-07
-4.0727e-06
-2.72656e-07
-4.24771e-06
-2.5117e-07
-4.3663e-06
-2.25295e-07
-4.41817e-06
-1.9581e-07
-4.3928e-06
-1.63782e-07
-4.27992e-06
-1.30553e-07
-4.07001e-06
-9.76903e-08
-3.75493e-06
-6.69224e-08
-3.3285e-06
-4.00504e-08
-2.78709e-06
-1.88558e-08
-2.13008e-06
-5.01201e-09
-1.36019e-06
-4.84446e-07
-5.13984e-09
4.84653e-07
-1.86327e-08
1.3597e-06
-3.83702e-08
2.12796e-06
-6.22783e-08
2.78274e-06
-8.84863e-08
3.32178e-06
-1.15428e-07
3.74618e-06
-1.41896e-07
4.06e-06
-1.67054e-07
4.26974e-06
-1.90409e-07
4.38372e-06
-2.11767e-07
4.4115e-06
-2.31173e-07
4.36326e-06
-2.4884e-07
4.24936e-06
-2.651e-07
4.07987e-06
-2.80341e-07
3.86428e-06
-2.94971e-07
3.61125e-06
-3.09384e-07
3.32847e-06
-3.23938e-07
3.02259e-06
-3.3894e-07
2.69919e-06
-3.54635e-07
2.36286e-06
-3.71205e-07
2.01723e-06
-3.8876e-07
1.66508e-06
-4.07342e-07
1.30849e-06
-4.26916e-07
9.48927e-07
-4.47374e-07
5.874e-07
-4.68524e-07
2.24572e-07
-4.90092e-07
-1.391e-07
-5.11709e-07
-5.03232e-07
-5.32914e-07
-8.67386e-07
-5.53146e-07
-1.23093e-06
-5.71743e-07
-1.5929e-06
-5.87952e-07
-1.95188e-06
-6.00932e-07
-2.30579e-06
-6.09779e-07
-2.65185e-06
-6.1355e-07
-2.98635e-06
-6.11313e-07
-3.30458e-06
-6.02192e-07
-3.60071e-06
-5.85439e-07
-3.86777e-06
-5.60512e-07
-4.09762e-06
-5.27163e-07
-4.28105e-06
-4.85522e-07
-4.40794e-06
-4.36182e-07
-4.46751e-06
-3.80267e-07
-4.44872e-06
-3.1947e-07
-4.34072e-06
-2.56061e-07
-4.13342e-06
-1.92841e-07
-3.81816e-06
-1.33052e-07
-3.38829e-06
-8.0243e-08
-2.8399e-06
-3.8094e-08
-2.17223e-06
-1.02297e-08
-1.38805e-06
-4.94676e-07
-1.02707e-08
4.94924e-07
-3.75319e-08
1.38696e-06
-7.78085e-08
2.16824e-06
-1.27093e-07
2.83202e-06
-1.81647e-07
3.37633e-06
-2.38199e-07
3.80273e-06
-2.94074e-07
4.11588e-06
-3.4725e-07
4.32292e-06
-3.96345e-07
4.43282e-06
-4.40567e-07
4.45572e-06
-4.79621e-07
4.40232e-06
-5.13618e-07
4.28336e-06
-5.42963e-07
4.10921e-06
-5.68264e-07
3.88958e-06
-5.90246e-07
3.63323e-06
-6.09681e-07
3.3479e-06
-6.27335e-07
3.04024e-06
-6.43925e-07
2.71578e-06
-6.60092e-07
2.37903e-06
-6.7638e-07
2.03351e-06
-6.93222e-07
1.68192e-06
-7.10931e-07
1.3262e-06
-7.29694e-07
9.6769e-07
-7.49566e-07
6.07272e-07
-7.70463e-07
2.45469e-07
-7.92158e-07
-1.17405e-07
-8.14272e-07
-4.81118e-07
-8.36272e-07
-8.45385e-07
-8.57465e-07
-1.20974e-06
-8.76997e-07
-1.57337e-06
-8.93858e-07
-1.93501e-06
-9.06895e-07
-2.29276e-06
-9.14834e-07
-2.64392e-06
-9.16322e-07
-2.98487e-06
-9.09979e-07
-3.31092e-06
-8.94472e-07
-3.61622e-06
-8.68612e-07
-3.89363e-06
-8.31466e-07
-4.13477e-06
-7.82486e-07
-4.33003e-06
-7.21651e-07
-4.46878e-06
-6.49597e-07
-4.53957e-06
-5.67744e-07
-4.53057e-06
-4.78377e-07
-4.43008e-06
-3.84685e-07
-4.22711e-06
-2.90729e-07
-3.91211e-06
-2.01331e-07
-3.47769e-06
-1.21883e-07
-2.91935e-06
-5.809e-08
-2.23602e-06
-1.56724e-08
-1.43047e-06
-5.10348e-07
-1.55719e-08
5.10496e-07
-5.69723e-08
1.42837e-06
-1.18212e-07
2.22948e-06
-1.93214e-07
2.90702e-06
-2.76264e-07
3.45938e-06
-3.62316e-07
3.88878e-06
-4.47199e-07
4.20076e-06
-5.27709e-07
4.40343e-06
-6.01607e-07
4.50672e-06
-6.67546e-07
4.52166e-06
-7.24959e-07
4.45973e-06
-7.73902e-07
4.3323e-06
-8.14915e-07
4.15023e-06
-8.48869e-07
3.92353e-06
-8.76844e-07
3.6612e-06
-9.00018e-07
3.37108e-06
-9.19584e-07
3.05981e-06
-9.36686e-07
2.73289e-06
-9.52365e-07
2.39471e-06
-9.67535e-07
2.04868e-06
-9.82952e-07
1.69734e-06
-9.99206e-07
1.34245e-06
-1.01671e-06
9.85191e-07
-1.03568e-06
6.26243e-07
-1.05615e-06
2.6594e-07
-1.07795e-06
-9.56044e-08
-1.1007e-06
-4.58365e-07
-1.12382e-06
-8.22272e-07
-1.14648e-06
-1.18708e-06
-1.16765e-06
-1.5522e-06
-1.18607e-06
-1.91659e-06
-1.20029e-06
-2.27854e-06
-1.20866e-06
-2.63555e-06
-1.2094e-06
-2.98413e-06
-1.20065e-06
-3.31967e-06
-1.18059e-06
-3.63628e-06
-1.14753e-06
-3.92669e-06
-1.10007e-06
-4.18223e-06
-1.03727e-06
-4.39283e-06
-9.58867e-07
-4.54718e-06
-8.65441e-07
-4.63299e-06
-7.58619e-07
-4.63739e-06
-6.41217e-07
-4.54748e-06
-5.1732e-07
-4.35101e-06
-3.92272e-07
-4.03716e-06
-2.72555e-07
-3.59741e-06
-1.65545e-07
-3.02636e-06
-7.91614e-08
-2.32241e-06
-2.14389e-08
-1.48819e-06
-5.31787e-07
-2.11474e-08
5.31643e-07
-7.72911e-08
1.48451e-06
-1.60194e-07
2.31238e-06
-2.61492e-07
3.00832e-06
-3.73326e-07
3.57121e-06
-4.88769e-07
4.00423e-06
-6.02101e-07
4.31409e-06
-7.08943e-07
4.51027e-06
-8.06244e-07
4.60402e-06
-8.92184e-07
4.6076e-06
-9.66004e-07
4.53355e-06
-1.02781e-06
4.3941e-06
-1.07834e-06
4.20076e-06
-1.11882e-06
3.96401e-06
-1.15074e-06
3.69312e-06
-1.17572e-06
3.39606e-06
-1.19542e-06
3.07951e-06
-1.21142e-06
2.74889e-06
-1.22519e-06
2.40848e-06
-1.23801e-06
2.0615e-06
-1.25095e-06
1.71028e-06
-1.26489e-06
1.35639e-06
-1.28046e-06
1.00076e-06
-1.29806e-06
6.43839e-07
-1.31783e-06
2.8571e-07
-1.33967e-06
-7.37639e-08
-1.36322e-06
-4.3482e-07
-1.38783e-06
-7.97661e-07
-1.41259e-06
-1.16231e-06
-1.4363e-06
-1.52849e-06
-1.45748e-06
-1.89541e-06
-1.47435e-06
-2.26166e-06
-1.48492e-06
-2.62498e-06
-1.48695e-06
-2.98209e-06
-1.47811e-06
-3.32851e-06
-1.456e-06
-3.65838e-06
-1.41838e-06
-3.96431e-06
-1.36329e-06
-4.23733e-06
-1.28928e-06
-4.46684e-06
-1.19571e-06
-4.64075e-06
-1.08298e-06
-4.74573e-06
-9.52772e-07
-4.7676e-06
-8.08346e-07
-4.69191e-06
-6.54625e-07
-4.50473e-06
-4.9825e-07
-4.19353e-06
-3.47457e-07
-3.7482e-06
-2.11787e-07
-3.16203e-06
-1.01625e-07
-2.43257e-06
-2.76299e-08
-1.56218e-06
-5.59417e-07
-2.71071e-08
5.5875e-07
-9.88369e-08
1.55624e-06
-2.04368e-07
2.41791e-06
-3.32748e-07
3.1367e-06
-4.73732e-07
3.7122e-06
-6.18361e-07
4.14885e-06
-7.59307e-07
4.45504e-06
-8.91029e-07
4.64199e-06
-1.00974e-06
4.72273e-06
-1.11326e-06
4.71112e-06
-1.20077e-06
4.62106e-06
-1.27253e-06
4.46586e-06
-1.32963e-06
4.25787e-06
-1.37373e-06
4.00811e-06
-1.4068e-06
3.72619e-06
-1.43098e-06
3.42024e-06
-1.44843e-06
3.09695e-06
-1.46119e-06
2.76165e-06
-1.47115e-06
2.41844e-06
-1.47997e-06
2.07032e-06
-1.48906e-06
1.71937e-06
-1.49955e-06
1.36688e-06
-1.51231e-06
1.01352e-06
-1.52789e-06
6.5942e-07
-1.54656e-06
3.04389e-07
-1.56831e-06
-5.20184e-08
-1.59278e-06
-4.10349e-07
-1.61931e-06
-7.71129e-07
-1.64691e-06
-1.13472e-06
-1.67422e-06
-1.50117e-06
-1.69956e-06
-1.87007e-06
-1.72088e-06
-2.24034e-06
-1.73581e-06
-2.61005e-06
-1.74169e-06
-2.97622e-06
-1.73564e-06
-3.33456e-06
-1.7147e-06
-3.67933e-06
-1.67595e-06
-4.00306e-06
-1.61677e-06
-4.29651e-06
-1.53509e-06
-4.54852e-06
-1.42969e-06
-4.74615e-06
-1.30059e-06
-4.87483e-06
-1.14939e-06
-4.91879e-06
-9.79617e-07
-4.86169e-06
-7.96928e-07
-4.68742e-06
-6.09254e-07
-4.38121e-06
-4.26686e-07
-3.93077e-06
-2.6114e-07
-3.32757e-06
-1.258e-07
-2.56791e-06
-3.43502e-08
-1.65363e-06
-5.93767e-07
-3.3571e-08
5.92321e-07
-1.21979e-07
1.64465e-06
-2.51364e-07
2.5473e-06
-4.07767e-07
3.2931e-06
-5.78251e-07
3.88268e-06
-7.51634e-07
4.32224e-06
-9.18917e-07
4.62232e-06
-1.07344e-06
4.79651e-06
-1.21079e-06
4.86009e-06
-1.3286e-06
4.82892e-06
-1.42613e-06
4.7186e-06
-1.50403e-06
4.54375e-06
-1.56384e-06
4.31768e-06
-1.60779e-06
4.05206e-06
-1.63845e-06
3.75684e-06
-1.65853e-06
3.44032e-06
-1.67071e-06
3.10914e-06
-1.67754e-06
2.76848e-06
-1.68134e-06
2.42223e-06
-1.68414e-06
2.07311e-06
-1.68766e-06
1.72289e-06
-1.6933e-06
1.37253e-06
-1.70214e-06
1.02235e-06
-1.71489e-06
6.72174e-07
-1.73196e-06
3.21457e-07
-1.75339e-06
-3.05876e-08
-1.77888e-06
-3.84859e-07
-1.80776e-06
-7.42249e-07
-1.83897e-06
-1.1035e-06
-1.87107e-06
-1.46908e-06
-1.90217e-06
-1.83897e-06
-1.92998e-06
-2.21253e-06
-1.9518e-06
-2.58824e-06
-1.96452e-06
-2.96349e-06
-1.96476e-06
-3.33433e-06
-1.94889e-06
-3.69519e-06
-1.91328e-06
-4.03866e-06
-1.85453e-06
-4.35526e-06
-1.76974e-06
-4.63331e-06
-1.65694e-06
-4.85895e-06
-1.51554e-06
-5.01623e-06
-1.34678e-06
-5.08755e-06
-1.15423e-06
-5.05424e-06
-9.44129e-07
-4.89752e-06
-7.25641e-07
-4.5997e-06
-5.10789e-07
-4.14562e-06
-3.14121e-07
-3.52424e-06
-1.52016e-07
-2.73001e-06
-4.17127e-08
-1.76394e-06
-6.3548e-07
-4.06753e-08
6.32997e-07
-1.47125e-07
1.7511e-06
-3.01835e-07
2.70201e-06
-4.873e-07
3.47857e-06
-6.8749e-07
4.08287e-06
-8.88782e-07
4.52353e-06
-1.08046e-06
4.814e-06
-1.25483e-06
4.97088e-06
-1.40704e-06
5.0123e-06
-1.53472e-06
4.95661e-06
-1.63754e-06
4.82141e-06
-1.71665e-06
4.62287e-06
-1.77431e-06
4.37534e-06
-1.81343e-06
4.09118e-06
-1.83728e-06
3.7807e-06
-1.84923e-06
3.45226e-06
-1.85253e-06
3.11244e-06
-1.85023e-06
2.76619e-06
-1.84509e-06
2.41709e-06
-1.83948e-06
2.06751e-06
-1.83544e-06
1.71885e-06
-1.8346e-06
1.37169e-06
-1.83821e-06
1.02597e-06
-1.84717e-06
6.81135e-07
-1.86199e-06
3.36271e-07
-1.88279e-06
-9.78563e-09
-1.90933e-06
-3.58322e-07
-1.94095e-06
-7.1063e-07
-1.97657e-06
-1.06788e-06
-2.01467e-06
-1.43098e-06
-2.05325e-06
-1.80039e-06
-2.0898e-06
-2.17598e-06
-2.12133e-06
-2.55671e-06
-2.14433e-06
-2.94049e-06
-2.15487e-06
-3.32379e-06
-2.14869e-06
-3.70137e-06
-2.12137e-06
-4.06598e-06
-2.06858e-06
-4.40805e-06
-1.98643e-06
-4.71546e-06
-1.87196e-06
-4.97342e-06
-1.72365e-06
-5.16454e-06
-1.54208e-06
-5.26912e-06
-1.33054e-06
-5.26579e-06
-1.09558e-06
-5.13247e-06
-8.47466e-07
-4.84781e-06
-6.00202e-07
-4.39288e-06
-3.7123e-07
-3.75321e-06
-1.80625e-07
-2.92062e-06
-4.9844e-08
-1.89472e-06
-6.85324e-07
-4.85833e-08
6.8158e-07
-1.74742e-07
1.87726e-06
-3.5649e-07
2.88376e-06
-5.72061e-07
3.69414e-06
-8.01844e-07
4.31265e-06
-1.02954e-06
4.75122e-06
-1.2427e-06
5.02716e-06
-1.43277e-06
5.16095e-06
-1.59474e-06
5.17426e-06
-1.72657e-06
5.08844e-06
-1.82856e-06
4.92341e-06
-1.90275e-06
4.69705e-06
-1.95226e-06
4.42485e-06
-1.9809e-06
4.11982e-06
-1.99273e-06
3.79253e-06
-1.99183e-06
3.45136e-06
-1.98207e-06
3.10268e-06
-1.96699e-06
2.75112e-06
-1.94975e-06
2.39985e-06
-1.93307e-06
2.05083e-06
-1.91923e-06
1.70501e-06
-1.91008e-06
1.36253e-06
-1.90703e-06
1.02292e-06
-1.9111e-06
6.85207e-07
-1.92291e-06
3.4808e-07
-1.94267e-06
9.97756e-09
-1.9702e-06
-3.30792e-07
-2.00489e-06
-6.75944e-07
-2.04567e-06
-1.0271e-06
-2.091e-06
-1.38565e-06
-2.13881e-06
-1.75259e-06
-2.18646e-06
-2.12833e-06
-2.2307e-06
-2.51247e-06
-2.26772e-06
-2.90348e-06
-2.29308e-06
-3.29843e-06
-2.30187e-06
-3.69258e-06
-2.28882e-06
-4.07903e-06
-2.2486e-06
-4.44827e-06
-2.17615e-06
-4.78792e-06
-2.06721e-06
-5.08236e-06
-1.91902e-06
-5.31274e-06
-1.73103e-06
-5.4571e-06
-1.50584e-06
-5.49098e-06
-1.24994e-06
-5.38837e-06
-9.74415e-07
-5.12334e-06
-6.95226e-07
-4.67207e-06
-4.32978e-07
-4.01546e-06
-2.12025e-07
-3.14157e-06
-5.88952e-08
-2.04785e-06
-7.44219e-07
-5.75019e-08
7.39082e-07
-2.05402e-07
2.02516e-06
-4.16134e-07
3.09449e-06
-6.62742e-07
3.94075e-06
-9.21442e-07
4.57135e-06
-1.17303e-06
5.00282e-06
-1.40342e-06
5.25755e-06
-1.60348e-06
5.36101e-06
-1.76843e-06
5.33921e-06
-1.89699e-06
5.217e-06
-1.99054e-06
5.01696e-06
-2.05227e-06
4.75877e-06
-2.08646e-06
4.45904e-06
-2.09796e-06
4.13132e-06
-2.09175e-06
3.78633e-06
-2.07267e-06
3.43227e-06
-2.04518e-06
3.07518e-06
-2.0133e-06
2.71924e-06
-1.98056e-06
2.36711e-06
-1.94995e-06
2.02022e-06
-1.92394e-06
1.679e-06
-1.90454e-06
1.34313e-06
-1.89329e-06
1.01167e-06
-1.8913e-06
6.83217e-07
-1.89927e-06
3.56051e-07
-1.9175e-06
2.82063e-08
-1.94587e-06
-3.02417e-07
-1.98386e-06
-6.37962e-07
-2.03045e-06
-9.80508e-07
-2.08414e-06
-1.33195e-06
-2.14287e-06
-1.69385e-06
-2.20396e-06
-2.06725e-06
-2.26402e-06
-2.4524e-06
-2.31898e-06
-2.84852e-06
-2.364e-06
-3.2534e-06
-2.39358e-06
-3.66301e-06
-2.4016e-06
-4.071e-06
-2.38164e-06
-4.46824e-06
-2.32729e-06
-4.84227e-06
-2.23274e-06
-5.1769e-06
-2.09355e-06
-5.45193e-06
-1.90757e-06
-5.64308e-06
-1.67609e-06
-5.72246e-06
-1.40498e-06
-5.65949e-06
-1.1057e-06
-5.42261e-06
-7.96018e-07
-4.98176e-06
-4.99911e-07
-4.31157e-06
-2.46695e-07
-3.39479e-06
-6.9058e-08
-2.22549e-06
-8.13277e-07
-6.77096e-08
8.06792e-07
-2.39839e-07
2.19728e-06
-4.81724e-07
3.33637e-06
-7.60007e-07
4.21903e-06
-1.04604e-06
4.85739e-06
-1.31756e-06
5.27433e-06
-1.55907e-06
5.49906e-06
-1.76133e-06
5.56327e-06
-1.92038e-06
5.49826e-06
-2.03631e-06
5.33292e-06
-2.11203e-06
5.09268e-06
-2.15227e-06
4.79902e-06
-2.16276e-06
4.46953e-06
-2.14954e-06
4.1181e-06
-2.11858e-06
3.75537e-06
-2.07547e-06
3.38916e-06
-2.02526e-06
3.02497e-06
-1.97238e-06
2.66636e-06
-1.92062e-06
2.31535e-06
-1.87316e-06
1.97276e-06
-1.83261e-06
1.63845e-06
-1.80104e-06
1.31156e-06
-1.78005e-06
9.90684e-07
-1.77082e-06
6.73981e-07
-1.77409e-06
3.59318e-07
-1.79022e-06
4.43418e-08
-1.8192e-06
-2.73441e-07
-1.86058e-06
-5.96584e-07
-1.91347e-06
-9.27616e-07
-1.97648e-06
-1.26894e-06
-2.04766e-06
-1.62268e-06
-2.12437e-06
-1.99054e-06
-2.20324e-06
-2.37353e-06
-2.28007e-06
-2.77169e-06
-2.34976e-06
-3.18372e-06
-2.40629e-06
-3.60648e-06
-2.4428e-06
-4.03449e-06
-2.45175e-06
-4.45928e-06
-2.42528e-06
-4.86874e-06
-2.35574e-06
-5.24644e-06
-2.23657e-06
-5.57109e-06
-2.06342e-06
-5.81624e-06
-1.83552e-06
-5.95036e-06
-1.5573e-06
-5.93771e-06
-1.23994e-06
-5.73997e-06
-9.02562e-07
-5.31913e-06
-5.72659e-07
-4.64147e-06
-2.85256e-07
-3.68219e-06
-8.05923e-08
-2.43015e-06
-8.93869e-07
-7.96003e-08
8.86392e-07
-2.79045e-07
2.39673e-06
-5.54452e-07
3.61178e-06
-8.64481e-07
4.52906e-06
-1.17487e-06
5.16778e-06
-1.46025e-06
5.55972e-06
-1.70423e-06
5.74304e-06
-1.89826e-06
5.7573e-06
-2.04001e-06
5.64002e-06
-2.13165e-06
5.42456e-06
-2.17823e-06
5.13926e-06
-2.18646e-06
4.80726e-06
-2.16373e-06
4.4468e-06
-2.11742e-06
4.07179e-06
-2.0545e-06
3.69245e-06
-1.98127e-06
3.31593e-06
-1.90325e-06
2.94696e-06
-1.82517e-06
2.58828e-06
-1.75098e-06
2.24116e-06
-1.68392e-06
1.9057e-06
-1.62661e-06
1.58114e-06
-1.58111e-06
1.26606e-06
-1.54899e-06
9.58565e-07
-1.53141e-06
6.56402e-07
-1.52914e-06
3.57051e-07
-1.5426e-06
5.77995e-08
-1.57184e-06
-2.44198e-07
-1.61656e-06
-5.51866e-07
-1.67603e-06
-8.68145e-07
-1.74905e-06
-1.19591e-06
-1.83388e-06
-1.53786e-06
-1.92807e-06
-1.89634e-06
-2.02842e-06
-2.27318e-06
-2.13079e-06
-2.66932e-06
-2.23001e-06
-3.0845e-06
-2.31975e-06
-3.51674e-06
-2.39253e-06
-3.96171e-06
-2.4398e-06
-4.41202e-06
-2.45218e-06
-4.85636e-06
-2.42001e-06
-5.27861e-06
-2.33419e-06
-5.65691e-06
-2.18745e-06
-5.96298e-06
-1.97606e-06
-6.16175e-06
-1.70193e-06
-6.21184e-06
-1.37486e-06
-6.06704e-06
-1.0146e-06
-5.6794e-06
-6.51985e-07
-5.00409e-06
-3.28554e-07
-4.00562e-06
-9.38699e-08
-2.66483e-06
-9.87739e-07
-9.37577e-08
9.8015e-07
-3.24412e-07
2.62738e-06
-6.35835e-07
3.9232e-06
-9.76661e-07
4.86989e-06
-1.30625e-06
5.49737e-06
-1.59647e-06
5.84994e-06
-1.83093e-06
5.9775e-06
-2.00296e-06
5.92932e-06
-2.11297e-06
5.75003e-06
-2.16613e-06
5.47772e-06
-2.17032e-06
5.14344e-06
-2.13461e-06
4.77155e-06
-2.06825e-06
4.38044e-06
-1.97999e-06
3.98354e-06
-1.87774e-06
3.5902e-06
-1.76838e-06
3.20657e-06
-1.65772e-06
2.8363e-06
-1.55061e-06
2.48117e-06
-1.45098e-06
2.14152e-06
-1.36197e-06
1.81669e-06
-1.28606e-06
1.50523e-06
-1.22518e-06
1.20518e-06
-1.1808e-06
9.14181e-07
-1.15398e-06
6.29582e-07
-1.14546e-06
3.48533e-07
-1.15568e-06
6.80204e-08
-1.18479e-06
-2.15092e-07
-1.23262e-06
-5.04035e-07
-1.29867e-06
-8.02097e-07
-1.38201e-06
-1.11257e-06
-1.48122e-06
-1.43865e-06
-1.59422e-06
-1.78335e-06
-1.71814e-06
-2.14926e-06
-1.84915e-06
-2.53831e-06
-1.98225e-06
-2.9514e-06
-2.1111e-06
-3.3879e-06
-2.22786e-06
-3.84495e-06
-2.32318e-06
-4.31669e-06
-2.3863e-06
-4.79324e-06
-2.40544e-06
-5.25947e-06
-2.36861e-06
-5.69374e-06
-2.26494e-06
-6.06664e-06
-2.08665e-06
-6.34004e-06
-1.8317e-06
-6.46679e-06
-1.50697e-06
-6.39177e-06
-1.13148e-06
-6.05489e-06
-7.38846e-07
-5.39672e-06
-3.77792e-07
-4.36667e-06
-1.09448e-07
-2.93318e-06
-1.09719e-06
-1.1108e-07
1.09123e-06
-3.77932e-07
2.89423e-06
-7.2779e-07
4.27306e-06
-1.09668e-06
5.23877e-06
-1.43704e-06
5.83773e-06
-1.71887e-06
6.13177e-06
-1.92743e-06
6.18606e-06
-2.05957e-06
6.06147e-06
-2.11998e-06
5.81044e-06
-2.11788e-06
5.47562e-06
-2.06463e-06
5.09019e-06
-1.97199e-06
4.67891e-06
-1.85115e-06
4.2596e-06
-1.71213e-06
3.84452e-06
-1.56355e-06
3.44162e-06
-1.41262e-06
3.05564e-06
-1.2652e-06
2.68888e-06
-1.12598e-06
2.34194e-06
-9.98634e-07
2.01418e-06
-8.86025e-07
1.70408e-06
-7.9033e-07
1.40954e-06
-7.13201e-07
1.12805e-06
-6.55871e-07
8.56851e-07
-6.19248e-07
5.92959e-07
-6.03979e-07
3.33264e-07
-6.10492e-07
7.45332e-08
-6.39009e-07
-1.86575e-07
-6.89539e-07
-4.53505e-07
-7.61837e-07
-7.29799e-07
-8.55336e-07
-1.01907e-06
-9.69042e-07
-1.32494e-06
-1.1014e-06
-1.65099e-06
-1.2501e-06
-2.00055e-06
-1.41188e-06
-2.37653e-06
-1.58225e-06
-2.78104e-06
-1.7552e-06
-3.21495e-06
-1.92296e-06
-3.67718e-06
-2.07577e-06
-4.16388e-06
-2.20179e-06
-4.66723e-06
-2.28726e-06
-5.17399e-06
-2.31716e-06
-5.66384e-06
-2.2764e-06
-6.10741e-06
-2.15198e-06
-6.46446e-06
-1.93618e-06
-6.68259e-06
-1.63076e-06
-6.69719e-06
-1.25184e-06
-6.43381e-06
-8.34408e-07
-5.81415e-06
-4.34714e-07
-4.76637e-06
-1.28197e-07
-3.2397e-06
-1.22538e-06
-1.32999e-07
1.22423e-06
-4.42495e-07
3.20373e-06
-8.32627e-07
4.66319e-06
-1.22372e-06
5.62986e-06
-1.56141e-06
6.17542e-06
-1.8158e-06
6.38616e-06
-1.97638e-06
6.34664e-06
-2.04597e-06
6.13106e-06
-2.03528e-06
5.79974e-06
-1.95874e-06
5.39908e-06
-1.83172e-06
4.96317e-06
-1.66882e-06
4.51601e-06
-1.48299e-06
4.07377e-06
-1.28519e-06
3.64672e-06
-1.08439e-06
3.24082e-06
-8.87705e-07
2.85895e-06
-7.00674e-07
2.50185e-06
-5.27513e-07
2.16878e-06
-3.71373e-07
1.85804e-06
-2.34579e-07
1.56728e-06
-1.18824e-07
1.29378e-06
-2.5336e-08
1.03457e-06
4.49926e-08
7.86523e-07
9.15047e-08
5.46447e-07
1.13704e-07
3.11064e-07
1.11212e-07
7.70254e-08
8.37436e-08
-1.59106e-07
3.11135e-08
-4.00875e-07
-4.67293e-08
-6.51956e-07
-1.4964e-07
-9.16157e-07
-2.77174e-07
-1.19741e-06
-4.28446e-07
-1.49972e-06
-6.01929e-07
-1.82707e-06
-7.95211e-07
-2.18325e-06
-1.00468e-06
-2.57157e-06
-1.22514e-06
-2.99449e-06
-1.44942e-06
-3.4529e-06
-1.66794e-06
-3.94536e-06
-1.86835e-06
-4.46681e-06
-2.03541e-06
-5.00693e-06
-2.15121e-06
-5.54804e-06
-2.19613e-06
-6.06249e-06
-2.15088e-06
-6.5097e-06
-2.00005e-06
-6.83342e-06
-1.7374e-06
-6.95984e-06
-1.37283e-06
-6.79838e-06
-9.39941e-07
-6.24704e-06
-5.01871e-07
-5.20444e-06
-1.51514e-07
-3.59005e-06
-1.3769e-06
-1.61861e-07
1.38609e-06
-5.22262e-07
3.56413e-06
-9.52748e-07
5.09368e-06
-1.35474e-06
6.03186e-06
-1.66869e-06
6.48937e-06
-1.86858e-06
6.58605e-06
-1.9521e-06
6.43016e-06
-1.93118e-06
6.11013e-06
-1.82452e-06
5.69309e-06
-1.65275e-06
5.22731e-06
-1.43546e-06
4.74588e-06
-1.18981e-06
4.27035e-06
-9.2999e-07
3.81395e-06
-6.67304e-07
3.38403e-06
-4.10439e-07
2.98396e-06
-1.65895e-07
2.61441e-06
6.16006e-08
2.27435e-06
2.68701e-07
1.96168e-06
4.53095e-07
1.67365e-06
6.13234e-07
1.40714e-06
7.48103e-07
1.15891e-06
8.57042e-07
9.25626e-07
9.39611e-07
7.03954e-07
9.95482e-07
4.90576e-07
1.02437e-06
2.82176e-07
1.02598e-06
7.54142e-08
9.99991e-07
-1.33115e-07
9.4604e-07
-3.46925e-07
8.63762e-07
-5.69678e-07
7.52834e-07
-8.05229e-07
6.13069e-07
-1.05764e-06
4.44552e-07
-1.3312e-06
2.4783e-07
-1.63034e-06
2.4175e-08
-1.95959e-06
-2.24062e-07
-2.32334e-06
-4.93029e-07
-2.72552e-06
-7.76808e-07
-3.16912e-06
-1.0668e-06
-3.65537e-06
-1.35107e-06
-4.18254e-06
-1.61376e-06
-4.74425e-06
-1.83478e-06
-5.32702e-06
-1.99021e-06
-5.90706e-06
-2.05381e-06
-6.44611e-06
-2.0005e-06
-6.88673e-06
-1.81252e-06
-7.14782e-06
-1.48871e-06
-7.12219e-06
-1.05636e-06
-6.6794e-06
-5.82929e-07
-5.67787e-06
-1.81714e-07
-3.99127e-06
-1.55861e-06
-2.01596e-07
1.58769e-06
-6.23031e-07
3.98557e-06
-1.08958e-06
5.56023e-06
-1.48169e-06
6.42397e-06
-1.73936e-06
6.74704e-06
-1.84708e-06
6.69376e-06
-1.81637e-06
6.39946e-06
-1.6719e-06
5.96566e-06
-1.44222e-06
5.46341e-06
-1.1545e-06
4.9396e-06
-8.32119e-07
4.4235e-06
-4.93898e-07
3.93213e-06
-1.54291e-07
3.47434e-06
1.76038e-07
3.0537e-06
4.89516e-07
2.67048e-06
7.80969e-07
2.32295e-06
1.04703e-06
2.0083e-06
1.28563e-06
1.72308e-06
1.49563e-06
1.46365e-06
1.67649e-06
1.22629e-06
1.82803e-06
1.00737e-06
1.9503e-06
8.0336e-07
2.04338e-06
6.10871e-07
2.10735e-06
4.26608e-07
2.14217e-06
2.47354e-07
2.14768e-06
6.99091e-08
2.12352e-06
-1.08962e-07
2.06919e-06
-2.92596e-07
1.98401e-06
-4.84494e-07
1.86717e-06
-6.88386e-07
1.71781e-06
-9.08281e-07
1.53512e-06
-1.14851e-06
1.31853e-06
-1.41376e-06
1.06795e-06
-1.709e-06
7.84067e-07
-2.03946e-06
4.68903e-07
-2.41035e-06
1.26374e-07
-2.82659e-06
-2.36881e-07
-3.29211e-06
-6.10544e-07
-3.80888e-06
-9.79548e-07
-4.37524e-06
-1.32308e-06
-4.98349e-06
-1.614e-06
-5.61614e-06
-1.81937e-06
-6.24073e-06
-1.90309e-06
-6.80301e-06
-1.83211e-06
-7.2188e-06
-1.58775e-06
-7.36654e-06
-1.1829e-06
-7.08425e-06
-6.82918e-07
-6.17785e-06
-2.22689e-07
-4.4515e-06
-1.7813e-06
-2.58845e-07
1.84653e-06
-7.52177e-07
4.4789e-06
-1.24057e-06
6.04863e-06
-1.58581e-06
6.76921e-06
-1.73802e-06
6.89925e-06
-1.7027e-06
6.65844e-06
-1.51242e-06
6.20917e-06
-1.20809e-06
5.66133e-06
-8.28842e-07
5.08416e-06
-4.07595e-07
4.51835e-06
3.00635e-08
3.98584e-06
4.65351e-07
3.49684e-06
8.85145e-07
3.05455e-06
1.28074e-06
2.6581e-06
1.64673e-06
2.30449e-06
1.98003e-06
1.98966e-06
2.2792e-06
1.70913e-06
2.54386e-06
1.45842e-06
2.7743e-06
1.23321e-06
2.97116e-06
1.02942e-06
3.13525e-06
8.4328e-07
3.26735e-06
6.71258e-07
3.36815e-06
5.10071e-07
3.43814e-06
3.56616e-07
3.47758e-06
2.07917e-07
3.48644e-06
6.10546e-08
3.46438e-06
-8.69033e-08
3.41076e-06
-2.38976e-07
3.32461e-06
-3.9835e-07
3.20468e-06
-5.68454e-07
3.04944e-06
-7.53041e-07
2.85719e-06
-9.56262e-07
2.62616e-06
-1.18273e-06
2.35474e-06
-1.43758e-06
2.04173e-06
-1.72646e-06
1.68686e-06
-2.05548e-06
1.29133e-06
-2.43107e-06
8.58794e-07
-2.85958e-06
3.96483e-07
-3.34657e-06
-8.32415e-08
-3.89552e-06
-5.61117e-07
-4.50562e-06
-1.00919e-06
-5.16806e-06
-1.38968e-06
-5.86025e-06
-1.65563e-06
-6.53705e-06
-1.75578e-06
-7.11866e-06
-1.64637e-06
-7.47594e-06
-1.3137e-06
-7.41692e-06
-8.07905e-07
-6.68364e-06
-2.81019e-07
-4.97838e-06
-2.06232e-06
-3.44653e-07
2.19119e-06
-9.16796e-07
5.05104e-06
-1.39164e-06
6.52347e-06
-1.6262e-06
7.00377e-06
-1.60105e-06
6.87411e-06
-1.35764e-06
6.41503e-06
-9.56915e-07
5.80844e-06
-4.57703e-07
5.16212e-06
9.18941e-08
4.53456e-06
6.56155e-07
3.95409e-06
1.21035e-06
3.43164e-06
1.73844e-06
2.96875e-06
2.23078e-06
2.56222e-06
2.68217e-06
2.2067e-06
3.09048e-06
1.89619e-06
3.45546e-06
1.62467e-06
3.77808e-06
1.38651e-06
4.0599e-06
1.17659e-06
4.30282e-06
9.90291e-07
4.50873e-06
8.23513e-07
4.67942e-06
6.72588e-07
4.81645e-06
5.34228e-07
4.92108e-06
4.05446e-07
4.9942e-06
2.83488e-07
5.03636e-06
1.65757e-07
5.04768e-06
4.97374e-08
5.02786e-06
-6.7079e-08
4.97615e-06
-1.87272e-07
4.89138e-06
-3.13574e-07
4.77188e-06
-4.48956e-07
4.61556e-06
-5.96719e-07
4.41988e-06
-7.60589e-07
4.18197e-06
-9.44819e-07
3.89868e-06
-1.15429e-06
3.56686e-06
-1.39463e-06
3.18365e-06
-1.67227e-06
2.74706e-06
-1.99448e-06
2.25681e-06
-2.36933e-06
1.71557e-06
-2.80532e-06
1.13075e-06
-3.3107e-06
5.16954e-07
-3.89182e-06
-1.00961e-07
-4.55015e-06
-6.84543e-07
-5.27667e-06
-1.17927e-06
-6.04232e-06
-1.51551e-06
-6.78242e-06
-1.61776e-06
-7.3737e-06
-1.4297e-06
-7.60498e-06
-9.62598e-07
-7.15074e-06
-3.67532e-07
-5.57345e-06
-2.42985e-06
-4.7572e-07
2.66691e-06
-1.11566e-06
5.69098e-06
-1.49896e-06
6.90676e-06
-1.5176e-06
7.02241e-06
-1.2164e-06
6.5729e-06
-6.89615e-07
5.88825e-06
-3.03585e-08
5.14919e-06
6.87992e-07
4.44377e-06
1.41423e-06
3.80833e-06
2.11564e-06
3.25267e-06
2.77317e-06
2.77412e-06
3.37701e-06
2.36491e-06
3.92337e-06
2.01586e-06
4.41214e-06
1.71794e-06
4.84532e-06
1.46301e-06
5.22602e-06
1.24397e-06
5.55779e-06
1.05474e-06
5.84426e-06
8.90123e-07
6.08884e-06
7.45715e-07
6.29461e-06
6.1774e-07
6.46425e-06
5.02947e-07
6.59998e-06
3.98501e-07
6.70353e-06
3.01892e-07
6.77617e-06
2.10852e-07
6.81865e-06
1.23275e-07
6.83124e-06
3.71478e-08
6.81369e-06
-4.95255e-08
6.76521e-06
-1.38794e-07
6.68447e-06
-2.32834e-07
6.56955e-06
-3.34036e-07
6.41792e-06
-4.45088e-07
6.22641e-06
-5.69079e-07
5.99121e-06
-7.09617e-07
5.70788e-06
-8.70964e-07
5.37144e-06
-1.05819e-06
4.97655e-06
-1.27738e-06
4.51787e-06
-1.5358e-06
3.99066e-06
-1.84212e-06
3.39186e-06
-2.20652e-06
2.72182e-06
-2.64066e-06
1.98697e-06
-3.15697e-06
1.20383e-06
-3.76701e-06
4.04507e-07
-4.47735e-06
-3.5678e-07
-5.28103e-06
-9.98115e-07
-6.14109e-06
-1.4109e-06
-6.96091e-06
-1.48006e-06
-7.53583e-06
-1.14122e-06
-7.48958e-06
-4.98033e-07
-6.21663e-06
-2.92788e-06
-6.69094e-07
3.336e-06
-1.31183e-06
6.33372e-06
-1.44738e-06
7.04231e-06
-1.08985e-06
6.66488e-06
-3.92876e-07
5.87593e-06
4.86726e-07
5.00865e-06
1.43141e-06
4.20451e-06
2.36591e-06
3.50926e-06
3.24764e-06
2.9266e-06
4.05575e-06
2.44457e-06
4.78267e-06
2.04719e-06
5.42846e-06
1.71913e-06
5.99715e-06
1.44716e-06
6.49465e-06
1.22044e-06
6.92744e-06
1.03022e-06
7.30194e-06
8.69473e-07
7.62411e-06
7.32567e-07
7.89931e-06
6.14931e-07
8.13218e-06
5.12836e-07
8.32673e-06
4.23199e-07
8.48623e-06
3.43441e-07
8.61337e-06
2.71367e-07
8.71018e-06
2.05077e-07
8.77815e-06
1.42881e-07
8.81819e-06
8.32365e-08
8.83066e-06
2.46815e-08
8.81535e-06
-3.42234e-08
8.77151e-06
-9.49527e-08
8.69776e-06
-1.59079e-07
8.59206e-06
-2.2834e-07
8.45169e-06
-3.04714e-07
8.27312e-06
-3.90509e-07
8.05198e-06
-4.88474e-07
7.78294e-06
-6.01933e-07
7.45971e-06
-7.34959e-07
7.07493e-06
-8.92606e-07
6.62033e-06
-1.0812e-06
6.08692e-06
-1.30871e-06
5.46561e-06
-1.58522e-06
4.74843e-06
-1.92347e-06
3.93071e-06
-2.33925e-06
3.01508e-06
-2.85139e-06
2.01808e-06
-3.48034e-06
9.80252e-07
-4.24321e-06
-2.00804e-08
-5.14076e-06
-8.53851e-07
-6.12714e-06
-1.34151e-06
-7.04817e-06
-1.29846e-06
-7.53263e-06
-6.8643e-07
-6.82866e-06
-3.61432e-06
-9.16111e-07
4.25211e-06
-1.35281e-06
6.77042e-06
-9.60586e-07
6.65009e-06
-1.8662e-08
5.72296e-06
1.1798e-06
4.67747e-06
2.43607e-06
3.75238e-06
3.63813e-06
3.00244e-06
4.73402e-06
2.41338e-06
5.70657e-06
1.95405e-06
6.55656e-06
1.59457e-06
7.29295e-06
1.31081e-06
7.92764e-06
1.08443e-06
8.47297e-06
9.01828e-07
8.94046e-06
7.52949e-07
9.34038e-06
6.303e-07
9.68162e-06
5.28232e-07
9.97177e-06
4.4242e-07
1.02172e-05
3.69502e-07
1.04232e-05
3.0682e-07
1.05942e-05
2.52241e-07
1.07336e-05
2.0402e-07
1.08443e-05
1.60704e-07
1.09283e-05
1.21054e-07
1.09872e-05
8.39907e-08
1.10219e-05
4.85356e-08
1.10328e-05
1.37731e-08
1.10197e-05
-2.11937e-08
1.09821e-05
-5.72833e-08
1.09185e-05
-9.54764e-08
1.0827e-05
-1.36864e-07
1.0705e-05
-1.82702e-07
1.05489e-05
-2.34472e-07
1.03544e-05
-2.93969e-07
1.01159e-05
-3.63405e-07
9.82652e-06
-4.45557e-07
9.47788e-06
-5.43968e-07
9.05991e-06
-6.63233e-07
8.56061e-06
-8.09406e-07
7.96598e-06
-9.9059e-07
7.26029e-06
-1.21777e-06
6.42703e-06
-1.50599e-06
5.45142e-06
-1.87578e-06
4.32576e-06
-2.35468e-06
3.06013e-06
-2.97758e-06
1.70171e-06
-3.78234e-06
3.64962e-07
-4.79039e-06
-7.3452e-07
-5.94869e-06
-1.26987e-06
-6.99728e-06
-9.16806e-07
-7.18173e-06
-4.53112e-06
-1.08401e-06
5.33612e-06
-7.6092e-07
6.44732e-06
5.73559e-07
5.31561e-06
2.27318e-06
4.02334e-06
3.96877e-06
2.98188e-06
5.50236e-06
2.21878e-06
6.82749e-06
1.67732e-06
7.94845e-06
1.29242e-06
8.88849e-06
1.014e-06
9.67496e-06
8.08102e-07
1.03334e-05
6.52376e-07
1.08857e-05
5.32134e-07
1.13499e-05
4.3757e-07
1.17409e-05
3.61999e-07
1.20705e-05
3.00741e-07
1.23482e-05
2.5044e-07
1.2582e-05
2.08623e-07
1.27781e-05
1.73428e-07
1.29415e-05
1.4342e-07
1.30763e-05
1.17473e-07
1.31856e-05
9.4683e-08
1.3272e-05
7.43092e-08
1.33373e-05
5.57306e-08
1.33829e-05
3.84107e-08
1.34096e-05
2.18702e-08
1.34177e-05
5.66304e-09
1.34071e-05
-1.06452e-08
1.33774e-05
-2.74994e-08
1.33273e-05
-4.53755e-08
1.32552e-05
-6.48062e-08
1.31589e-05
-8.64087e-08
1.30354e-05
-1.10921e-07
1.28806e-05
-1.39246e-07
1.26897e-05
-1.72516e-07
1.24564e-05
-2.12178e-07
1.21725e-05
-2.60118e-07
1.18281e-05
-3.18852e-07
1.14105e-05
-3.91811e-07
1.09037e-05
-4.83794e-07
1.02877e-05
-6.01696e-07
9.53737e-06
-7.55687e-07
8.62273e-06
-9.61145e-07
7.50979e-06
-1.24174e-06
6.16627e-06
-1.63406e-06
4.57709e-06
-2.19316e-06
2.77963e-06
-2.99293e-06
9.32443e-07
-4.1015e-06
-5.72391e-07
-5.49245e-06
-1.03828e-06
-6.71583e-06
-5.5694e-06
-1.1931e-07
5.45543e-06
1.82953e-06
4.49848e-06
4.40585e-06
2.73929e-06
6.71386e-06
1.71533e-06
8.58364e-06
1.1121e-06
1.00542e-05
7.48198e-07
1.12059e-05
5.25603e-07
1.21135e-05
3.84852e-07
1.28359e-05
2.91579e-07
1.34172e-05
2.26793e-07
1.38897e-05
1.79918e-07
1.4277e-05
1.44849e-07
1.45967e-05
1.17898e-07
1.48619e-05
9.67331e-08
1.50828e-05
7.98125e-08
1.52672e-05
6.60747e-08
1.54211e-05
5.4762e-08
1.55492e-05
4.53172e-08
1.56553e-05
3.73194e-08
1.57423e-05
3.04433e-08
1.58126e-05
2.44317e-08
1.58678e-05
1.90766e-08
1.59093e-05
1.42055e-08
1.59381e-05
9.67103e-09
1.59546e-05
5.34251e-09
1.59592e-05
1.0995e-09
1.59517e-05
-3.17608e-09
1.59318e-05
-7.60321e-09
1.58987e-05
-1.23113e-08
1.58514e-05
-1.74451e-08
1.57881e-05
-2.31741e-08
1.57069e-05
-2.97023e-08
1.56049e-05
-3.72823e-08
1.54787e-05
-4.6234e-08
1.53235e-05
-5.69721e-08
1.51334e-05
-7.00459e-08
1.49007e-05
-8.62029e-08
1.46154e-05
-1.0649e-07
1.4264e-05
-1.32423e-07
1.38286e-05
-1.6629e-07
1.32847e-05
-2.11704e-07
1.25982e-05
-2.74662e-07
1.17221e-05
-3.65627e-07
1.05917e-05
-5.03678e-07
9.1227e-06
-7.24177e-07
7.22043e-06
-1.09066e-06
4.83077e-06
-1.71184e-06
2.12172e-06
-2.78339e-06
1.14081e-08
-4.60553e-06
-5.558e-06
5.45543e-06
9.95392e-06
1.26932e-05
1.44085e-05
1.55206e-05
1.62688e-05
1.67944e-05
1.71793e-05
1.74709e-05
1.76977e-05
1.78776e-05
1.80224e-05
1.81403e-05
1.82371e-05
1.83169e-05
1.83829e-05
1.84377e-05
1.8483e-05
1.85203e-05
1.85508e-05
1.85752e-05
1.85943e-05
1.86085e-05
1.86182e-05
1.86235e-05
1.86246e-05
1.86214e-05
1.86138e-05
1.86015e-05
1.85841e-05
1.85609e-05
1.85312e-05
1.84939e-05
1.84477e-05
1.83907e-05
1.83207e-05
1.82345e-05
1.8128e-05
1.79956e-05
1.78293e-05
1.76176e-05
1.73429e-05
1.69773e-05
1.64736e-05
1.57494e-05
1.46588e-05
1.29469e-05
1.01635e-05
5.558e-06
)
;

boundaryField
{
    movingWallTop
    {
        type            calculated;
        value           uniform 0;
    }
    movingWallBottom
    {
        type            calculated;
        value           uniform 0;
    }
    fixedWalls
    {
        type            calculated;
        value           uniform 0;
    }
    frontAndBack
    {
        type            empty;
        value           nonuniform 0();
    }
}


// ************************************************************************* //
