/*--------------------------------*- C++ -*----------------------------------*\
  =========                 |
  \\      /  F ield         | OpenFOAM: The Open Source CFD Toolbox
   \\    /   O peration     | Website:  https://openfoam.org
    \\  /    A nd           | Version:  7
     \\/     M anipulation  |
\*---------------------------------------------------------------------------*/
FoamFile
{
    version     2.0;
    format      ascii;
    class       volVectorField;
    location    "0.0502";
    object      U;
}
// * * * * * * * * * * * * * * * * * * * * * * * * * * * * * * * * * * * * * //

dimensions      [0 1 -1 0 0 0 0];

internalField   nonuniform List<vector> 
2500
(
(0.290247 -0.152408 0)
(0.389521 -0.128229 0)
(0.565402 -0.0747295 0)
(0.683229 -0.042231 0)
(0.752829 -0.0245317 0)
(0.797856 -0.0148928 0)
(0.829043 -0.00958679 0)
(0.851541 -0.00656449 0)
(0.868376 -0.00474107 0)
(0.881371 -0.00356662 0)
(0.891632 -0.00276289 0)
(0.899869 -0.00218446 0)
(0.906559 -0.00175148 0)
(0.912036 -0.00141752 0)
(0.916546 -0.00115393 0)
(0.920269 -0.000942038 0)
(0.923345 -0.000769068 0)
(0.925882 -0.000625889 0)
(0.927963 -0.000505747 0)
(0.929655 -0.000403485 0)
(0.93101 -0.00031504 0)
(0.932068 -0.000237122 0)
(0.93286 -0.000166981 0)
(0.933408 -0.000102246 0)
(0.933728 -4.08112e-05 0)
(0.933827 1.92802e-05 0)
(0.933708 8.00703e-05 0)
(0.933365 0.000143361 0)
(0.932788 0.000211186 0)
(0.931958 0.000285803 0)
(0.930848 0.00036979 0)
(0.929424 0.000466225 0)
(0.927639 0.000578908 0)
(0.925432 0.000712692 0)
(0.922726 0.000873968 0)
(0.91942 0.00107142 0)
(0.915383 0.00131724 0)
(0.910441 0.00162919 0)
(0.904359 0.00203436 0)
(0.896811 0.00257617 0)
(0.887331 0.00332866 0)
(0.875225 0.00442613 0)
(0.859405 0.00612721 0)
(0.83807 0.00895265 0)
(0.808167 0.0139624 0)
(0.764424 0.0232482 0)
(0.695911 0.0407725 0)
(0.57794 0.0737471 0)
(0.398044 0.128743 0)
(0.293866 0.153783 0)
(0.00108021 -0.294877 0)
(0.016843 -0.2986 0)
(0.152306 -0.213013 0)
(0.282849 -0.145329 0)
(0.388036 -0.0996521 0)
(0.471282 -0.0698334 0)
(0.536741 -0.0504882 0)
(0.588262 -0.0376936 0)
(0.629184 -0.0289379 0)
(0.662067 -0.0227193 0)
(0.688771 -0.0181476 0)
(0.710653 -0.0146846 0)
(0.728712 -0.0119949 0)
(0.743694 -0.00986239 0)
(0.756166 -0.00814222 0)
(0.766566 -0.00673418 0)
(0.775236 -0.0055665 0)
(0.782445 -0.0045862 0)
(0.788408 -0.00375303 0)
(0.793296 -0.0030356 0)
(0.797244 -0.00240873 0)
(0.800359 -0.00185168 0)
(0.802722 -0.00134688 0)
(0.804394 -0.000878986 0)
(0.805415 -0.000434134 0)
(0.805808 6.46025e-07 0)
(0.805578 0.000438073 0)
(0.804714 0.000890826 0)
(0.803187 0.00137236 0)
(0.800948 0.00189745 0)
(0.797928 0.00248292 0)
(0.794034 0.0031486 0)
(0.789144 0.00391869 0)
(0.7831 0.00482354 0)
(0.775702 0.0059024 0)
(0.766692 0.00720734 0)
(0.755738 0.00880939 0)
(0.742411 0.0108082 0)
(0.726144 0.0133482 0)
(0.706179 0.0166455 0)
(0.681491 0.0210359 0)
(0.650663 0.0270612 0)
(0.611717 0.0356263 0)
(0.561882 0.0482833 0)
(0.497427 0.0676913 0)
(0.41389 0.0981533 0)
(0.30637 0.145781 0)
(0.17054 0.217302 0)
(0.026904 0.307194 0)
(0.00518434 0.303005 0)
(-0.0329206 -0.25037 0)
(-0.0615905 -0.344029 0)
(-0.0114816 -0.310595 0)
(0.0708495 -0.251548 0)
(0.158988 -0.196031 0)
(0.241546 -0.151466 0)
(0.314167 -0.117766 0)
(0.376155 -0.0926632 0)
(0.428408 -0.0738653 0)
(0.472274 -0.0595936 0)
(0.509092 -0.0485756 0)
(0.540035 -0.0399232 0)
(0.566087 -0.0330189 0)
(0.588051 -0.0274293 0)
(0.606581 -0.0228452 0)
(0.622207 -0.0190413 0)
(0.63536 -0.0158501 0)
(0.646391 -0.013144 0)
(0.655586 -0.0108237 0)
(0.663177 -0.00881022 0)
(0.669352 -0.00703885 0)
(0.674258 -0.00545565 0)
(0.678012 -0.00401424 0)
(0.680698 -0.00267361 0)
(0.682375 -0.00139641 0)
(0.683076 -0.000147401 0)
(0.682809 0.00110775 0)
(0.681555 0.00240397 0)
(0.679273 0.00377794 0)
(0.675892 0.00526974 0)
(0.671312 0.0069247 0)
(0.665399 0.0087958 0)
(0.657979 0.0109468 0)
(0.648831 0.0134568 0)
(0.637675 0.0164258 0)
(0.624162 0.0199842 0)
(0.607854 0.0243048 0)
(0.588198 0.0296226 0)
(0.564498 0.0362633 0)
(0.535877 0.0446871 0)
(0.501234 0.0555566 0)
(0.459206 0.0698359 0)
(0.408177 0.0889279 0)
(0.346394 0.114831 0)
(0.272425 0.15019 0)
(0.186402 0.197767 0)
(0.0923539 0.258101 0)
(0.00189562 0.323337 0)
(-0.0569145 0.361556 0)
(-0.0321679 0.263989 0)
(-0.0267687 -0.190605 0)
(-0.0654123 -0.333 0)
(-0.0645109 -0.351511 0)
(-0.0274237 -0.319275 0)
(0.0297412 -0.272033 0)
(0.0939034 -0.225504 0)
(0.157373 -0.185161 0)
(0.216348 -0.151916 0)
(0.269309 -0.125039 0)
(0.315964 -0.103399 0)
(0.356609 -0.0859198 0)
(0.391788 -0.0717016 0)
(0.422108 -0.0600382 0)
(0.448162 -0.0503856 0)
(0.47049 -0.0423266 0)
(0.489568 -0.0355399 0)
(0.505806 -0.0297749 0)
(0.519556 -0.024834 0)
(0.531113 -0.0205582 0)
(0.540726 -0.0168175 0)
(0.548597 -0.0135033 0)
(0.554892 -0.0105232 0)
(0.55974 -0.00779619 0)
(0.563238 -0.00524995 0)
(0.565451 -0.00281763 0)
(0.566416 -0.000435758 0)
(0.566141 0.00195796 0)
(0.564603 0.00442685 0)
(0.561751 0.0070374 0)
(0.557501 0.00986185 0)
(0.551736 0.0129812 0)
(0.544298 0.0164891 0)
(0.534988 0.0204965 0)
(0.523558 0.0251382 0)
(0.509701 0.0305818 0)
(0.493043 0.0370391 0)
(0.473133 0.0447826 0)
(0.449433 0.0541675 0)
(0.421306 0.0656619 0)
(0.388021 0.0798861 0)
(0.348776 0.0976589 0)
(0.302767 0.120042 0)
(0.249368 0.148344 0)
(0.188493 0.184 0)
(0.121306 0.228081 0)
(0.0514794 0.279906 0)
(-0.0129421 0.333736 0)
(-0.0577383 0.372274 0)
(-0.0646488 0.355966 0)
(-0.0272815 0.204816 0)
(-0.0178436 -0.149168 0)
(-0.0530876 -0.302945 0)
(-0.0735842 -0.354911 0)
(-0.0665254 -0.350301 0)
(-0.0373266 -0.319655 0)
(0.00479932 -0.280329 0)
(0.0526445 -0.240905 0)
(0.101447 -0.205003 0)
(0.148364 -0.173732 0)
(0.191895 -0.147066 0)
(0.231387 -0.124528 0)
(0.266685 -0.105524 0)
(0.29791 -0.0894785 0)
(0.325318 -0.0758839 0)
(0.349222 -0.0643127 0)
(0.369948 -0.05441 0)
(0.38781 -0.0458831 0)
(0.403094 -0.038489 0)
(0.416058 -0.0320252 0)
(0.426924 -0.02632 0)
(0.435882 -0.0212263 0)
(0.443089 -0.0166152 0)
(0.448671 -0.0123723 0)
(0.45272 -0.00839285 0)
(0.455302 -0.00457927 0)
(0.45645 -0.000837811 0)
(0.456169 0.00292409 0)
(0.454434 0.0068006 0)
(0.451188 0.0108904 0)
(0.446343 0.0153 0)
(0.439776 0.0201476 0)
(0.431327 0.0255677 0)
(0.420796 0.031717 0)
(0.407939 0.0387814 0)
(0.392469 0.0469857 0)
(0.374048 0.0566046 0)
(0.352292 0.0679775 0)
(0.326776 0.0815249 0)
(0.297055 0.0977661 0)
(0.262701 0.117333 0)
(0.223383 0.140969 0)
(0.179015 0.169481 0)
(0.130001 0.203592 0)
(0.0776503 0.243575 0)
(0.0247706 0.288454 0)
(-0.0235567 0.334406 0)
(-0.0593029 0.371882 0)
(-0.0718876 0.38129 0)
(-0.0543005 0.328234 0)
(-0.0186387 0.162497 0)
(-0.0114218 -0.120921 0)
(-0.0402437 -0.269976 0)
(-0.0678016 -0.340187 0)
(-0.0777081 -0.357378 0)
(-0.0688505 -0.344098 0)
(-0.0460213 -0.315841 0)
(-0.0144034 -0.281989 0)
(0.0217367 -0.247693 0)
(0.0592852 -0.215481 0)
(0.0961791 -0.186391 0)
(0.131164 -0.160672 0)
(0.163551 -0.138188 0)
(0.193024 -0.118638 0)
(0.219502 -0.10167 0)
(0.243044 -0.0869349 0)
(0.263786 -0.0741098 0)
(0.281904 -0.0629064 0)
(0.297586 -0.0530705 0)
(0.311016 -0.0443789 0)
(0.322365 -0.0366349 0)
(0.331786 -0.0296636 0)
(0.339409 -0.0233079 0)
(0.34534 -0.0174242 0)
(0.349659 -0.0118792 0)
(0.352421 -0.00654628 0)
(0.353653 -0.0013028 0)
(0.353355 0.00397321 0)
(0.3515 0.00940599 0)
(0.34803 0.0151253 0)
(0.34286 0.0212701 0)
(0.335873 0.0279927 0)
(0.326923 0.0354633 0)
(0.31583 0.0438757 0)
(0.302386 0.0534541 0)
(0.286354 0.0644599 0)
(0.267477 0.0772 0)
(0.245489 0.0920343 0)
(0.220139 0.109381 0)
(0.191231 0.129711 0)
(0.158686 0.153532 0)
(0.122653 0.18133 0)
(0.0836694 0.213439 0)
(0.0428965 0.249793 0)
(0.00243248 0.289437 0)
(-0.034353 0.329692 0)
(-0.0626129 0.364799 0)
(-0.0762379 0.383993 0)
(-0.0693242 0.369435 0)
(-0.0422699 0.295403 0)
(-0.0121775 0.133019 0)
(-0.00746634 -0.100931 0)
(-0.0304171 -0.239719 0)
(-0.0585951 -0.318126 0)
(-0.0769127 -0.350297 0)
(-0.0812826 -0.351773 0)
(-0.0732216 -0.335031 0)
(-0.0557476 -0.308823 0)
(-0.03202 -0.278766 0)
(-0.00477005 -0.248197 0)
(0.0239028 -0.218939 0)
(0.0525079 -0.191881 0)
(0.0800529 -0.167361 0)
(0.105921 -0.145406 0)
(0.129762 -0.125881 0)
(0.151412 -0.108577 0)
(0.170825 -0.093254 0)
(0.188034 -0.0796692 0)
(0.203114 -0.0675891 0)
(0.216163 -0.0567947 0)
(0.227286 -0.0470825 0)
(0.236584 -0.0382642 0)
(0.24415 -0.0301645 0)
(0.25006 -0.0226191 0)
(0.254373 -0.0154717 0)
(0.257129 -0.00857173 0)
(0.258345 -0.00177132 0)
(0.258015 0.0050773 0)
(0.25611 0.0121248 0)
(0.252579 0.0195281 0)
(0.247343 0.0274534 0)
(0.240304 0.0360802 0)
(0.231338 0.0456053 0)
(0.220305 0.0562467 0)
(0.207048 0.0682485 0)
(0.191407 0.0818837 0)
(0.173227 0.0974567 0)
(0.152385 0.115301 0)
(0.128816 0.135769 0)
(0.102575 0.159207 0)
(0.0738968 0.185904 0)
(0.0433127 0.215993 0)
(0.0117806 0.249275 0)
(-0.0191437 0.284922 0)
(-0.0471425 0.321002 0)
(-0.0690629 0.353774 0)
(-0.0811058 0.376749 0)
(-0.079475 0.379686 0)
(-0.0619847 0.348031 0)
(-0.032725 0.263958 0)
(-0.00812216 0.111684 0)
(-0.00512984 -0.0862758 0)
(-0.0235171 -0.213435 0)
(-0.0498576 -0.293941 0)
(-0.0717015 -0.335377 0)
(-0.0840755 -0.348096 0)
(-0.0865114 -0.341593 0)
(-0.0803064 -0.323357 0)
(-0.0674515 -0.298775 0)
(-0.050021 -0.271461 0)
(-0.0298363 -0.243697 0)
(-0.00834962 -0.216832 0)
(0.0133528 -0.191601 0)
(0.0345004 -0.168342 0)
(0.0545738 -0.147154 0)
(0.0732437 -0.12799 0)
(0.0903189 -0.110725 0)
(0.105705 -0.0951883 0)
(0.119373 -0.0811931 0)
(0.131334 -0.0685448 0)
(0.141624 -0.0570509 0)
(0.15029 -0.0465233 0)
(0.15738 -0.03678 0)
(0.162937 -0.0276449 0)
(0.166996 -0.0189464 0)
(0.169578 -0.0105164 0)
(0.170688 -0.00218759 0)
(0.170315 0.00620806 0)
(0.168432 0.0148422 0)
(0.164992 0.0238923 0)
(0.159933 0.0335447 0)
(0.153178 0.043997 0)
(0.144638 0.0554608 0)
(0.134219 0.0681634 0)
(0.121829 0.0823494 0)
(0.107389 0.0982785 0)
(0.0908547 0.116221 0)
(0.0722409 0.136445 0)
(0.0516585 0.159194 0)
(0.0293662 0.18464 0)
(0.00583698 0.212815 0)
(-0.0181581 0.243485 0)
(-0.0414575 0.275965 0)
(-0.0624249 0.308834 0)
(-0.0789186 0.339537 0)
(-0.0884023 0.363887 0)
(-0.0883279 0.375529 0)
(-0.0768739 0.365595 0)
(-0.0542548 0.322951 0)
(-0.0258844 0.235752 0)
(-0.00569866 0.0956844 0)
(-0.00373238 -0.0750759 0)
(-0.0187509 -0.190871 0)
(-0.0426094 -0.270004 0)
(-0.065436 -0.316489 0)
(-0.0823774 -0.337131 0)
(-0.0919442 -0.338938 0)
(-0.0942622 -0.328005 0)
(-0.0903449 -0.309139 0)
(-0.0815792 -0.285868 0)
(-0.069374 -0.260644 0)
(-0.0549811 -0.235089 0)
(-0.0394295 -0.210219 0)
(-0.0235196 -0.186629 0)
(-0.00784698 -0.164623 0)
(0.00716239 -0.144318 0)
(0.021217 -0.125711 0)
(0.034127 -0.108718 0)
(0.0457772 -0.0932132 0)
(0.0561048 -0.0790416 0)
(0.065082 -0.0660346 0)
(0.072703 -0.0540165 0)
(0.0789736 -0.042809 0)
(0.0839036 -0.0322332 0)
(0.0875013 -0.0221103 0)
(0.0897696 -0.0122616 0)
(0.0907028 -0.00250735 0)
(0.0902854 0.00733435 0)
(0.0884914 0.0174491 0)
(0.0852845 0.0280276 0)
(0.0806201 0.0392677 0)
(0.0744478 0.051375 0)
(0.0667164 0.0645638 0)
(0.0573814 0.0790562 0)
(0.0464151 0.0950793 0)
(0.0338213 0.112859 0)
(0.0196556 0.132607 0)
(0.0040522 0.154502 0)
(-0.0127411 0.178653 0)
(-0.0303189 0.205045 0)
(-0.0480671 0.233456 0)
(-0.0651092 0.263331 0)
(-0.0802621 0.293608 0)
(-0.092025 0.322481 0)
(-0.098643 0.347113 0)
(-0.0983144 0.363328 0)
(-0.0896181 0.365392 0)
(-0.0721594 0.346052 0)
(-0.0474773 0.297113 0)
(-0.0210734 0.210894 0)
(-0.00423295 0.0831893 0)
(-0.002866 -0.0661506 0)
(-0.0154298 -0.171383 0)
(-0.0368911 -0.247251 0)
(-0.0594853 -0.295855 0)
(-0.0788706 -0.321665 0)
(-0.0931397 -0.329785 0)
(-0.101706 -0.325037 0)
(-0.104859 -0.311522 0)
(-0.10339 -0.292478 0)
(-0.0982772 -0.270326 0)
(-0.0905021 -0.246796 0)
(-0.0809473 -0.223073 0)
(-0.070356 -0.19993 0)
(-0.0593252 -0.177837 0)
(-0.0483167 -0.157053 0)
(-0.0376762 -0.137687 0)
(-0.0276545 -0.119746 0)
(-0.0184283 -0.103168 0)
(-0.0101183 -0.0878463 0)
(-0.00280378 -0.073646 0)
(0.00346455 -0.060412 0)
(0.00865484 -0.047978 0)
(0.0127466 -0.0361704 0)
(0.0157246 -0.0248105 0)
(0.0175751 -0.0137161 0)
(0.0182827 -0.00270195 0)
(0.0178287 0.00842065 0)
(0.0161908 0.019844 0)
(0.0133439 0.0317644 0)
(0.00926243 0.0443822 0)
(0.0039237 0.0579014 0)
(-0.00268597 0.0725279 0)
(-0.0105632 0.0884659 0)
(-0.0196761 0.105911 0)
(-0.0299497 0.125041 0)
(-0.0412463 0.145995 0)
(-0.0533414 0.168849 0)
(-0.0658949 0.193576 0)
(-0.0784187 0.219984 0)
(-0.0902448 0.247632 0)
(-0.100501 0.275718 0)
(-0.108108 0.302934 0)
(-0.111822 0.327287 0)
(-0.110344 0.345914 0)
(-0.102563 0.354939 0)
(-0.08794 0.349449 0)
(-0.0669996 0.323723 0)
(-0.0418854 0.271864 0)
(-0.017647 0.188964 0)
(-0.00330995 0.0730378 0)
(-0.00230556 -0.0587691 0)
(-0.0130753 -0.154328 0)
(-0.0324651 -0.225934 0)
(-0.054317 -0.274672 0)
(-0.074891 -0.303506 0)
(-0.0921965 -0.316142 0)
(-0.105259 -0.316339 0)
(-0.113878 -0.307501 0)
(-0.118375 -0.292486 0)
(-0.119345 -0.273558 0)
(-0.117487 -0.252437 0)
(-0.1135 -0.230377 0)
(-0.108017 -0.208258 0)
(-0.101586 -0.186666 0)
(-0.0946557 -0.165969 0)
(-0.0875874 -0.146373 0)
(-0.0806609 -0.127965 0)
(-0.0740894 -0.110748 0)
(-0.068032 -0.0946641 0)
(-0.0626059 -0.0796153 0)
(-0.0578961 -0.065473 0)
(-0.0539645 -0.052089 0)
(-0.0508566 -0.0393011 0)
(-0.0486068 -0.0269372 0)
(-0.0472425 -0.0148182 0)
(-0.0467867 -0.00275954 0)
(-0.0472596 0.00942748 0)
(-0.0486782 0.0219349 0)
(-0.0510559 0.034957 0)
(-0.0543996 0.048689 0)
(-0.0587054 0.0633246 0)
(-0.0639527 0.0790521 0)
(-0.0700962 0.0960482 0)
(-0.0770544 0.114469 0)
(-0.0846965 0.134433 0)
(-0.0928255 0.156005 0)
(-0.101159 0.179159 0)
(-0.109309 0.203743 0)
(-0.116763 0.229412 0)
(-0.122866 0.255562 0)
(-0.126829 0.281227 0)
(-0.127748 0.304969 0)
(-0.124679 0.324767 0)
(-0.116768 0.337909 0)
(-0.103477 0.340961 0)
(-0.0848967 0.329854 0)
(-0.0620825 0.300178 0)
(-0.0373573 0.247749 0)
(-0.0151466 0.169459 0)
(-0.00269877 0.0645134 0)
(-0.001928 -0.0524687 0)
(-0.0113745 -0.139159 0)
(-0.0290586 -0.206003 0)
(-0.050014 -0.253549 0)
(-0.0710631 -0.283792 0)
(-0.0902976 -0.299434 0)
(-0.106563 -0.303389 0)
(-0.119351 -0.298438 0)
(-0.128637 -0.287038 0)
(-0.134701 -0.271235 0)
(-0.137986 -0.252657 0)
(-0.138998 -0.232555 0)
(-0.13824 -0.211852 0)
(-0.136177 -0.191203 0)
(-0.133214 -0.171054 0)
(-0.129698 -0.151683 0)
(-0.125909 -0.133244 0)
(-0.122076 -0.115796 0)
(-0.118379 -0.0993289 0)
(-0.114957 -0.0837807 0)
(-0.111919 -0.0690521 0)
(-0.109348 -0.0550162 0)
(-0.107309 -0.0415268 0)
(-0.105848 -0.0284233 0)
(-0.105005 -0.015535 0)
(-0.104807 -0.00268377 0)
(-0.105273 0.0103132 0)
(-0.106415 0.0236414 0)
(-0.108234 0.0374869 0)
(-0.110721 0.0520329 0)
(-0.113847 0.0674561 0)
(-0.117564 0.0839206 0)
(-0.121792 0.10157 0)
(-0.126413 0.120515 0)
(-0.131257 0.140816 0)
(-0.136093 0.162464 0)
(-0.14061 0.185342 0)
(-0.144412 0.209192 0)
(-0.147004 0.233556 0)
(-0.147799 0.257719 0)
(-0.146131 0.280626 0)
(-0.141304 0.300815 0)
(-0.13267 0.316341 0)
(-0.119762 0.324745 0)
(-0.102482 0.32308 0)
(-0.081336 0.308054 0)
(-0.057649 0.276318 0)
(-0.0336937 0.224925 0)
(-0.0132712 0.151929 0)
(-0.00227334 0.0571654 0)
(-0.00166466 -0.0469454 0)
(-0.0101246 -0.125448 0)
(-0.0264361 -0.187298 0)
(-0.0465092 -0.232765 0)
(-0.0676456 -0.263218 0)
(-0.0880879 -0.280647 0)
(-0.106627 -0.287306 0)
(-0.122571 -0.28545 0)
(-0.135658 -0.277156 0)
(-0.145923 -0.264225 0)
(-0.15359 -0.248153 0)
(-0.158987 -0.230134 0)
(-0.16248 -0.211087 0)
(-0.16444 -0.191697 0)
(-0.165209 -0.172451 0)
(-0.165095 -0.15368 0)
(-0.164364 -0.135587 0)
(-0.163239 -0.118278 0)
(-0.161904 -0.101783 0)
(-0.160511 -0.0860745 0)
(-0.159179 -0.0710808 0)
(-0.158006 -0.0566987 0)
(-0.157065 -0.0428001 0)
(-0.156415 -0.0292396 0)
(-0.156098 -0.0158589 0)
(-0.156146 -0.00249099 0)
(-0.156575 0.0110363 0)
(-0.157391 0.0248971 0)
(-0.158584 0.0392638 0)
(-0.160129 0.0543028 0)
(-0.161981 0.0701691 0)
(-0.164067 0.0869989 0)
(-0.166284 0.1049 0)
(-0.168489 0.123937 0)
(-0.170493 0.144118 0)
(-0.172048 0.165364 0)
(-0.172846 0.187487 0)
(-0.172509 0.210147 0)
(-0.170595 0.232812 0)
(-0.166611 0.254705 0)
(-0.160037 0.274751 0)
(-0.150385 0.29153 0)
(-0.137276 0.303248 0)
(-0.120554 0.307739 0)
(-0.10044 0.302534 0)
(-0.0776958 0.285009 0)
(-0.0537469 0.252645 0)
(-0.0307097 0.203378 0)
(-0.0118273 0.13601 0)
(-0.00196385 0.0506987 0)
(-0.00147584 -0.0419923 0)
(-0.0091927 -0.112862 0)
(-0.0244119 -0.169632 0)
(-0.0436887 -0.212424 0)
(-0.0647155 -0.242204 0)
(-0.0859027 -0.260451 0)
(-0.106055 -0.268917 0)
(-0.124385 -0.269422 0)
(-0.140469 -0.263701 0)
(-0.154161 -0.253316 0)
(-0.16551 -0.239604 0)
(-0.174685 -0.223674 0)
(-0.181928 -0.206405 0)
(-0.187507 -0.18848 0)
(-0.191696 -0.170402 0)
(-0.194753 -0.15253 0)
(-0.196911 -0.135102 0)
(-0.198377 -0.118257 0)
(-0.199329 -0.102057 0)
(-0.199916 -0.0865057 0)
(-0.200262 -0.0715571 0)
(-0.200466 -0.0571304 0)
(-0.200611 -0.0431174 0)
(-0.200757 -0.0293893 0)
(-0.20095 -0.0158033 0)
(-0.201219 -0.00220665 0)
(-0.201579 0.0115586 0)
(-0.202029 0.0256512 0)
(-0.20255 0.0402265 0)
(-0.203106 0.0554308 0)
(-0.203635 0.0713948 0)
(-0.204051 0.0882255 0)
(-0.204236 0.105995 0)
(-0.204035 0.124727 0)
(-0.203253 0.14438 0)
(-0.201648 0.164823 0)
(-0.19893 0.18581 0)
(-0.194765 0.20695 0)
(-0.188782 0.227669 0)
(-0.180594 0.247173 0)
(-0.169835 0.264415 0)
(-0.156205 0.278068 0)
(-0.139552 0.286523 0)
(-0.119962 0.287917 0)
(-0.0978746 0.280213 0)
(-0.0741947 0.261345 0)
(-0.0503481 0.229428 0)
(-0.0282567 0.183022 0)
(-0.01069 0.121411 0)
(-0.00173042 0.0449125 0)
(-0.00133759 -0.0374645 0)
(-0.00848975 -0.101148 0)
(-0.0228447 -0.152822 0)
(-0.0414347 -0.19254 0)
(-0.0622639 -0.220994 0)
(-0.0839028 -0.239302 0)
(-0.105203 -0.248831 0)
(-0.125336 -0.251046 0)
(-0.143776 -0.247389 0)
(-0.160246 -0.239193 0)
(-0.174656 -0.227638 0)
(-0.187045 -0.213723 0)
(-0.197541 -0.198271 0)
(-0.206319 -0.181933 0)
(-0.213578 -0.165209 0)
(-0.219521 -0.148468 0)
(-0.224344 -0.131965 0)
(-0.228227 -0.115862 0)
(-0.23133 -0.100246 0)
(-0.233794 -0.0851429 0)
(-0.235738 -0.0705308 0)
(-0.237261 -0.0563494 0)
(-0.238443 -0.0425097 0)
(-0.239344 -0.0289009 0)
(-0.240011 -0.0153969 0)
(-0.240469 -0.00186137 0)
(-0.24073 0.0118468 0)
(-0.240786 0.0258691 0)
(-0.240612 0.0403413 0)
(-0.24016 0.0553881 0)
(-0.239362 0.0711155 0)
(-0.238122 0.0876018 0)
(-0.236317 0.104887 0)
(-0.233791 0.122958 0)
(-0.230354 0.141735 0)
(-0.225784 0.161046 0)
(-0.219826 0.18061 0)
(-0.2122 0.200006 0)
(-0.202619 0.218651 0)
(-0.190805 0.235767 0)
(-0.176532 0.250371 0)
(-0.159669 0.261256 0)
(-0.140248 0.267012 0)
(-0.118532 0.266065 0)
(-0.095105 0.256754 0)
(-0.0709364 0.237465 0)
(-0.0474011 0.206795 0)
(-0.026222 0.163745 0)
(-0.00977753 0.107905 0)
(-0.00154933 0.0396642 0)
(-0.00123477 -0.0332577 0)
(-0.00795485 -0.0901105 0)
(-0.0216278 -0.136711 0)
(-0.0396417 -0.173079 0)
(-0.0602456 -0.199726 0)
(-0.0821523 -0.217505 0)
(-0.104274 -0.227488 0)
(-0.125773 -0.230855 0)
(-0.146062 -0.228797 0)
(-0.164772 -0.222443 0)
(-0.181706 -0.212812 0)
(-0.1968 -0.200795 0)
(-0.210081 -0.187137 0)
(-0.221641 -0.172447 0)
(-0.231609 -0.157203 0)
(-0.240131 -0.141767 0)
(-0.247361 -0.126398 0)
(-0.253447 -0.111272 0)
(-0.258528 -0.096491 0)
(-0.262728 -0.0820986 0)
(-0.266156 -0.068091 0)
(-0.268906 -0.0544265 0)
(-0.271051 -0.0410343 0)
(-0.27265 -0.0278212 0)
(-0.273743 -0.0146785 0)
(-0.274354 -0.0014873 0)
(-0.27449 0.0118757 0)
(-0.274136 0.0255332 0)
(-0.273263 0.039601 0)
(-0.271817 0.0541819 0)
(-0.269724 0.0693582 0)
(-0.266887 0.0851821 0)
(-0.263183 0.101666 0)
(-0.258465 0.118767 0)
(-0.252559 0.136377 0)
(-0.24527 0.154298 0)
(-0.236389 0.172231 0)
(-0.225697 0.189749 0)
(-0.21299 0.20628 0)
(-0.198097 0.221093 0)
(-0.180917 0.233286 0)
(-0.16146 0.241789 0)
(-0.139902 0.24539 0)
(-0.116634 0.242774 0)
(-0.0923259 0.232604 0)
(-0.0679663 0.213625 0)
(-0.0448524 0.184795 0)
(-0.0245225 0.145428 0)
(-0.009035 0.0953105 0)
(-0.00140588 0.0348491 0)
(-0.00115744 -0.0292953 0)
(-0.00754532 -0.0795989 0)
(-0.0206814 -0.121162 0)
(-0.0382207 -0.153993 0)
(-0.0586038 -0.178475 0)
(-0.0806643 -0.195266 0)
(-0.103378 -0.205212 0)
(-0.125914 -0.209262 0)
(-0.147653 -0.208394 0)
(-0.168161 -0.203554 0)
(-0.187164 -0.195615 0)
(-0.20451 -0.185353 0)
(-0.220149 -0.173434 0)
(-0.234096 -0.160409 0)
(-0.246415 -0.146722 0)
(-0.257202 -0.132718 0)
(-0.266566 -0.118651 0)
(-0.274621 -0.104696 0)
(-0.281481 -0.0909661 0)
(-0.287251 -0.0775152 0)
(-0.292027 -0.0643538 0)
(-0.295891 -0.0514558 0)
(-0.298909 -0.0387663 0)
(-0.301134 -0.0262091 0)
(-0.302601 -0.0136924 0)
(-0.303328 -0.0011149 0)
(-0.303318 0.0116288 0)
(-0.302552 0.0246423 0)
(-0.300995 0.0380221 0)
(-0.298593 0.0518502 0)
(-0.29527 0.0661869 0)
(-0.29093 0.0810626 0)
(-0.285458 0.0964666 0)
(-0.278721 0.112336 0)
(-0.270567 0.128543 0)
(-0.260838 0.144879 0)
(-0.249369 0.16104 0)
(-0.236008 0.176612 0)
(-0.220629 0.191055 0)
(-0.203159 0.203699 0)
(-0.183604 0.213738 0)
(-0.16209 0.220243 0)
(-0.138901 0.222186 0)
(-0.114518 0.218486 0)
(-0.0896588 0.208073 0)
(-0.0653006 0.189977 0)
(-0.0426552 0.163429 0)
(-0.023097 0.127958 0)
(-0.00842513 0.0834804 0)
(-0.00129059 0.0303873 0)
(-0.00109887 -0.0255199 0)
(-0.00723073 -0.0694968 0)
(-0.0199455 -0.106064 0)
(-0.0370992 -0.135226 0)
(-0.0572816 -0.157275 0)
(-0.0794267 -0.172724 0)
(-0.102569 -0.182239 0)
(-0.125896 -0.186583 0)
(-0.148769 -0.186554 0)
(-0.170715 -0.182936 0)
(-0.191398 -0.176467 0)
(-0.210604 -0.167813 0)
(-0.228214 -0.157555 0)
(-0.244181 -0.146183 0)
(-0.258513 -0.134099 0)
(-0.271256 -0.121618 0)
(-0.282477 -0.108981 0)
(-0.292258 -0.0963586 0)
(-0.300687 -0.0838621 0)
(-0.307848 -0.0715535 0)
(-0.313819 -0.0594528 0)
(-0.318672 -0.0475459 0)
(-0.322463 -0.035792 0)
(-0.325236 -0.0241301 0)
(-0.327021 -0.0124844 0)
(-0.327831 -0.000770511 0)
(-0.327662 0.0110994 0)
(-0.326494 0.0232111 0)
(-0.324288 0.0356425 0)
(-0.320989 0.0484568 0)
(-0.316524 0.0616959 0)
(-0.310804 0.0753719 0)
(-0.303724 0.0894582 0)
(-0.295167 0.103879 0)
(-0.285012 0.118497 0)
(-0.273133 0.133103 0)
(-0.259416 0.147405 0)
(-0.24377 0.161012 0)
(-0.226143 0.173434 0)
(-0.206545 0.184071 0)
(-0.185074 0.19222 0)
(-0.161948 0.197087 0)
(-0.137529 0.197816 0)
(-0.11236 0.193527 0)
(-0.0871811 0.183373 0)
(-0.0629422 0.166608 0)
(-0.040771 0.142666 0)
(-0.0219011 0.11123 0)
(-0.00792209 0.0722924 0)
(-0.00119718 0.0262158 0)
(-0.00105438 -0.021888 0)
(-0.00698908 -0.059713 0)
(-0.0193747 -0.091324 0)
(-0.0362192 -0.116724 0)
(-0.0562278 -0.136141 0)
(-0.078416 -0.149972 0)
(-0.10187 -0.158744 0)
(-0.125799 -0.163064 0)
(-0.149558 -0.163577 0)
(-0.172645 -0.160928 0)
(-0.194683 -0.155728 0)
(-0.215407 -0.14854 0)
(-0.234644 -0.139859 0)
(-0.252296 -0.130112 0)
(-0.268322 -0.11965 0)
(-0.282723 -0.108757 0)
(-0.295531 -0.0976498 0)
(-0.306796 -0.0864879 0)
(-0.316579 -0.0753782 0)
(-0.324944 -0.0643839 0)
(-0.331954 -0.0535306 0)
(-0.337665 -0.0428133 0)
(-0.342124 -0.0322029 0)
(-0.345366 -0.0216515 0)
(-0.347415 -0.0110983 0)
(-0.348277 -0.000474513 0)
(-0.347945 0.0102914 0)
(-0.346396 0.0212686 0)
(-0.343591 0.0325181 0)
(-0.339474 0.0440872 0)
(-0.333978 0.0560026 0)
(-0.32702 0.068263 0)
(-0.31851 0.0808315 0)
(-0.308352 0.093626 0)
(-0.296451 0.106511 0)
(-0.282717 0.119286 0)
(-0.267085 0.13168 0)
(-0.249517 0.143341 0)
(-0.230028 0.153832 0)
(-0.208699 0.162632 0)
(-0.185703 0.169142 0)
(-0.161327 0.172698 0)
(-0.135995 0.172597 0)
(-0.110284 0.168134 0)
(-0.0849434 0.158642 0)
(-0.0608886 0.143555 0)
(-0.03917 0.122458 0)
(-0.0209025 0.0951429 0)
(-0.00750776 0.0616429 0)
(-0.00112137 0.0222833 0)
(-0.00102067 -0.0183661 0)
(-0.00680434 -0.0501756 0)
(-0.0189349 -0.076865 0)
(-0.035535 -0.0984389 0)
(-0.0553986 -0.115073 0)
(-0.0776061 -0.127075 0)
(-0.101288 -0.134856 0)
(-0.125673 -0.138897 0)
(-0.150119 -0.139709 0)
(-0.174103 -0.137813 0)
(-0.197219 -0.133707 0)
(-0.219164 -0.127854 0)
(-0.239723 -0.120668 0)
(-0.258755 -0.112508 0)
(-0.276179 -0.103674 0)
(-0.291959 -0.0944111 0)
(-0.306094 -0.0849098 0)
(-0.318605 -0.0753118 0)
(-0.329531 -0.065715 0)
(-0.338915 -0.0561796 0)
(-0.346803 -0.0467332 0)
(-0.35324 -0.0373772 0)
(-0.358262 -0.0280915 0)
(-0.361895 -0.0188397 0)
(-0.364156 -0.0095742 0)
(-0.365047 -0.000240339 0)
(-0.364557 0.00921857 0)
(-0.36266 0.0188567 0)
(-0.359317 0.0287206 0)
(-0.354476 0.0388442 0)
(-0.348073 0.0492425 0)
(-0.340037 0.0599057 0)
(-0.33029 0.0707919 0)
(-0.318757 0.0818204 0)
(-0.30537 0.0928633 0)
(-0.290074 0.103739 0)
(-0.272843 0.114206 0)
(-0.253692 0.123957 0)
(-0.232689 0.132617 0)
(-0.209976 0.139747 0)
(-0.185784 0.144848 0)
(-0.160454 0.147377 0)
(-0.134452 0.146771 0)
(-0.108379 0.142472 0)
(-0.0829799 0.133965 0)
(-0.0591359 0.120824 0)
(-0.0378295 0.102748 0)
(-0.020078 0.0796017 0)
(-0.00716937 0.0514412 0)
(-0.00106019 0.0185469 0)
(-0.000995373 -0.0149277 0)
(-0.00666475 -0.0408269 0)
(-0.0186007 -0.0626244 0)
(-0.0350114 -0.0803258 0)
(-0.054758 -0.0940648 0)
(-0.0769717 -0.104077 0)
(-0.100819 -0.110677 0)
(-0.125547 -0.114234 0)
(-0.150516 -0.115149 0)
(-0.175194 -0.113829 0)
(-0.199153 -0.110669 0)
(-0.22206 -0.106038 0)
(-0.243669 -0.10027 0)
(-0.263805 -0.0936578 0)
(-0.282355 -0.086448 0)
(-0.299251 -0.0788437 0)
(-0.314465 -0.0710049 0)
(-0.327994 -0.063052 0)
(-0.339856 -0.0550699 0)
(-0.350076 -0.0471123 0)
(-0.358687 -0.039206 0)
(-0.365719 -0.0313558 0)
(-0.371201 -0.0235486 0)
(-0.37515 -0.0157577 0)
(-0.377577 -0.00794684 0)
(-0.37848 -7.40912e-05 0)
(-0.377843 0.00790407 0)
(-0.375641 0.0160287 0)
(-0.371834 0.0243342 0)
(-0.366373 0.0328437 0)
(-0.359201 0.0415642 0)
(-0.350255 0.0504812 0)
(-0.339473 0.0595535 0)
(-0.326796 0.0687069 0)
(-0.312182 0.0778284 0)
(-0.295606 0.0867614 0)
(-0.277079 0.0953004 0)
(-0.256656 0.103188 0)
(-0.234453 0.110117 0)
(-0.210657 0.115727 0)
(-0.185546 0.119619 0)
(-0.159502 0.121364 0)
(-0.133018 0.120519 0)
(-0.106711 0.116657 0)
(-0.0813146 0.109387 0)
(-0.0576802 0.0983952 0)
(-0.0367325 0.0834663 0)
(-0.0194106 0.0645164 0)
(-0.00689787 0.0416064 0)
(-0.00101157 0.0149692 0)
(-0.000976811 -0.0115518 0)
(-0.00656178 -0.0316202 0)
(-0.018353 -0.0485497 0)
(-0.0346213 -0.062346 0)
(-0.0542775 -0.0731079 0)
(-0.0764909 -0.0810086 0)
(-0.100456 -0.086281 0)
(-0.125436 -0.0891997 0)
(-0.150795 -0.0900633 0)
(-0.175995 -0.0891778 0)
(-0.200592 -0.0868426 0)
(-0.224233 -0.0833394 0)
(-0.246649 -0.0789245 0)
(-0.267638 -0.0738238 0)
(-0.28706 -0.0682299 0)
(-0.304827 -0.0623022 0)
(-0.320885 -0.0561675 0)
(-0.335214 -0.0499219 0)
(-0.347812 -0.0436345 0)
(-0.358692 -0.0373496 0)
(-0.367872 -0.0310907 0)
(-0.375374 -0.0248639 0)
(-0.381216 -0.0186613 0)
(-0.385411 -0.0124638 0)
(-0.387963 -0.00624519 0)
(-0.388865 2.53042e-05 0)
(-0.388102 0.00637962 0)
(-0.385646 0.0128475 0)
(-0.381457 0.0194532 0)
(-0.375491 0.0262118 0)
(-0.367695 0.0331252 0)
(-0.358016 0.0401782 0)
(-0.346403 0.0473341 0)
(-0.332814 0.0545303 0)
(-0.317227 0.0616738 0)
(-0.299644 0.0686377 0)
(-0.280105 0.0752581 0)
(-0.258698 0.081332 0)
(-0.235574 0.0866183 0)
(-0.210959 0.0908401 0)
(-0.185164 0.0936914 0)
(-0.1586 0.0948469 0)
(-0.13178 0.0939767 0)
(-0.105326 0.0907635 0)
(-0.0799646 0.0849244 0)
(-0.0565186 0.0762331 0)
(-0.035867 0.0645421 0)
(-0.0188885 0.0498004 0)
(-0.00668688 0.0320645 0)
(-0.000974083 0.011517 0)
(-0.000963801 -0.00822108 0)
(-0.00648933 -0.0225166 0)
(-0.0181782 -0.0345964 0)
(-0.0343449 -0.0444652 0)
(-0.0539351 -0.0521911 0)
(-0.0761458 -0.0578932 0)
(-0.100191 -0.0617314 0)
(-0.125349 -0.0638953 0)
(-0.150984 -0.0645918 0)
(-0.176556 -0.064034 0)
(-0.201611 -0.0624313 0)
(-0.225783 -0.0599819 0)
(-0.248784 -0.056867 0)
(-0.270394 -0.053247 0)
(-0.290457 -0.0492598 0)
(-0.308862 -0.0450198 0)
(-0.325542 -0.0406185 0)
(-0.340461 -0.0361262 0)
(-0.353604 -0.0315935 0)
(-0.364971 -0.0270537 0)
(-0.374573 -0.0225248 0)
(-0.382422 -0.0180124 0)
(-0.38853 -0.0135121 0)
(-0.392904 -0.00901146 0)
(-0.395544 -0.0044926 0)
(-0.396442 6.53483e-05 0)
(-0.395578 0.00468409 0)
(-0.392925 0.00938368 0)
(-0.388444 0.01418 0)
(-0.382094 0.0190822 0)
(-0.373826 0.0240897 0)
(-0.363594 0.0291895 0)
(-0.351357 0.0343529 0)
(-0.337087 0.0395324 0)
(-0.320777 0.0446591 0)
(-0.302449 0.0496398 0)
(-0.282166 0.054355 0)
(-0.260041 0.0586587 0)
(-0.236251 0.0623779 0)
(-0.211049 0.0653164 0)
(-0.18477 0.0672583 0)
(-0.157844 0.0679764 0)
(-0.130799 0.0672421 0)
(-0.104259 0.0648374 0)
(-0.0789422 0.0605704 0)
(-0.0556488 0.0542895 0)
(-0.0352243 0.0458988 0)
(-0.0185032 0.0353694 0)
(-0.00653198 0.0227461 0)
(-0.000946717 0.00815994 0)
(-0.000955538 -0.00492088 0)
(-0.0064432 -0.013483 0)
(-0.0180666 -0.0207258 0)
(-0.034168 -0.0266525 0)
(-0.0537153 -0.0313031 0)
(-0.0759231 -0.0347471 0)
(-0.100019 -0.0370783 0)
(-0.125289 -0.0384077 0)
(-0.151101 -0.038857 0)
(-0.176913 -0.0385519 0)
(-0.202264 -0.0376163 0)
(-0.22678 -0.0361678 0)
(-0.250162 -0.0343144 0)
(-0.272178 -0.0321521 0)
(-0.292658 -0.0297634 0)
(-0.311483 -0.0272172 0)
(-0.328573 -0.024569 0)
(-0.34388 -0.0218615 0)
(-0.357382 -0.0191254 0)
(-0.369071 -0.0163814 0)
(-0.378951 -0.0136409 0)
(-0.387028 -0.0109077 0)
(-0.393311 -0.00817962 0)
(-0.397803 -0.00544965 0)
(-0.400499 -0.00270751 0)
(-0.401391 5.88965e-05 0)
(-0.400457 0.00286214 0)
(-0.39767 0.00571375 0)
(-0.392992 0.00862268 0)
(-0.386383 0.0115937 0)
(-0.377798 0.0146258 0)
(-0.367196 0.0177101 0)
(-0.354544 0.0208285 0)
(-0.339821 0.0239515 0)
(-0.323033 0.0270367 0)
(-0.304213 0.030027 0)
(-0.283441 0.0328501 0)
(-0.260847 0.0354177 0)
(-0.236625 0.0376262 0)
(-0.211045 0.039358 0)
(-0.184457 0.0404852 0)
(-0.157305 0.0408734 0)
(-0.130122 0.0403881 0)
(-0.103536 0.0389022 0)
(-0.0782561 0.0363043 0)
(-0.0550696 0.0325075 0)
(-0.0347987 0.0274579 0)
(-0.0182491 0.021141 0)
(-0.00643021 0.0135852 0)
(-0.00092881 0.00486961 0)
(-0.000951527 -0.00163833 0)
(-0.00642077 -0.00448982 0)
(-0.0180123 -0.00690322 0)
(-0.0340817 -0.00887968 0)
(-0.0536079 -0.0104323 0)
(-0.075814 -0.0115841 0)
(-0.0999346 -0.0123658 0)
(-0.125259 -0.012814 0)
(-0.151158 -0.012969 0)
(-0.177086 -0.0128722 0)
(-0.202583 -0.0125646 0)
(-0.227268 -0.0120854 0)
(-0.250837 -0.0114702 0)
(-0.273054 -0.010751 0)
(-0.293741 -0.00995546 0)
(-0.312773 -0.00910644 0)
(-0.330066 -0.00822253 0)
(-0.345566 -0.00731801 0)
(-0.359246 -0.0064033 0)
(-0.371095 -0.00548531 0)
(-0.381113 -0.00456796 0)
(-0.389304 -0.00365262 0)
(-0.395674 -0.00273862 0)
(-0.400223 -0.00182371 0)
(-0.402947 -0.000904528 0)
(-0.403835 2.28828e-05 0)
(-0.402865 0.000962632 0)
(-0.400009 0.00191848 0)
(-0.395232 0.00289331 0)
(-0.388493 0.0038886 0)
(-0.379749 0.00490386 0)
(-0.368962 0.00593603 0)
(-0.356102 0.00697888 0)
(-0.341154 0.00802239 0)
(-0.324127 0.00905225 0)
(-0.305064 0.0100493 0)
(-0.28405 0.0109893 0)
(-0.261224 0.0118427 0)
(-0.23679 0.0125749 0)
(-0.211024 0.013147 0)
(-0.184286 0.0135164 0)
(-0.157024 0.0136387 0)
(-0.129777 0.0134696 0)
(-0.10317 0.0129672 0)
(-0.0779117 0.012095 0)
(-0.0547801 0.0108248 0)
(-0.0345867 0.00913911 0)
(-0.0181229 0.0070336 0)
(-0.00637975 0.00451807 0)
(-0.000919953 0.00161885 0)
(-0.000951526 0.00163844 0)
(-0.00642077 0.00449005 0)
(-0.0180123 0.00690353 0)
(-0.0340817 0.00888004 0)
(-0.0536079 0.0104327 0)
(-0.0758139 0.0115845 0)
(-0.0999345 0.0123662 0)
(-0.125259 0.0128144 0)
(-0.151157 0.0129694 0)
(-0.177086 0.0128725 0)
(-0.202583 0.0125649 0)
(-0.227268 0.0120856 0)
(-0.250837 0.0114704 0)
(-0.273054 0.0107512 0)
(-0.293741 0.00995553 0)
(-0.312773 0.00910645 0)
(-0.330065 0.00822247 0)
(-0.345566 0.00731789 0)
(-0.359246 0.00640312 0)
(-0.371095 0.00548508 0)
(-0.381113 0.00456769 0)
(-0.389304 0.00365232 0)
(-0.395674 0.00273829 0)
(-0.400223 0.00182335 0)
(-0.402947 0.000904154 0)
(-0.403835 -2.32626e-05 0)
(-0.402865 -0.00096301 0)
(-0.400009 -0.00191885 0)
(-0.395232 -0.00289366 0)
(-0.388493 -0.00388893 0)
(-0.379749 -0.00490416 0)
(-0.368962 -0.00593629 0)
(-0.356102 -0.0069791 0)
(-0.341154 -0.00802257 0)
(-0.324127 -0.00905237 0)
(-0.305064 -0.0100494 0)
(-0.28405 -0.0109893 0)
(-0.261224 -0.0118427 0)
(-0.23679 -0.0125749 0)
(-0.211024 -0.0131469 0)
(-0.184286 -0.0135163 0)
(-0.157024 -0.0136386 0)
(-0.129777 -0.0134694 0)
(-0.10317 -0.012967 0)
(-0.0779117 -0.0120948 0)
(-0.0547801 -0.0108246 0)
(-0.0345867 -0.00913892 0)
(-0.0181229 -0.00703344 0)
(-0.00637975 -0.00451795 0)
(-0.000919953 -0.0016188 0)
(-0.000955538 0.00492099 0)
(-0.0064432 0.0134832 0)
(-0.0180666 0.0207261 0)
(-0.0341679 0.0266529 0)
(-0.0537153 0.0313035 0)
(-0.0759231 0.0347476 0)
(-0.100019 0.0370787 0)
(-0.125289 0.0384081 0)
(-0.151101 0.0388574 0)
(-0.176913 0.0385522 0)
(-0.202264 0.0376166 0)
(-0.22678 0.036168 0)
(-0.250161 0.0343146 0)
(-0.272178 0.0321522 0)
(-0.292658 0.0297634 0)
(-0.311483 0.0272172 0)
(-0.328573 0.024569 0)
(-0.34388 0.0218614 0)
(-0.357382 0.0191253 0)
(-0.369071 0.0163812 0)
(-0.378951 0.0136406 0)
(-0.387028 0.0109074 0)
(-0.393311 0.0081793 0)
(-0.397803 0.00544929 0)
(-0.400499 0.00270715 0)
(-0.401391 -5.92689e-05 0)
(-0.400457 -0.00286251 0)
(-0.39767 -0.00571411 0)
(-0.392992 -0.00862302 0)
(-0.386383 -0.011594 0)
(-0.377798 -0.0146261 0)
(-0.367196 -0.0177104 0)
(-0.354544 -0.0208287 0)
(-0.339821 -0.0239517 0)
(-0.323033 -0.0270368 0)
(-0.304213 -0.0300271 0)
(-0.283441 -0.0328501 0)
(-0.260847 -0.0354177 0)
(-0.236625 -0.0376261 0)
(-0.211045 -0.0393579 0)
(-0.184457 -0.0404851 0)
(-0.157305 -0.0408732 0)
(-0.130122 -0.0403879 0)
(-0.103536 -0.038902 0)
(-0.0782561 -0.0363041 0)
(-0.0550696 -0.0325073 0)
(-0.0347987 -0.0274577 0)
(-0.0182491 -0.0211408 0)
(-0.00643021 -0.0135851 0)
(-0.00092881 -0.00486956 0)
(-0.0009638 0.00822119 0)
(-0.00648933 0.0225168 0)
(-0.0181782 0.0345967 0)
(-0.0343448 0.0444655 0)
(-0.0539351 0.0521915 0)
(-0.0761457 0.0578936 0)
(-0.100191 0.0617318 0)
(-0.125349 0.0638957 0)
(-0.150984 0.0645922 0)
(-0.176556 0.0640343 0)
(-0.201611 0.0624316 0)
(-0.225783 0.0599821 0)
(-0.248784 0.0568672 0)
(-0.270394 0.0532472 0)
(-0.290456 0.0492599 0)
(-0.308862 0.0450198 0)
(-0.325542 0.0406184 0)
(-0.340461 0.0361261 0)
(-0.353604 0.0315934 0)
(-0.364971 0.0270534 0)
(-0.374573 0.0225245 0)
(-0.382422 0.0180122 0)
(-0.38853 0.0135118 0)
(-0.392904 0.00901112 0)
(-0.395544 0.00449225 0)
(-0.396442 -6.57067e-05 0)
(-0.395578 -0.00468445 0)
(-0.392925 -0.00938403 0)
(-0.388444 -0.0141804 0)
(-0.382094 -0.0190825 0)
(-0.373826 -0.02409 0)
(-0.363594 -0.0291898 0)
(-0.351357 -0.0343531 0)
(-0.337087 -0.0395326 0)
(-0.320777 -0.0446593 0)
(-0.302449 -0.0496399 0)
(-0.282166 -0.0543551 0)
(-0.260041 -0.0586586 0)
(-0.236251 -0.0623779 0)
(-0.211049 -0.0653163 0)
(-0.18477 -0.0672581 0)
(-0.157845 -0.0679763 0)
(-0.130799 -0.0672419 0)
(-0.104259 -0.0648372 0)
(-0.0789423 -0.0605702 0)
(-0.0556488 -0.0542893 0)
(-0.0352243 -0.0458986 0)
(-0.0185032 -0.0353693 0)
(-0.00653198 -0.022746 0)
(-0.000946718 -0.00815989 0)
(-0.00097681 0.0115519 0)
(-0.00656178 0.0316204 0)
(-0.018353 0.04855 0)
(-0.0346213 0.0623463 0)
(-0.0542774 0.0731082 0)
(-0.0764908 0.081009 0)
(-0.100456 0.0862814 0)
(-0.125436 0.0892001 0)
(-0.150795 0.0900637 0)
(-0.175995 0.0891782 0)
(-0.200591 0.0868429 0)
(-0.224233 0.0833396 0)
(-0.246648 0.0789247 0)
(-0.267637 0.0738239 0)
(-0.28706 0.06823 0)
(-0.304827 0.0623022 0)
(-0.320885 0.0561674 0)
(-0.335214 0.0499218 0)
(-0.347812 0.0436343 0)
(-0.358691 0.0373494 0)
(-0.367872 0.0310905 0)
(-0.375374 0.0248637 0)
(-0.381216 0.018661 0)
(-0.385411 0.0124635 0)
(-0.387963 0.00624486 0)
(-0.388865 -2.5643e-05 0)
(-0.388102 -0.00637996 0)
(-0.385646 -0.0128478 0)
(-0.381457 -0.0194535 0)
(-0.375491 -0.0262121 0)
(-0.367695 -0.0331255 0)
(-0.358016 -0.0401785 0)
(-0.346403 -0.0473343 0)
(-0.332815 -0.0545304 0)
(-0.317227 -0.0616739 0)
(-0.299644 -0.0686378 0)
(-0.280105 -0.0752581 0)
(-0.258698 -0.081332 0)
(-0.235574 -0.0866182 0)
(-0.210959 -0.09084 0)
(-0.185164 -0.0936912 0)
(-0.1586 -0.0948468 0)
(-0.13178 -0.0939765 0)
(-0.105326 -0.0907633 0)
(-0.0799646 -0.0849242 0)
(-0.0565186 -0.0762329 0)
(-0.035867 -0.0645419 0)
(-0.0188885 -0.0498002 0)
(-0.00668689 -0.0320644 0)
(-0.000974084 -0.011517 0)
(-0.000995371 0.0149278 0)
(-0.00666474 0.0408271 0)
(-0.0186007 0.0626247 0)
(-0.0350114 0.0803261 0)
(-0.054758 0.0940651 0)
(-0.0769716 0.104077 0)
(-0.100818 0.110677 0)
(-0.125547 0.114235 0)
(-0.150516 0.11515 0)
(-0.175194 0.113829 0)
(-0.199153 0.110669 0)
(-0.22206 0.106038 0)
(-0.243669 0.10027 0)
(-0.263805 0.0936579 0)
(-0.282354 0.0864481 0)
(-0.299251 0.0788437 0)
(-0.314465 0.0710048 0)
(-0.327994 0.0630519 0)
(-0.339856 0.0550698 0)
(-0.350076 0.0471121 0)
(-0.358687 0.0392058 0)
(-0.365719 0.0313555 0)
(-0.371201 0.0235483 0)
(-0.37515 0.0157574 0)
(-0.377577 0.00794653 0)
(-0.37848 7.37757e-05 0)
(-0.377843 -0.00790439 0)
(-0.375641 -0.016029 0)
(-0.371834 -0.0243345 0)
(-0.366373 -0.0328439 0)
(-0.359201 -0.0415644 0)
(-0.350255 -0.0504814 0)
(-0.339473 -0.0595537 0)
(-0.326797 -0.068707 0)
(-0.312182 -0.0778285 0)
(-0.295606 -0.0867615 0)
(-0.277079 -0.0953004 0)
(-0.256656 -0.103188 0)
(-0.234453 -0.110117 0)
(-0.210657 -0.115727 0)
(-0.185546 -0.119619 0)
(-0.159502 -0.121364 0)
(-0.133018 -0.120519 0)
(-0.106711 -0.116656 0)
(-0.0813146 -0.109387 0)
(-0.0576803 -0.098395 0)
(-0.0367326 -0.0834662 0)
(-0.0194106 -0.0645162 0)
(-0.00689788 -0.0416064 0)
(-0.00101158 -0.0149691 0)
(-0.00102067 0.0183662 0)
(-0.00680432 0.0501758 0)
(-0.0189349 0.0768652 0)
(-0.035535 0.0984392 0)
(-0.0553985 0.115073 0)
(-0.077606 0.127075 0)
(-0.101288 0.134857 0)
(-0.125673 0.138897 0)
(-0.150118 0.13971 0)
(-0.174102 0.137813 0)
(-0.197219 0.133707 0)
(-0.219164 0.127855 0)
(-0.239723 0.120668 0)
(-0.258755 0.112508 0)
(-0.276179 0.103674 0)
(-0.291959 0.0944111 0)
(-0.306093 0.0849097 0)
(-0.318605 0.0753117 0)
(-0.32953 0.0657149 0)
(-0.338914 0.0561794 0)
(-0.346803 0.046733 0)
(-0.35324 0.037377 0)
(-0.358262 0.0280912 0)
(-0.361895 0.0188395 0)
(-0.364156 0.00957392 0)
(-0.365047 0.00024005 0)
(-0.364557 -0.00921885 0)
(-0.36266 -0.018857 0)
(-0.359317 -0.0287209 0)
(-0.354476 -0.0388445 0)
(-0.348073 -0.0492427 0)
(-0.340037 -0.0599059 0)
(-0.33029 -0.0707921 0)
(-0.318758 -0.0818205 0)
(-0.30537 -0.0928634 0)
(-0.290074 -0.103739 0)
(-0.272843 -0.114206 0)
(-0.253692 -0.123957 0)
(-0.23269 -0.132617 0)
(-0.209976 -0.139747 0)
(-0.185784 -0.144847 0)
(-0.160455 -0.147377 0)
(-0.134452 -0.146771 0)
(-0.10838 -0.142472 0)
(-0.08298 -0.133965 0)
(-0.0591359 -0.120824 0)
(-0.0378295 -0.102747 0)
(-0.020078 -0.0796015 0)
(-0.00716938 -0.0514411 0)
(-0.00106019 -0.0185469 0)
(-0.00105438 0.0218881 0)
(-0.00698907 0.0597132 0)
(-0.0193746 0.0913242 0)
(-0.0362191 0.116725 0)
(-0.0562277 0.136141 0)
(-0.0784159 0.149972 0)
(-0.10187 0.158744 0)
(-0.125799 0.163064 0)
(-0.149558 0.163578 0)
(-0.172645 0.160928 0)
(-0.194683 0.155729 0)
(-0.215407 0.14854 0)
(-0.234644 0.13986 0)
(-0.252296 0.130112 0)
(-0.268321 0.11965 0)
(-0.282723 0.108757 0)
(-0.295531 0.0976498 0)
(-0.306796 0.0864878 0)
(-0.316579 0.0753781 0)
(-0.324944 0.0643838 0)
(-0.331954 0.0535304 0)
(-0.337665 0.0428131 0)
(-0.342124 0.0322026 0)
(-0.345366 0.0216513 0)
(-0.347415 0.011098 0)
(-0.348277 0.000474253 0)
(-0.347945 -0.0102917 0)
(-0.346396 -0.0212688 0)
(-0.343591 -0.0325184 0)
(-0.339474 -0.0440875 0)
(-0.333978 -0.0560028 0)
(-0.32702 -0.0682632 0)
(-0.31851 -0.0808316 0)
(-0.308353 -0.0936262 0)
(-0.296451 -0.106511 0)
(-0.282718 -0.119286 0)
(-0.267085 -0.13168 0)
(-0.249517 -0.143341 0)
(-0.230028 -0.153832 0)
(-0.208699 -0.162632 0)
(-0.185703 -0.169142 0)
(-0.161327 -0.172698 0)
(-0.135995 -0.172597 0)
(-0.110285 -0.168133 0)
(-0.0849435 -0.158642 0)
(-0.0608886 -0.143555 0)
(-0.0391701 -0.122458 0)
(-0.0209026 -0.0951428 0)
(-0.00750777 -0.0616428 0)
(-0.00112137 -0.0222833 0)
(-0.00109887 0.0255199 0)
(-0.00723072 0.069497 0)
(-0.0199454 0.106065 0)
(-0.0370991 0.135226 0)
(-0.0572815 0.157276 0)
(-0.0794265 0.172724 0)
(-0.102569 0.182239 0)
(-0.125895 0.186583 0)
(-0.148769 0.186554 0)
(-0.170715 0.182936 0)
(-0.191398 0.176467 0)
(-0.210604 0.167813 0)
(-0.228214 0.157555 0)
(-0.244181 0.146183 0)
(-0.258513 0.134099 0)
(-0.271255 0.121619 0)
(-0.282476 0.108981 0)
(-0.292258 0.0963586 0)
(-0.300687 0.083862 0)
(-0.307847 0.0715534 0)
(-0.313819 0.0594526 0)
(-0.318672 0.0475457 0)
(-0.322463 0.0357918 0)
(-0.325236 0.0241298 0)
(-0.327021 0.0124842 0)
(-0.327831 0.000770283 0)
(-0.327662 -0.0110996 0)
(-0.326494 -0.0232114 0)
(-0.324288 -0.0356427 0)
(-0.320989 -0.048457 0)
(-0.316525 -0.0616961 0)
(-0.310804 -0.0753721 0)
(-0.303724 -0.0894583 0)
(-0.295168 -0.103879 0)
(-0.285012 -0.118497 0)
(-0.273133 -0.133103 0)
(-0.259416 -0.147405 0)
(-0.24377 -0.161012 0)
(-0.226143 -0.173434 0)
(-0.206545 -0.184071 0)
(-0.185074 -0.192219 0)
(-0.161948 -0.197087 0)
(-0.13753 -0.197816 0)
(-0.112361 -0.193527 0)
(-0.0871812 -0.183373 0)
(-0.0629422 -0.166608 0)
(-0.0407711 -0.142665 0)
(-0.0219011 -0.11123 0)
(-0.0079221 -0.0722924 0)
(-0.00119718 -0.0262157 0)
(-0.00115744 0.0292953 0)
(-0.00754531 0.0795991 0)
(-0.0206814 0.121162 0)
(-0.0382206 0.153993 0)
(-0.0586037 0.178475 0)
(-0.0806642 0.195266 0)
(-0.103378 0.205212 0)
(-0.125914 0.209262 0)
(-0.147653 0.208394 0)
(-0.168161 0.203554 0)
(-0.187163 0.195615 0)
(-0.20451 0.185353 0)
(-0.220148 0.173434 0)
(-0.234095 0.160409 0)
(-0.246415 0.146722 0)
(-0.257202 0.132718 0)
(-0.266566 0.118651 0)
(-0.274621 0.104696 0)
(-0.281481 0.0909661 0)
(-0.287251 0.0775151 0)
(-0.292027 0.0643537 0)
(-0.29589 0.0514556 0)
(-0.298909 0.0387662 0)
(-0.301133 0.0262089 0)
(-0.3026 0.0136922 0)
(-0.303328 0.00111471 0)
(-0.303317 -0.011629 0)
(-0.302552 -0.0246425 0)
(-0.300995 -0.0380223 0)
(-0.298593 -0.0518503 0)
(-0.29527 -0.0661871 0)
(-0.29093 -0.0810627 0)
(-0.285458 -0.0964667 0)
(-0.278721 -0.112336 0)
(-0.270568 -0.128543 0)
(-0.260838 -0.144879 0)
(-0.249369 -0.16104 0)
(-0.236008 -0.176612 0)
(-0.220629 -0.191055 0)
(-0.203159 -0.203699 0)
(-0.183604 -0.213738 0)
(-0.162091 -0.220243 0)
(-0.138901 -0.222186 0)
(-0.114518 -0.218486 0)
(-0.0896589 -0.208073 0)
(-0.0653006 -0.189977 0)
(-0.0426552 -0.163429 0)
(-0.023097 -0.127958 0)
(-0.00842514 -0.0834803 0)
(-0.00129059 -0.0303872 0)
(-0.00123477 0.0332578 0)
(-0.00795484 0.0901106 0)
(-0.0216278 0.136711 0)
(-0.0396416 0.173079 0)
(-0.0602455 0.199727 0)
(-0.0821521 0.217505 0)
(-0.104274 0.227488 0)
(-0.125773 0.230856 0)
(-0.146062 0.228798 0)
(-0.164772 0.222443 0)
(-0.181706 0.212812 0)
(-0.1968 0.200795 0)
(-0.210081 0.187137 0)
(-0.221641 0.172447 0)
(-0.231608 0.157203 0)
(-0.240131 0.141767 0)
(-0.247361 0.126398 0)
(-0.253447 0.111272 0)
(-0.258527 0.0964909 0)
(-0.262728 0.0820985 0)
(-0.266156 0.0680909 0)
(-0.268905 0.0544264 0)
(-0.271051 0.0410342 0)
(-0.272649 0.0278211 0)
(-0.273743 0.0146783 0)
(-0.274354 0.00148714 0)
(-0.27449 -0.0118759 0)
(-0.274136 -0.0255333 0)
(-0.273263 -0.0396011 0)
(-0.271817 -0.0541821 0)
(-0.269724 -0.0693583 0)
(-0.266887 -0.0851822 0)
(-0.263183 -0.101666 0)
(-0.258465 -0.118767 0)
(-0.252559 -0.136377 0)
(-0.245271 -0.154298 0)
(-0.236389 -0.172231 0)
(-0.225697 -0.189749 0)
(-0.21299 -0.20628 0)
(-0.198097 -0.221093 0)
(-0.180917 -0.233286 0)
(-0.161461 -0.241789 0)
(-0.139902 -0.245389 0)
(-0.116634 -0.242774 0)
(-0.092326 -0.232604 0)
(-0.0679664 -0.213625 0)
(-0.0448525 -0.184795 0)
(-0.0245225 -0.145427 0)
(-0.00903501 -0.0953105 0)
(-0.00140588 -0.0348491 0)
(-0.00133759 0.0374646 0)
(-0.00848974 0.101148 0)
(-0.0228446 0.152822 0)
(-0.0414346 0.19254 0)
(-0.0622638 0.220994 0)
(-0.0839026 0.239302 0)
(-0.105203 0.248831 0)
(-0.125336 0.251046 0)
(-0.143776 0.247389 0)
(-0.160246 0.239193 0)
(-0.174656 0.227638 0)
(-0.187045 0.213723 0)
(-0.197541 0.198271 0)
(-0.206318 0.181933 0)
(-0.213577 0.165209 0)
(-0.219521 0.148468 0)
(-0.224344 0.131965 0)
(-0.228227 0.115862 0)
(-0.23133 0.100246 0)
(-0.233794 0.0851428 0)
(-0.235738 0.0705307 0)
(-0.237261 0.0563493 0)
(-0.238442 0.0425096 0)
(-0.239344 0.0289008 0)
(-0.240011 0.0153968 0)
(-0.240469 0.00186125 0)
(-0.24073 -0.011847 0)
(-0.240786 -0.0258692 0)
(-0.240612 -0.0403414 0)
(-0.24016 -0.0553882 0)
(-0.239362 -0.0711156 0)
(-0.238123 -0.0876019 0)
(-0.236317 -0.104887 0)
(-0.233791 -0.122958 0)
(-0.230354 -0.141735 0)
(-0.225784 -0.161046 0)
(-0.219826 -0.18061 0)
(-0.2122 -0.200006 0)
(-0.202619 -0.218651 0)
(-0.190805 -0.235767 0)
(-0.176532 -0.25037 0)
(-0.159669 -0.261256 0)
(-0.140248 -0.267012 0)
(-0.118533 -0.266065 0)
(-0.0951051 -0.256754 0)
(-0.0709365 -0.237465 0)
(-0.0474011 -0.206795 0)
(-0.0262221 -0.163744 0)
(-0.00977754 -0.107905 0)
(-0.00154933 -0.0396642 0)
(-0.00147584 0.0419924 0)
(-0.00919269 0.112862 0)
(-0.0244119 0.169632 0)
(-0.0436886 0.212425 0)
(-0.0647154 0.242204 0)
(-0.0859026 0.260451 0)
(-0.106055 0.268917 0)
(-0.124384 0.269422 0)
(-0.140469 0.263701 0)
(-0.154161 0.253316 0)
(-0.16551 0.239605 0)
(-0.174685 0.223674 0)
(-0.181928 0.206406 0)
(-0.187507 0.18848 0)
(-0.191696 0.170402 0)
(-0.194752 0.15253 0)
(-0.196911 0.135102 0)
(-0.198377 0.118257 0)
(-0.199329 0.102057 0)
(-0.199916 0.0865056 0)
(-0.200261 0.071557 0)
(-0.200466 0.0571304 0)
(-0.200611 0.0431173 0)
(-0.200757 0.0293893 0)
(-0.20095 0.0158032 0)
(-0.201219 0.00220656 0)
(-0.201579 -0.0115586 0)
(-0.202029 -0.0256513 0)
(-0.20255 -0.0402266 0)
(-0.203106 -0.0554308 0)
(-0.203635 -0.0713949 0)
(-0.204051 -0.0882255 0)
(-0.204236 -0.105995 0)
(-0.204035 -0.124727 0)
(-0.203253 -0.14438 0)
(-0.201648 -0.164823 0)
(-0.19893 -0.18581 0)
(-0.194765 -0.20695 0)
(-0.188782 -0.227669 0)
(-0.180595 -0.247173 0)
(-0.169835 -0.264415 0)
(-0.156205 -0.278068 0)
(-0.139552 -0.286523 0)
(-0.119962 -0.287917 0)
(-0.0978747 -0.280213 0)
(-0.0741947 -0.261345 0)
(-0.0503481 -0.229428 0)
(-0.0282567 -0.183022 0)
(-0.01069 -0.121411 0)
(-0.00173042 -0.0449125 0)
(-0.00166466 0.0469454 0)
(-0.0101246 0.125448 0)
(-0.0264361 0.187298 0)
(-0.0465092 0.232765 0)
(-0.0676456 0.263218 0)
(-0.0880878 0.280647 0)
(-0.106627 0.287306 0)
(-0.122571 0.28545 0)
(-0.135658 0.277156 0)
(-0.145923 0.264225 0)
(-0.15359 0.248153 0)
(-0.158986 0.230134 0)
(-0.16248 0.211087 0)
(-0.164439 0.191697 0)
(-0.165209 0.172451 0)
(-0.165095 0.15368 0)
(-0.164364 0.135587 0)
(-0.163238 0.118278 0)
(-0.161904 0.101783 0)
(-0.160511 0.0860745 0)
(-0.159179 0.0710808 0)
(-0.158006 0.0566986 0)
(-0.157065 0.0428001 0)
(-0.156415 0.0292396 0)
(-0.156098 0.0158589 0)
(-0.156146 0.00249093 0)
(-0.156575 -0.0110364 0)
(-0.157391 -0.0248972 0)
(-0.158584 -0.0392639 0)
(-0.160129 -0.0543029 0)
(-0.161981 -0.0701692 0)
(-0.164067 -0.086999 0)
(-0.166284 -0.1049 0)
(-0.168489 -0.123937 0)
(-0.170493 -0.144118 0)
(-0.172048 -0.165364 0)
(-0.172846 -0.187487 0)
(-0.172509 -0.210147 0)
(-0.170595 -0.232812 0)
(-0.166611 -0.254705 0)
(-0.160037 -0.274751 0)
(-0.150385 -0.29153 0)
(-0.137276 -0.303247 0)
(-0.120554 -0.307739 0)
(-0.10044 -0.302534 0)
(-0.0776959 -0.285009 0)
(-0.0537469 -0.252645 0)
(-0.0307097 -0.203378 0)
(-0.0118273 -0.13601 0)
(-0.00196385 -0.0506987 0)
(-0.001928 0.0524687 0)
(-0.0113745 0.139159 0)
(-0.0290586 0.206003 0)
(-0.050014 0.253549 0)
(-0.0710631 0.283792 0)
(-0.0902975 0.299434 0)
(-0.106563 0.303389 0)
(-0.119351 0.298439 0)
(-0.128637 0.287039 0)
(-0.134701 0.271235 0)
(-0.137986 0.252657 0)
(-0.138998 0.232555 0)
(-0.13824 0.211852 0)
(-0.136176 0.191203 0)
(-0.133214 0.171054 0)
(-0.129697 0.151683 0)
(-0.125909 0.133244 0)
(-0.122076 0.115796 0)
(-0.118378 0.0993289 0)
(-0.114957 0.0837807 0)
(-0.111919 0.069052 0)
(-0.109348 0.0550162 0)
(-0.107308 0.0415268 0)
(-0.105848 0.0284233 0)
(-0.105005 0.0155349 0)
(-0.104807 0.00268373 0)
(-0.105273 -0.0103132 0)
(-0.106415 -0.0236414 0)
(-0.108234 -0.0374869 0)
(-0.110721 -0.0520329 0)
(-0.113847 -0.0674561 0)
(-0.117564 -0.0839206 0)
(-0.121792 -0.10157 0)
(-0.126413 -0.120515 0)
(-0.131257 -0.140816 0)
(-0.136093 -0.162464 0)
(-0.14061 -0.185342 0)
(-0.144412 -0.209192 0)
(-0.147004 -0.233556 0)
(-0.147799 -0.257718 0)
(-0.146131 -0.280626 0)
(-0.141304 -0.300815 0)
(-0.13267 -0.316341 0)
(-0.119762 -0.324745 0)
(-0.102482 -0.32308 0)
(-0.0813361 -0.308054 0)
(-0.0576491 -0.276318 0)
(-0.0336937 -0.224925 0)
(-0.0132712 -0.151929 0)
(-0.00227334 -0.0571654 0)
(-0.00230556 0.0587691 0)
(-0.0130753 0.154328 0)
(-0.0324651 0.225934 0)
(-0.054317 0.274672 0)
(-0.074891 0.303506 0)
(-0.0921965 0.316142 0)
(-0.105259 0.316339 0)
(-0.113878 0.307501 0)
(-0.118375 0.292486 0)
(-0.119344 0.273558 0)
(-0.117487 0.252437 0)
(-0.113499 0.230377 0)
(-0.108017 0.208258 0)
(-0.101585 0.186666 0)
(-0.0946555 0.165969 0)
(-0.0875873 0.146373 0)
(-0.0806608 0.127965 0)
(-0.0740892 0.110748 0)
(-0.0680319 0.0946641 0)
(-0.0626057 0.0796153 0)
(-0.0578959 0.065473 0)
(-0.0539644 0.052089 0)
(-0.0508565 0.0393011 0)
(-0.0486067 0.0269372 0)
(-0.0472424 0.0148182 0)
(-0.0467867 0.00275953 0)
(-0.0472595 -0.00942749 0)
(-0.0486782 -0.0219349 0)
(-0.0510559 -0.034957 0)
(-0.0543996 -0.048689 0)
(-0.0587054 -0.0633246 0)
(-0.0639528 -0.0790521 0)
(-0.0700963 -0.0960482 0)
(-0.0770545 -0.114469 0)
(-0.0846966 -0.134433 0)
(-0.0928256 -0.156005 0)
(-0.101159 -0.179159 0)
(-0.109309 -0.203743 0)
(-0.116763 -0.229412 0)
(-0.122866 -0.255562 0)
(-0.126829 -0.281226 0)
(-0.127748 -0.304969 0)
(-0.124679 -0.324767 0)
(-0.116768 -0.337909 0)
(-0.103477 -0.340961 0)
(-0.0848967 -0.329854 0)
(-0.0620826 -0.300178 0)
(-0.0373573 -0.247749 0)
(-0.0151466 -0.169459 0)
(-0.00269877 -0.0645134 0)
(-0.002866 0.0661506 0)
(-0.0154298 0.171383 0)
(-0.0368911 0.247251 0)
(-0.0594853 0.295855 0)
(-0.0788705 0.321665 0)
(-0.0931396 0.329785 0)
(-0.101705 0.325037 0)
(-0.104859 0.311522 0)
(-0.10339 0.292478 0)
(-0.0982772 0.270326 0)
(-0.0905021 0.246796 0)
(-0.0809472 0.223073 0)
(-0.0703558 0.19993 0)
(-0.0593251 0.177837 0)
(-0.0483166 0.157053 0)
(-0.037676 0.137687 0)
(-0.0276543 0.119746 0)
(-0.0184282 0.103168 0)
(-0.0101182 0.0878464 0)
(-0.00280367 0.073646 0)
(0.00346465 0.060412 0)
(0.00865493 0.047978 0)
(0.0127466 0.0361704 0)
(0.0157247 0.0248105 0)
(0.0175752 0.0137161 0)
(0.0182827 0.00270196 0)
(0.0178287 -0.00842065 0)
(0.0161908 -0.019844 0)
(0.0133439 -0.0317644 0)
(0.0092624 -0.0443822 0)
(0.00392366 -0.0579014 0)
(-0.00268602 -0.0725279 0)
(-0.0105632 -0.0884659 0)
(-0.0196761 -0.105911 0)
(-0.0299497 -0.125041 0)
(-0.0412463 -0.145995 0)
(-0.0533414 -0.168849 0)
(-0.065895 -0.193576 0)
(-0.0784188 -0.219984 0)
(-0.0902449 -0.247632 0)
(-0.100501 -0.275718 0)
(-0.108109 -0.302934 0)
(-0.111822 -0.327287 0)
(-0.110344 -0.345914 0)
(-0.102563 -0.354939 0)
(-0.0879401 -0.349449 0)
(-0.0669996 -0.323723 0)
(-0.0418854 -0.271864 0)
(-0.017647 -0.188964 0)
(-0.00330995 -0.0730378 0)
(-0.00373239 0.075076 0)
(-0.018751 0.190871 0)
(-0.0426094 0.270004 0)
(-0.0654361 0.316489 0)
(-0.0823774 0.337131 0)
(-0.0919442 0.338938 0)
(-0.0942622 0.328005 0)
(-0.0903449 0.309139 0)
(-0.0815791 0.285868 0)
(-0.0693739 0.260644 0)
(-0.0549811 0.235089 0)
(-0.0394294 0.210219 0)
(-0.0235195 0.186629 0)
(-0.00784691 0.164623 0)
(0.00716247 0.144318 0)
(0.021217 0.125711 0)
(0.0341271 0.108718 0)
(0.0457773 0.0932133 0)
(0.0561049 0.0790416 0)
(0.0650821 0.0660346 0)
(0.0727031 0.0540165 0)
(0.0789736 0.042809 0)
(0.0839036 0.0322332 0)
(0.0875014 0.0221103 0)
(0.0897696 0.0122616 0)
(0.0907028 0.00250736 0)
(0.0902854 -0.00733434 0)
(0.0884914 -0.017449 0)
(0.0852845 -0.0280276 0)
(0.0806201 -0.0392677 0)
(0.0744478 -0.051375 0)
(0.0667164 -0.0645638 0)
(0.0573814 -0.0790561 0)
(0.0464151 -0.0950792 0)
(0.0338213 -0.112859 0)
(0.0196556 -0.132607 0)
(0.00405216 -0.154502 0)
(-0.0127412 -0.178653 0)
(-0.030319 -0.205045 0)
(-0.0480672 -0.233456 0)
(-0.0651093 -0.263331 0)
(-0.0802621 -0.293608 0)
(-0.092025 -0.322481 0)
(-0.098643 -0.347113 0)
(-0.0983144 -0.363328 0)
(-0.0896181 -0.365392 0)
(-0.0721594 -0.346052 0)
(-0.0474773 -0.297113 0)
(-0.0210734 -0.210894 0)
(-0.00423295 -0.0831893 0)
(-0.00512985 0.0862759 0)
(-0.0235172 0.213435 0)
(-0.0498577 0.293941 0)
(-0.0717015 0.335377 0)
(-0.0840756 0.348096 0)
(-0.0865114 0.341593 0)
(-0.0803064 0.323357 0)
(-0.0674515 0.298775 0)
(-0.050021 0.271461 0)
(-0.0298363 0.243697 0)
(-0.00834961 0.216832 0)
(0.0133529 0.191601 0)
(0.0345005 0.168342 0)
(0.0545739 0.147154 0)
(0.0732437 0.12799 0)
(0.0903189 0.110725 0)
(0.105705 0.0951884 0)
(0.119373 0.0811931 0)
(0.131334 0.0685449 0)
(0.141624 0.057051 0)
(0.15029 0.0465233 0)
(0.15738 0.03678 0)
(0.162937 0.0276449 0)
(0.166996 0.0189464 0)
(0.169578 0.0105164 0)
(0.170688 0.00218762 0)
(0.170315 -0.00620804 0)
(0.168432 -0.0148421 0)
(0.164992 -0.0238923 0)
(0.159933 -0.0335447 0)
(0.153178 -0.043997 0)
(0.144638 -0.0554607 0)
(0.134219 -0.0681634 0)
(0.121829 -0.0823494 0)
(0.107389 -0.0982785 0)
(0.0908547 -0.116221 0)
(0.0722409 -0.136445 0)
(0.0516585 -0.159194 0)
(0.0293662 -0.18464 0)
(0.00583696 -0.212815 0)
(-0.0181581 -0.243485 0)
(-0.0414575 -0.275965 0)
(-0.062425 -0.308834 0)
(-0.0789187 -0.339537 0)
(-0.0884023 -0.363887 0)
(-0.0883279 -0.375529 0)
(-0.0768739 -0.365595 0)
(-0.0542548 -0.322951 0)
(-0.0258844 -0.235752 0)
(-0.00569866 -0.0956844 0)
(-0.00746635 0.100931 0)
(-0.0304172 0.239719 0)
(-0.0585952 0.318126 0)
(-0.0769128 0.350297 0)
(-0.0812827 0.351773 0)
(-0.0732216 0.335031 0)
(-0.0557477 0.308823 0)
(-0.0320201 0.278767 0)
(-0.00477009 0.248197 0)
(0.0239027 0.218939 0)
(0.0525079 0.191881 0)
(0.0800529 0.167361 0)
(0.105921 0.145406 0)
(0.129762 0.125881 0)
(0.151412 0.108577 0)
(0.170825 0.093254 0)
(0.188034 0.0796692 0)
(0.203114 0.0675892 0)
(0.216163 0.0567947 0)
(0.227286 0.0470825 0)
(0.236584 0.0382642 0)
(0.24415 0.0301646 0)
(0.25006 0.0226192 0)
(0.254373 0.0154718 0)
(0.257129 0.00857176 0)
(0.258345 0.00177134 0)
(0.258015 -0.00507728 0)
(0.25611 -0.0121248 0)
(0.252579 -0.0195281 0)
(0.247343 -0.0274534 0)
(0.240304 -0.0360802 0)
(0.231338 -0.0456053 0)
(0.220305 -0.0562467 0)
(0.207048 -0.0682485 0)
(0.191407 -0.0818837 0)
(0.173227 -0.0974567 0)
(0.152385 -0.115301 0)
(0.128816 -0.135769 0)
(0.102575 -0.159207 0)
(0.0738968 -0.185904 0)
(0.0433127 -0.215993 0)
(0.0117806 -0.249275 0)
(-0.0191437 -0.284922 0)
(-0.0471425 -0.321002 0)
(-0.0690629 -0.353774 0)
(-0.0811058 -0.376749 0)
(-0.079475 -0.379686 0)
(-0.0619847 -0.348031 0)
(-0.032725 -0.263958 0)
(-0.00812216 -0.111684 0)
(-0.0114218 0.120921 0)
(-0.0402438 0.269976 0)
(-0.0678017 0.340187 0)
(-0.0777082 0.357378 0)
(-0.0688506 0.344098 0)
(-0.0460214 0.315841 0)
(-0.0144035 0.281989 0)
(0.0217366 0.247693 0)
(0.0592851 0.215481 0)
(0.0961791 0.186391 0)
(0.131164 0.160672 0)
(0.163551 0.138188 0)
(0.193024 0.118638 0)
(0.219502 0.10167 0)
(0.243044 0.086935 0)
(0.263786 0.0741098 0)
(0.281904 0.0629064 0)
(0.297586 0.0530705 0)
(0.311016 0.0443789 0)
(0.322365 0.0366349 0)
(0.331786 0.0296636 0)
(0.339409 0.0233079 0)
(0.34534 0.0174242 0)
(0.349659 0.0118792 0)
(0.352421 0.00654631 0)
(0.353653 0.00130283 0)
(0.353355 -0.00397319 0)
(0.3515 -0.00940597 0)
(0.34803 -0.0151253 0)
(0.34286 -0.0212701 0)
(0.335873 -0.0279927 0)
(0.326923 -0.0354633 0)
(0.31583 -0.0438757 0)
(0.302386 -0.0534541 0)
(0.286354 -0.0644599 0)
(0.267477 -0.0772 0)
(0.245489 -0.0920343 0)
(0.220139 -0.109381 0)
(0.191231 -0.129711 0)
(0.158686 -0.153532 0)
(0.122653 -0.18133 0)
(0.0836695 -0.213439 0)
(0.0428965 -0.249793 0)
(0.0024325 -0.289437 0)
(-0.034353 -0.329692 0)
(-0.0626129 -0.364799 0)
(-0.0762379 -0.383993 0)
(-0.0693242 -0.369435 0)
(-0.0422699 -0.295404 0)
(-0.0121775 -0.133019 0)
(-0.0178436 0.149169 0)
(-0.0530877 0.302945 0)
(-0.0735843 0.354911 0)
(-0.0665254 0.350301 0)
(-0.0373267 0.319655 0)
(0.00479922 0.280329 0)
(0.0526444 0.240905 0)
(0.101447 0.205003 0)
(0.148364 0.173732 0)
(0.191895 0.147066 0)
(0.231387 0.124528 0)
(0.266685 0.105524 0)
(0.29791 0.0894786 0)
(0.325318 0.075884 0)
(0.349222 0.0643127 0)
(0.369948 0.0544101 0)
(0.38781 0.0458831 0)
(0.403094 0.0384891 0)
(0.416058 0.0320252 0)
(0.426924 0.02632 0)
(0.435882 0.0212263 0)
(0.443089 0.0166153 0)
(0.448671 0.0123723 0)
(0.45272 0.00839288 0)
(0.455302 0.0045793 0)
(0.45645 0.000837835 0)
(0.456169 -0.00292407 0)
(0.454434 -0.00680057 0)
(0.451188 -0.0108904 0)
(0.446343 -0.0153 0)
(0.439776 -0.0201476 0)
(0.431327 -0.0255677 0)
(0.420796 -0.0317169 0)
(0.40794 -0.0387814 0)
(0.392469 -0.0469857 0)
(0.374048 -0.0566046 0)
(0.352292 -0.0679775 0)
(0.326776 -0.0815249 0)
(0.297055 -0.0977661 0)
(0.262701 -0.117333 0)
(0.223383 -0.140969 0)
(0.179015 -0.169481 0)
(0.130001 -0.203592 0)
(0.0776503 -0.243575 0)
(0.0247706 -0.288454 0)
(-0.0235567 -0.334406 0)
(-0.0593029 -0.371882 0)
(-0.0718876 -0.38129 0)
(-0.0543005 -0.328234 0)
(-0.0186387 -0.162497 0)
(-0.0267688 0.190605 0)
(-0.0654124 0.333 0)
(-0.064511 0.351511 0)
(-0.0274238 0.319275 0)
(0.0297411 0.272033 0)
(0.0939033 0.225504 0)
(0.157373 0.185161 0)
(0.216348 0.151916 0)
(0.269309 0.125039 0)
(0.315964 0.103399 0)
(0.356609 0.0859198 0)
(0.391787 0.0717016 0)
(0.422107 0.0600382 0)
(0.448162 0.0503856 0)
(0.47049 0.0423266 0)
(0.489568 0.0355399 0)
(0.505806 0.029775 0)
(0.519556 0.0248341 0)
(0.531113 0.0205582 0)
(0.540726 0.0168175 0)
(0.548597 0.0135033 0)
(0.554892 0.0105232 0)
(0.55974 0.00779622 0)
(0.563238 0.00524997 0)
(0.565451 0.00281765 0)
(0.566416 0.000435776 0)
(0.566141 -0.00195795 0)
(0.564603 -0.00442683 0)
(0.561751 -0.00703738 0)
(0.557501 -0.00986183 0)
(0.551736 -0.0129812 0)
(0.544298 -0.0164891 0)
(0.534988 -0.0204965 0)
(0.523558 -0.0251382 0)
(0.509701 -0.0305818 0)
(0.493043 -0.0370391 0)
(0.473133 -0.0447826 0)
(0.449433 -0.0541675 0)
(0.421306 -0.0656619 0)
(0.388021 -0.0798861 0)
(0.348776 -0.0976589 0)
(0.302767 -0.120042 0)
(0.249368 -0.148344 0)
(0.188493 -0.184 0)
(0.121306 -0.228081 0)
(0.0514795 -0.279906 0)
(-0.0129421 -0.333736 0)
(-0.0577383 -0.372274 0)
(-0.0646488 -0.355966 0)
(-0.0272815 -0.204816 0)
(-0.0329206 0.25037 0)
(-0.0615906 0.344029 0)
(-0.0114817 0.310595 0)
(0.0708494 0.251548 0)
(0.158988 0.196031 0)
(0.241546 0.151466 0)
(0.314167 0.117766 0)
(0.376155 0.0926632 0)
(0.428407 0.0738653 0)
(0.472274 0.0595937 0)
(0.509092 0.0485756 0)
(0.540035 0.0399232 0)
(0.566087 0.0330189 0)
(0.588051 0.0274293 0)
(0.606581 0.0228452 0)
(0.622207 0.0190413 0)
(0.63536 0.0158501 0)
(0.646391 0.013144 0)
(0.655586 0.0108238 0)
(0.663177 0.00881024 0)
(0.669352 0.00703887 0)
(0.674258 0.00545567 0)
(0.678012 0.00401425 0)
(0.680698 0.00267363 0)
(0.682375 0.00139642 0)
(0.683076 0.000147412 0)
(0.682809 -0.00110774 0)
(0.681555 -0.00240395 0)
(0.679273 -0.00377792 0)
(0.675892 -0.00526973 0)
(0.671312 -0.00692469 0)
(0.665399 -0.00879579 0)
(0.657979 -0.0109468 0)
(0.648831 -0.0134568 0)
(0.637675 -0.0164258 0)
(0.624162 -0.0199842 0)
(0.607854 -0.0243048 0)
(0.588198 -0.0296226 0)
(0.564498 -0.0362633 0)
(0.535878 -0.0446871 0)
(0.501234 -0.0555566 0)
(0.459206 -0.0698359 0)
(0.408177 -0.0889279 0)
(0.346394 -0.114831 0)
(0.272426 -0.15019 0)
(0.186402 -0.197767 0)
(0.092354 -0.258101 0)
(0.00189563 -0.323337 0)
(-0.0569145 -0.361556 0)
(-0.0321679 -0.263989 0)
(0.0010801 0.294877 0)
(0.0168428 0.298601 0)
(0.152306 0.213013 0)
(0.282849 0.145329 0)
(0.388036 0.0996521 0)
(0.471282 0.0698335 0)
(0.536741 0.0504883 0)
(0.588261 0.0376936 0)
(0.629184 0.0289379 0)
(0.662067 0.0227193 0)
(0.688771 0.0181476 0)
(0.710653 0.0146846 0)
(0.728712 0.011995 0)
(0.743694 0.0098624 0)
(0.756166 0.00814223 0)
(0.766566 0.00673419 0)
(0.775236 0.00556651 0)
(0.782445 0.00458621 0)
(0.788408 0.00375304 0)
(0.793296 0.00303561 0)
(0.797244 0.00240874 0)
(0.800359 0.00185169 0)
(0.802722 0.00134689 0)
(0.804394 0.000878991 0)
(0.805415 0.000434139 0)
(0.805808 -6.41149e-07 0)
(0.805578 -0.000438069 0)
(0.804714 -0.000890821 0)
(0.803187 -0.00137236 0)
(0.800948 -0.00189745 0)
(0.797928 -0.00248291 0)
(0.794034 -0.0031486 0)
(0.789144 -0.00391868 0)
(0.783101 -0.00482354 0)
(0.775702 -0.0059024 0)
(0.766692 -0.00720734 0)
(0.755738 -0.00880939 0)
(0.742411 -0.0108082 0)
(0.726144 -0.0133482 0)
(0.706179 -0.0166455 0)
(0.681491 -0.0210359 0)
(0.650663 -0.0270612 0)
(0.611717 -0.0356263 0)
(0.561882 -0.0482833 0)
(0.497427 -0.0676913 0)
(0.41389 -0.0981533 0)
(0.30637 -0.145781 0)
(0.17054 -0.217302 0)
(0.026904 -0.307194 0)
(0.00518434 -0.303005 0)
(0.290246 0.152408 0)
(0.389521 0.128229 0)
(0.565401 0.0747296 0)
(0.683228 0.042231 0)
(0.752829 0.0245317 0)
(0.797856 0.0148928 0)
(0.829043 0.0095868 0)
(0.851541 0.0065645 0)
(0.868376 0.00474108 0)
(0.881371 0.00356662 0)
(0.891632 0.00276289 0)
(0.899869 0.00218447 0)
(0.906559 0.00175149 0)
(0.912036 0.00141752 0)
(0.916546 0.00115393 0)
(0.920269 0.000942042 0)
(0.923345 0.000769071 0)
(0.925881 0.000625891 0)
(0.927963 0.00050575 0)
(0.929655 0.000403487 0)
(0.93101 0.000315043 0)
(0.932068 0.000237125 0)
(0.93286 0.000166983 0)
(0.933408 0.000102248 0)
(0.933728 4.08129e-05 0)
(0.933827 -1.92788e-05 0)
(0.933708 -8.0069e-05 0)
(0.933365 -0.000143359 0)
(0.932788 -0.000211185 0)
(0.931958 -0.000285801 0)
(0.930848 -0.000369789 0)
(0.929424 -0.000466224 0)
(0.927639 -0.000578907 0)
(0.925432 -0.000712691 0)
(0.922726 -0.000873967 0)
(0.91942 -0.00107142 0)
(0.915383 -0.00131724 0)
(0.910441 -0.00162919 0)
(0.904359 -0.00203436 0)
(0.896811 -0.00257617 0)
(0.887331 -0.00332866 0)
(0.875225 -0.00442613 0)
(0.859405 -0.00612721 0)
(0.83807 -0.00895265 0)
(0.808167 -0.0139624 0)
(0.764424 -0.0232482 0)
(0.695911 -0.0407725 0)
(0.57794 -0.0737471 0)
(0.398044 -0.128743 0)
(0.293866 -0.153783 0)
)
;

boundaryField
{
    movingWallTop
    {
        type            fixedValue;
        value           uniform (1 0 0);
    }
    movingWallBottom
    {
        type            fixedValue;
        value           uniform (1 0 0);
    }
    fixedWalls
    {
        type            noSlip;
    }
    frontAndBack
    {
        type            empty;
    }
}


// ************************************************************************* //
