/*--------------------------------*- C++ -*----------------------------------*\
  =========                 |
  \\      /  F ield         | OpenFOAM: The Open Source CFD Toolbox
   \\    /   O peration     | Website:  https://openfoam.org
    \\  /    A nd           | Version:  7
     \\/     M anipulation  |
\*---------------------------------------------------------------------------*/
FoamFile
{
    version     2.0;
    format      ascii;
    class       volVectorField;
    location    "0.0134";
    object      U;
}
// * * * * * * * * * * * * * * * * * * * * * * * * * * * * * * * * * * * * * //

dimensions      [0 1 -1 0 0 0 0];

internalField   nonuniform List<vector> 
2500
(
(2.28665e-05 -2.28744e-05 0)
(5.29912e-05 -1.72287e-05 0)
(3.77476e-05 4.25476e-06 0)
(-4.12978e-05 2.6621e-05 0)
(-0.000182899 4.71405e-05 0)
(-0.000377101 6.37821e-05 0)
(-0.000614641 7.64389e-05 0)
(-0.000885417 8.55355e-05 0)
(-0.00117988 9.15489e-05 0)
(-0.00148948 9.49243e-05 0)
(-0.00180665 9.60602e-05 0)
(-0.00212482 9.53061e-05 0)
(-0.00243832 9.29653e-05 0)
(-0.0027423 8.92984e-05 0)
(-0.00303267 8.45276e-05 0)
(-0.00330596 7.88414e-05 0)
(-0.00355926 7.23977e-05 0)
(-0.00379017 6.53287e-05 0)
(-0.00399667 5.77446e-05 0)
(-0.0041771 4.97373e-05 0)
(-0.0043301 4.13847e-05 0)
(-0.00445455 3.27538e-05 0)
(-0.00454958 2.39032e-05 0)
(-0.00461452 1.48859e-05 0)
(-0.00464887 5.75208e-06 0)
(-0.00465232 -3.44918e-06 0)
(-0.00462476 -1.26683e-05 0)
(-0.00456624 -2.1853e-05 0)
(-0.00447701 -3.09465e-05 0)
(-0.00435754 -3.98859e-05 0)
(-0.00420854 -4.85997e-05 0)
(-0.00403097 -5.70056e-05 0)
(-0.00382611 -6.50081e-05 0)
(-0.00359561 -7.24959e-05 0)
(-0.00334149 -7.9339e-05 0)
(-0.00306626 -8.53851e-05 0)
(-0.00277297 -9.04574e-05 0)
(-0.00246527 -9.43513e-05 0)
(-0.00214751 -9.68314e-05 0)
(-0.00182479 -9.76288e-05 0)
(-0.00150306 -9.64381e-05 0)
(-0.00118917 -9.29146e-05 0)
(-0.000890937 -8.66727e-05 0)
(-0.000617112 -7.72874e-05 0)
(-0.000377377 -6.43088e-05 0)
(-0.000181879 -4.73464e-05 0)
(-3.98186e-05 -2.6553e-05 0)
(3.90213e-05 -4.01342e-06 0)
(5.36664e-05 1.74973e-05 0)
(2.30577e-05 2.30201e-05 0)
(1.74999e-05 -5.31012e-05 0)
(1.56785e-06 -8.93069e-07 0)
(-0.000133175 0.000106493 0)
(-0.000407699 0.000221942 0)
(-0.000820556 0.000329604 0)
(-0.00135728 0.000421085 0)
(-0.00199821 0.000493993 0)
(-0.0027214 0.000548583 0)
(-0.00350492 0.00058613 0)
(-0.00432807 0.000608302 0)
(-0.00517193 0.000616877 0)
(-0.00601955 0.000613601 0)
(-0.00685604 0.000600107 0)
(-0.00766844 0.000577883 0)
(-0.00844563 0.000548255 0)
(-0.00917811 0.000512388 0)
(-0.00985784 0.000471292 0)
(-0.0104781 0.000425833 0)
(-0.0110331 0.000376754 0)
(-0.0115184 0.000324692 0)
(-0.0119299 0.000270194 0)
(-0.0122646 0.000213739 0)
(-0.01252 0.000155752 0)
(-0.0126943 9.66216e-05 0)
(-0.012786 3.67141e-05 0)
(-0.0127944 -2.36129e-05 0)
(-0.0127192 -8.39986e-05 0)
(-0.0125605 -0.000144067 0)
(-0.0123191 -0.000203413 0)
(-0.0119966 -0.000261593 0)
(-0.0115948 -0.000318109 0)
(-0.0111166 -0.000372396 0)
(-0.0105657 -0.000423806 0)
(-0.00994672 -0.000471599 0)
(-0.00926529 -0.00051492 0)
(-0.00852843 -0.000552794 0)
(-0.00774451 -0.000584109 0)
(-0.00692348 -0.000607612 0)
(-0.00607703 -0.00062191 0)
(-0.00521872 -0.000625474 0)
(-0.00436412 -0.000616663 0)
(-0.00353077 -0.000593764 0)
(-0.00273819 -0.000555067 0)
(-0.00200752 -0.000499013 0)
(-0.001361 -0.000424473 0)
(-0.000820667 -0.000331368 0)
(-0.000406061 -0.000222293 0)
(-0.000131306 -0.000105861 0)
(2.7415e-06 1.9009e-06 0)
(1.78566e-05 5.37869e-05 0)
(-3.26148e-06 -3.88463e-05 0)
(-0.000103892 0.000133179 0)
(-0.00039744 0.000400272 0)
(-0.000887608 0.000685234 0)
(-0.0015673 0.000952578 0)
(-0.00241894 0.00118418 0)
(-0.00341683 0.00137251 0)
(-0.00453156 0.00151603 0)
(-0.00573298 0.00161637 0)
(-0.00699191 0.00167669 0)
(-0.00828108 0.00170091 0)
(-0.00957566 0.00169312 0)
(-0.0108535 0.00165738 0)
(-0.0120951 0.00159749 0)
(-0.0132835 0.00151694 0)
(-0.0144042 0.00141883 0)
(-0.0154447 0.00130592 0)
(-0.0163946 0.00118059 0)
(-0.0172449 0.00104493 0)
(-0.0179884 0.000900729 0)
(-0.0186191 0.000749555 0)
(-0.0191319 0.000592783 0)
(-0.0195231 0.000431645 0)
(-0.0197897 0.000267267 0)
(-0.0199295 0.000100716 0)
(-0.0199414 -6.69698e-05 0)
(-0.019825 -0.000234745 0)
(-0.0195805 -0.000401522 0)
(-0.0192094 -0.000566136 0)
(-0.0187138 -0.000727317 0)
(-0.0180971 -0.000883646 0)
(-0.0173637 -0.00103353 0)
(-0.0165194 -0.00117514 0)
(-0.0155714 -0.00130642 0)
(-0.0145287 -0.00142501 0)
(-0.013402 -0.00152824 0)
(-0.0122042 -0.0016131 0)
(-0.0109507 -0.00167627 0)
(-0.00965895 -0.0017141 0)
(-0.00834945 -0.00172267 0)
(-0.00704522 -0.00169795 0)
(-0.00577196 -0.00163589 0)
(-0.00455772 -0.00153277 0)
(-0.00343232 -0.0013857 0)
(-0.0024263 -0.0011934 0)
(-0.00156923 -0.000957844 0)
(-0.000886641 -0.000687036 0)
(-0.000395675 -0.000399578 0)
(-0.000102641 -0.000131388 0)
(-2.86024e-06 4.00066e-05 0)
(-2.4952e-05 3.78592e-05 0)
(-0.000218127 0.000405981 0)
(-0.000682394 0.000890148 0)
(-0.00139297 0.0013932 0)
(-0.00233216 0.00186385 0)
(-0.00347781 0.00227395 0)
(-0.00479915 0.00261015 0)
(-0.00626123 0.00286842 0)
(-0.00782802 0.00305024 0)
(-0.00946422 0.00316016 0)
(-0.0111364 0.00320433 0)
(-0.0128139 0.00318962 0)
(-0.0144688 0.00312299 0)
(-0.0160766 0.00301118 0)
(-0.0176155 0.00286044 0)
(-0.019067 0.00267644 0)
(-0.0204148 0.00246426 0)
(-0.0216454 0.00222838 0)
(-0.0227472 0.00197269 0)
(-0.0237107 0.00170062 0)
(-0.0245279 0.00141516 0)
(-0.0251923 0.00111894 0)
(-0.0256989 0.000814359 0)
(-0.0260438 0.00050359 0)
(-0.0262243 0.000188702 0)
(-0.0262388 -0.000128291 0)
(-0.0260868 -0.000445364 0)
(-0.0257688 -0.000760414 0)
(-0.0252866 -0.0010712 0)
(-0.0246432 -0.00137528 0)
(-0.023843 -0.00166993 0)
(-0.0228918 -0.00195213 0)
(-0.0217974 -0.00221842 0)
(-0.0205691 -0.00246491 0)
(-0.0192187 -0.00268719 0)
(-0.0177601 -0.00288031 0)
(-0.0162099 -0.00303874 0)
(-0.0145877 -0.0031564 0)
(-0.012916 -0.00322677 0)
(-0.0112206 -0.00324295 0)
(-0.00953012 -0.00319796 0)
(-0.00787655 -0.00308507 0)
(-0.00629418 -0.00289844 0)
(-0.00481907 -0.00263399 0)
(-0.00348772 -0.0022909 0)
(-0.00233531 -0.00187392 0)
(-0.00139242 -0.0013972 0)
(-0.000680714 -0.000889695 0)
(-0.000217023 -0.000403409 0)
(-2.46868e-05 -3.60301e-05 0)
(-4.50458e-05 0.000176451 0)
(-0.000327098 0.000818775 0)
(-0.000957704 0.00157382 0)
(-0.00188206 0.00233512 0)
(-0.00306874 0.00304121 0)
(-0.0044891 0.00365613 0)
(-0.00610695 0.00416155 0)
(-0.0078823 0.00455105 0)
(-0.00977434 0.00482585 0)
(-0.011743 0.00499177 0)
(-0.0137503 0.00505726 0)
(-0.0157609 0.00503209 0)
(-0.0177426 0.00492644 0)
(-0.0196667 0.00475028 0)
(-0.0215078 0.00451306 0)
(-0.023244 0.00422345 0)
(-0.0248561 0.00388926 0)
(-0.026328 0.00351745 0)
(-0.0276458 0.00311414 0)
(-0.028798 0.00268473 0)
(-0.0297752 0.00223395 0)
(-0.0305696 0.00176603 0)
(-0.0311751 0.00128478 0)
(-0.0315871 0.000793694 0)
(-0.0318023 0.000296101 0)
(-0.0318188 -0.000204768 0)
(-0.031636 -0.00070566 0)
(-0.0312547 -0.0012032 0)
(-0.030677 -0.00169382 0)
(-0.0299066 -0.0021736 0)
(-0.0289487 -0.00263825 0)
(-0.0278106 -0.00308293 0)
(-0.0265012 -0.00350223 0)
(-0.025032 -0.00389004 0)
(-0.023417 -0.00423946 0)
(-0.0216726 -0.00454282 0)
(-0.0198187 -0.00479162 0)
(-0.0178781 -0.00497662 0)
(-0.0158773 -0.00508795 0)
(-0.0138462 -0.00511539 0)
(-0.0118181 -0.00504873 0)
(-0.00982957 -0.00487842 0)
(-0.00791973 -0.00459649 0)
(-0.00612948 -0.00419782 0)
(-0.0045002 -0.00368214 0)
(-0.0030721 -0.00305694 0)
(-0.00188122 -0.00234175 0)
(-0.000955625 -0.0015737 0)
(-0.000325705 -0.000815283 0)
(-4.46793e-05 -0.000173709 0)
(-6.19488e-05 0.000369026 0)
(-0.000424443 0.00136245 0)
(-0.0012102 0.00244231 0)
(-0.00233565 0.00350067 0)
(-0.00375484 0.00447102 0)
(-0.00543142 0.00531257 0)
(-0.00732307 0.0060036 0)
(-0.0093847 0.00653608 0)
(-0.0115711 0.00691126 0)
(-0.0138381 0.00713639 0)
(-0.0161439 0.00722236 0)
(-0.0184495 0.00718199 0)
(-0.0207191 0.00702886 0)
(-0.022921 0.00677649 0)
(-0.0250267 0.00643779 0)
(-0.0270115 0.00602473 0)
(-0.028854 0.00554821 0)
(-0.0305358 0.00501799 0)
(-0.0320413 0.00444272 0)
(-0.0333575 0.00383004 0)
(-0.0344736 0.00318673 0)
(-0.0353807 0.00251884 0)
(-0.036072 0.00183184 0)
(-0.0365422 0.00113077 0)
(-0.0367875 0.000420425 0)
(-0.0368058 -0.000294536 0)
(-0.0365965 -0.00100943 0)
(-0.0361604 -0.00171939 0)
(-0.0355 -0.00241929 0)
(-0.0346194 -0.00310352 0)
(-0.0335248 -0.00376592 0)
(-0.0322242 -0.00439963 0)
(-0.030728 -0.00499692 0)
(-0.0290491 -0.00554916 0)
(-0.0272033 -0.00604665 0)
(-0.0252094 -0.00647863 0)
(-0.0230894 -0.00683329 0)
(-0.0208692 -0.00709786 0)
(-0.0185782 -0.00725883 0)
(-0.0162497 -0.00730237 0)
(-0.0139206 -0.00721485 0)
(-0.0116314 -0.00698375 0)
(-0.00942516 -0.00659881 0)
(-0.00734691 -0.00605378 0)
(-0.00544255 -0.00534867 0)
(-0.00375748 -0.004493 0)
(-0.00233381 -0.0035101 0)
(-0.00120725 -0.00244239 0)
(-0.000422545 -0.00135781 0)
(-6.1437e-05 -0.000365378 0)
(-7.5836e-05 0.000609022 0)
(-0.000509402 0.00202489 0)
(-0.00143658 0.00348182 0)
(-0.00274809 0.00487502 0)
(-0.00438389 0.00613685 0)
(-0.00629941 0.00722453 0)
(-0.00844565 0.00811475 0)
(-0.0107721 0.008799 0)
(-0.0132291 0.00927924 0)
(-0.0157687 0.00956454 0)
(-0.0183456 0.00966847 0)
(-0.0209175 0.00960715 0)
(-0.023446 0.00939778 0)
(-0.0258965 0.00905766 0)
(-0.0282381 0.0086034 0)
(-0.030444 0.00805056 0)
(-0.0324908 0.00741336 0)
(-0.0343585 0.00670461 0)
(-0.03603 0.00593574 0)
(-0.0374909 0.00511689 0)
(-0.0387295 0.00425709 0)
(-0.0397361 0.00336441 0)
(-0.0405031 0.00244617 0)
(-0.0410247 0.00150914 0)
(-0.0412968 0.000559751 0)
(-0.041317 -0.000395742 0)
(-0.0410847 -0.00135105 0)
(-0.0406007 -0.00229966 0)
(-0.0398678 -0.00323469 0)
(-0.0388906 -0.00414866 0)
(-0.0376757 -0.00503333 0)
(-0.036232 -0.00587956 0)
(-0.0345709 -0.00667712 0)
(-0.0327064 -0.00741455 0)
(-0.0306559 -0.00807909 0)
(-0.0284398 -0.0086566 0)
(-0.0260823 -0.00913166 0)
(-0.0236114 -0.00948771 0)
(-0.0210591 -0.00970733 0)
(-0.0184616 -0.00977283 0)
(-0.0158588 -0.00966692 0)
(-0.0132945 -0.00937388 0)
(-0.0108153 -0.00888095 0)
(-0.00847038 -0.00818034 0)
(-0.00631008 -0.00727171 0)
(-0.00438527 -0.00616554 0)
(-0.00274476 -0.00488724 0)
(-0.0014324 -0.00348173 0)
(-0.000506838 -0.00201859 0)
(-7.51507e-05 -0.000604135 0)
(-8.7341e-05 0.000889892 0)
(-0.00058352 0.00279361 0)
(-0.00163877 0.00467757 0)
(-0.00312164 0.00644252 0)
(-0.00495914 0.00802241 0)
(-0.00709837 0.00937475 0)
(-0.0094834 0.0104765 0)
(-0.012058 0.0113198 0)
(-0.0147678 0.0119082 0)
(-0.0175611 0.0122532 0)
(-0.0203892 0.0123714 0)
(-0.0232069 0.0122827 0)
(-0.0259731 0.0120081 0)
(-0.028651 0.0115688 0)
(-0.0312077 0.0109856 0)
(-0.0336145 0.0102777 0)
(-0.0358464 0.00946285 0)
(-0.037882 0.00855726 0)
(-0.0397032 0.00757527 0)
(-0.0412945 0.00652971 0)
(-0.0426434 0.00543204 0)
(-0.0437396 0.0042925 0)
(-0.0445748 0.00312043 0)
(-0.0451428 0.00192446 0)
(-0.0454394 0.000712782 0)
(-0.0454619 -0.000506624 0)
(-0.0452096 -0.00172573 0)
(-0.0446834 -0.00293626 0)
(-0.0438861 -0.00412942 0)
(-0.0428228 -0.00529569 0)
(-0.0415003 -0.00642462 0)
(-0.0399283 -0.00750459 0)
(-0.0381187 -0.00852265 0)
(-0.0360867 -0.00946432 0)
(-0.0338507 -0.0103135 0)
(-0.0314326 -0.0110525 0)
(-0.0288583 -0.011662 0)
(-0.0261575 -0.0121213 0)
(-0.0233647 -0.0124089 0)
(-0.0205183 -0.012503 0)
(-0.0176611 -0.0123823 0)
(-0.01484 -0.0120276 0)
(-0.0121052 -0.0114232 0)
(-0.00950973 -0.0105592 0)
(-0.0071089 -0.0094342 0)
(-0.00495931 -0.00805837 0)
(-0.00311673 -0.0064575 0)
(-0.00163324 -0.00467685 0)
(-0.0005802 -0.00278503 0)
(-8.64575e-05 -0.00088334 0)
(-9.70935e-05 0.00120624 0)
(-0.000649063 0.00365768 0)
(-0.00182109 0.00601628 0)
(-0.00346275 0.00818921 0)
(-0.00548938 0.0101137 0)
(-0.00784004 0.0117492 0)
(-0.0104517 0.0130745 0)
(-0.0132623 0.0140836 0)
(-0.0162125 0.0147826 0)
(-0.0192465 0.0151862 0)
(-0.0223123 0.0153145 0)
(-0.0253618 0.0151914 0)
(-0.0283515 0.0148421 0)
(-0.0312424 0.0142924 0)
(-0.0339998 0.0135671 0)
(-0.0365934 0.0126895 0)
(-0.038997 0.0116811 0)
(-0.0411881 0.0105615 0)
(-0.0431475 0.00934838 0)
(-0.0448591 0.00805728 0)
(-0.0463097 0.00670223 0)
(-0.0474884 0.00529582 0)
(-0.0483866 0.00384948 0)
(-0.0489979 0.00237382 0)
(-0.0493176 0.000878875 0)
(-0.049343 -0.000625545 0)
(-0.0490733 -0.0021296 0)
(-0.0485093 -0.00362312 0)
(-0.047654 -0.00509532 0)
(-0.0465124 -0.00653453 0)
(-0.0450919 -0.00792794 0)
(-0.0434023 -0.00926132 0)
(-0.0414563 -0.0105188 0)
(-0.0392697 -0.0116827 0)
(-0.0368617 -0.0127334 0)
(-0.0342555 -0.0136493 0)
(-0.0314783 -0.014407 0)
(-0.0285617 -0.0149816 0)
(-0.0255419 -0.0153469 0)
(-0.0224598 -0.0154767 0)
(-0.0193609 -0.0153455 0)
(-0.016295 -0.0149301 0)
(-0.0133161 -0.0142114 0)
(-0.0104816 -0.0131767 0)
(-0.00785171 -0.0118226 0)
(-0.00548908 -0.0101578 0)
(-0.00345659 -0.00820715 0)
(-0.0018143 -0.00601457 0)
(-0.000644992 -0.00364617 0)
(-9.60025e-05 -0.00119758 0)
(-0.000105644 0.0015541 0)
(-0.000708433 0.00460857 0)
(-0.00198877 0.00748739 0)
(-0.00377976 0.010104 0)
(-0.00598629 0.0123998 0)
(-0.0085397 0.0143376 0)
(-0.0113699 0.0158987 0)
(-0.0144087 0.0170806 0)
(-0.0175917 0.0178926 0)
(-0.0208589 0.0183532 0)
(-0.0241546 0.018487 0)
(-0.0274278 0.0183221 0)
(-0.0306326 0.0178888 0)
(-0.0337278 0.0172173 0)
(-0.0366771 0.0163368 0)
(-0.0394489 0.0152751 0)
(-0.0420158 0.0140577 0)
(-0.0443543 0.0127078 0)
(-0.0464446 0.0112464 0)
(-0.0482699 0.00969202 0)
(-0.0498166 0.0080614 0)
(-0.0510734 0.00636952 0)
(-0.0520315 0.00463001 0)
(-0.0526841 0.00285549 0)
(-0.0530265 0.00105795 0)
(-0.0530557 -0.000750949 0)
(-0.0527707 -0.00255949 0)
(-0.0521724 -0.00435555 0)
(-0.0512638 -0.0061263 0)
(-0.0500499 -0.00785781 0)
(-0.048538 -0.00953481 0)
(-0.0467384 -0.0111403 0)
(-0.044664 -0.0126554 0)
(-0.0423312 -0.014059 0)
(-0.03976 -0.0153278 0)
(-0.0369743 -0.0164361 0)
(-0.0340027 -0.017356 0)
(-0.0308783 -0.0180579 0)
(-0.0276391 -0.0185111 0)
(-0.0243284 -0.0186843 0)
(-0.0209944 -0.0185473 0)
(-0.0176903 -0.0180725 0)
(-0.0144738 -0.0172367 0)
(-0.0114068 -0.0160237 0)
(-0.00855487 -0.0144272 0)
(-0.00598703 -0.0124536 0)
(-0.00377321 -0.0101255 0)
(-0.0019811 -0.00748456 0)
(-0.000703716 -0.00459361 0)
(-0.000104353 -0.0015429 0)
(-0.000113464 0.0019308 0)
(-0.000763947 0.00564039 0)
(-0.00214724 0.00908356 0)
(-0.00408177 0.0121794 0)
(-0.00646282 0.0148738 0)
(-0.00921437 0.0171334 0)
(-0.0122593 0.0189435 0)
(-0.0155232 0.0203055 0)
(-0.0189362 0.021233 0)
(-0.0224339 0.0217492 0)
(-0.0259567 0.0218836 0)
(-0.0294506 0.0216695 0)
(-0.0328671 0.0211423 0)
(-0.036163 0.0203372 0)
(-0.0393003 0.0192884 0)
(-0.0422461 0.0180283 0)
(-0.044972 0.0165866 0)
(-0.0474538 0.0149904 0)
(-0.049671 0.0132641 0)
(-0.0516066 0.0114294 0)
(-0.0532464 0.00950583 0)
(-0.054579 0.00751081 0)
(-0.0555954 0.00546024 0)
(-0.0562887 0.00336881 0)
(-0.0566539 0.00125044 0)
(-0.0566879 -0.000881311 0)
(-0.0563897 -0.00301282 0)
(-0.0557599 -0.00513 0)
(-0.0548015 -0.00721791 0)
(-0.0535192 -0.00926034 0)
(-0.0519206 -0.0112395 0)
(-0.0500158 -0.0131354 0)
(-0.0478179 -0.0149261 0)
(-0.0453437 -0.0165869 0)
(-0.0426137 -0.0180905 0)
(-0.0396527 -0.0194067 0)
(-0.0364903 -0.0205032 0)
(-0.033161 -0.0213453 0)
(-0.0297049 -0.0218969 0)
(-0.0261675 -0.0221216 0)
(-0.0225998 -0.0219839 0)
(-0.0190586 -0.021451 0)
(-0.0156057 -0.0204951 0)
(-0.0123079 -0.0190957 0)
(-0.0092365 -0.0172429 0)
(-0.0064669 -0.0149397 0)
(-0.00407618 -0.0122058 0)
(-0.00213936 -0.00907999 0)
(-0.00075879 -0.00562172 0)
(-0.000111995 -0.00191671 0)
(-0.000120951 0.00233489 0)
(-0.000817753 0.00674993 0)
(-0.00230183 0.010801 0)
(-0.0043779 0.0144118 0)
(-0.00693224 0.0175327 0)
(-0.00988164 0.0201347 0)
(-0.013142 0.0222076 0)
(-0.0166322 0.0237576 0)
(-0.0202771 0.0248035 0)
(-0.0240072 0.0253739 0)
(-0.027759 0.0255039 0)
(-0.0314752 0.0252327 0)
(-0.0351045 0.0246013 0)
(-0.0386017 0.0236506 0)
(-0.0419271 0.0224201 0)
(-0.0450465 0.0209469 0)
(-0.0479308 0.0192655 0)
(-0.0505549 0.0174069 0)
(-0.052898 0.0153993 0)
(-0.0549427 0.0132675 0)
(-0.0566749 0.011034 0)
(-0.0580828 0.00871865 0)
(-0.0591574 0.00633973 0)
(-0.0598916 0.00391396 0)
(-0.0602804 0.00145721 0)
(-0.0603206 -0.00101509 0)
(-0.060011 -0.00348744 0)
(-0.059352 -0.00594377 0)
(-0.0583462 -0.00836704 0)
(-0.0569984 -0.0107387 0)
(-0.0553157 -0.0130383 0)
(-0.0533083 -0.0152431 0)
(-0.0509893 -0.0173276 0)
(-0.0483755 -0.0192634 0)
(-0.0454879 -0.021019 0)
(-0.0423519 -0.0225596 0)
(-0.0389982 -0.0238478 0)
(-0.0354627 -0.0248435 0)
(-0.0317874 -0.0255049 0)
(-0.0280202 -0.0257896 0)
(-0.0242153 -0.0256564 0)
(-0.0204333 -0.0250668 0)
(-0.0167404 -0.0239875 0)
(-0.0132086 -0.022393 0)
(-0.00991539 -0.0202689 0)
(-0.00694281 -0.0176142 0)
(-0.00437517 -0.0144454 0)
(-0.00229467 -0.0107977 0)
(-0.000812463 -0.00672769 0)
(-0.000119342 -0.0023177 0)
(-0.000128447 0.00276599 0)
(-0.000871816 0.00793655 0)
(-0.00245755 0.0126393 0)
(-0.00467701 0.0168016 0)
(-0.0074076 0.0203779 0)
(-0.010559 0.0233438 0)
(-0.0140398 0.0256942 0)
(-0.0177623 0.0274407 0)
(-0.0216453 0.0286082 0)
(-0.0256142 0.0292313 0)
(-0.0296011 0.0293518 0)
(-0.0335453 0.0290152 0)
(-0.0373924 0.0282689 0)
(-0.0410952 0.0271599 0)
(-0.0446122 0.0257335 0)
(-0.0479082 0.0240321 0)
(-0.0509529 0.0220951 0)
(-0.053721 0.0199578 0)
(-0.0561913 0.0176521 0)
(-0.0583463 0.0152064 0)
(-0.0601716 0.012646 0)
(-0.0616557 0.0099934 0)
(-0.0627894 0.0072691 0)
(-0.0635658 0.0044919 0)
(-0.0639796 0.00167954 0)
(-0.0640276 -0.00115069 0)
(-0.0637083 -0.00398146 0)
(-0.0630219 -0.0067948 0)
(-0.0619706 -0.00957154 0)
(-0.0605589 -0.0122908 0)
(-0.0587937 -0.0149296 0)
(-0.0566846 -0.0174619 0)
(-0.0542447 -0.019859 0)
(-0.0514908 -0.0220884 0)
(-0.048444 -0.0241142 0)
(-0.0451304 -0.0258966 0)
(-0.0415814 -0.0273926 0)
(-0.0378345 -0.0285563 0)
(-0.0339337 -0.0293397 0)
(-0.0299294 -0.0296939 0)
(-0.0258793 -0.029571 0)
(-0.0218478 -0.0289262 0)
(-0.0179064 -0.0277198 0)
(-0.0141327 -0.0259208 0)
(-0.0106103 -0.0235094 0)
(-0.00742874 -0.0204803 0)
(-0.00467961 -0.0168458 0)
(-0.00245235 -0.0126382 0)
(-0.000866801 -0.00791142 0)
(-0.000126749 -0.00274567 0)
(-0.000136248 0.00322473 0)
(-0.000927928 0.00920202 0)
(-0.00261914 0.0146015 0)
(-0.00498754 0.0193532 0)
(-0.00790156 0.0234151 0)
(-0.0112635 0.0267676 0)
(-0.0149744 0.0294111 0)
(-0.0189395 0.0313632 0)
(-0.0230711 0.0326555 0)
(-0.0272893 0.0333299 0)
(-0.0315215 0.0334351 0)
(-0.0357029 0.0330242 0)
(-0.0397764 0.0321514 0)
(-0.0436922 0.0308706 0)
(-0.0474074 0.0292333 0)
(-0.0508853 0.0272878 0)
(-0.0540951 0.0250785 0)
(-0.0570109 0.0226455 0)
(-0.0596114 0.0200246 0)
(-0.0618792 0.0172479 0)
(-0.0637998 0.0143435 0)
(-0.0653621 0.0113366 0)
(-0.0665568 0.00824986 0)
(-0.0673771 0.00510419 0)
(-0.0678178 0.0019191 0)
(-0.0678754 -0.00128637 0)
(-0.0675482 -0.00449315 0)
(-0.0668361 -0.00768141 0)
(-0.0657409 -0.01083 0)
(-0.0642664 -0.0139156 0)
(-0.0624191 -0.0169127 0)
(-0.0602082 -0.0197921 0)
(-0.0576462 -0.0225215 0)
(-0.0547498 -0.0250642 0)
(-0.0515402 -0.0273795 0)
(-0.0480436 -0.0294224 0)
(-0.0442926 -0.0311438 0)
(-0.040326 -0.0324914 0)
(-0.0361897 -0.0334102 0)
(-0.031937 -0.0338442 0)
(-0.0276293 -0.0337382 0)
(-0.0233355 -0.0330399 0)
(-0.0191323 -0.0317028 0)
(-0.0151035 -0.0296893 0)
(-0.0113399 -0.0269736 0)
(-0.00793838 -0.0235454 0)
(-0.00499862 -0.0194131 0)
(-0.00261747 -0.0146058 0)
(-0.000923712 -0.00917538 0)
(-0.000134528 -0.00320145 0)
(-0.000144617 0.00371257 0)
(-0.000987751 0.0105504 0)
(-0.00279104 0.016694 0)
(-0.00531762 0.0220749 0)
(-0.00842635 0.0266544 0)
(-0.0120117 0.0304175 0)
(-0.0159668 0.0333704 0)
(-0.0201891 0.0355376 0)
(-0.0245842 0.0369582 0)
(-0.0290661 0.0376818 0)
(-0.0335571 0.0377655 0)
(-0.0379886 0.0372703 0)
(-0.0422999 0.0362584 0)
(-0.046439 0.034791 0)
(-0.050361 0.0329267 0)
(-0.0540284 0.03072 0)
(-0.0574095 0.0282208 0)
(-0.0604783 0.0254742 0)
(-0.0632134 0.0225204 0)
(-0.0655975 0.0193949 0)
(-0.0676167 0.016129 0)
(-0.0692598 0.0127505 0)
(-0.0705181 0.00928418 0)
(-0.0713846 0.0057529 0)
(-0.0718543 0.00217789 0)
(-0.0719236 -0.00142022 0)
(-0.0715905 -0.00502073 0)
(-0.0708545 -0.00860209 0)
(-0.0697167 -0.0121412 0)
(-0.0681804 -0.0156126 0)
(-0.0662511 -0.0189878 0)
(-0.0639374 -0.0222349 0)
(-0.0612513 -0.0253174 0)
(-0.0582089 -0.0281946 0)
(-0.0548311 -0.0308205 0)
(-0.0511446 -0.0331442 0)
(-0.0471825 -0.0351104 0)
(-0.042985 -0.0366595 0)
(-0.0386002 -0.0377289 0)
(-0.0340844 -0.0382545 0)
(-0.0295027 -0.0381728 0)
(-0.0249291 -0.0374235 0)
(-0.0204461 -0.0359521 0)
(-0.0161444 -0.0337134 0)
(-0.0121223 -0.0306754 0)
(-0.00848518 -0.0268221 0)
(-0.00534104 -0.0221576 0)
(-0.00279488 -0.0167082 0)
(-0.000984985 -0.0105245 0)
(-0.000142956 -0.00368682 0)
(-0.000153796 0.00423185 0)
(-0.00105285 0.0119879 0)
(-0.00297755 0.0189262 0)
(-0.00567506 0.0249788 0)
(-0.00899387 0.0301098 0)
(-0.0128199 0.034309 0)
(-0.0170375 0.0375887 0)
(-0.021536 0.0399808 0)
(-0.0262134 0.0415327 0)
(-0.0309771 0.042303 0)
(-0.0357441 0.0423578 0)
(-0.0404411 0.0417671 0)
(-0.0450043 0.040602 0)
(-0.0493789 0.0389319 0)
(-0.0535185 0.0368228 0)
(-0.0573843 0.0343364 0)
(-0.0609443 0.0315285 0)
(-0.0641723 0.0284495 0)
(-0.0670471 0.025144 0)
(-0.069552 0.0216513 0)
(-0.0716733 0.0180058 0)
(-0.0734004 0.014238 0)
(-0.074725 0.0103747 0)
(-0.0756404 0.00644049 0)
(-0.0761417 0.00245822 0)
(-0.0762251 -0.00155007 0)
(-0.0758884 -0.00556226 0)
(-0.0751304 -0.00955523 0)
(-0.0739516 -0.0135041 0)
(-0.0723543 -0.0173812 0)
(-0.0703432 -0.0211556 0)
(-0.0679258 -0.0247919 0)
(-0.0651132 -0.0282501 0)
(-0.0619205 -0.0314845 0)
(-0.0583685 -0.0344439 0)
(-0.0544837 -0.0370711 0)
(-0.0502997 -0.0393036 0)
(-0.0458581 -0.041074 0)
(-0.041209 -0.0423111 0)
(-0.036412 -0.0429419 0)
(-0.0315364 -0.0428937 0)
(-0.0266615 -0.0420968 0)
(-0.0218761 -0.0404878 0)
(-0.0172787 -0.0380133 0)
(-0.012976 -0.0346338 0)
(-0.00908251 -0.0303274 0)
(-0.00571564 -0.0250937 0)
(-0.00298931 -0.0189567 0)
(-0.00105235 -0.0119661 0)
(-0.000152297 -0.00420446 0)
(-0.000164016 0.00478565 0)
(-0.00112477 0.0135228 0)
(-0.00318285 0.0213108 0)
(-0.00606763 0.0280809 0)
(-0.00961594 0.0337999 0)
(-0.0137042 0.0384622 0)
(-0.0182072 0.0420868 0)
(-0.0230049 0.0447137 0)
(-0.0279871 0.0463995 0)
(-0.0330542 0.0472128 0)
(-0.0381172 0.0472298 0)
(-0.043098 0.0465307 0)
(-0.0479292 0.0451964 0)
(-0.0525533 0.0433054 0)
(-0.0569223 0.0409322 0)
(-0.0609965 0.0381458 0)
(-0.0647435 0.0350089 0)
(-0.0681373 0.0315772 0)
(-0.0711574 0.0279002 0)
(-0.0737873 0.0240211 0)
(-0.0760145 0.0199775 0)
(-0.0778289 0.0158022 0)
(-0.0792227 0.0115242 0)
(-0.0801899 0.00716968 0)
(-0.0807255 0.00276271 0)
(-0.0808258 -0.00167344 0)
(-0.080488 -0.00611544 0)
(-0.0797105 -0.0105389 0)
(-0.0784927 -0.0149172 0)
(-0.0768361 -0.0192209 0)
(-0.0747438 -0.0234163 0)
(-0.0722221 -0.027465 0)
(-0.0692807 -0.0313228 0)
(-0.0659338 -0.0349393 0)
(-0.0622011 -0.0382574 0)
(-0.058109 -0.0412132 0)
(-0.0536913 -0.0437362 0)
(-0.0489907 -0.0457504 0)
(-0.0440595 -0.0471752 0)
(-0.0389605 -0.0479273 0)
(-0.0337675 -0.0479237 0)
(-0.0285656 -0.0470841 0)
(-0.0234509 -0.0453351 0)
(-0.0185302 -0.0426139 0)
(-0.0139196 -0.0388727 0)
(-0.00974395 -0.0340833 0)
(-0.00613129 -0.0282405 0)
(-0.00320555 -0.021366 0)
(-0.00112753 -0.0135098 0)
(-0.000162809 -0.00475792 0)
(-0.000175509 0.00537787 0)
(-0.00120503 0.0151655 0)
(-0.00341121 0.0238633 0)
(-0.00650317 0.0314009 0)
(-0.0103045 0.0377472 0)
(-0.014681 0.0429014 0)
(-0.0194964 0.0468897 0)
(-0.0246205 0.049761 0)
(-0.0299339 0.0515824 0)
(-0.0353292 0.0524334 0)
(-0.0407109 0.0524018 0)
(-0.0459958 0.0515793 0)
(-0.0511126 0.0500575 0)
(-0.0560012 0.0479251 0)
(-0.0606122 0.0452661 0)
(-0.0649049 0.0421577 0)
(-0.0688472 0.0386694 0)
(-0.0724133 0.0348635 0)
(-0.0755836 0.0307941 0)
(-0.0783428 0.0265085 0)
(-0.0806792 0.0220475 0)
(-0.0825839 0.0174463 0)
(-0.0840498 0.0127357 0)
(-0.0850714 0.00794331 0)
(-0.0856442 0.0030942 0)
(-0.0857644 -0.00178747 0)
(-0.0854288 -0.00667749 0)
(-0.0846348 -0.0115504 0)
(-0.0833811 -0.0163784 0)
(-0.0816674 -0.0211301 0)
(-0.0794956 -0.0257695 0)
(-0.0768699 -0.030255 0)
(-0.0737986 -0.0345384 0)
(-0.0702941 -0.0385641 0)
(-0.0663749 -0.0422687 0)
(-0.0620665 -0.0455811 0)
(-0.0574028 -0.0484221 0)
(-0.0524274 -0.050706 0)
(-0.0471945 -0.0523416 0)
(-0.0417703 -0.0532342 0)
(-0.0362334 -0.053289 0)
(-0.0306752 -0.0524137 0)
(-0.0251998 -0.0505235 0)
(-0.0199232 -0.047545 0)
(-0.0149723 -0.0434213 0)
(-0.0104836 -0.0381166 0)
(-0.00659721 -0.0316212 0)
(-0.0034486 -0.0239546 0)
(-0.00121234 -0.0151677 0)
(-0.000174757 -0.00535164 0)
(-0.00018852 0.00601319 0)
(-0.00129528 0.0169286 0)
(-0.00366709 0.0266028 0)
(-0.00698988 0.0349625 0)
(-0.0110721 0.0419786 0)
(-0.015767 0.0476553 0)
(-0.0209263 0.0520266 0)
(-0.0264079 0.0551515 0)
(-0.0320825 0.0571086 0)
(-0.0378337 0.05799 0)
(-0.043559 0.0578966 0)
(-0.0491699 0.0569326 0)
(-0.054591 0.0552021 0)
(-0.0597597 0.0528052 0)
(-0.0646251 0.0498361 0)
(-0.0691463 0.0463809 0)
(-0.0732913 0.0425174 0)
(-0.0770354 0.0383138 0)
(-0.0803602 0.0338298 0)
(-0.0832518 0.0291168 0)
(-0.0857 0.0242186 0)
(-0.0876972 0.0191728 0)
(-0.0892375 0.0140119 0)
(-0.0903161 0.00876421 0)
(-0.0909291 0.00345576 0)
(-0.0910724 -0.00188885 0)
(-0.0907426 -0.00724494 0)
(-0.0899363 -0.0125864 0)
(-0.0886507 -0.0178845 0)
(-0.0868838 -0.0231063 0)
(-0.0846355 -0.0282137 0)
(-0.081908 -0.0331619 0)
(-0.078707 -0.0378987 0)
(-0.0750431 -0.042363 0)
(-0.0709327 -0.046485 0)
(-0.0664001 -0.0501853 0)
(-0.0614786 -0.0533755 0)
(-0.0562123 -0.0559589 0)
(-0.0506572 -0.0578325 0)
(-0.0448829 -0.0588887 0)
(-0.0389729 -0.0590192 0)
(-0.0330256 -0.0581181 0)
(-0.0271537 -0.0560875 0)
(-0.0214837 -0.0528418 0)
(-0.0161548 -0.0483137 0)
(-0.0113166 -0.0424594 0)
(-0.00712331 -0.0352638 0)
(-0.00372379 -0.0267446 0)
(-0.00130869 -0.0169545 0)
(-0.000188431 -0.005991 0)
(-0.000203316 0.00669713 0)
(-0.00139725 0.018827 0)
(-0.00395527 0.0295514 0)
(-0.00753654 0.0387934 0)
(-0.0119318 0.0465254 0)
(-0.0169802 0.052757 0)
(-0.0225191 0.057531 0)
(-0.0283935 0.0609175 0)
(-0.0344623 0.0630084 0)
(-0.0405997 0.0639102 0)
(-0.0466955 0.0637383 0)
(-0.0526552 0.0626114 0)
(-0.0583996 0.0606475 0)
(-0.0638637 0.0579595 0)
(-0.0689952 0.0546529 0)
(-0.0737535 0.0508239 0)
(-0.0781073 0.0465587 0)
(-0.0820335 0.0419325 0)
(-0.0855153 0.0370105 0)
(-0.0885409 0.0318483 0)
(-0.0911021 0.0264929 0)
(-0.0931929 0.0209838 0)
(-0.094809 0.0153548 0)
(-0.0959467 0.00963499 0)
(-0.0966025 0.00385059 0)
(-0.0967728 -0.00197379 0)
(-0.0964533 -0.00781348 0)
(-0.0956398 -0.0136423 0)
(-0.0943278 -0.0194308 0)
(-0.0925134 -0.0251452 0)
(-0.0901939 -0.0307453 0)
(-0.0873689 -0.0361835 0)
(-0.0840411 -0.0414033 0)
(-0.0802182 -0.0463384 0)
(-0.0759142 -0.0509118 0)
(-0.0711512 -0.0550352 0)
(-0.0659614 -0.05861 0)
(-0.0603888 -0.0615276 0)
(-0.0544909 -0.0636712 0)
(-0.0483403 -0.0649189 0)
(-0.042026 -0.0651467 0)
(-0.0356534 -0.0642334 0)
(-0.0293452 -0.0620658 0)
(-0.0232395 -0.0585445 0)
(-0.0174891 -0.0535899 0)
(-0.0122594 -0.0471492 0)
(-0.00772042 -0.0392014 0)
(-0.00403705 -0.0297625 0)
(-0.00141876 -0.0188876 0)
(-0.000204158 -0.00668243 0)
(-0.0002202 0.00743617 0)
(-0.00151292 0.020878 0)
(-0.00428106 0.032735 0)
(-0.00815273 0.0429256 0)
(-0.0128981 0.0514235 0)
(-0.0183397 0.0582442 0)
(-0.0242985 0.0634403 0)
(-0.0306045 0.067095 0)
(-0.0371038 0.0693151 0)
(-0.0436598 0.0702235 0)
(-0.050154 0.0699523 0)
(-0.0564858 0.0686369 0)
(-0.062572 0.0664107 0)
(-0.0683454 0.063401 0)
(-0.0737531 0.059726 0)
(-0.078755 0.0554931 0)
(-0.0833213 0.0507974 0)
(-0.0874311 0.0457219 0)
(-0.0910701 0.0403373 0)
(-0.094229 0.0347036 0)
(-0.0969022 0.0288706 0)
(-0.0990861 0.0228798 0)
(-0.100778 0.0167658 0)
(-0.101976 0.0105579 0)
(-0.102677 0.00428192 0)
(-0.102878 -0.00203798 0)
(-0.102574 -0.00837783 0)
(-0.10176 -0.0147118 0)
(-0.100429 -0.0210108 0)
(-0.0985754 -0.02724 0)
(-0.0961928 -0.0333581 0)
(-0.0932777 -0.0393147 0)
(-0.0898292 -0.0450493 0)
(-0.0858512 -0.0504899 0)
(-0.0813544 -0.055552 0)
(-0.0763578 -0.0601381 0)
(-0.0708917 -0.064138 0)
(-0.0649992 -0.0674296 0)
(-0.0587386 -0.0698812 0)
(-0.0521855 -0.071354 0)
(-0.045434 -0.0717065 0)
(-0.0385976 -0.0707994 0)
(-0.0318092 -0.068502 0)
(-0.0252204 -0.0646985 0)
(-0.0189996 -0.0592956 0)
(-0.01333 -0.0522294 0)
(-0.00840068 -0.0434726 0)
(-0.00439503 -0.0330391 0)
(-0.00154499 -0.0209875 0)
(-0.000222316 -0.0074335 0)
(-0.000239525 0.00823787 0)
(-0.0016445 0.0231017 0)
(-0.00465039 0.0361837 0)
(-0.00884913 0.047396 0)
(-0.0139867 0.0567137 0)
(-0.0198662 0.0641592 0)
(-0.0262897 0.0697963 0)
(-0.03307 0.0737232 0)
(-0.0400386 0.0760641 0)
(-0.0470471 0.0769608 0)
(-0.0539681 0.0765646 0)
(-0.0606946 0.0750297 0)
(-0.0671395 0.0725072 0)
(-0.0732339 0.0691407 0)
(-0.0789248 0.0650625 0)
(-0.0841735 0.0603922 0)
(-0.0889525 0.0552348 0)
(-0.093244 0.0496813 0)
(-0.0970368 0.0438085 0)
(-0.100325 0.0376805 0)
(-0.103107 0.03135 0)
(-0.105381 0.0248598 0)
(-0.107147 0.0182449 0)
(-0.108406 0.0115343 0)
(-0.109154 0.0047529 0)
(-0.10939 -0.00207661 0)
(-0.109108 -0.00893154 0)
(-0.108301 -0.0157873 0)
(-0.10696 -0.0226155 0)
(-0.105078 -0.0293815 0)
(-0.102644 -0.0360428 0)
(-0.09965 -0.042547 0)
(-0.0960912 -0.0488297 0)
(-0.0919666 -0.0548132 0)
(-0.0872822 -0.0604051 0)
(-0.0820533 -0.0654979 0)
(-0.0763066 -0.0699688 0)
(-0.0700836 -0.0736809 0)
(-0.0634427 -0.0764851 0)
(-0.0564617 -0.0782238 0)
(-0.0492399 -0.0787351 0)
(-0.0418989 -0.0778589 0)
(-0.0345832 -0.0754437 0)
(-0.0274591 -0.0713548 0)
(-0.0207131 -0.0654822 0)
(-0.0145488 -0.0577497 0)
(-0.0091777 -0.0481217 0)
(-0.0048053 -0.0366104 0)
(-0.00169021 -0.0232783 0)
(-0.000243353 -0.00825316 0)
(-0.000261703 0.00911098 0)
(-0.00179454 0.0255215 0)
(-0.00507 0.0399316 0)
(-0.00963768 0.0522463 0)
(-0.015215 0.0624421 0)
(-0.0215824 0.0705492 0)
(-0.0285198 0.0766447 0)
(-0.0358203 0.0808443 0)
(-0.0432991 0.0832927 0)
(-0.0507948 0.0841534 0)
(-0.0581702 0.0836001 0)
(-0.0653121 0.0818086 0)
(-0.0721298 0.0789501 0)
(-0.0785531 0.0751863 0)
(-0.08453 0.0706657 0)
(-0.090024 0.0655209 0)
(-0.0950112 0.0598679 0)
(-0.0994776 0.0538062 0)
(-0.103417 0.0474186 0)
(-0.106827 0.0407736 0)
(-0.109709 0.0339262 0)
(-0.112067 0.0269202 0)
(-0.113904 0.0197905 0)
(-0.115221 0.0125649 0)
(-0.116018 0.00526635 0)
(-0.116293 -0.00208439 0)
(-0.116039 -0.00946697 0)
(-0.115249 -0.0168589 0)
(-0.113912 -0.0242333 0)
(-0.112015 -0.0315565 0)
(-0.109545 -0.0387859 0)
(-0.106488 -0.0458671 0)
(-0.102835 -0.0527325 0)
(-0.0985781 -0.0592987 0)
(-0.0937176 -0.0654652 0)
(-0.0882633 -0.0711137 0)
(-0.0822374 -0.0761077 0)
(-0.0756783 -0.0802937 0)
(-0.0686431 -0.0835033 0)
(-0.0612114 -0.0855572 0)
(-0.0534869 -0.0862699 0)
(-0.0455997 -0.0854568 0)
(-0.0377067 -0.0829425 0)
(-0.0299908 -0.0785694 0)
(-0.0226588 -0.072208 0)
(-0.0159383 -0.0637665 0)
(-0.0100669 -0.0532001 0)
(-0.00527652 -0.0405182 0)
(-0.0018577 -0.025788 0)
(-0.000267796 -0.00915188 0)
(-0.000287222 0.0100657 0)
(-0.00196599 0.0281641 0)
(-0.00554755 0.0440181 0)
(-0.0105318 0.057524 0)
(-0.0166024 0.0686602 0)
(-0.0235129 0.0774661 0)
(-0.0310175 0.0840349 0)
(-0.0388871 0.088503 0)
(-0.0469181 0.0910391 0)
(-0.0549351 0.0918323 0)
(-0.0627906 0.0910822 0)
(-0.0703652 0.0889894 0)
(-0.077565 0.0857483 0)
(-0.0843197 0.0815409 0)
(-0.0905794 0.0765335 0)
(-0.096311 0.0708734 0)
(-0.101495 0.0646884 0)
(-0.106124 0.0580866 0)
(-0.110195 0.0511574 0)
(-0.113713 0.0439731 0)
(-0.116685 0.0365908 0)
(-0.119118 0.0290547 0)
(-0.121018 0.0213987 0)
(-0.12239 0.0136485 0)
(-0.123235 0.00582454 0)
(-0.123552 -0.0020557 0)
(-0.123335 -0.00997513 0)
(-0.122573 -0.0179144 0)
(-0.121254 -0.0258494 0)
(-0.119361 -0.0337482 0)
(-0.116875 -0.0415689 0)
(-0.113779 -0.0492563 0)
(-0.110053 -0.0567398 0)
(-0.105685 -0.0639305 0)
(-0.100667 -0.0707198 0)
(-0.0950026 -0.076978 0)
(-0.0887064 -0.0825538 0)
(-0.0818124 -0.0872753 0)
(-0.0743751 -0.0909523 0)
(-0.0664741 -0.0933805 0)
(-0.0582172 -0.0943474 0)
(-0.0497429 -0.0936397 0)
(-0.0412212 -0.0910534 0)
(-0.0328531 -0.0864036 0)
(-0.0248688 -0.0795372 0)
(-0.0175235 -0.0703435 0)
(-0.0110856 -0.0587661 0)
(-0.00581858 -0.0448105 0)
(-0.00205124 -0.0285495 0)
(-0.000296272 -0.010142 0)
(-0.000316659 0.0111138 0)
(-0.00216224 0.0310604 0)
(-0.00609173 0.0484879 0)
(-0.0115464 0.0632826 0)
(-0.01817 0.0754252 0)
(-0.0256841 0.0849668 0)
(-0.0338134 0.0920197 0)
(-0.0423026 0.0967455 0)
(-0.0509279 0.0993412 0)
(-0.059498 0.100026 0)
(-0.0678554 0.0990305 0)
(-0.0758742 0.0965831 0)
(-0.0834588 0.0929047 0)
(-0.0905399 0.0882007 0)
(-0.0970708 0.0826569 0)
(-0.103024 0.0764368 0)
(-0.108386 0.0696806 0)
(-0.113156 0.0625059 0)
(-0.117339 0.0550082 0)
(-0.120945 0.0472635 0)
(-0.123988 0.0393304 0)
(-0.126481 0.0312527 0)
(-0.128433 0.0230624 0)
(-0.129853 0.0147822 0)
(-0.130745 0.0064288 0)
(-0.131108 -0.00198473 0)
(-0.130935 -0.0104458 0)
(-0.130215 -0.0189394 0)
(-0.128932 -0.0274454 0)
(-0.127065 -0.0359349 0)
(-0.124591 -0.0443678 0)
(-0.121482 -0.0526889 0)
(-0.117715 -0.0608256 0)
(-0.113267 -0.068684 0)
(-0.10812 -0.0761476 0)
(-0.10227 -0.0830746 0)
(-0.0957221 -0.0892978 0)
(-0.088504 -0.0946251 0)
(-0.0806651 -0.0988419 0)
(-0.0722836 -0.101715 0)
(-0.06347 -0.103002 0)
(-0.0543704 -0.102454 0)
(-0.0451686 -0.0998332 0)
(-0.0360855 -0.094923 0)
(-0.0273775 -0.0875405 0)
(-0.0193318 -0.077552 0)
(-0.0122531 -0.0648859 0)
(-0.00644266 -0.0495426 0)
(-0.00227519 -0.0316004 0)
(-0.000329524 -0.0112379 0)
(-0.000350693 0.012269 0)
(-0.0023872 0.0342459 0)
(-0.00671237 0.053392 0)
(-0.0126981 0.069582 0)
(-0.0199408 0.0828002 0)
(-0.0281241 0.0931123 0)
(-0.0369383 0.100654 0)
(-0.0460986 0.105618 0)
(-0.055358 0.108235 0)
(-0.064509 0.10876 0)
(-0.0733832 0.107459 0)
(-0.0818499 0.104593 0)
(-0.0898124 0.100414 0)
(-0.0972043 0.0951529 0)
(-0.103984 0.0890175 0)
(-0.110132 0.0821887 0)
(-0.115643 0.0748202 0)
(-0.120523 0.067039 0)
(-0.124788 0.0589467 0)
(-0.128455 0.0506225 0)
(-0.131544 0.0421258 0)
(-0.134075 0.0334989 0)
(-0.136064 0.024771 0)
(-0.137522 0.0159605 0)
(-0.138456 0.00707912 0)
(-0.138867 -0.00186578 0)
(-0.138747 -0.0108675 0)
(-0.138085 -0.0199168 0)
(-0.136859 -0.0289989 0)
(-0.135046 -0.0380895 0)
(-0.132615 -0.0471515 0)
(-0.129532 -0.0561313 0)
(-0.125762 -0.0649551 0)
(-0.121274 -0.073525 0)
(-0.116039 -0.0817165 0)
(-0.11004 -0.089376 0)
(-0.103273 -0.0963193 0)
(-0.0957542 -0.102332 0)
(-0.0875264 -0.107173 0)
(-0.0786636 -0.110576 0)
(-0.0692771 -0.112261 0)
(-0.0595199 -0.111942 0)
(-0.0495893 -0.109339 0)
(-0.0397277 -0.104196 0)
(-0.0302208 -0.0962941 0)
(-0.0213928 -0.0854705 0)
(-0.0135908 -0.0716342 0)
(-0.00716131 -0.0547776 0)
(-0.00253455 -0.0349847 0)
(-0.000368421 -0.0124565 0)
(-0.000390121 0.0135472 0)
(-0.00264535 0.0377611 0)
(-0.0074205 0.0587878 0)
(-0.0140054 0.0764888 0)
(-0.0219395 0.0908538 0)
(-0.0308621 0.101967 0)
(-0.0404231 0.109995 0)
(-0.0503042 0.115166 0)
(-0.0602333 0.117752 0)
(-0.0699853 0.118052 0)
(-0.0793817 0.116372 0)
(-0.0882879 0.113012 0)
(-0.0966086 0.108259 0)
(-0.104282 0.102373 0)
(-0.111276 0.0955847 0)
(-0.117578 0.0880951 0)
(-0.123195 0.0800714 0)
(-0.128143 0.0716503 0)
(-0.132448 0.0629392 0)
(-0.136137 0.0540196 0)
(-0.13924 0.0449506 0)
(-0.141782 0.0357722 0)
(-0.143786 0.0265092 0)
(-0.145267 0.0171746 0)
(-0.146237 0.00777356 0)
(-0.146696 -0.00169366 0)
(-0.146638 -0.0112278 0)
(-0.14605 -0.020827 0)
(-0.144907 -0.0304835 0)
(-0.14318 -0.0401792 0)
(-0.140831 -0.0498819 0)
(-0.137818 -0.0595409 0)
(-0.134097 -0.0690827 0)
(-0.129622 -0.0784066 0)
(-0.124353 -0.0873812 0)
(-0.118258 -0.0958407 0)
(-0.111319 -0.103583 0)
(-0.10354 -0.110371 0)
(-0.0949516 -0.115932 0)
(-0.0856216 -0.119965 0)
(-0.075659 -0.122146 0)
(-0.0652215 -0.122142 0)
(-0.0545196 -0.119626 0)
(-0.0438181 -0.114293 0)
(-0.0334352 -0.105879 0)
(-0.0237373 -0.0941851 0)
(-0.0151216 -0.079094 0)
(-0.00798844 -0.060587 0)
(-0.00283496 -0.0387527 0)
(-0.000413972 -0.0138173 0)
(-0.000435875 0.0149669 0)
(-0.00294175 0.0416525 0)
(-0.00822841 0.06474 0)
(-0.0154879 0.0840765 0)
(-0.024192 0.0996599 0)
(-0.0339271 0.111599 0)
(-0.0442964 0.120098 0)
(-0.054944 0.125429 0)
(-0.06557 0.127917 0)
(-0.0759317 0.127909 0)
(-0.0858417 0.125761 0)
(-0.0951633 0.12182 0)
(-0.103805 0.116408 0)
(-0.111714 0.10982 0)
(-0.118868 0.102313 0)
(-0.125267 0.0941071 0)
(-0.130931 0.0853849 0)
(-0.135891 0.0762919 0)
(-0.140183 0.0669406 0)
(-0.143845 0.0574142 0)
(-0.146918 0.04777 0)
(-0.149435 0.0380443 0)
(-0.151425 0.0282561 0)
(-0.15291 0.0184116 0)
(-0.153904 0.00850763 0)
(-0.15441 -0.00146417 0)
(-0.154423 -0.0115136 0)
(-0.153926 -0.0216482 0)
(-0.152894 -0.0318687 0)
(-0.15129 -0.0421652 0)
(-0.14907 -0.0525125 0)
(-0.146183 -0.0628647 0)
(-0.142572 -0.0731505 0)
(-0.138178 -0.0832681 0)
(-0.132945 -0.0930802 0)
(-0.126825 -0.10241 0)
(-0.119782 -0.111037 0)
(-0.111803 -0.118699 0)
(-0.102904 -0.125091 0)
(-0.0931412 -0.129869 0)
(-0.0826174 -0.132662 0)
(-0.0714921 -0.133082 0)
(-0.0599873 -0.130744 0)
(-0.0483908 -0.125282 0)
(-0.0370559 -0.116379 0)
(-0.0263972 -0.103788 0)
(-0.01687 -0.0873571 0)
(-0.00893921 -0.0670512 0)
(-0.00318271 -0.0429617 0)
(-0.000467345 -0.0153432 0)
(-0.000489044 0.0165491 0)
(-0.00328219 0.0459728 0)
(-0.00914968 0.0713209 0)
(-0.0171671 0.0924253 0)
(-0.0267248 0.109296 0)
(-0.037347 0.122076 0)
(-0.0485828 0.131013 0)
(-0.060034 0.13644 0)
(-0.0713714 0.13874 0)
(-0.0823349 0.138324 0)
(-0.09273 0.135603 0)
(-0.102422 0.130976 0)
(-0.111326 0.124809 0)
(-0.119401 0.117434 0)
(-0.12664 0.109137 0)
(-0.133059 0.100158 0)
(-0.138694 0.0906948 0)
(-0.143591 0.0809008 0)
(-0.1478 0.070893 0)
(-0.151374 0.0607544 0)
(-0.154362 0.0505394 0)
(-0.156808 0.0402789 0)
(-0.158749 0.0299845 0)
(-0.160212 0.0196537 0)
(-0.161215 0.00927358 0)
(-0.161764 -0.00117469 0)
(-0.161854 -0.0117118 0)
(-0.161468 -0.0223563 0)
(-0.160577 -0.0331197 0)
(-0.159138 -0.0440026 0)
(-0.157101 -0.0549884 0)
(-0.154404 -0.0660388 0)
(-0.150977 -0.0770871 0)
(-0.146748 -0.0880324 0)
(-0.14164 -0.0987335 0)
(-0.135587 -0.109003 0)
(-0.128532 -0.118605 0)
(-0.12044 -0.127249 0)
(-0.111307 -0.134594 0)
(-0.101172 -0.140252 0)
(-0.0901272 -0.143795 0)
(-0.0783286 -0.144773 0)
(-0.0660069 -0.142729 0)
(-0.0534719 -0.137226 0)
(-0.0411147 -0.127878 0)
(-0.0294034 -0.114375 0)
(-0.0188612 -0.0965231 0)
(-0.0100299 -0.07426 0)
(-0.00358479 -0.0476773 0)
(-0.000529876 -0.0170605 0)
(-0.000550903 0.0183185 0)
(-0.0036732 0.0507818 0)
(-0.0101993 0.0786106 0)
(-0.0190652 0.101622 0)
(-0.0295642 0.119844 0)
(-0.0411465 0.133462 0)
(-0.0532992 0.142786 0)
(-0.0655773 0.148218 0)
(-0.0776214 0.150218 0)
(-0.0891554 0.149268 0)
(-0.0999811 0.145848 0)
(-0.109969 0.140415 0)
(-0.119048 0.133387 0)
(-0.127193 0.125133 0)
(-0.134417 0.11597 0)
(-0.140755 0.106161 0)
(-0.146262 0.0959161 0)
(-0.151003 0.085397 0)
(-0.155044 0.074723 0)
(-0.158452 0.0639752 0)
(-0.161288 0.0532033 0)
(-0.163607 0.0424306 0)
(-0.165454 0.0316597 0)
(-0.166862 0.0208775 0)
(-0.167854 0.0100597 0)
(-0.168438 -0.000824929 0)
(-0.168611 -0.0118097 0)
(-0.168355 -0.022926 0)
(-0.167636 -0.0341985 0)
(-0.16641 -0.0456401 0)
(-0.164617 -0.0572461 0)
(-0.162184 -0.0689879 0)
(-0.15903 -0.0808064 0)
(-0.155064 -0.0926044 0)
(-0.150192 -0.10424 0)
(-0.144323 -0.115517 0)
(-0.137376 -0.126183 0)
(-0.129289 -0.135923 0)
(-0.120032 -0.144358 0)
(-0.109619 -0.151049 0)
(-0.0981262 -0.155506 0)
(-0.0856992 -0.157203 0)
(-0.0725722 -0.155602 0)
(-0.0590748 -0.150176 0)
(-0.0456364 -0.140453 0)
(-0.0327848 -0.126046 0)
(-0.0211208 -0.106698 0)
(-0.011278 -0.0823121 0)
(-0.00404892 -0.0529728 0)
(-0.000603095 -0.0189992 0)
(-0.000622959 0.0203033 0)
(-0.00412228 0.0561468 0)
(-0.0113937 0.0866975 0)
(-0.0212061 0.111757 0)
(-0.0327355 0.131382 0)
(-0.0453452 0.145816 0)
(-0.0584514 0.155446 0)
(-0.0715587 0.160763 0)
(-0.0842772 0.162319 0)
(-0.0963183 0.160683 0)
(-0.107485 0.156416 0)
(-0.117661 0.150041 0)
(-0.126792 0.142033 0)
(-0.134878 0.132802 0)
(-0.141954 0.122698 0)
(-0.148082 0.112003 0)
(-0.153338 0.100942 0)
(-0.157808 0.0896814 0)
(-0.161577 0.0783409 0)
(-0.164726 0.0669977 0)
(-0.16733 0.0556941 0)
(-0.169455 0.044444 0)
(-0.171154 0.0332389 0)
(-0.172467 0.0220532 0)
(-0.173421 0.0108494 0)
(-0.174029 -0.000417613 0)
(-0.174287 -0.0117958 0)
(-0.174178 -0.0233313 0)
(-0.173666 -0.0350641 0)
(-0.172703 -0.0470216 0)
(-0.17122 -0.0592137 0)
(-0.169136 -0.0716248 0)
(-0.166355 -0.0842066 0)
(-0.16277 -0.0968695 0)
(-0.158266 -0.109473 0)
(-0.152725 -0.121818 0)
(-0.146037 -0.133638 0)
(-0.13811 -0.144592 0)
(-0.128879 -0.154262 0)
(-0.118327 -0.162157 0)
(-0.106502 -0.167716 0)
(-0.0935331 -0.170328 0)
(-0.0796491 -0.169355 0)
(-0.0651942 -0.164164 0)
(-0.0506359 -0.154174 0)
(-0.0365658 -0.138897 0)
(-0.0236739 -0.117994 0)
(-0.0127016 -0.0913148 0)
(-0.00458361 -0.0589306 0)
(-0.00068877 -0.0211938 0)
(-0.00070703 0.0225358 0)
(-0.00463813 0.062144 0)
(-0.0127514 0.0956777 0)
(-0.0236141 0.122926 0)
(-0.0362615 0.143988 0)
(-0.0499544 0.159183 0)
(-0.0640292 0.169001 0)
(-0.077937 0.174045 0)
(-0.0912598 0.174977 0)
(-0.103702 0.172475 0)
(-0.115076 0.167189 0)
(-0.125286 0.15972 0)
(-0.134305 0.150603 0)
(-0.142162 0.140294 0)
(-0.148924 0.129173 0)
(-0.15468 0.117544 0)
(-0.159535 0.105641 0)
(-0.163596 0.0936338 0)
(-0.166967 0.0816393 0)
(-0.169749 0.0697278 0)
(-0.172028 0.0579318 0)
(-0.17388 0.0462534 0)
(-0.175368 0.0346709 0)
(-0.176538 0.0231443 0)
(-0.177423 0.0116211 0)
(-0.178037 4.07496e-05 0)
(-0.17838 -0.0116609 0)
(-0.178434 -0.0235468 0)
(-0.178163 -0.0356736 0)
(-0.177514 -0.0480865 0)
(-0.176413 -0.0608122 0)
(-0.17477 -0.0738516 0)
(-0.172476 -0.0871712 0)
(-0.169406 -0.100693 0)
(-0.165423 -0.114284 0)
(-0.160384 -0.127744 0)
(-0.154143 -0.140797 0)
(-0.146572 -0.15308 0)
(-0.137565 -0.164139 0)
(-0.127064 -0.173424 0)
(-0.115079 -0.1803 0)
(-0.101707 -0.184057 0)
(-0.0871642 -0.183942 0)
(-0.071799 -0.179192 0)
(-0.056113 -0.169089 0)
(-0.0407648 -0.153015 0)
(-0.0265442 -0.130522 0)
(-0.01432 -0.101384 0)
(-0.00519837 -0.0656422 0)
(-0.000788973 -0.0236838 0)
(-0.000805369 0.0250536 0)
(-0.00523116 0.0688589 0)
(-0.0142934 0.105655 0)
(-0.0263151 0.135226 0)
(-0.0401618 0.157729 0)
(-0.054974 0.17359 0)
(-0.0699999 0.18343 0)
(-0.084636 0.187994 0)
(-0.0984417 0.188083 0)
(-0.111124 0.184499 0)
(-0.122516 0.177998 0)
(-0.132551 0.169268 0)
(-0.141242 0.158907 0)
(-0.148655 0.147419 0)
(-0.154895 0.135214 0)
(-0.160086 0.122613 0)
(-0.164359 0.109856 0)
(-0.167849 0.0971123 0)
(-0.170681 0.0844926 0)
(-0.17297 0.0720567 0)
(-0.174816 0.0598244 0)
(-0.176308 0.0477833 0)
(-0.177513 0.0358962 0)
(-0.178486 0.0241073 0)
(-0.179262 0.0123475 0)
(-0.179861 0.000539261 0)
(-0.180284 -0.011399 0)
(-0.180514 -0.0235484 0)
(-0.180516 -0.0359844 0)
(-0.180233 -0.0487718 0)
(-0.179588 -0.0619571 0)
(-0.178483 -0.0755612 0)
(-0.176799 -0.0895694 0)
(-0.174394 -0.103921 0)
(-0.17111 -0.118494 0)
(-0.166773 -0.133097 0)
(-0.161205 -0.147448 0)
(-0.154233 -0.161168 0)
(-0.145703 -0.173767 0)
(-0.135506 -0.184641 0)
(-0.123597 -0.193072 0)
(-0.110032 -0.198242 0)
(-0.0949936 -0.199264 0)
(-0.078823 -0.195218 0)
(-0.0620471 -0.185216 0)
(-0.0453907 -0.168474 0)
(-0.0297539 -0.144393 0)
(-0.0161541 -0.11264 0)
(-0.00590416 -0.0732087 0)
(-0.000906204 -0.0265137 0)
(-0.000920886 0.0279005 0)
(-0.00591433 0.076388 0)
(-0.0160446 0.116743 0)
(-0.0293369 0.148749 0)
(-0.0444511 0.172655 0)
(-0.0603882 0.189028 0)
(-0.0763004 0.198664 0)
(-0.0915329 0.202486 0)
(-0.105633 0.201464 0)
(-0.118323 0.196547 0)
(-0.129472 0.188613 0)
(-0.13906 0.178444 0)
(-0.147149 0.166704 0)
(-0.153853 0.153944 0)
(-0.15932 0.140601 0)
(-0.163714 0.127006 0)
(-0.167198 0.113402 0)
(-0.169933 0.0999535 0)
(-0.172063 0.0867581 0)
(-0.173721 0.073862 0)
(-0.175018 0.0612688 0)
(-0.176051 0.048949 0)
(-0.176896 0.036848 0)
(-0.17761 0.0248925 0)
(-0.178235 0.0129958 0)
(-0.178792 0.00106224 0)
(-0.179285 -0.0110081 0)
(-0.1797 -0.0233154 0)
(-0.180002 -0.0359555 0)
(-0.180135 -0.0490144 0)
(-0.18002 -0.0625611 0)
(-0.179553 -0.0766398 0)
(-0.178608 -0.0912594 0)
(-0.17703 -0.106381 0)
(-0.174639 -0.121903 0)
(-0.171235 -0.137646 0)
(-0.166602 -0.153335 0)
(-0.16052 -0.16858 0)
(-0.152781 -0.182863 0)
(-0.14321 -0.195527 0)
(-0.131698 -0.205771 0)
(-0.118233 -0.21266 0)
(-0.102947 -0.215152 0)
(-0.0861544 -0.212141 0)
(-0.0683904 -0.20253 0)
(-0.0504408 -0.185318 0)
(-0.0333229 -0.159707 0)
(-0.0182265 -0.125212 0)
(-0.00671404 -0.0817417 0)
(-0.00104361 -0.0297349 0)
(-0.00105752 0.031128 0)
(-0.00670455 0.0848414 0)
(-0.0180359 0.129058 0)
(-0.03271 0.163581 0)
(-0.0491375 0.188789 0)
(-0.066159 0.205446 0)
(-0.0828266 0.214575 0)
(-0.0984432 0.217324 0)
(-0.11256 0.214871 0)
(-0.124939 0.208335 0)
(-0.135502 0.198732 0)
(-0.144295 0.186941 0)
(-0.151441 0.173696 0)
(-0.157115 0.159587 0)
(-0.161515 0.145072 0)
(-0.164846 0.130488 0)
(-0.167307 0.116072 0)
(-0.169082 0.101975 0)
(-0.170336 0.0882787 0)
(-0.171214 0.0750103 0)
(-0.171838 0.0621535 0)
(-0.172311 0.0496594 0)
(-0.172712 0.037454 0)
(-0.173103 0.0254454 0)
(-0.173529 0.0135284 0)
(-0.174013 0.00158922 0)
(-0.174562 -0.0104909 0)
(-0.175165 -0.0228318 0)
(-0.17579 -0.0355501 0)
(-0.176383 -0.0487543 0)
(-0.176866 -0.062538 0)
(-0.177136 -0.0769718 0)
(-0.17706 -0.0920922 0)
(-0.176475 -0.107889 0)
(-0.175186 -0.124287 0)
(-0.172967 -0.141131 0)
(-0.169566 -0.158159 0)
(-0.164715 -0.174986 0)
(-0.158144 -0.191074 0)
(-0.149602 -0.205721 0)
(-0.138897 -0.218046 0)
(-0.125929 -0.226991 0)
(-0.110752 -0.231342 0)
(-0.0936213 -0.229777 0)
(-0.0750592 -0.22094 0)
(-0.0558962 -0.203552 0)
(-0.0372694 -0.17655 0)
(-0.0205643 -0.139227 0)
(-0.00764458 -0.0913647 0)
(-0.00120535 -0.0334066 0)
(-0.00122088 0.0347985 0)
(-0.00762494 0.0943458 0)
(-0.0203073 0.142728 0)
(-0.0364697 0.179793 0)
(-0.0542202 0.206113 0)
(-0.072218 0.222725 0)
(-0.0894182 0.230947 0)
(-0.1051 0.232216 0)
(-0.118847 0.227956 0)
(-0.130485 0.219484 0)
(-0.140022 0.207964 0)
(-0.147585 0.194377 0)
(-0.153379 0.17952 0)
(-0.157647 0.164014 0)
(-0.160644 0.148329 0)
(-0.162618 0.132795 0)
(-0.163801 0.117635 0)
(-0.164399 0.10298 0)
(-0.164594 0.088888 0)
(-0.16454 0.0753623 0)
(-0.164365 0.0623635 0)
(-0.164174 0.0498207 0)
(-0.164049 0.0376396 0)
(-0.164053 0.0257087 0)
(-0.164231 0.0139046 0)
(-0.164608 0.00209535 0)
(-0.165195 -0.00985588 0)
(-0.165983 -0.022088 0)
(-0.166945 -0.0347384 0)
(-0.168032 -0.0479385 0)
(-0.169174 -0.0618076 0)
(-0.170269 -0.076445 0)
(-0.171186 -0.0919191 0)
(-0.17176 -0.108253 0)
(-0.171785 -0.125409 0)
(-0.171017 -0.143263 0)
(-0.169173 -0.161583 0)
(-0.165936 -0.179998 0)
(-0.160971 -0.197972 0)
(-0.153944 -0.21477 0)
(-0.14456 -0.22944 0)
(-0.132607 -0.240801 0)
(-0.118025 -0.247457 0)
(-0.100974 -0.247835 0)
(-0.0819219 -0.240266 0)
(-0.0617177 -0.22312 0)
(-0.0416096 -0.194975 0)
(-0.0232008 -0.154814 0)
(-0.00871799 -0.102215 0)
(-0.00139728 -0.0375982 0)
(-0.00141936 0.038989 0)
(-0.00870864 0.10505 0)
(-0.0229132 0.157883 0)
(-0.0406581 0.197429 0)
(-0.059684 0.224547 0)
(-0.0784526 0.240651 0)
(-0.0958364 0.247454 0)
(-0.111125 0.246747 0)
(-0.123974 0.24025 0)
(-0.134317 0.229503 0)
(-0.142275 0.215825 0)
(-0.148086 0.200292 0)
(-0.152049 0.183752 0)
(-0.154485 0.166847 0)
(-0.155707 0.150038 0)
(-0.156009 0.133641 0)
(-0.155648 0.11785 0)
(-0.15485 0.102766 0)
(-0.153806 0.0884179 0)
(-0.152674 0.0747797 0)
(-0.151581 0.0617861 0)
(-0.150631 0.0493421 0)
(-0.149904 0.0373322 0)
(-0.14946 0.0256259 0)
(-0.149342 0.0140822 0)
(-0.149577 0.00255254 0)
(-0.150178 -0.00911671 0)
(-0.151141 -0.0210821 0)
(-0.152445 -0.0335004 0)
(-0.15405 -0.0465252 0)
(-0.155895 -0.0603016 0)
(-0.157887 -0.0749587 0)
(-0.159906 -0.0905998 0)
(-0.161791 -0.107288 0)
(-0.163335 -0.125027 0)
(-0.164286 -0.14374 0)
(-0.164335 -0.163236 0)
(-0.163127 -0.183183 0)
(-0.160261 -0.20306 0)
(-0.155314 -0.222126 0)
(-0.147874 -0.239376 0)
(-0.13759 -0.25352 0)
(-0.124246 -0.262972 0)
(-0.107857 -0.265879 0)
(-0.088781 -0.260207 0)
(-0.0678364 -0.243879 0)
(-0.046358 -0.214994 0)
(-0.0261803 -0.172096 0)
(-0.00996581 -0.114449 0)
(-0.00162805 -0.0423941 0)
(-0.00166615 0.0437989 0)
(-0.0100049 0.117135 0)
(-0.0259293 0.17466 0)
(-0.045325 0.21649 0)
(-0.0654895 0.243917 0)
(-0.0846823 0.258883 0)
(-0.10173 0.263613 0)
(-0.115987 0.260345 0)
(-0.127243 0.251138 0)
(-0.135588 0.237775 0)
(-0.141296 0.221723 0)
(-0.144742 0.204143 0)
(-0.146334 0.185912 0)
(-0.146474 0.167667 0)
(-0.145534 0.149848 0)
(-0.143842 0.132732 0)
(-0.141678 0.116474 0)
(-0.139278 0.101136 0)
(-0.136831 0.0867097 0)
(-0.134491 0.0731357 0)
(-0.132379 0.0603197 0)
(-0.130591 0.0481424 0)
(-0.129198 0.0364671 0)
(-0.128254 0.0251457 0)
(-0.1278 0.0140214 0)
(-0.127861 0.00293123 0)
(-0.128451 -0.0082925 0)
(-0.129571 -0.0198213 0)
(-0.13121 -0.031829 0)
(-0.133339 -0.0444889 0)
(-0.13591 -0.0579704 0)
(-0.138849 -0.0724325 0)
(-0.14205 -0.0880145 0)
(-0.14537 -0.104823 0)
(-0.148614 -0.122911 0)
(-0.151531 -0.142259 0)
(-0.153805 -0.162737 0)
(-0.15505 -0.184067 0)
(-0.154812 -0.205777 0)
(-0.152579 -0.227147 0)
(-0.147813 -0.247154 0)
(-0.139995 -0.264421 0)
(-0.128714 -0.277183 0)
(-0.113773 -0.283295 0)
(-0.0953448 -0.280296 0)
(-0.07414 -0.265559 0)
(-0.0515255 -0.23655 0)
(-0.0295638 -0.191186 0)
(-0.0114349 -0.128246 0)
(-0.00191121 -0.0478997 0)
(-0.0019829 0.0493618 0)
(-0.0115894 0.130822 0)
(-0.0294621 0.19319 0)
(-0.0505255 0.236904 0)
(-0.0715515 0.263913 0)
(-0.0906183 0.276893 0)
(-0.106578 0.278746 0)
(-0.118941 0.272246 0)
(-0.127709 0.259836 0)
(-0.133194 0.243543 0)
(-0.135867 0.224967 0)
(-0.13626 0.205319 0)
(-0.134898 0.185476 0)
(-0.132264 0.16604 0)
(-0.128778 0.147401 0)
(-0.124792 0.129782 0)
(-0.120595 0.113283 0)
(-0.116417 0.0979161 0)
(-0.112437 0.0836293 0)
(-0.108793 0.0703272 0)
(-0.105592 0.0578851 0)
(-0.102911 0.0461597 0)
(-0.100811 0.0349951 0)
(-0.0993349 0.0242278 0)
(-0.0985148 0.0136883 0)
(-0.0983736 0.00320285 0)
(-0.0989263 -0.00740676 0)
(-0.10018 -0.018323 0)
(-0.102133 -0.0297326 0)
(-0.104771 -0.0418252 0)
(-0.108065 -0.0547912 0)
(-0.111964 -0.068817 0)
(-0.116391 -0.0840772 0)
(-0.121226 -0.100723 0)
(-0.126303 -0.118864 0)
(-0.131391 -0.138545 0)
(-0.136185 -0.159711 0)
(-0.14029 -0.182168 0)
(-0.143214 -0.205521 0)
(-0.14437 -0.229113 0)
(-0.143094 -0.251947 0)
(-0.138685 -0.272605 0)
(-0.130488 -0.289181 0)
(-0.118025 -0.299239 0)
(-0.101181 -0.299847 0)
(-0.0804439 -0.287713 0)
(-0.0571124 -0.259477 0)
(-0.0334366 -0.212171 0)
(-0.0131973 -0.14382 0)
(-0.00226896 -0.0542537 0)
(-0.00240673 0.0558653 0)
(-0.0135804 0.146393 0)
(-0.03366 0.213589 0)
(-0.0563077 0.258478 0)
(-0.0776948 0.284014 0)
(-0.0957924 0.293904 0)
(-0.109607 0.291914 0)
(-0.118935 0.281453 0)
(-0.1241 0.26537 0)
(-0.125705 0.245914 0)
(-0.124459 0.224774 0)
(-0.121065 0.203162 0)
(-0.116163 0.181907 0)
(-0.110301 0.16154 0)
(-0.103928 0.142371 0)
(-0.0974022 0.124545 0)
(-0.0909991 0.108096 0)
(-0.0849271 0.092976 0)
(-0.0793395 0.0790851 0)
(-0.0743475 0.0662902 0)
(-0.0700301 0.0544376 0)
(-0.066443 0.0433616 0)
(-0.0636259 0.0328906 0)
(-0.0616072 0.0228493 0)
(-0.0604088 0.0130601 0)
(-0.060048 0.00334288 0)
(-0.0605398 -0.00648599 0)
(-0.0618965 -0.0166149 0)
(-0.0641273 -0.0272383 0)
(-0.0672359 -0.0385566 0)
(-0.0712165 -0.050776 0)
(-0.0760483 -0.0641056 0)
(-0.0816873 -0.0787518 0)
(-0.0880559 -0.0949087 0)
(-0.0950295 -0.112743 0)
(-0.10242 -0.132373 0)
(-0.109955 -0.153832 0)
(-0.117262 -0.177029 0)
(-0.123841 -0.201684 0)
(-0.129057 -0.227252 0)
(-0.132137 -0.252822 0)
(-0.132196 -0.277006 0)
(-0.128306 -0.29782 0)
(-0.11963 -0.312583 0)
(-0.105641 -0.317878 0)
(-0.0864398 -0.309638 0)
(-0.0630888 -0.283447 0)
(-0.0379162 -0.235093 0)
(-0.0153664 -0.161433 0)
(-0.00273938 -0.0616478 0)
(-0.00300356 0.0635868 0)
(-0.0161659 0.164211 0)
(-0.0387217 0.235919 0)
(-0.0626738 0.280812 0)
(-0.0835649 0.303389 0)
(-0.099431 0.308787 0)
(-0.109647 0.301854 0)
(-0.114479 0.286705 0)
(-0.1147 0.266578 0)
(-0.111278 0.243879 0)
(-0.10518 0.220309 0)
(-0.0972787 0.19701 0)
(-0.0883038 0.174702 0)
(-0.0788393 0.153798 0)
(-0.0693331 0.134498 0)
(-0.0601175 0.11685 0)
(-0.0514307 0.100806 0)
(-0.0434378 0.0862558 0)
(-0.0362487 0.0730496 0)
(-0.0299335 0.0610179 0)
(-0.0245348 0.0499811 0)
(-0.020077 0.0397561 0)
(-0.0165743 0.0301599 0)
(-0.0140357 0.0210112 0)
(-0.0124694 0.0121296 0)
(-0.0118853 0.00333431 0)
(-0.0122968 -0.00555792 0)
(-0.0137213 -0.0147352 0)
(-0.0161797 -0.0243929 0)
(-0.0196945 -0.0347357 0)
(-0.0242865 -0.0459783 0)
(-0.0299696 -0.0583454 0)
(-0.0367433 -0.0720683 0)
(-0.0445816 -0.0873786 0)
(-0.053419 -0.104497 0)
(-0.0631313 -0.123614 0)
(-0.0735119 -0.144862 0)
(-0.0842425 -0.168273 0)
(-0.0948614 -0.193712 0)
(-0.104731 -0.220798 0)
(-0.113012 -0.248784 0)
(-0.118662 -0.276406 0)
(-0.120472 -0.301712 0)
(-0.117186 -0.32187 0)
(-0.107728 -0.333024 0)
(-0.091595 -0.330264 0)
(-0.0693453 -0.307863 0)
(-0.0431539 -0.259896 0)
(-0.0181231 -0.181405 0)
(-0.00339027 -0.0703612 0)
(-0.00389378 0.0729542 0)
(-0.0196453 0.184732 0)
(-0.0448863 0.260104 0)
(-0.0694835 0.303148 0)
(-0.0884532 0.320739 0)
(-0.100239 0.319946 0)
(-0.104915 0.306908 0)
(-0.103453 0.286458 0)
(-0.0972064 0.262131 0)
(-0.0875528 0.236366 0)
(-0.0757143 0.210755 0)
(-0.0626903 0.186272 0)
(-0.0492526 0.163459 0)
(-0.0359698 0.142564 0)
(-0.023242 0.123646 0)
(-0.0113381 0.106642 0)
(-0.000427482 0.0914166 0)
(0.00939152 0.0777947 0)
(0.0180704 0.065582 0)
(0.025593 0.0545776 0)
(0.0319629 0.0445824 0)
(0.0371933 0.0354025 0)
(0.0413006 0.0268505 0)
(0.0442983 0.0187454 0)
(0.0461945 0.0109106 0)
(0.0469883 0.00317108 0)
(0.0466689 -0.00464927 0)
(0.045215 -0.0127314 0)
(0.0425942 -0.0212646 0)
(0.0387651 -0.0304493 0)
(0.0336787 -0.0405004 0)
(0.0272833 -0.0516482 0)
(0.0195307 -0.0641388 0)
(0.0103857 -0.0782313 0)
(-0.000159805 -0.0941907 0)
(-0.0120674 -0.112275 0)
(-0.0252258 -0.132714 0)
(-0.0394156 -0.155669 0)
(-0.0542661 -0.18118 0)
(-0.0692037 -0.209079 0)
(-0.0833975 -0.23886 0)
(-0.0957148 -0.269505 0)
(-0.104709 -0.299245 0)
(-0.108682 -0.325273 0)
(-0.105889 -0.343432 0)
(-0.0949681 -0.347995 0)
(-0.0755797 -0.331702 0)
(-0.0493151 -0.286325 0)
(-0.0217557 -0.204124 0)
(-0.0043455 -0.0808224 0)
(-0.00530019 0.0846567 0)
(-0.0244855 0.208502 0)
(-0.0523654 0.285753 0)
(-0.0762251 0.32412 0)
(-0.090961 0.334066 0)
(-0.0960346 0.325171 0)
(-0.0926833 0.304985 0)
(-0.0828445 0.27893 0)
(-0.0685432 0.25063 0)
(-0.0515534 0.222355 0)
(-0.0332811 0.195426 0)
(-0.0147672 0.170536 0)
(0.00326049 0.147975 0)
(0.020322 0.127785 0)
(0.0361237 0.109866 0)
(0.0505052 0.0940369 0)
(0.063398 0.080079 0)
(0.0747939 0.0677605 0)
(0.0847214 0.0568508 0)
(0.0932287 0.047128 0)
(0.100372 0.0383831 0)
(0.106207 0.0304205 0)
(0.110782 0.0230568 0)
(0.114135 0.016119 0)
(0.116292 0.00944112 0)
(0.117261 0.00286102 0)
(0.117037 -0.00378371 0)
(0.115593 -0.0106598 0)
(0.112889 -0.0179424 0)
(0.108864 -0.0258197 0)
(0.103443 -0.0344963 0)
(0.0965368 -0.0441971 0)
(0.0880459 -0.0551701 0)
(0.0778697 -0.0676869 0)
(0.065917 -0.0820417 0)
(0.0521233 -0.0985444 0)
(0.0364771 -0.117508 0)
(0.0190561 -0.139222 0)
(7.85052e-05 -0.163907 0)
(-0.0200302 -0.191642 0)
(-0.0405535 -0.222236 0)
(-0.0603902 -0.255042 0)
(-0.0779701 -0.288674 0)
(-0.0912209 -0.320603 0)
(-0.097679 -0.34666 0)
(-0.0948709 -0.360498 0)
(-0.0810472 -0.35324 0)
(-0.0564895 -0.313717 0)
(-0.0267101 -0.230015 0)
(-0.00583372 -0.0937186 0)
(-0.00762907 0.0998285 0)
(-0.0313688 0.23605 0)
(-0.0611043 0.311771 0)
(-0.081508 0.341319 0)
(-0.0883759 0.340379 0)
(-0.0831586 0.321529 0)
(-0.0688107 0.293594 0)
(-0.0484288 0.26223 0)
(-0.0246826 0.230783 0)
(0.000389978 0.20107 0)
(0.0253592 0.17395 0)
(0.049291 0.149722 0)
(0.0716229 0.128367 0)
(0.092055 0.109702 0)
(0.110465 0.0934664 0)
(0.126846 0.079372 0)
(0.141258 0.0671324 0)
(0.153801 0.0564758 0)
(0.16459 0.0471513 0)
(0.173742 0.0389307 0)
(0.181367 0.0316077 0)
(0.187564 0.0249956 0)
(0.192412 0.0189246 0)
(0.195974 0.0132373 0)
(0.19829 0.00778602 0)
(0.199381 0.00242763 0)
(0.199242 -0.00298006 0)
(0.197849 -0.00858293 0)
(0.195152 -0.0145351 0)
(0.191075 -0.0210035 0)
(0.185521 -0.028173 0)
(0.178365 -0.0362509 0)
(0.169463 -0.0454718 0)
(0.15865 -0.0561021 0)
(0.14575 -0.0684434 0)
(0.130588 -0.0828331 0)
(0.113012 -0.0996417 0)
(0.0929246 -0.119261 0)
(0.0703322 -0.142078 0)
(0.0454217 -0.168421 0)
(0.0186629 -0.198458 0)
(-0.00905199 -0.232023 0)
(-0.0362401 -0.268317 0)
(-0.0606611 -0.30543 0)
(-0.0792429 -0.339638 0)
(-0.0882718 -0.364455 0)
(-0.0840333 -0.369635 0)
(-0.0644168 -0.340586 0)
(-0.0336199 -0.259404 0)
(-0.00826785 -0.110175 0)
(-0.0115599 0.120299 0)
(-0.0410878 0.267517 0)
(-0.0700862 0.33563 0)
(-0.0819789 0.350689 0)
(-0.0755627 0.335408 0)
(-0.0555733 0.305388 0)
(-0.0271293 0.270089 0)
(0.00557117 0.234698 0)
(0.039486 0.201754 0)
(0.0726251 0.172285 0)
(0.103806 0.146515 0)
(0.132409 0.124272 0)
(0.15818 0.105216 0)
(0.181094 0.0889505 0)
(0.201258 0.0750835 0)
(0.218848 0.0632521 0)
(0.23407 0.0531315 0)
(0.247137 0.0444358 0)
(0.258248 0.0369161 0)
(0.267586 0.0303555 0)
(0.275312 0.0245651 0)
(0.281558 0.019379 0)
(0.286432 0.0146495 0)
(0.290015 0.0102431 0)
(0.292361 0.0060361 0)
(0.293499 0.00191019 0)
(0.293429 -0.00225148 0)
(0.292125 -0.00656862 0)
(0.289533 -0.0111682 0)
(0.28557 -0.0161892 0)
(0.280119 -0.0217874 0)
(0.273032 -0.028141 0)
(0.264126 -0.0354565 0)
(0.253185 -0.0439754 0)
(0.239957 -0.0539815 0)
(0.224164 -0.0658078 0)
(0.205513 -0.0798435 0)
(0.183715 -0.0965376 0)
(0.15853 -0.116394 0)
(0.129828 -0.139951 0)
(0.097695 -0.167722 0)
(0.0626011 -0.200069 0)
(0.0256325 -0.236946 0)
(-0.0111919 -0.277419 0)
(-0.0445848 -0.318819 0)
(-0.0697901 -0.355389 0)
(-0.0807834 -0.376363 0)
(-0.0717354 -0.36386 0)
(-0.0431512 -0.292078 0)
(-0.0123199 -0.131982 0)
(-0.0179413 0.148943 0)
(-0.0537428 0.301534 0)
(-0.0754444 0.35197 0)
(-0.0701211 0.345737 0)
(-0.0431337 0.313541 0)
(-0.00364932 0.272841 0)
(0.0411889 0.232291 0)
(0.08669 0.195541 0)
(0.13009 0.163709 0)
(0.169969 0.136756 0)
(0.205752 0.114186 0)
(0.23736 0.0953721 0)
(0.264978 0.0797065 0)
(0.288922 0.0666472 0)
(0.309553 0.0557326 0)
(0.327236 0.0465765 0)
(0.342314 0.0388578 0)
(0.355096 0.03231 0)
(0.365855 0.0267108 0)
(0.37482 0.021874 0)
(0.382188 0.0176421 0)
(0.388115 0.0138802 0)
(0.392725 0.0104712 0)
(0.396112 0.00731097 0)
(0.398336 0.00430432 0)
(0.399433 0.00136143 0)
(0.399405 -0.00160594 0)
(0.398229 -0.00468812 0)
(0.395849 -0.0079812 0)
(0.392178 -0.0115912 0)
(0.387095 -0.0156385 0)
(0.380437 -0.0202632 0)
(0.372002 -0.0256307 0)
(0.361538 -0.0319399 0)
(0.348744 -0.0394316 0)
(0.333263 -0.0483996 0)
(0.314684 -0.059205 0)
(0.292548 -0.0722912 0)
(0.266366 -0.088201 0)
(0.235661 -0.107589 0)
(0.200043 -0.13122 0)
(0.159359 -0.15992 0)
(0.113942 -0.194427 0)
(0.0650234 -0.23503 0)
(0.0153364 -0.28076 0)
(-0.0301322 -0.327799 0)
(-0.0634344 -0.36659 0)
(-0.0740541 -0.377507 0)
(-0.0550808 -0.326072 0)
(-0.0187623 -0.161902 0)
(-0.0268138 0.190652 0)
(-0.0658196 0.332388 0)
(-0.0658025 0.349887 0)
(-0.0300846 0.316526 0)
(0.0252405 0.268195 0)
(0.0871276 0.220702 0)
(0.147955 0.179574 0)
(0.20399 0.145744 0)
(0.253794 0.118485 0)
(0.297158 0.0966582 0)
(0.334457 0.0791654 0)
(0.366308 0.065086 0)
(0.393383 0.0536889 0)
(0.416331 0.0444048 0)
(0.435735 0.0367929 0)
(0.452107 0.0305096 0)
(0.465883 0.0252856 0)
(0.477434 0.0209067 0)
(0.487065 0.0172012 0)
(0.49503 0.0140295 0)
(0.501534 0.0112765 0)
(0.506741 0.00884586 0)
(0.510776 0.0066556 0)
(0.513735 0.00463395 0)
(0.515678 0.00271624 0)
(0.516639 0.000842003 0)
(0.516626 -0.00104782 0)
(0.515616 -0.00301358 0)
(0.513558 -0.00511972 0)
(0.51037 -0.00743781 0)
(0.505933 -0.0100501 0)
(0.500092 -0.0130534 0)
(0.492643 -0.0165646 0)
(0.48333 -0.0207267 0)
(0.471836 -0.0257177 0)
(0.457771 -0.0317622 0)
(0.44066 -0.0391468 0)
(0.419933 -0.0482419 0)
(0.394915 -0.0595311 0)
(0.364832 -0.0736498 0)
(0.328825 -0.0914308 0)
(0.286035 -0.113948 0)
(0.235768 -0.142522 0)
(0.177872 -0.178595 0)
(0.113438 -0.223246 0)
(0.0460594 -0.275803 0)
(-0.0162902 -0.330509 0)
(-0.0594519 -0.370049 0)
(-0.0652424 -0.354796 0)
(-0.0273685 -0.204581 0)
(-0.0329078 0.250541 0)
(-0.0617279 0.343916 0)
(-0.0121475 0.309912 0)
(0.0692399 0.250204 0)
(0.156011 0.194039 0)
(0.236805 0.148908 0)
(0.307325 0.114754 0)
(0.366945 0.0893191 0)
(0.416638 0.0703104 0)
(0.45783 0.0559407 0)
(0.49193 0.0449249 0)
(0.520176 0.0363601 0)
(0.543608 0.0296136 0)
(0.563075 0.024237 0)
(0.579266 0.019907 0)
(0.592741 0.0163859 0)
(0.60395 0.0134953 0)
(0.613257 0.0110986 0)
(0.620954 0.00908964 0)
(0.627276 0.00738411 0)
(0.632409 0.00591413 0)
(0.636498 0.00462396 0)
(0.639655 0.00346683 0)
(0.641961 0.00240245 0)
(0.643469 0.00139494 0)
(0.64421 0.00041103 0)
(0.644189 -0.00058163 0)
(0.643388 -0.00161603 0)
(0.641765 -0.00272752 0)
(0.63925 -0.00395563 0)
(0.635744 -0.00534617 0)
(0.631113 -0.00695383 0)
(0.625179 -0.00884547 0)
(0.617717 -0.0111045 0)
(0.60844 -0.0138368 0)
(0.596983 -0.0171795 0)
(0.58289 -0.0213134 0)
(0.565584 -0.0264816 0)
(0.544339 -0.0330184 0)
(0.518239 -0.0413923 0)
(0.48614 -0.0522735 0)
(0.446633 -0.066633 0)
(0.398048 -0.0858799 0)
(0.338576 -0.112017 0)
(0.266725 -0.147696 0)
(0.182564 -0.195683 0)
(0.0900646 -0.256508 0)
(0.000789015 -0.322307 0)
(-0.0572516 -0.361108 0)
(-0.0321992 -0.263993 0)
(0.00113745 0.295029 0)
(0.0169299 0.298685 0)
(0.152193 0.212866 0)
(0.282225 0.144904 0)
(0.386573 0.0989575 0)
(0.468677 0.0689087 0)
(0.532738 0.049384 0)
(0.582665 0.0364627 0)
(0.621858 0.0276309 0)
(0.652933 0.0213814 0)
(0.677807 0.0168178 0)
(0.697882 0.0133952 0)
(0.714194 0.0107716 0)
(0.727522 0.00872466 0)
(0.738457 0.00710403 0)
(0.747454 0.00580462 0)
(0.754867 0.00475058 0)
(0.760972 0.00388561 0)
(0.765986 0.00316696 0)
(0.770079 0.00256147 0)
(0.773386 0.00204289 0)
(0.776008 0.00159002 0)
(0.778022 0.00118532 0)
(0.779485 0.000813885 0)
(0.780434 0.000462569 0)
(0.780888 0.000119273 0)
(0.780852 -0.000227711 0)
(0.780313 -0.000590342 0)
(0.779242 -0.000981469 0)
(0.777591 -0.00141556 0)
(0.775291 -0.00190953 0)
(0.77225 -0.00248381 0)
(0.768344 -0.00316368 0)
(0.763412 -0.00398115 0)
(0.757249 -0.00497755 0)
(0.749587 -0.00620755 0)
(0.740084 -0.00774504 0)
(0.728292 -0.00969283 0)
(0.713624 -0.0121984 0)
(0.6953 -0.0154808 0)
(0.672262 -0.0198789 0)
(0.643062 -0.0259368 0)
(0.605686 -0.0345621 0)
(0.557327 -0.0473086 0)
(0.49421 -0.0668382 0)
(0.411831 -0.0974565 0)
(0.305245 -0.145275 0)
(0.170089 -0.217018 0)
(0.0268387 -0.307141 0)
(0.00521054 -0.303098 0)
(0.290305 0.152462 0)
(0.389676 0.128285 0)
(0.565567 0.0747402 0)
(0.683262 0.0421847 0)
(0.752576 0.0244321 0)
(0.79718 0.0147499 0)
(0.827834 0.00941223 0)
(0.84972 0.00636939 0)
(0.865892 0.00453528 0)
(0.878198 0.00335836 0)
(0.887768 0.00255881 0)
(0.895328 0.00198973 0)
(0.901371 0.00156994 0)
(0.906243 0.00125185 0)
(0.910196 0.00100585 0)
(0.913419 0.000812445 0)
(0.916053 0.000658191 0)
(0.918207 0.000533464 0)
(0.919966 0.000431152 0)
(0.921393 0.000345871 0)
(0.92254 0.000273451 0)
(0.923445 0.00021059 0)
(0.924135 0.000154607 0)
(0.924631 0.000103261 0)
(0.924946 5.45997e-05 0)
(0.925088 6.84769e-06 0)
(0.925056 -4.1706e-05 0)
(0.924847 -9.28293e-05 0)
(0.924449 -0.000148422 0)
(0.923843 -0.000210653 0)
(0.923005 -0.000282097 0)
(0.921898 -0.000365907 0)
(0.920476 -0.000466054 0)
(0.918677 -0.000587647 0)
(0.916423 -0.000737418 0)
(0.913609 -0.000924463 0)
(0.910099 -0.00116144 0)
(0.905714 -0.0014666 0)
(0.90021 -0.00186752 0)
(0.893253 -0.0024081 0)
(0.884366 -0.00316278 0)
(0.872842 -0.00426624 0)
(0.857579 -0.00597749 0)
(0.836762 -0.00881764 0)
(0.807323 -0.0138473 0)
(0.763971 -0.0231591 0)
(0.695758 -0.0407163 0)
(0.577976 -0.0737316 0)
(0.398146 -0.128773 0)
(0.293918 -0.153831 0)
)
;

boundaryField
{
    movingWall
    {
        type            fixedValue;
        value           uniform (1 0 0);
    }
    fixedWalls
    {
        type            noSlip;
    }
    frontAndBack
    {
        type            empty;
    }
}


// ************************************************************************* //
