/*--------------------------------*- C++ -*----------------------------------*\
  =========                 |
  \\      /  F ield         | OpenFOAM: The Open Source CFD Toolbox
   \\    /   O peration     | Website:  https://openfoam.org
    \\  /    A nd           | Version:  7
     \\/     M anipulation  |
\*---------------------------------------------------------------------------*/
FoamFile
{
    version     2.0;
    format      ascii;
    class       surfaceScalarField;
    location    "0.0068";
    object      phi;
}
// * * * * * * * * * * * * * * * * * * * * * * * * * * * * * * * * * * * * * //

dimensions      [0 3 -1 0 0 0 0];

internalField   nonuniform List<scalar> 
4900
(
6.25772e-10
-6.25944e-10
2.80189e-10
3.45587e-10
-1.44375e-09
1.72395e-09
-4.45507e-09
3.01132e-09
-8.50185e-09
4.04678e-09
-1.33097e-08
4.8079e-09
-1.86292e-08
5.31944e-09
-2.42501e-08
5.62098e-09
-3.00031e-08
5.75298e-09
-3.57546e-08
5.75152e-09
-4.14013e-08
5.64672e-09
-4.68639e-08
5.46261e-09
-5.20816e-08
5.21769e-09
-5.70074e-08
4.9258e-09
-6.16044e-08
4.59703e-09
-6.58431e-08
4.2387e-09
-6.96992e-08
3.85611e-09
-7.31524e-08
3.45321e-09
-7.61855e-08
3.03309e-09
-7.87838e-08
2.59829e-09
-8.09349e-08
2.1511e-09
-8.26285e-08
1.69361e-09
-8.38564e-08
1.22788e-09
-8.46124e-08
7.55947e-10
-8.48922e-08
2.79848e-10
-8.46939e-08
-1.98347e-10
-8.40173e-08
-6.76559e-10
-8.28647e-08
-1.15267e-09
-8.12401e-08
-1.62454e-09
-7.91501e-08
-2.08997e-09
-7.66034e-08
-2.54672e-09
-7.3611e-08
-2.99243e-09
-7.01865e-08
-3.42452e-09
-6.63464e-08
-3.84009e-09
-6.21107e-08
-4.23567e-09
-5.75039e-08
-4.60685e-09
-5.2556e-08
-4.94785e-09
-4.73052e-08
-5.25085e-09
-4.17999e-08
-5.50526e-09
-3.61031e-08
-5.69677e-09
-3.02967e-08
-5.80644e-09
-2.44867e-08
-5.80995e-09
-1.88097e-08
-5.67702e-09
-1.34381e-08
-5.37162e-09
-8.58455e-09
-4.85355e-09
-4.50083e-09
-4.08372e-09
-1.4628e-09
-3.03801e-09
2.76881e-10
-1.73967e-09
6.28708e-10
-3.51821e-10
6.28736e-10
-3.37474e-10
-2.88466e-10
-3.06024e-09
3.06836e-09
-8.71927e-09
7.38299e-09
-1.71322e-08
1.14243e-08
-2.78637e-08
1.47783e-08
-4.03835e-08
1.73277e-08
-5.41628e-08
1.90988e-08
-6.87241e-08
2.01823e-08
-8.366e-08
2.06889e-08
-9.86352e-08
2.07267e-08
-1.1338e-07
2.03917e-08
-1.27682e-07
1.97643e-08
-1.41372e-07
1.89083e-08
-1.5432e-07
1.78733e-08
-1.66419e-07
1.66966e-08
-1.77587e-07
1.54059e-08
-1.87752e-07
1.40218e-08
-1.96859e-07
1.25602e-08
-2.04859e-07
1.10332e-08
-2.11712e-07
9.45107e-09
-2.17384e-07
7.82276e-09
-2.21847e-07
6.15643e-09
-2.25079e-07
4.45988e-09
-2.27064e-07
2.74075e-09
-2.2779e-07
1.00664e-09
-2.27254e-07
-7.34831e-10
-2.25454e-07
-2.47595e-09
-2.22398e-07
-4.20894e-09
-2.18097e-07
-5.92586e-09
-2.12568e-07
-7.61856e-09
-2.05836e-07
-9.27854e-09
-1.97932e-07
-1.08968e-08
-1.88893e-07
-1.24634e-08
-1.78766e-07
-1.3967e-08
-1.67608e-07
-1.5394e-08
-1.55488e-07
-1.67271e-08
-1.42491e-07
-1.79442e-08
-1.28726e-07
-1.90159e-08
-1.14328e-07
-1.99032e-08
-9.94699e-08
-2.05552e-08
-8.43699e-08
-2.09064e-08
-6.93041e-08
-2.08758e-08
-5.46144e-08
-2.03668e-08
-4.07146e-08
-1.92714e-08
-2.8088e-08
-1.74801e-08
-1.72681e-08
-1.49036e-08
-8.78828e-09
-1.15178e-08
-3.08503e-09
-7.44291e-09
-3.40632e-10
-3.09618e-09
2.88094e-10
-1.69886e-09
1.41041e-09
-7.35195e-09
8.72144e-09
-1.70323e-08
1.70633e-08
-3.04123e-08
2.48043e-08
-4.69169e-08
3.12829e-08
-6.58641e-08
3.62749e-08
-8.65617e-08
3.97963e-08
-1.08366e-07
4.19871e-08
-1.30714e-07
4.30362e-08
-1.53127e-07
4.31397e-08
-1.75213e-07
4.24784e-08
-1.96657e-07
4.12078e-08
-2.17204e-07
3.94553e-08
-2.36652e-07
3.73214e-08
-2.54839e-07
3.48832e-08
-2.71632e-07
3.21996e-08
-2.86925e-07
2.93148e-08
-3.00628e-07
2.6263e-08
-3.12666e-07
2.30713e-08
-3.22977e-07
1.97621e-08
-3.31509e-07
1.63548e-08
-3.3822e-07
1.28673e-08
-3.43077e-07
9.31624e-09
-3.46054e-07
5.718e-09
-3.47136e-07
2.08868e-09
-3.46315e-07
-1.55562e-09
-3.43592e-07
-5.19867e-09
-3.38977e-07
-8.82402e-09
-3.32488e-07
-1.24149e-08
-3.24153e-07
-1.5954e-08
-3.14008e-07
-1.94232e-08
-3.02102e-07
-2.28031e-08
-2.88493e-07
-2.60723e-08
-2.73254e-07
-2.9206e-08
-2.56474e-07
-3.21745e-08
-2.3826e-07
-3.49409e-08
-2.18746e-07
-3.74578e-08
-1.98099e-07
-3.96632e-08
-1.76525e-07
-4.14768e-08
-1.54285e-07
-4.27951e-08
-1.31704e-07
-4.34883e-08
-1.0918e-07
-4.33991e-08
-8.72011e-08
-4.23459e-08
-6.63393e-08
-4.01332e-08
-4.72457e-08
-3.65737e-08
-3.06186e-08
-3.15306e-08
-1.71442e-08
-2.49923e-08
-7.39912e-09
-1.7188e-08
-1.71011e-09
-8.78518e-09
-1.42204e-09
-2.98511e-09
4.39552e-09
-1.14361e-08
1.71725e-08
-2.48977e-08
3.05249e-08
-4.27691e-08
4.26757e-08
-6.43085e-08
5.28223e-08
-8.87067e-08
6.06732e-08
-1.15158e-07
6.62476e-08
-1.42911e-07
6.97396e-08
-1.71296e-07
7.14218e-08
-1.99742e-07
7.15855e-08
-2.2777e-07
7.05059e-08
-2.54986e-07
6.84248e-08
-2.81075e-07
6.55434e-08
-3.05777e-07
6.20234e-08
-3.28884e-07
5.79909e-08
-3.50228e-07
5.3543e-08
-3.69667e-07
4.87544e-08
-3.87087e-07
4.36829e-08
-4.02391e-07
3.8375e-08
-4.15498e-07
3.2869e-08
-4.26341e-07
2.71984e-08
-4.34868e-07
2.13934e-08
-4.41034e-07
1.54826e-08
-4.44809e-07
9.49329e-09
-4.46173e-07
3.45267e-09
-4.45117e-07
-2.61231e-09
-4.41641e-07
-8.67454e-09
-4.35758e-07
-1.47065e-08
-4.27493e-07
-2.06802e-08
-4.16881e-07
-2.65664e-08
-4.03969e-07
-3.23345e-08
-3.88821e-07
-3.79518e-08
-3.71511e-07
-4.33816e-08
-3.52135e-07
-4.85819e-08
-3.30808e-07
-5.35023e-08
-3.07668e-07
-5.80802e-08
-2.8289e-07
-6.22364e-08
-2.56684e-07
-6.58687e-08
-2.29315e-07
-6.88459e-08
-2.01108e-07
-7.10019e-08
-1.72465e-07
-7.21316e-08
-1.43874e-07
-7.19906e-08
-1.15917e-07
-7.03026e-08
-8.92733e-08
-6.67769e-08
-6.47033e-08
-6.11438e-08
-4.30197e-08
-5.32142e-08
-2.50362e-08
-4.29758e-08
-1.14965e-08
-3.07277e-08
-3.00038e-09
-1.72813e-08
-4.42243e-09
-4.05478e-09
8.45031e-09
-1.49649e-08
2.80826e-08
-3.17855e-08
4.73456e-08
-5.36136e-08
6.45037e-08
-7.95178e-08
7.87266e-08
-1.08562e-07
8.97174e-08
-1.39845e-07
9.75301e-08
-1.72532e-07
1.02427e-07
-2.05885e-07
1.04774e-07
-2.39262e-07
1.04963e-07
-2.72126e-07
1.0337e-07
-3.04031e-07
1.00329e-07
-3.3461e-07
9.61227e-08
-3.63566e-07
9.09792e-08
-3.90655e-07
8.50798e-08
-4.15677e-07
7.85655e-08
-4.38468e-07
7.15457e-08
-4.58892e-07
6.41063e-08
-4.76833e-07
5.63163e-08
-4.92197e-07
4.82334e-08
-5.04906e-07
3.99074e-08
-5.14897e-07
3.13836e-08
-5.22118e-07
2.27044e-08
-5.26536e-07
1.39104e-08
-5.28124e-07
5.04159e-09
-5.26874e-07
-3.86234e-09
-5.22788e-07
-1.27615e-08
-5.15879e-07
-2.16155e-08
-5.06176e-07
-3.03828e-08
-4.93722e-07
-3.90205e-08
-4.78573e-07
-4.74834e-08
-4.60802e-07
-5.57225e-08
-4.405e-07
-6.36835e-08
-4.17779e-07
-7.13036e-08
-3.92773e-07
-7.85081e-08
-3.65648e-07
-8.52047e-08
-3.36607e-07
-9.12773e-08
-3.05898e-07
-9.65779e-08
-2.73825e-07
-1.00919e-07
-2.40763e-07
-1.04064e-07
-2.07168e-07
-1.05727e-07
-1.73588e-07
-1.0557e-07
-1.40676e-07
-1.03215e-07
-1.09182e-07
-9.82709e-08
-7.99485e-08
-9.03768e-08
-5.38861e-08
-7.92767e-08
-3.19355e-08
-6.49263e-08
-1.50298e-08
-4.76333e-08
-4.07085e-09
-2.82403e-08
-8.49325e-09
-4.90182e-09
1.33521e-08
-1.78748e-08
4.10556e-08
-3.7578e-08
6.70488e-08
-6.28245e-08
8.97503e-08
-9.2491e-08
1.08393e-07
-1.25511e-07
1.22737e-07
-1.6089e-07
1.32909e-07
-1.97726e-07
1.39263e-07
-2.3522e-07
1.42268e-07
-2.72683e-07
1.42427e-07
-3.09534e-07
1.40221e-07
-3.45288e-07
1.36083e-07
-3.79544e-07
1.30379e-07
-4.11975e-07
1.2341e-07
-4.42311e-07
1.15416e-07
-4.7033e-07
1.06585e-07
-4.95849e-07
9.70642e-08
-5.18714e-07
8.69714e-08
-5.38798e-07
7.64004e-08
-5.55995e-07
6.54305e-08
-5.70218e-07
5.41301e-08
-5.81395e-07
4.25614e-08
-5.89473e-07
3.07821e-08
-5.9441e-07
1.88478e-08
-5.96182e-07
6.81277e-09
-5.94775e-07
-5.26918e-09
-5.90192e-07
-1.7344e-08
-5.82451e-07
-2.93568e-08
-5.71582e-07
-4.12515e-08
-5.57633e-07
-5.29696e-08
-5.40667e-07
-6.44493e-08
-5.20766e-07
-7.56238e-08
-4.98031e-07
-8.64187e-08
-4.72586e-07
-9.67483e-08
-4.44584e-07
-1.06511e-07
-4.14208e-07
-1.1558e-07
-3.81684e-07
-1.23801e-07
-3.47286e-07
-1.30976e-07
-3.1135e-07
-1.36855e-07
-2.74284e-07
-1.4113e-07
-2.36585e-07
-1.43427e-07
-1.98846e-07
-1.43309e-07
-1.61768e-07
-1.40293e-07
-1.26161e-07
-1.33877e-07
-9.29394e-08
-1.23599e-07
-6.31047e-08
-1.09111e-07
-3.77292e-08
-9.03018e-08
-1.79381e-08
-6.74244e-08
-4.91646e-09
-4.12619e-08
-1.34097e-08
-5.56233e-09
1.89145e-08
-2.02313e-08
5.57245e-08
-4.23696e-08
8.91871e-08
-7.05466e-08
1.17927e-07
-1.03458e-07
1.41304e-07
-1.39908e-07
1.59187e-07
-1.7881e-07
1.71811e-07
-2.19194e-07
1.79647e-07
-2.60211e-07
1.83285e-07
-3.01131e-07
1.83347e-07
-3.41338e-07
1.80427e-07
-3.80317e-07
1.75062e-07
-4.17643e-07
1.67705e-07
-4.52966e-07
1.58733e-07
-4.85997e-07
1.48447e-07
-5.16498e-07
1.37086e-07
-5.44272e-07
1.24838e-07
-5.69153e-07
1.11853e-07
-5.91005e-07
9.82519e-08
-6.09712e-07
8.41379e-08
-6.25182e-07
6.95996e-08
-6.37337e-07
5.47171e-08
-6.4612e-07
3.95651e-08
-6.51487e-07
2.42148e-08
-6.53411e-07
8.73609e-09
-6.51878e-07
-6.80219e-09
-6.46891e-07
-2.23308e-08
-6.38468e-07
-3.77795e-08
-6.26643e-07
-5.30763e-08
-6.11467e-07
-6.81461e-08
-5.93007e-07
-8.29095e-08
-5.7135e-07
-9.728e-08
-5.46607e-07
-1.11162e-07
-5.18912e-07
-1.24444e-07
-4.88427e-07
-1.36996e-07
-4.55351e-07
-1.48656e-07
-4.19926e-07
-1.59226e-07
-3.82446e-07
-1.68456e-07
-3.4327e-07
-1.76032e-07
-3.02831e-07
-1.81568e-07
-2.61656e-07
-1.84601e-07
-2.20375e-07
-1.84591e-07
-1.7973e-07
-1.80938e-07
-1.40584e-07
-1.73024e-07
-1.03918e-07
-1.60264e-07
-7.08291e-08
-1.422e-07
-4.25178e-08
-1.18613e-07
-2.02904e-08
-8.96519e-08
-5.57449e-09
-5.59778e-08
-1.89842e-08
-6.08321e-09
2.49977e-08
-2.21518e-08
7.17931e-08
-4.63542e-08
1.1339e-07
-7.70596e-08
1.48633e-07
-1.12801e-07
1.77046e-07
-1.52259e-07
1.98645e-07
-1.94256e-07
2.13808e-07
-2.37752e-07
2.23144e-07
-2.81849e-07
2.27382e-07
-3.25779e-07
2.27276e-07
-3.68895e-07
2.23543e-07
-4.10658e-07
2.16825e-07
-4.50624e-07
2.07671e-07
-4.88425e-07
1.96534e-07
-5.23759e-07
1.83781e-07
-5.56374e-07
1.69702e-07
-5.86064e-07
1.54528e-07
-6.12655e-07
1.38444e-07
-6.36003e-07
1.216e-07
-6.55988e-07
1.04123e-07
-6.72512e-07
8.61232e-08
-6.85495e-07
6.76999e-08
-6.94875e-07
4.89454e-08
-7.00608e-07
2.99475e-08
-7.02664e-07
1.07921e-08
-7.0103e-07
-8.43625e-09
-6.95708e-07
-2.76525e-08
-6.86717e-07
-4.67704e-08
-6.74092e-07
-6.57015e-08
-6.57885e-07
-8.43531e-08
-6.38167e-07
-1.02627e-07
-6.1503e-07
-1.20417e-07
-5.88588e-07
-1.37604e-07
-5.58982e-07
-1.5405e-07
-5.26383e-07
-1.69595e-07
-4.91e-07
-1.84039e-07
-4.53087e-07
-1.97139e-07
-4.12953e-07
-2.0859e-07
-3.70973e-07
-2.18012e-07
-3.27603e-07
-2.24938e-07
-2.83395e-07
-2.28809e-07
-2.3901e-07
-2.28976e-07
-1.9523e-07
-2.24718e-07
-1.52969e-07
-2.15284e-07
-1.13279e-07
-1.99954e-07
-7.73472e-08
-1.78132e-07
-4.65004e-08
-1.4946e-07
-2.22068e-08
-1.13946e-07
-6.09291e-09
-7.20916e-08
-2.50771e-08
-6.50924e-09
3.15069e-08
-2.37632e-08
8.9047e-08
-4.97548e-08
1.39381e-07
-8.26903e-08
1.81568e-07
-1.2096e-07
2.15316e-07
-1.63127e-07
2.40812e-07
-2.07922e-07
2.58603e-07
-2.54238e-07
2.6946e-07
-3.01124e-07
2.74268e-07
-3.47773e-07
2.73925e-07
-3.93509e-07
2.69279e-07
-4.37772e-07
2.61088e-07
-4.80098e-07
2.49997e-07
-5.20106e-07
2.36543e-07
-5.57483e-07
2.21158e-07
-5.9197e-07
2.04188e-07
-6.2335e-07
1.85908e-07
-6.51446e-07
1.6654e-07
-6.76109e-07
1.46262e-07
-6.97215e-07
1.25229e-07
-7.14663e-07
1.03571e-07
-7.28372e-07
8.14086e-08
-7.38278e-07
5.88514e-08
-7.44335e-07
3.60045e-08
-7.46513e-07
1.29701e-08
-7.44798e-07
-1.01511e-08
-7.39192e-07
-3.32583e-08
-7.29714e-07
-5.62488e-08
-7.16398e-07
-7.90172e-08
-6.99298e-07
-1.01453e-07
-6.78485e-07
-1.23439e-07
-6.54055e-07
-1.44848e-07
-6.26123e-07
-1.65536e-07
-5.94834e-07
-1.85339e-07
-5.60366e-07
-2.04063e-07
-5.22934e-07
-2.2147e-07
-4.82802e-07
-2.37271e-07
-4.4029e-07
-2.51102e-07
-3.95788e-07
-2.62514e-07
-3.49771e-07
-2.70955e-07
-3.02814e-07
-2.75766e-07
-2.55609e-07
-2.76181e-07
-2.08979e-07
-2.71348e-07
-1.63892e-07
-2.60371e-07
-1.2147e-07
-2.42377e-07
-8.29929e-08
-2.16609e-07
-4.99047e-08
-1.82548e-07
-2.38168e-08
-1.40033e-07
-6.51724e-09
-8.93911e-08
-3.15944e-08
-6.87878e-09
3.83857e-08
-2.51833e-08
1.07352e-07
-5.27875e-08
1.66985e-07
-8.77624e-08
2.16543e-07
-1.28371e-07
2.55924e-07
-1.73065e-07
2.85507e-07
-2.20487e-07
3.06024e-07
-2.69457e-07
3.18431e-07
-3.18971e-07
3.23782e-07
-3.68181e-07
3.23135e-07
-4.1638e-07
3.17479e-07
-4.62985e-07
3.07693e-07
-5.07517e-07
2.94528e-07
-5.49581e-07
2.78607e-07
-5.88854e-07
2.60431e-07
-6.25071e-07
2.40404e-07
-6.5801e-07
2.18848e-07
-6.8749e-07
1.9602e-07
-7.13359e-07
1.72131e-07
-7.35492e-07
1.47362e-07
-7.53787e-07
1.21866e-07
-7.68161e-07
9.57829e-08
-7.78551e-07
6.92412e-08
-7.8491e-07
4.23631e-08
-7.87206e-07
1.52669e-08
-7.85427e-07
-1.19308e-08
-7.79572e-07
-3.91129e-08
-7.6966e-07
-6.61609e-08
-7.55725e-07
-9.29523e-08
-7.37819e-07
-1.19359e-07
-7.16015e-07
-1.45243e-07
-6.90407e-07
-1.70457e-07
-6.61111e-07
-1.94831e-07
-6.28276e-07
-2.18174e-07
-5.92081e-07
-2.40257e-07
-5.52748e-07
-2.60804e-07
-5.10546e-07
-2.79473e-07
-4.65807e-07
-2.95842e-07
-4.18933e-07
-3.09388e-07
-3.70418e-07
-3.1947e-07
-3.20862e-07
-3.25322e-07
-2.7099e-07
-3.26054e-07
-2.21667e-07
-3.20671e-07
-1.73917e-07
-3.0812e-07
-1.28936e-07
-2.87358e-07
-8.80952e-08
-2.5745e-07
-5.29502e-08
-2.17693e-07
-2.52398e-08
-1.67744e-07
-6.88635e-09
-1.07745e-07
-3.84807e-08
-7.22308e-09
4.56088e-08
-2.65133e-08
1.26642e-07
-5.56448e-08
1.96117e-07
-9.25696e-08
2.53468e-07
-1.35433e-07
2.98788e-07
-1.82583e-07
3.32656e-07
-2.32568e-07
3.5601e-07
-2.84139e-07
3.70002e-07
-3.36232e-07
3.75875e-07
-3.87956e-07
3.74859e-07
-4.38571e-07
3.68094e-07
-4.87469e-07
3.56591e-07
-5.34153e-07
3.41213e-07
-5.78218e-07
3.22671e-07
-6.1933e-07
3.01544e-07
-6.57219e-07
2.78293e-07
-6.91661e-07
2.53289e-07
-7.22471e-07
2.26829e-07
-7.49497e-07
1.99157e-07
-7.72613e-07
1.70479e-07
-7.91719e-07
1.40971e-07
-8.06731e-07
1.10795e-07
-8.17586e-07
8.00966e-08
-8.24238e-07
4.9015e-08
-8.26656e-07
1.76846e-08
-8.24825e-07
-1.37623e-08
-8.18744e-07
-4.51935e-08
-8.08431e-07
-7.64743e-08
-7.93917e-07
-1.07466e-07
-7.75255e-07
-1.38021e-07
-7.52513e-07
-1.67985e-07
-7.25785e-07
-1.97185e-07
-6.95187e-07
-2.25429e-07
-6.60866e-07
-2.52495e-07
-6.23005e-07
-2.78118e-07
-5.81827e-07
-3.01981e-07
-5.37609e-07
-3.23691e-07
-4.9069e-07
-3.42761e-07
-4.41488e-07
-3.5859e-07
-3.90515e-07
-3.70442e-07
-3.38398e-07
-3.77439e-07
-2.85896e-07
-3.78556e-07
-2.33922e-07
-3.72645e-07
-1.83561e-07
-3.58481e-07
-1.36083e-07
-3.34836e-07
-9.29521e-08
-3.0058e-07
-5.58319e-08
-2.54813e-07
-2.65783e-08
-1.96997e-07
-7.23176e-09
-1.27091e-07
-4.57124e-08
-7.56675e-09
5.31755e-08
-2.78366e-08
1.46912e-07
-5.84894e-08
2.2677e-07
-9.73653e-08
2.92344e-07
-1.42497e-07
3.43919e-07
-1.92125e-07
3.82285e-07
-2.44711e-07
4.08595e-07
-2.98925e-07
4.24216e-07
-3.53643e-07
4.30593e-07
-4.07926e-07
4.29141e-07
-4.60998e-07
4.21166e-07
-5.12225e-07
4.07818e-07
-5.61091e-07
3.90078e-07
-6.07176e-07
3.68757e-07
-6.50142e-07
3.44509e-07
-6.89711e-07
3.17862e-07
-7.25657e-07
2.89235e-07
-7.57795e-07
2.58968e-07
-7.85974e-07
2.27336e-07
-8.10069e-07
1.94574e-07
-8.29981e-07
1.60883e-07
-8.45628e-07
1.26442e-07
-8.56949e-07
9.14176e-08
-8.63897e-07
5.59637e-08
-8.66443e-07
2.02303e-08
-8.6457e-07
-1.56353e-08
-8.58278e-07
-5.14861e-08
-8.47579e-07
-8.71724e-08
-8.32506e-07
-1.22539e-07
-8.13105e-07
-1.57423e-07
-7.89443e-07
-1.91647e-07
-7.61609e-07
-2.25019e-07
-7.29719e-07
-2.5732e-07
-6.93917e-07
-2.88297e-07
-6.54385e-07
-3.17651e-07
-6.11349e-07
-3.45017e-07
-5.65091e-07
-3.69949e-07
-5.15959e-07
-3.91893e-07
-4.64385e-07
-4.10163e-07
-4.10903e-07
-4.23925e-07
-3.56167e-07
-4.32175e-07
-3.00977e-07
-4.33746e-07
-2.46297e-07
-4.27325e-07
-1.93276e-07
-4.11502e-07
-1.43264e-07
-3.84848e-07
-9.78203e-08
-3.46024e-07
-5.87145e-08
-2.93919e-07
-2.79166e-08
-2.27795e-07
-7.57831e-09
-1.47429e-07
-5.32908e-08
-7.92885e-09
6.11044e-08
-2.92202e-08
1.68203e-07
-6.14552e-08
2.59005e-07
-1.02361e-07
3.3325e-07
-1.49855e-07
3.91413e-07
-2.02073e-07
4.34503e-07
-2.57378e-07
4.63899e-07
-3.1436e-07
4.81198e-07
-3.71829e-07
4.88062e-07
-4.28793e-07
4.86105e-07
-4.84437e-07
4.7681e-07
-5.38097e-07
4.61478e-07
-5.89237e-07
4.41218e-07
-6.37424e-07
4.16944e-07
-6.82311e-07
3.89396e-07
-7.23616e-07
3.59167e-07
-7.61112e-07
3.26731e-07
-7.94615e-07
2.92471e-07
-8.23976e-07
2.56697e-07
-8.49073e-07
2.19671e-07
-8.69809e-07
1.81619e-07
-8.86107e-07
1.4274e-07
-8.97906e-07
1.03217e-07
-9.05163e-07
6.32204e-08
-9.07847e-07
2.29142e-08
-9.05941e-07
-1.75406e-08
-8.99444e-07
-5.79833e-08
-8.88367e-07
-9.825e-08
-8.72735e-07
-1.38171e-07
-8.52593e-07
-1.77565e-07
-8.28001e-07
-2.16238e-07
-7.99045e-07
-2.53975e-07
-7.65835e-07
-2.9053e-07
-7.28513e-07
-3.2562e-07
-6.87257e-07
-3.58906e-07
-6.42296e-07
-3.89978e-07
-5.93915e-07
-4.1833e-07
-5.42472e-07
-4.43336e-07
-4.88414e-07
-4.64222e-07
-4.32297e-07
-4.80042e-07
-3.74808e-07
-4.89664e-07
-3.1679e-07
-4.91764e-07
-2.59264e-07
-4.84852e-07
-2.03448e-07
-4.67318e-07
-1.50779e-07
-4.37517e-07
-1.02914e-07
-3.93888e-07
-6.17335e-08
-3.351e-07
-2.93221e-08
-2.60207e-07
-7.94519e-09
-1.68806e-07
-6.1236e-08
-8.32404e-09
6.94284e-08
-3.07172e-08
1.90596e-07
-6.46509e-08
2.92938e-07
-1.07731e-07
3.7633e-07
-1.57756e-07
4.41438e-07
-2.12745e-07
4.89492e-07
-2.70961e-07
5.22115e-07
-3.30906e-07
5.41143e-07
-3.91318e-07
5.48474e-07
-4.51148e-07
5.45935e-07
-5.09536e-07
5.35198e-07
-5.65788e-07
5.1773e-07
-6.19345e-07
4.94775e-07
-6.69759e-07
4.67358e-07
-7.16675e-07
4.36312e-07
-7.59807e-07
4.023e-07
-7.9893e-07
3.65854e-07
-8.33862e-07
3.27402e-07
-8.64456e-07
2.87291e-07
-8.90597e-07
2.45812e-07
-9.12192e-07
2.03214e-07
-9.29167e-07
1.59716e-07
-9.41467e-07
1.15517e-07
-9.49049e-07
7.08023e-08
-9.51884e-07
2.57491e-08
-9.49955e-07
-1.94696e-08
-9.43257e-07
-6.4681e-08
-9.31799e-07
-1.09709e-07
-9.15601e-07
-1.54369e-07
-8.94701e-07
-1.98465e-07
-8.69154e-07
-2.41785e-07
-8.39037e-07
-2.84091e-07
-8.04455e-07
-3.25112e-07
-7.65543e-07
-3.64532e-07
-7.22477e-07
-4.01972e-07
-6.75484e-07
-4.36971e-07
-6.24853e-07
-4.68961e-07
-5.70951e-07
-4.97238e-07
-5.14241e-07
-5.20932e-07
-4.55304e-07
-5.38979e-07
-3.94863e-07
-5.50105e-07
-3.33809e-07
-5.52818e-07
-2.73223e-07
-5.45437e-07
-2.14405e-07
-5.26137e-07
-1.5888e-07
-4.93042e-07
-1.08412e-07
-4.44356e-07
-6.49993e-08
-3.78513e-07
-3.08489e-08
-2.94357e-07
-8.3472e-09
-1.91308e-07
-6.95832e-08
-8.76385e-09
7.81923e-08
-3.23706e-08
2.14203e-07
-6.81658e-08
3.28733e-07
-1.13622e-07
4.21787e-07
-1.66405e-07
4.94221e-07
-2.24412e-07
5.47499e-07
-2.85793e-07
5.83496e-07
-3.48957e-07
6.04307e-07
-4.1256e-07
6.12078e-07
-4.75492e-07
6.08867e-07
-5.36846e-07
5.96552e-07
-5.9589e-07
5.76774e-07
-6.52042e-07
5.50927e-07
-7.0484e-07
5.20157e-07
-7.5392e-07
4.85392e-07
-7.98997e-07
4.47376e-07
-8.39844e-07
4.06701e-07
-8.76284e-07
3.63842e-07
-9.08178e-07
3.19185e-07
-9.35416e-07
2.7305e-07
-9.57912e-07
2.2571e-07
-9.756e-07
1.77403e-07
-9.88427e-07
1.28344e-07
-9.96354e-07
7.87299e-08
-9.99355e-07
2.87498e-08
-9.97411e-07
-2.14133e-08
-9.90516e-07
-7.15764e-08
-9.78672e-07
-1.21552e-07
-9.61895e-07
-1.71146e-07
-9.40214e-07
-2.20146e-07
-9.13676e-07
-2.68323e-07
-8.82349e-07
-3.15419e-07
-8.46326e-07
-3.61135e-07
-8.05737e-07
-4.05121e-07
-7.60751e-07
-4.46958e-07
-7.11592e-07
-4.8613e-07
-6.58552e-07
-5.22001e-07
-6.02005e-07
-5.53784e-07
-5.42433e-07
-5.80504e-07
-4.80442e-07
-6.00969e-07
-4.16796e-07
-6.1375e-07
-3.52439e-07
-6.17176e-07
-2.88521e-07
-6.09355e-07
-2.26424e-07
-5.88233e-07
-1.67779e-07
-5.51688e-07
-1.14464e-07
-4.97671e-07
-6.86034e-08
-4.24373e-07
-3.25407e-08
-3.3042e-07
-8.79599e-09
-2.15053e-07
-7.83791e-08
-9.25776e-09
8.745e-08
-3.42165e-08
2.39162e-07
-7.20762e-08
3.66593e-07
-1.20159e-07
4.69869e-07
-1.75984e-07
5.50046e-07
-2.3731e-07
6.08826e-07
-3.02166e-07
6.48352e-07
-3.68856e-07
6.70996e-07
-4.35948e-07
6.7917e-07
-5.02262e-07
6.75181e-07
-5.66838e-07
6.61127e-07
-6.28907e-07
6.38844e-07
-6.87861e-07
6.09881e-07
-7.43223e-07
5.75519e-07
-7.94623e-07
5.36792e-07
-8.41773e-07
4.94526e-07
-8.84451e-07
4.4938e-07
-9.22489e-07
4.01879e-07
-9.55754e-07
3.5245e-07
-9.84147e-07
3.01443e-07
-1.00759e-06
2.49154e-07
-1.02603e-06
1.95839e-07
-1.03941e-06
1.41727e-07
-1.04771e-06
8.70255e-08
-1.05089e-06
3.19324e-08
-1.04894e-06
-2.33613e-08
-1.04185e-06
-7.86655e-08
-1.02962e-06
-1.33785e-07
-1.01225e-06
-1.88514e-07
-9.89765e-07
-2.42631e-07
-9.62199e-07
-2.9589e-07
-9.29606e-07
-3.48011e-07
-8.9207e-07
-3.98671e-07
-8.49706e-07
-4.47485e-07
-8.02677e-07
-4.93987e-07
-7.51201e-07
-5.37606e-07
-6.95569e-07
-5.77633e-07
-6.36165e-07
-6.13188e-07
-5.73486e-07
-6.43183e-07
-5.0817e-07
-6.66286e-07
-4.41021e-07
-6.809e-07
-3.73042e-07
-6.85155e-07
-3.05461e-07
-6.76936e-07
-2.39754e-07
-6.53939e-07
-1.77664e-07
-6.13779e-07
-1.21199e-07
-5.54136e-07
-7.26246e-08
-4.72947e-07
-3.44347e-08
-3.6861e-07
-9.30128e-09
-2.40186e-07
-8.76805e-08
-9.81418e-09
9.72642e-08
-3.62874e-08
2.65635e-07
-7.64512e-08
4.06757e-07
-1.27456e-07
5.20874e-07
-1.86655e-07
6.09245e-07
-2.51656e-07
6.73826e-07
-3.20348e-07
7.17045e-07
-3.90918e-07
7.41566e-07
-4.61839e-07
7.50091e-07
-5.31851e-07
7.45194e-07
-5.99939e-07
7.29215e-07
-6.65291e-07
7.04196e-07
-7.27273e-07
6.71863e-07
-7.85394e-07
6.33639e-07
-8.39276e-07
5.90674e-07
-8.88635e-07
5.43885e-07
-9.33257e-07
4.94001e-07
-9.72981e-07
4.41604e-07
-1.00769e-06
3.87158e-07
-1.03729e-06
3.31048e-07
-1.06173e-06
2.7359e-07
-1.08095e-06
2.15059e-07
-1.09492e-06
1.55693e-07
-1.1036e-06
9.57109e-08
-1.10698e-06
3.53141e-08
-1.10504e-06
-2.53014e-08
-1.09777e-06
-8.59412e-08
-1.08515e-06
-1.46405e-07
-1.06718e-06
-2.06482e-07
-1.04387e-06
-2.65939e-07
-1.01524e-06
-3.24518e-07
-9.81335e-07
-3.81919e-07
-9.42212e-07
-4.37793e-07
-8.97977e-07
-4.9172e-07
-8.48778e-07
-5.43186e-07
-7.94825e-07
-5.91559e-07
-7.36407e-07
-6.36051e-07
-6.73913e-07
-6.75682e-07
-6.07858e-07
-7.09238e-07
-5.38909e-07
-7.35235e-07
-4.67919e-07
-7.5189e-07
-3.95954e-07
-7.57119e-07
-3.24329e-07
-7.48562e-07
-2.54625e-07
-7.23643e-07
-1.8871e-07
-6.79694e-07
-1.28738e-07
-6.14108e-07
-7.71356e-08
-5.2455e-07
-3.6565e-08
-4.0918e-07
-9.87189e-09
-2.66879e-07
-9.75524e-08
-1.04413e-08
1.07706e-07
-3.86151e-08
2.93809e-07
-8.13583e-08
4.495e-07
-1.35626e-07
5.75142e-07
-1.98583e-07
6.72202e-07
-2.67662e-07
7.42906e-07
-3.406e-07
7.89983e-07
-4.15451e-07
8.16416e-07
-4.90578e-07
8.25218e-07
-5.64639e-07
8.19255e-07
-6.36553e-07
8.01129e-07
-7.05465e-07
7.73108e-07
-7.70714e-07
7.37112e-07
-8.31794e-07
6.94719e-07
-8.88325e-07
6.47205e-07
-9.40028e-07
5.95588e-07
-9.86699e-07
5.40673e-07
-1.02819e-06
4.83098e-07
-1.06441e-06
4.23373e-07
-1.09527e-06
3.61913e-07
-1.12074e-06
2.99056e-07
-1.14077e-06
2.35092e-07
-1.15535e-06
1.70268e-07
-1.16444e-06
1.04807e-07
-1.16804e-06
3.89126e-08
-1.16612e-06
-2.72182e-08
-1.15867e-06
-9.33913e-08
-1.14567e-06
-1.59406e-07
-1.12711e-06
-2.25048e-07
-1.10297e-06
-2.90079e-07
-1.07326e-06
-3.54229e-07
-1.03799e-06
-4.17183e-07
-9.97221e-07
-4.78564e-07
-9.51024e-07
-5.37917e-07
-8.99532e-07
-5.94678e-07
-8.42942e-07
-6.48149e-07
-7.81536e-07
-6.97457e-07
-7.15708e-07
-7.41511e-07
-6.45986e-07
-7.7896e-07
-5.73072e-07
-8.08149e-07
-4.97867e-07
-8.27095e-07
-4.2151e-07
-8.33476e-07
-3.45409e-07
-8.24662e-07
-2.71266e-07
-7.97786e-07
-2.01092e-07
-7.49869e-07
-1.37203e-07
-6.77996e-07
-8.22091e-08
-5.79544e-07
-3.89655e-08
-4.52424e-07
-1.05165e-08
-2.95328e-07
-1.08069e-07
-1.1148e-08
1.18854e-07
-4.12331e-08
3.23894e-07
-8.68689e-08
4.95136e-07
-1.44786e-07
6.33059e-07
-2.11935e-07
7.39351e-07
-2.8555e-07
8.16521e-07
-3.63194e-07
8.67626e-07
-4.42769e-07
8.95992e-07
-5.2252e-07
9.04969e-07
-6.0101e-07
8.97744e-07
-6.77086e-07
8.77205e-07
-7.49849e-07
8.45871e-07
-8.18609e-07
8.05872e-07
-8.82849e-07
7.58959e-07
-9.4219e-07
7.06546e-07
-9.96362e-07
6.4976e-07
-1.04518e-06
5.89488e-07
-1.08851e-06
5.26432e-07
-1.12628e-06
4.61146e-07
-1.15845e-06
3.94074e-07
-1.18497e-06
3.25579e-07
-1.20584e-06
2.55959e-07
-1.22104e-06
1.85468e-07
-1.23056e-06
1.1433e-07
-1.23439e-06
4.27457e-08
-1.23252e-06
-2.90928e-08
-1.22491e-06
-1.00996e-07
-1.21155e-06
-1.72769e-07
-1.1924e-06
-2.44198e-07
-1.16743e-06
-3.15044e-07
-1.13663e-06
-3.85029e-07
-1.09999e-06
-4.53824e-07
-1.05753e-06
-5.21029e-07
-1.0093e-06
-5.8615e-07
-9.55401e-07
-6.48573e-07
-8.96022e-07
-7.07529e-07
-8.31429e-07
-7.6205e-07
-7.62014e-07
-8.10926e-07
-6.88323e-07
-8.52652e-07
-6.11085e-07
-8.85387e-07
-5.31258e-07
-9.06922e-07
-4.50059e-07
-9.14675e-07
-3.69002e-07
-9.05719e-07
-2.89924e-07
-8.76865e-07
-2.14995e-07
-8.24797e-07
-1.46723e-07
-7.46268e-07
-8.79227e-08
-6.38344e-07
-4.16726e-08
-4.98674e-07
-1.12446e-08
-3.25756e-07
-1.19314e-07
-1.19443e-08
1.30798e-07
-4.41795e-08
3.56129e-07
-9.30633e-08
5.4402e-07
-1.55069e-07
6.95064e-07
-2.26899e-07
8.11181e-07
-3.05565e-07
8.95187e-07
-3.88426e-07
9.50487e-07
-4.73218e-07
9.80783e-07
-5.58047e-07
9.89799e-07
-6.41372e-07
9.81069e-07
-7.21966e-07
9.57799e-07
-7.98879e-07
9.22785e-07
-8.71396e-07
8.78389e-07
-9.38991e-07
8.26553e-07
-1.00129e-06
7.68846e-07
-1.05804e-06
7.0651e-07
-1.10908e-06
6.40525e-07
-1.1543e-06
5.71657e-07
-1.19366e-06
5.00507e-07
-1.22714e-06
4.27551e-07
-1.25473e-06
3.53168e-07
-1.27644e-06
2.77667e-07
-1.29227e-06
2.01303e-07
-1.30224e-06
1.24293e-07
-1.30632e-06
4.68311e-08
-1.30451e-06
-3.09018e-08
-1.29678e-06
-1.08728e-07
-1.28309e-06
-1.86462e-07
-1.26338e-06
-2.639e-07
-1.23762e-06
-3.40806e-07
-1.20575e-06
-4.16899e-07
-1.16774e-06
-4.91841e-07
-1.12356e-06
-5.65207e-07
-1.07324e-06
-6.3647e-07
-1.01685e-06
-7.0496e-07
-9.54545e-07
-7.69833e-07
-8.86575e-07
-8.3002e-07
-8.13325e-07
-8.84176e-07
-7.3535e-07
-9.30627e-07
-6.53411e-07
-9.67325e-07
-5.68524e-07
-9.9181e-07
-4.8199e-07
-1.00121e-06
-3.95443e-07
-9.92266e-07
-3.10871e-07
-9.61437e-07
-2.30631e-07
-9.05037e-07
-1.57445e-07
-8.19455e-07
-9.43655e-08
-7.01423e-07
-4.47282e-08
-5.48312e-07
-1.20672e-08
-3.58417e-07
-1.31381e-07
-1.28421e-08
1.4364e-07
-4.74994e-08
3.90786e-07
-1.00036e-07
5.96556e-07
-1.66628e-07
7.61656e-07
-2.43696e-07
8.88249e-07
-3.27988e-07
9.79479e-07
-4.16637e-07
1.03914e-06
-5.07185e-07
1.07133e-06
-5.97586e-07
1.0802e-06
-6.8618e-07
1.06966e-06
-7.71661e-07
1.04328e-06
-8.53028e-07
1.00415e-06
-9.29541e-07
9.54901e-07
-1.00067e-06
8.97683e-07
-1.06606e-06
8.34232e-07
-1.12547e-06
7.65923e-07
-1.17878e-06
6.93831e-07
-1.22591e-06
6.18794e-07
-1.26687e-06
5.4146e-07
-1.30165e-06
4.62336e-07
-1.3303e-06
3.81814e-07
-1.35284e-06
3.00208e-07
-1.3693e-06
2.17768e-07
-1.37971e-06
1.34701e-07
-1.38407e-06
5.11858e-08
-1.38235e-06
-3.26165e-08
-1.37453e-06
-1.16547e-07
-1.36056e-06
-2.00438e-07
-1.34036e-06
-2.841e-07
-1.31385e-06
-3.6731e-07
-1.28096e-06
-4.49791e-07
-1.24161e-06
-5.31196e-07
-1.19573e-06
-6.11085e-07
-1.1433e-06
-6.88894e-07
-1.08437e-06
-7.63899e-07
-1.01902e-06
-8.35174e-07
-9.47506e-07
-9.01539e-07
-8.70179e-07
-9.61502e-07
-7.87604e-07
-1.0132e-06
-7.00571e-07
-1.05436e-06
-6.10153e-07
-1.08223e-06
-5.17748e-07
-1.09361e-06
-4.2512e-07
-1.08489e-06
-3.3443e-07
-1.05213e-06
-2.48247e-07
-9.9122e-07
-1.69541e-07
-8.98161e-07
-1.01643e-07
-7.69321e-07
-4.81826e-08
-6.01772e-07
-1.29975e-08
-3.93602e-07
-1.44378e-07
-1.38561e-08
1.57496e-07
-5.12474e-08
4.28178e-07
-1.079e-07
6.53208e-07
-1.79648e-07
8.33404e-07
-2.62583e-07
9.71184e-07
-3.53152e-07
1.07005e-06
-4.48225e-07
1.13421e-06
-5.45125e-07
1.16823e-06
-6.4163e-07
1.1767e-06
-7.35953e-07
1.16399e-06
-8.267e-07
1.13403e-06
-9.12821e-07
1.09027e-06
-9.93554e-07
1.03563e-06
-1.06837e-06
9.72504e-07
-1.13694e-06
9.02802e-07
-1.19907e-06
8.28047e-07
-1.25466e-06
7.49419e-07
-1.30369e-06
6.67829e-07
-1.34621e-06
5.83975e-07
-1.38226e-06
4.98389e-07
-1.41192e-06
4.11478e-07
-1.43527e-06
3.2355e-07
-1.45234e-06
2.34846e-07
-1.46319e-06
1.45553e-07
-1.46783e-06
5.58251e-08
-1.46625e-06
-3.42024e-08
-1.4584e-06
-1.24399e-07
-1.44421e-06
-2.14626e-07
-1.42359e-06
-3.04717e-07
-1.39643e-06
-3.94468e-07
-1.36261e-06
-4.83615e-07
-1.32199e-06
-5.71812e-07
-1.27447e-06
-6.58604e-07
-1.21997e-06
-7.43395e-07
-1.15847e-06
-8.25405e-07
-1.09002e-06
-9.03623e-07
-1.01481e-06
-9.76749e-07
-9.33182e-07
-1.04313e-06
-8.45695e-07
-1.10069e-06
-7.53162e-07
-1.14689e-06
-6.56716e-07
-1.17867e-06
-5.57854e-07
-1.19247e-06
-4.58491e-07
-1.18426e-06
-3.60982e-07
-1.14964e-06
-2.6814e-07
-1.08406e-06
-1.83223e-07
-9.83078e-07
-1.09884e-07
-8.42661e-07
-5.20973e-08
-6.59559e-07
-1.40519e-08
-4.31648e-07
-1.5843e-07
-1.50047e-08
1.72501e-07
-5.54916e-08
4.68665e-07
-1.16797e-07
7.14513e-07
-1.94355e-07
9.10963e-07
-2.83877e-07
1.06071e-06
-3.8146e-07
1.16763e-06
-4.83667e-07
1.23642e-06
-5.87571e-07
1.27214e-06
-6.90754e-07
1.27989e-06
-7.91288e-07
1.26452e-06
-8.87686e-07
1.23043e-06
-9.78849e-07
1.18144e-06
-1.064e-06
1.12079e-06
-1.14263e-06
1.05114e-06
-1.21444e-06
9.74611e-07
-1.27928e-06
8.92884e-07
-1.33711e-06
8.07252e-07
-1.38798e-06
7.187e-07
-1.43198e-06
6.27975e-07
-1.46923e-06
5.35633e-07
-1.49984e-06
4.42086e-07
-1.52392e-06
3.47634e-07
-1.54157e-06
2.52497e-07
-1.55285e-06
1.56833e-07
-1.55779e-06
6.07622e-08
-1.55637e-06
-3.5618e-08
-1.54856e-06
-1.32216e-07
-1.53425e-06
-2.28932e-07
-1.51333e-06
-3.25635e-07
-1.48565e-06
-4.22151e-07
-1.45103e-06
-5.18237e-07
-1.40928e-06
-6.13556e-07
-1.36024e-06
-7.07647e-07
-1.30375e-06
-7.99886e-07
-1.23972e-06
-8.89437e-07
-1.16814e-06
-9.75202e-07
-1.08914e-06
-1.05575e-06
-1.00302e-06
-1.12924e-06
-9.10326e-07
-1.19339e-06
-8.11883e-07
-1.24533e-06
-7.08884e-07
-1.28167e-06
-6.02934e-07
-1.29842e-06
-4.96111e-07
-1.29108e-06
-3.90993e-07
-1.25475e-06
-2.90676e-07
-1.18438e-06
-1.98752e-07
-1.075e-06
-1.1925e-07
-9.22162e-07
-5.65496e-08
-7.22259e-07
-1.52511e-08
-4.72946e-07
-1.73681e-07
-1.63112e-08
1.88812e-07
-6.03171e-08
5.12671e-07
-1.269e-07
7.81097e-07
-2.1103e-07
9.95092e-07
-3.07966e-07
1.15764e-06
-4.13397e-07
1.27306e-06
-5.23534e-07
1.34655e-06
-6.35161e-07
1.38376e-06
-7.45638e-07
1.39037e-06
-8.52882e-07
1.37176e-06
-9.55312e-07
1.33285e-06
-1.05178e-06
1.27791e-06
-1.14152e-06
1.21052e-06
-1.22403e-06
1.13365e-06
-1.29908e-06
1.04965e-06
-1.36657e-06
9.60375e-07
-1.42654e-06
8.67229e-07
-1.47913e-06
7.71283e-07
-1.52448e-06
6.73327e-07
-1.56278e-06
5.73938e-07
-1.59422e-06
4.73525e-07
-1.61896e-06
3.72369e-07
-1.63712e-06
2.70659e-07
-1.6488e-06
1.68513e-07
-1.65404e-06
6.60067e-08
-1.65285e-06
-3.68146e-08
-1.64515e-06
-1.39911e-07
-1.63085e-06
-2.43233e-07
-1.60978e-06
-3.467e-07
-1.58176e-06
-4.50179e-07
-1.54653e-06
-5.53461e-07
-1.50386e-06
-6.5623e-07
-1.45348e-06
-7.58026e-07
-1.39516e-06
-8.58206e-07
-1.32872e-06
-9.55881e-07
-1.25406e-06
-1.04986e-06
-1.17123e-06
-1.13857e-06
-1.08048e-06
-1.22e-06
-9.8231e-07
-1.29156e-06
-8.77554e-07
-1.35009e-06
-7.67456e-07
-1.39177e-06
-6.53736e-07
-1.41214e-06
-5.38651e-07
-1.40617e-06
-4.25034e-07
-1.36837e-06
-3.16305e-07
-1.29311e-06
-2.1645e-07
-1.17486e-06
-1.29942e-07
-1.00867e-06
-6.16374e-08
-7.90564e-07
-1.66216e-08
-5.17962e-07
-1.90303e-07
-1.78051e-08
2.06617e-07
-6.58319e-08
5.60697e-07
-1.38431e-07
8.53695e-07
-2.30019e-07
1.08668e-06
-3.35327e-07
1.26295e-06
-4.49561e-07
1.3873e-06
-5.68521e-07
1.46551e-06
-6.88658e-07
1.5039e-06
-8.07085e-07
1.50879e-06
-9.2155e-07
1.48623e-06
-1.03037e-06
1.44168e-06
-1.13238e-06
1.37991e-06
-1.2268e-06
1.30494e-06
-1.3132e-06
1.22005e-06
-1.3914e-06
1.12785e-06
-1.4614e-06
1.03038e-06
-1.52335e-06
9.29173e-07
-1.57744e-06
8.25378e-07
-1.62394e-06
7.1983e-07
-1.66312e-06
6.13114e-07
-1.69522e-06
5.05626e-07
-1.72047e-06
3.9762e-07
-1.73905e-06
2.89239e-07
-1.75109e-06
1.80549e-07
-1.75665e-06
7.15633e-08
-1.75572e-06
-3.7736e-08
-1.74826e-06
-1.47376e-07
-1.73412e-06
-2.57374e-07
-1.71311e-06
-3.67711e-07
-1.68497e-06
-4.78315e-07
-1.64941e-06
-5.89023e-07
-1.60609e-06
-6.99554e-07
-1.55465e-06
-8.09465e-07
-1.49475e-06
-9.18099e-07
-1.42611e-06
-1.02452e-06
-1.34851e-06
-1.12746e-06
-1.26191e-06
-1.22518e-06
-1.16645e-06
-1.31545e-06
-1.06258e-06
-1.39542e-06
-9.51132e-07
-1.46154e-06
-8.33381e-07
-1.50952e-06
-7.11163e-07
-1.53436e-06
-5.86932e-07
-1.5304e-06
-4.63808e-07
-1.4915e-06
-3.45591e-07
-1.41132e-06
-2.36726e-07
-1.28372e-06
-1.42216e-07
-1.10318e-06
-6.74856e-08
-8.65295e-07
-1.81973e-08
-5.6725e-07
-2.085e-07
-1.95246e-08
2.26142e-07
-7.21733e-08
6.13346e-07
-1.51665e-07
9.33187e-07
-2.51758e-07
1.18677e-06
-3.66552e-07
1.37774e-06
-4.90682e-07
1.51143e-06
-6.19466e-07
1.5943e-06
-7.48972e-07
1.6334e-06
-8.76038e-07
1.63586e-06
-9.98231e-07
1.60842e-06
-1.11378e-06
1.55723e-06
-1.22149e-06
1.48762e-06
-1.32061e-06
1.40407e-06
-1.41081e-06
1.31024e-06
-1.49198e-06
1.20903e-06
-1.56426e-06
1.10266e-06
-1.62789e-06
9.92804e-07
-1.68321e-06
8.80695e-07
-1.73057e-06
7.67197e-07
-1.77035e-06
6.52895e-07
-1.80289e-06
5.38163e-07
-1.82848e-06
4.23206e-07
-1.84735e-06
3.0811e-07
-1.85967e-06
1.92873e-07
-1.86554e-06
7.74294e-08
-1.86495e-06
-3.83181e-08
-1.85785e-06
-1.54481e-07
-1.84406e-06
-2.71158e-07
-1.82336e-06
-3.88415e-07
-1.79542e-06
-5.06252e-07
-1.75987e-06
-6.24575e-07
-1.71627e-06
-7.43154e-07
-1.66416e-06
-8.61579e-07
-1.60306e-06
-9.79195e-07
-1.53255e-06
-1.09503e-06
-1.45229e-06
-1.20772e-06
-1.36206e-06
-1.3154e-06
-1.26192e-06
-1.41559e-06
-1.15222e-06
-1.50513e-06
-1.03374e-06
-1.58002e-06
-9.07781e-07
-1.63548e-06
-7.76298e-07
-1.66585e-06
-6.4195e-07
-1.66474e-06
-5.08183e-07
-1.62526e-06
-3.79234e-07
-1.54027e-06
-2.60095e-07
-1.40286e-06
-1.56399e-07
-1.20688e-06
-7.42548e-08
-9.47439e-07
-2.00226e-08
-6.21483e-07
-2.28523e-07
-2.15188e-08
2.4766e-07
-7.95171e-08
6.71344e-07
-1.66953e-07
1.02062e-06
-2.76792e-07
1.29661e-06
-4.02372e-07
1.50332e-06
-5.37651e-07
1.64671e-06
-6.77378e-07
1.73402e-06
-8.17185e-07
1.77321e-06
-9.53601e-07
1.77227e-06
-1.08401e-06
1.73883e-06
-1.20655e-06
1.67977e-06
-1.32003e-06
1.6011e-06
-1.42378e-06
1.50782e-06
-1.51754e-06
1.40401e-06
-1.60138e-06
1.29287e-06
-1.67556e-06
1.17683e-06
-1.74048e-06
1.05772e-06
-1.79661e-06
9.36826e-07
-1.84445e-06
8.15038e-07
-1.88448e-06
6.9293e-07
-1.91715e-06
5.70831e-07
-1.94283e-06
4.48885e-07
-1.96182e-06
3.27102e-07
-1.97434e-06
2.05391e-07
-1.9805e-06
8.35928e-08
-1.98033e-06
-3.849e-08
-1.97374e-06
-1.61071e-07
-1.96055e-06
-2.84351e-07
-1.94047e-06
-4.08497e-07
-1.91311e-06
-5.33607e-07
-1.87802e-06
-6.59673e-07
-1.83463e-06
-7.86541e-07
-1.78236e-06
-9.13852e-07
-1.72057e-06
-1.04098e-06
-1.64869e-06
-1.16692e-06
-1.56617e-06
-1.29024e-06
-1.47264e-06
-1.40893e-06
-1.36799e-06
-1.52025e-06
-1.25242e-06
-1.62069e-06
-1.12665e-06
-1.7058e-06
-9.9197e-07
-1.77016e-06
-8.5043e-07
-1.80739e-06
-7.04912e-07
-1.81026e-06
-5.59222e-07
-1.77095e-06
-4.18107e-07
-1.68139e-06
-2.87202e-07
-1.53377e-06
-1.72903e-07
-1.32117e-06
-8.21518e-08
-1.03819e-06
-2.21551e-08
-6.81479e-07
-2.50678e-07
-2.38518e-08
2.71512e-07
-8.80876e-08
7.3558e-07
-1.84739e-07
1.11727e-06
-3.05801e-07
1.41767e-06
-4.43689e-07
1.64121e-06
-5.91547e-07
1.79456e-06
-7.4346e-07
1.88594e-06
-8.94558e-07
1.92431e-06
-1.04103e-06
1.91875e-06
-1.18008e-06
1.87788e-06
-1.30978e-06
1.80947e-06
-1.42898e-06
1.72029e-06
-1.5371e-06
1.61594e-06
-1.63406e-06
1.50097e-06
-1.72008e-06
1.37889e-06
-1.79563e-06
1.25238e-06
-1.86128e-06
1.12337e-06
-1.91768e-06
9.93227e-07
-1.96548e-06
8.62844e-07
-2.00531e-06
7.3276e-07
-2.03772e-06
6.03242e-07
-2.06319e-06
4.7435e-07
-2.08208e-06
3.45995e-07
-2.09467e-06
2.17979e-07
-2.1011e-06
9.00282e-08
-2.10142e-06
-3.81751e-08
-2.09552e-06
-1.66966e-07
-2.0832e-06
-2.96671e-07
-2.06412e-06
-4.27579e-07
-2.03782e-06
-5.59907e-07
-2.00373e-06
-6.93763e-07
-1.96118e-06
-8.29092e-07
-1.90942e-06
-9.65616e-07
-1.84764e-06
-1.10275e-06
-1.77505e-06
-1.23951e-06
-1.6909e-06
-1.3744e-06
-1.59459e-06
-1.50523e-06
-1.48577e-06
-1.62907e-06
-1.36449e-06
-1.74198e-06
-1.23129e-06
-1.83899e-06
-1.08745e-06
-1.914e-06
-9.35069e-07
-1.95977e-06
-7.77258e-07
-1.96807e-06
-6.1822e-07
-1.92999e-06
-4.63285e-07
-1.83632e-06
-3.18859e-07
-1.67819e-06
-1.92258e-07
-1.44778e-06
-9.14429e-08
-1.13901e-06
-2.46701e-08
-7.48252e-07
-2.75348e-07
-2.6606e-08
2.98118e-07
-9.81711e-08
8.07145e-07
-2.05579e-07
1.22468e-06
-3.39624e-07
1.55172e-06
-4.91597e-07
1.79318e-06
-6.53662e-07
1.95663e-06
-8.19121e-07
2.0514e-06
-9.82536e-07
2.08772e-06
-1.13974e-06
2.07595e-06
-1.28775e-06
2.02589e-06
-1.42462e-06
1.94635e-06
-1.54928e-06
1.84495e-06
-1.66133e-06
1.72799e-06
-1.76088e-06
1.60052e-06
-1.8484e-06
1.46641e-06
-1.92457e-06
1.32855e-06
-1.99021e-06
1.18901e-06
-2.04617e-06
1.04919e-06
-2.09328e-06
9.09959e-07
-2.13233e-06
7.71807e-07
-2.16399e-06
6.34907e-07
-2.18886e-06
4.99212e-07
-2.20737e-06
3.64511e-07
-2.21987e-06
2.30475e-07
-2.22653e-06
9.66924e-08
-2.22741e-06
-3.72941e-08
-2.22241e-06
-1.71964e-07
-2.21129e-06
-3.07791e-07
-2.19366e-06
-4.4521e-07
-2.16898e-06
-5.84586e-07
-2.13658e-06
-7.26169e-07
-2.09564e-06
-8.70035e-07
-2.04523e-06
-1.01602e-06
-1.98436e-06
-1.16363e-06
-1.91197e-06
-1.3119e-06
-1.82706e-06
-1.45931e-06
-1.72874e-06
-1.60355e-06
-1.61638e-06
-1.74143e-06
-1.48974e-06
-1.86861e-06
-1.3492e-06
-1.97954e-06
-1.19589e-06
-2.06731e-06
-1.03194e-06
-2.12371e-06
-8.60676e-07
-2.13934e-06
-6.86723e-07
-2.10394e-06
-5.16084e-07
-2.00696e-06
-3.56073e-07
-1.8382e-06
-2.15127e-07
-1.58872e-06
-1.02468e-07
-1.25166e-06
-2.76657e-08
-8.23055e-07
-3.03014e-07
-2.98883e-08
3.28006e-07
-1.1013e-07
8.87387e-07
-2.30165e-07
1.34472e-06
-3.79291e-07
1.70085e-06
-5.47409e-07
1.9613e-06
-7.25506e-07
2.13473e-06
-9.05966e-07
2.23186e-06
-1.08272e-06
2.26447e-06
-1.25121e-06
2.24445e-06
-1.40833e-06
2.183e-06
-1.55215e-06
2.09017e-06
-1.68175e-06
1.97455e-06
-1.79699e-06
1.84323e-06
-1.89825e-06
1.70178e-06
-1.9863e-06
1.55445e-06
-2.06211e-06
1.40436e-06
-2.12678e-06
1.25367e-06
-2.18139e-06
1.1038e-06
-2.22699e-06
9.55559e-07
-2.26453e-06
8.09348e-07
-2.29484e-06
6.65222e-07
-2.31863e-06
5.22994e-07
-2.33642e-06
3.82305e-07
-2.34862e-06
2.4267e-07
-2.35544e-06
1.03519e-07
-2.35697e-06
-3.57693e-08
-2.35309e-06
-1.75841e-07
-2.34354e-06
-3.17338e-07
-2.32788e-06
-4.6087e-07
-2.30549e-06
-6.06977e-07
-2.27558e-06
-7.56082e-07
-2.23718e-06
-9.08432e-07
-2.18919e-06
-1.06402e-06
-2.13035e-06
-1.22246e-06
-2.05935e-06
-1.3829e-06
-1.97486e-06
-1.5438e-06
-1.87564e-06
-1.70278e-06
-1.76069e-06
-1.85638e-06
-1.62942e-06
-1.99988e-06
-1.48189e-06
-2.12707e-06
-1.31903e-06
-2.23017e-06
-1.14293e-06
-2.29981e-06
-9.57078e-07
-2.32519e-06
-7.6654e-07
-2.29448e-06
-5.78075e-07
-2.19543e-06
-4.00074e-07
-2.0162e-06
-2.42337e-07
-1.74646e-06
-1.1566e-07
-1.37834e-06
-3.12687e-08
-9.07446e-07
-3.34282e-07
-3.3835e-08
3.61841e-07
-1.24419e-07
9.77971e-07
-2.59349e-07
1.47965e-06
-4.26037e-07
1.86753e-06
-6.12666e-07
2.14793e-06
-8.08798e-07
2.33086e-06
-1.00575e-06
2.42881e-06
-1.19676e-06
2.45548e-06
-1.37691e-06
2.4246e-06
-1.54298e-06
2.34907e-06
-1.69318e-06
2.24037e-06
-1.82684e-06
2.10822e-06
-1.94415e-06
1.96054e-06
-2.04588e-06
1.8035e-06
-2.13316e-06
1.64173e-06
-2.20733e-06
1.47854e-06
-2.26979e-06
1.31614e-06
-2.32192e-06
1.15592e-06
-2.36499e-06
9.98629e-07
-2.40015e-06
8.44506e-07
-2.42838e-06
6.93455e-07
-2.45051e-06
5.45118e-07
-2.46716e-06
3.98957e-07
-2.47879e-06
2.54306e-07
-2.48569e-06
1.10411e-07
-2.48792e-06
-3.35317e-08
-2.48541e-06
-1.78358e-07
-2.47784e-06
-3.24902e-07
-2.46474e-06
-4.73972e-07
-2.44541e-06
-6.26313e-07
-2.41893e-06
-7.82558e-07
-2.3842e-06
-9.43165e-07
-2.33989e-06
-1.10832e-06
-2.2845e-06
-1.27785e-06
-2.21641e-06
-1.451e-06
-2.13389e-06
-1.62632e-06
-2.03529e-06
-1.80138e-06
-1.91914e-06
-1.97253e-06
-1.78439e-06
-2.13462e-06
-1.63066e-06
-2.2808e-06
-1.45855e-06
-2.40228e-06
-1.26998e-06
-2.48838e-06
-1.06853e-06
-2.52664e-06
-8.59705e-07
-2.50331e-06
-6.51088e-07
-2.40404e-06
-4.52334e-07
-2.21496e-06
-2.74902e-07
-1.92389e-06
-1.31558e-07
-1.52168e-06
-3.5641e-08
-1.00336e-06
-3.69923e-07
-3.86188e-08
4.0046e-07
-1.41598e-07
1.08095e-06
-2.94157e-07
1.63221e-06
-4.8131e-07
2.05469e-06
-6.89107e-07
2.35573e-06
-9.05399e-07
2.54715e-06
-1.12028e-06
2.6437e-06
-1.32624e-06
2.66144e-06
-1.51805e-06
2.61641e-06
-1.69249e-06
2.52351e-06
-1.848e-06
2.39588e-06
-1.98433e-06
2.24454e-06
-2.10211e-06
2.07831e-06
-2.20259e-06
1.90399e-06
-2.2874e-06
1.72654e-06
-2.35828e-06
1.54942e-06
-2.417e-06
1.37486e-06
-2.46525e-06
1.20417e-06
-2.50456e-06
1.03794e-06
-2.53629e-06
8.76228e-07
-2.56157e-06
7.18735e-07
-2.58134e-06
5.64896e-07
-2.59635e-06
4.13963e-07
-2.6071e-06
2.65061e-07
-2.61393e-06
1.17234e-07
-2.61693e-06
-3.05295e-08
-2.61602e-06
-1.79272e-07
-2.61088e-06
-3.30042e-07
-2.60098e-06
-4.8387e-07
-2.58555e-06
-6.41737e-07
-2.56359e-06
-8.04521e-07
-2.53382e-06
-9.72937e-07
-2.49471e-06
-1.14743e-06
-2.44449e-06
-1.32806e-06
-2.38117e-06
-1.51431e-06
-2.30263e-06
-1.70487e-06
-2.20668e-06
-1.89732e-06
-2.0913e-06
-2.08791e-06
-1.95482e-06
-2.2711e-06
-1.79628e-06
-2.43935e-06
-1.61575e-06
-2.5828e-06
-1.41485e-06
-2.68928e-06
-1.1971e-06
-2.74439e-06
-9.68386e-07
-2.73203e-06
-7.37168e-07
-2.63526e-06
-5.14559e-07
-2.43757e-06
-3.14034e-07
-2.12442e-06
-1.50825e-07
-1.68489e-06
-4.09866e-08
-1.1132e-06
-4.1091e-07
-4.44555e-08
4.44916e-07
-1.6235e-07
1.19884e-06
-3.35799e-07
1.80565e-06
-5.46753e-07
2.26564e-06
-7.78613e-07
2.58759e-06
-1.01719e-06
2.78573e-06
-1.25119e-06
2.8777e-06
-1.47237e-06
2.88262e-06
-1.67526e-06
2.8193e-06
-1.85681e-06
2.70506e-06
-2.01589e-06
2.55497e-06
-2.15281e-06
2.38145e-06
-2.26882e-06
2.19433e-06
-2.36581e-06
2.00098e-06
-2.44593e-06
1.80666e-06
-2.51145e-06
1.61493e-06
-2.56454e-06
1.42795e-06
-2.60723e-06
1.24686e-06
-2.64132e-06
1.07203e-06
-2.66836e-06
9.03273e-07
-2.68967e-06
7.40044e-07
-2.7063e-06
5.81526e-07
-2.71907e-06
4.26729e-07
-2.72856e-06
2.74549e-07
-2.73513e-06
1.23804e-07
-2.73892e-06
-2.67407e-08
-2.73984e-06
-1.7835e-07
-2.73757e-06
-3.32305e-07
-2.73157e-06
-4.8988e-07
-2.72099e-06
-6.52317e-07
-2.70473e-06
-8.20778e-07
-2.68139e-06
-9.9628e-07
-2.64923e-06
-1.17959e-06
-2.6062e-06
-1.37109e-06
-2.54995e-06
-1.57056e-06
-2.47787e-06
-1.77694e-06
-2.38722e-06
-1.98798e-06
-2.27526e-06
-2.19986e-06
-2.13959e-06
-2.40677e-06
-1.97844e-06
-2.6005e-06
-1.79115e-06
-2.77009e-06
-1.57877e-06
-2.90166e-06
-1.34458e-06
-2.97858e-06
-1.0947e-06
-2.98191e-06
-8.38469e-07
-2.89149e-06
-5.88652e-07
-2.68739e-06
-3.6114e-07
-2.35193e-06
-1.74256e-07
-1.87178e-06
-4.75579e-08
-1.2399e-06
-4.58468e-07
-5.16108e-08
4.96526e-07
-1.87485e-07
1.33472e-06
-3.85656e-07
2.00383e-06
-6.24144e-07
2.50413e-06
-8.83065e-07
2.84651e-06
-1.14582e-06
3.04848e-06
-1.39963e-06
3.13151e-06
-1.63554e-06
3.11853e-06
-1.84805e-06
3.03181e-06
-2.03452e-06
2.89153e-06
-2.19448e-06
2.71493e-06
-2.32903e-06
2.516e-06
-2.44025e-06
2.30555e-06
-2.53078e-06
2.0915e-06
-2.60343e-06
1.87932e-06
-2.66104e-06
1.67254e-06
-2.70622e-06
1.47314e-06
-2.74136e-06
1.282e-06
-2.76852e-06
1.09919e-06
-2.78946e-06
9.24214e-07
-2.80563e-06
7.56216e-07
-2.8182e-06
5.9409e-07
-2.82804e-06
4.36574e-07
-2.8358e-06
2.82312e-07
-2.84188e-06
1.29881e-07
-2.84644e-06
-2.2186e-08
-2.8494e-06
-1.75388e-07
-2.85045e-06
-3.3125e-07
-2.84903e-06
-4.91304e-07
-2.84427e-06
-6.57079e-07
-2.83499e-06
-8.30051e-07
-2.81969e-06
-1.01159e-06
-2.79644e-06
-1.20284e-06
-2.76295e-06
-1.40459e-06
-2.71647e-06
-1.61704e-06
-2.65392e-06
-1.8395e-06
-2.57189e-06
-2.07001e-06
-2.46688e-06
-2.30487e-06
-2.33552e-06
-2.53813e-06
-2.17504e-06
-2.76098e-06
-1.98377e-06
-2.96136e-06
-1.76185e-06
-3.12358e-06
-1.51202e-06
-3.22841e-06
-1.24037e-06
-3.25356e-06
-9.57056e-07
-3.1748e-06
-6.76612e-07
-2.96783e-06
-4.17794e-07
-2.61075e-06
-2.02782e-07
-2.08679e-06
-5.5661e-08
-1.38702e-06
-5.14129e-07
-6.04082e-08
5.56935e-07
-2.1795e-07
1.49226e-06
-4.45252e-07
2.23113e-06
-7.15282e-07
2.77416e-06
-1.00411e-06
3.13534e-06
-1.29237e-06
3.33673e-06
-1.56571e-06
3.40486e-06
-1.81469e-06
3.36751e-06
-2.03405e-06
3.25118e-06
-2.22192e-06
3.07939e-06
-2.37882e-06
2.87183e-06
-2.50694e-06
2.64412e-06
-2.60937e-06
2.40799e-06
-2.68966e-06
2.17179e-06
-2.75141e-06
1.94107e-06
-2.79803e-06
1.71915e-06
-2.83262e-06
1.50773e-06
-2.85791e-06
1.30729e-06
-2.8762e-06
1.11749e-06
-2.88944e-06
9.3745e-07
-2.89918e-06
7.65954e-07
-2.90665e-06
6.01567e-07
-2.91281e-06
4.4273e-07
-2.91832e-06
2.87819e-07
-2.9236e-06
1.35162e-07
-2.92884e-06
-1.69444e-08
-2.93399e-06
-1.70235e-07
-2.93876e-06
-3.26478e-07
-2.94259e-06
-4.87476e-07
-2.94462e-06
-6.55053e-07
-2.94364e-06
-8.31027e-07
-2.93807e-06
-1.01715e-06
-2.92587e-06
-1.21504e-06
-2.90451e-06
-1.42595e-06
-2.87093e-06
-1.65062e-06
-2.82152e-06
-1.8889e-06
-2.75222e-06
-2.13931e-06
-2.65863e-06
-2.39847e-06
-2.5363e-06
-2.66046e-06
-2.38117e-06
-2.91611e-06
-2.19022e-06
-3.15231e-06
-1.96227e-06
-3.35153e-06
-1.69905e-06
-3.49163e-06
-1.40626e-06
-3.54635e-06
-1.09458e-06
-3.48648e-06
-7.80358e-07
-3.28205e-06
-4.85672e-07
-2.90543e-06
-2.37459e-07
-2.335e-06
-6.56611e-08
-1.55882e-06
-5.7979e-07
-7.12398e-08
6.28174e-07
-2.5483e-07
1.67585e-06
-5.16195e-07
2.49249e-06
-8.21808e-07
3.07977e-06
-1.14282e-06
3.45636e-06
-1.45675e-06
3.65065e-06
-1.74779e-06
3.69591e-06
-2.00637e-06
3.62608e-06
-2.22797e-06
3.47278e-06
-2.41194e-06
3.26336e-06
-2.56026e-06
3.02014e-06
-2.67648e-06
2.76034e-06
-2.76499e-06
2.4965e-06
-2.83037e-06
2.23717e-06
-2.87705e-06
1.98775e-06
-2.90909e-06
1.75119e-06
-2.93002e-06
1.52866e-06
-2.94288e-06
1.32015e-06
-2.95018e-06
1.12478e-06
-2.95396e-06
9.41236e-07
-2.95587e-06
7.67859e-07
-2.95716e-06
6.02858e-07
-2.95879e-06
4.44364e-07
-2.96145e-06
2.90475e-07
-2.96556e-06
1.39276e-07
-2.97134e-06
-1.11664e-08
-2.97876e-06
-1.62814e-07
-2.98757e-06
-3.17673e-07
-2.99724e-06
-4.77805e-07
-3.00695e-06
-6.45335e-07
-3.01555e-06
-8.22434e-07
-3.02142e-06
-1.01128e-06
-3.02248e-06
-1.21397e-06
-3.01605e-06
-1.43238e-06
-2.99881e-06
-1.66787e-06
-2.96671e-06
-1.92101e-06
-2.91502e-06
-2.191e-06
-2.83841e-06
-2.47507e-06
-2.7312e-06
-2.76766e-06
-2.58782e-06
-3.05949e-06
-2.40347e-06
-3.33666e-06
-2.17517e-06
-3.57983e-06
-1.903e-06
-3.7638e-06
-1.59162e-06
-3.85773e-06
-1.25177e-06
-3.82633e-06
-9.01469e-07
-3.63235e-06
-5.66448e-07
-3.24045e-06
-2.79458e-07
-2.62199e-06
-7.79896e-08
-1.76029e-06
-6.5778e-07
-8.45867e-08
7.12761e-07
-2.9936e-07
1.89063e-06
-6.00091e-07
2.79322e-06
-9.44928e-07
3.42461e-06
-1.29914e-06
3.81057e-06
-1.63693e-06
3.98844e-06
-1.94143e-06
4.00041e-06
-2.20355e-06
3.8882e-06
-2.42024e-06
3.68947e-06
-2.59273e-06
3.43585e-06
-2.72493e-06
3.15235e-06
-2.8222e-06
2.85761e-06
-2.89038e-06
2.56467e-06
-2.93521e-06
2.28201e-06
-2.96199e-06
2.01453e-06
-2.97536e-06
1.76455e-06
-2.97924e-06
1.53254e-06
-2.97688e-06
1.31779e-06
-2.97092e-06
1.11883e-06
-2.96345e-06
9.33758e-07
-2.95607e-06
7.60487e-07
-2.95005e-06
5.96833e-07
-2.94629e-06
4.40608e-07
-2.94546e-06
2.89645e-07
-2.94798e-06
1.41796e-07
-2.95407e-06
-5.0825e-09
-2.96373e-06
-1.53154e-07
-2.97676e-06
-3.04639e-07
-2.99273e-06
-4.6184e-07
-3.0109e-06
-6.27166e-07
-3.03019e-06
-8.03138e-07
-3.04911e-06
-9.92369e-07
-3.06559e-06
-1.19749e-06
-3.07694e-06
-1.42102e-06
-3.07969e-06
-1.66512e-06
-3.06948e-06
-1.93122e-06
-3.041e-06
-2.21948e-06
-2.98802e-06
-2.52805e-06
-2.90356e-06
-2.85212e-06
-2.78031e-06
-3.18274e-06
-2.61133e-06
-3.50564e-06
-2.39119e-06
-3.79997e-06
-2.11755e-06
-4.03744e-06
-1.79311e-06
-4.18217e-06
-1.4278e-06
-4.19163e-06
-1.04079e-06
-4.01937e-06
-6.61654e-07
-3.61959e-06
-3.30051e-07
-2.95359e-06
-9.316e-08
-1.99718e-06
-7.5094e-07
-1.0106e-07
8.13821e-07
-3.5296e-07
2.14252e-06
-6.98437e-07
3.1387e-06
-1.08502e-06
3.81119e-06
-1.47114e-06
4.19668e-06
-1.82784e-06
4.34515e-06
-2.13798e-06
4.31055e-06
-2.39399e-06
4.14421e-06
-2.59531e-06
3.89079e-06
-2.74589e-06
3.58643e-06
-2.85218e-06
3.25864e-06
-2.92165e-06
2.92708e-06
-2.96179e-06
2.60482e-06
-2.97955e-06
2.29977e-06
-2.981e-06
2.01598e-06
-2.97126e-06
1.75481e-06
-2.95451e-06
1.5158e-06
-2.9341e-06
1.29738e-06
-2.91263e-06
1.09736e-06
-2.89212e-06
9.13243e-07
-2.87408e-06
7.42448e-07
-2.85965e-06
5.82406e-07
-2.84967e-06
4.30623e-07
-2.84471e-06
2.84688e-07
-2.84517e-06
1.42253e-07
-2.85124e-06
9.95955e-10
-2.863e-06
-1.41401e-07
-2.88029e-06
-2.87343e-07
-2.9028e-06
-4.3933e-07
-2.92995e-06
-6.00021e-07
-2.96083e-06
-7.72259e-07
-2.99412e-06
-9.59076e-07
-3.02796e-06
-1.16365e-06
-3.05979e-06
-1.38919e-06
-3.08618e-06
-1.63873e-06
-3.10264e-06
-1.91476e-06
-3.10349e-06
-2.21863e-06
-3.08174e-06
-2.5498e-06
-3.02917e-06
-2.90468e-06
-2.93662e-06
-3.27529e-06
-2.79466e-06
-3.6476e-06
-2.59479e-06
-3.99985e-06
-2.33123e-06
-4.301e-06
-2.00347e-06
-4.50993e-06
-1.61929e-06
-4.57582e-06
-1.19792e-06
-4.44074e-06
-7.7249e-07
-4.04502e-06
-3.90618e-07
-3.33546e-06
-1.11805e-07
-2.27599e-06
-8.62745e-07
-1.2149e-07
9.35311e-07
-4.17323e-07
2.43836e-06
-8.12484e-07
3.53386e-06
-1.24107e-06
4.23978e-06
-1.65398e-06
4.60959e-06
-2.01988e-06
4.71104e-06
-2.32279e-06
4.61345e-06
-2.55831e-06
4.37973e-06
-2.72972e-06
4.0622e-06
-2.84467e-06
3.70138e-06
-2.91274e-06
3.32671e-06
-2.94381e-06
2.95815e-06
-2.94707e-06
2.60808e-06
-2.93055e-06
2.28324e-06
-2.90091e-06
1.98635e-06
-2.86356e-06
1.71745e-06
-2.82269e-06
1.47493e-06
-2.78153e-06
1.25622e-06
-2.74249e-06
1.05832e-06
-2.70737e-06
8.78121e-07
-2.67746e-06
7.12538e-07
-2.6537e-06
5.58643e-07
-2.63675e-06
4.13673e-07
-2.62707e-06
2.75015e-07
-2.62499e-06
1.40169e-07
-2.63069e-06
6.69759e-09
-2.64426e-06
-1.27839e-07
-2.66565e-06
-2.65953e-07
-2.69468e-06
-4.10293e-07
-2.731e-06
-5.63708e-07
-2.77395e-06
-7.29308e-07
-2.82253e-06
-9.10495e-07
-2.87521e-06
-1.11096e-06
-2.92979e-06
-1.33462e-06
-2.98311e-06
-1.58541e-06
-3.03087e-06
-1.867e-06
-3.06732e-06
-2.18219e-06
-3.08503e-06
-2.53209e-06
-3.07477e-06
-2.91494e-06
-3.02563e-06
-3.32443e-06
-2.9255e-06
-3.74773e-06
-2.7622e-06
-4.16315e-06
-2.52544e-06
-4.53776e-06
-2.20985e-06
-4.82551e-06
-1.81907e-06
-4.9666e-06
-1.37046e-06
-4.88935e-06
-8.99595e-07
-4.51588e-06
-4.62706e-07
-3.77235e-06
-1.34762e-07
-2.60394e-06
-9.97507e-07
-1.47107e-07
1.08242e-06
-4.94605e-07
2.78586e-06
-9.43032e-07
3.98229e-06
-1.40984e-06
4.70659e-06
-1.83839e-06
5.03814e-06
-2.19683e-06
5.06949e-06
-2.47289e-06
4.88952e-06
-2.66762e-06
4.57446e-06
-2.78983e-06
4.18441e-06
-2.85194e-06
3.76349e-06
-2.86715e-06
3.34192e-06
-2.84781e-06
2.93881e-06
-2.80463e-06
2.5649e-06
-2.74641e-06
2.22502e-06
-2.68009e-06
1.92002e-06
-2.61095e-06
1.64831e-06
-2.5429e-06
1.40688e-06
-2.47879e-06
1.1921e-06
-2.4206e-06
1.00014e-06
-2.36973e-06
8.2725e-07
-2.32711e-06
6.69919e-07
-2.29337e-06
5.24905e-07
-2.26894e-06
3.89239e-07
-2.2541e-06
2.60174e-07
-2.24905e-06
1.35126e-07
-2.25396e-06
1.1604e-08
-2.26893e-06
-1.12873e-07
-2.29402e-06
-2.40859e-07
-2.32925e-06
-3.75068e-07
-2.37449e-06
-5.18461e-07
-2.42947e-06
-6.74327e-07
-2.49361e-06
-8.46354e-07
-2.56591e-06
-1.03867e-06
-2.64472e-06
-1.25581e-06
-2.72751e-06
-1.50262e-06
-2.81053e-06
-1.78398e-06
-2.88842e-06
-2.1043e-06
-2.95381e-06
-2.4667e-06
-2.99698e-06
-2.87177e-06
-3.00564e-06
-3.31577e-06
-2.96513e-06
-3.78824e-06
-2.85924e-06
-4.26904e-06
-2.67212e-06
-4.72489e-06
-2.39162e-06
-5.10601e-06
-2.01446e-06
-5.34376e-06
-1.55299e-06
-5.35081e-06
-1.04272e-06
-5.02615e-06
-5.48165e-07
-4.26691e-06
-1.63255e-07
-2.98885e-06
-1.16076e-06
-1.79896e-07
1.26231e-06
-5.87728e-07
3.19369e-06
-1.09003e-06
4.48459e-06
-1.5844e-06
5.20096e-06
-2.00826e-06
5.462e-06
-2.33303e-06
5.39425e-06
-2.55402e-06
5.11051e-06
-2.68078e-06
4.70122e-06
-2.72958e-06
4.23322e-06
-2.71849e-06
3.7524e-06
-2.66449e-06
3.28792e-06
-2.58213e-06
2.85644e-06
-2.48312e-06
2.46589e-06
-2.37642e-06
2.11833e-06
-2.26866e-06
1.81226e-06
-2.16453e-06
1.54417e-06
-2.06722e-06
1.30958e-06
-1.97885e-06
1.10374e-06
-1.90075e-06
9.22035e-07
-1.83369e-06
7.6019e-07
-1.77811e-06
6.14336e-07
-1.73422e-06
4.8102e-07
-1.70214e-06
3.57155e-07
-1.68191e-06
2.3995e-07
-1.67361e-06
1.26823e-07
-1.67732e-06
1.53134e-08
-1.69318e-06
-9.70176e-08
-1.72135e-06
-2.12681e-07
-1.76206e-06
-3.34361e-07
-1.8155e-06
-4.65026e-07
-1.8818e-06
-6.08028e-07
-1.96094e-06
-7.67213e-07
-2.0526e-06
-9.47001e-07
-2.15598e-06
-1.15243e-06
-2.26948e-06
-1.38912e-06
-2.39036e-06
-1.6631e-06
-2.51425e-06
-1.98041e-06
-2.63457e-06
-2.34638e-06
-2.74191e-06
-2.76443e-06
-2.82342e-06
-3.23426e-06
-2.8625e-06
-3.74916e-06
-2.83908e-06
-4.29247e-06
-2.73102e-06
-4.83294e-06
-2.51745e-06
-5.31958e-06
-2.18469e-06
-5.67652e-06
-1.73537e-06
-5.80014e-06
-1.20012e-06
-5.5614e-06
-6.49392e-07
-4.81764e-06
-1.99249e-07
-3.43899e-06
-1.36001e-06
-2.23264e-07
1.48558e-06
-7.00756e-07
3.67118e-06
-1.25153e-06
5.03536e-06
-1.75146e-06
5.70089e-06
-2.13688e-06
5.84742e-06
-2.38909e-06
5.64647e-06
-2.51664e-06
5.23806e-06
-2.54119e-06
4.72577e-06
-2.4882e-06
4.18023e-06
-2.38172e-06
3.64591e-06
-2.24202e-06
3.14821e-06
-2.08495e-06
2.69938e-06
-1.92223e-06
2.30317e-06
-1.7621e-06
1.95819e-06
-1.61003e-06
1.6602e-06
-1.46948e-06
1.40362e-06
-1.34245e-06
1.18255e-06
-1.22996e-06
9.91244e-07
-1.13238e-06
8.24455e-07
-1.04971e-06
6.77518e-07
-9.81739e-07
5.46367e-07
-9.2819e-07
4.27471e-07
-8.88786e-07
3.17751e-07
-8.63315e-07
2.14479e-07
-8.51665e-07
1.15173e-07
-8.53847e-07
1.74955e-08
-8.70007e-07
-8.08576e-08
-9.00429e-07
-1.82258e-07
-9.45532e-07
-2.89259e-07
-1.00585e-06
-4.04713e-07
-1.08198e-06
-5.31898e-07
-1.17454e-06
-6.74649e-07
-1.28405e-06
-8.37494e-07
-1.41073e-06
-1.02575e-06
-1.55428e-06
-1.24557e-06
-1.71347e-06
-1.50391e-06
-1.88558e-06
-1.80829e-06
-2.06574e-06
-2.16622e-06
-2.24597e-06
-2.5842e-06
-2.41418e-06
-3.06605e-06
-2.55317e-06
-3.61018e-06
-2.64e-06
-4.20563e-06
-2.64643e-06
-4.82651e-06
-2.5414e-06
-5.42461e-06
-2.29703e-06
-5.9209e-06
-1.89974e-06
-6.19742e-06
-1.36726e-06
-6.09388e-06
-7.69554e-07
-5.41534e-06
-2.46112e-07
-3.96243e-06
-1.60612e-06
-2.8319e-07
1.76877e-06
-8.38951e-07
4.22694e-06
-1.42098e-06
5.61739e-06
-1.8861e-06
6.16601e-06
-2.18038e-06
6.1417e-06
-2.30566e-06
5.77175e-06
-2.2909e-06
5.22331e-06
-2.17337e-06
4.60824e-06
-1.98844e-06
3.9953e-06
-1.76529e-06
3.42276e-06
-1.52592e-06
2.90884e-06
-1.28578e-06
2.45924e-06
-1.05506e-06
2.07245e-06
-8.39953e-07
1.74309e-06
-6.43843e-07
1.46409e-06
-4.68218e-07
1.228e-06
-3.13361e-07
1.02769e-06
-1.78842e-07
8.56725e-07
-6.38643e-08
7.09477e-07
3.25132e-08
5.81141e-07
1.11227e-07
4.67653e-07
1.73117e-07
3.65581e-07
2.18871e-07
2.71996e-07
2.48994e-07
1.84356e-07
2.63783e-07
1.00385e-07
2.63319e-07
1.79591e-08
2.47457e-07
-6.49959e-08
2.15818e-07
-1.50619e-07
1.67782e-07
-2.41223e-07
1.02492e-07
-3.39423e-07
1.88619e-08
-4.48268e-07
-8.43885e-08
-5.71399e-07
-2.08682e-07
-7.13201e-07
-3.55449e-07
-8.78979e-07
-5.25928e-07
-1.07509e-06
-7.2082e-07
-1.30902e-06
-9.39769e-07
-1.58934e-06
-1.18058e-06
-1.92541e-06
-1.43811e-06
-2.32667e-06
-1.70286e-06
-2.80129e-06
-1.95921e-06
-3.35383e-06
-2.18362e-06
-3.98122e-06
-2.34343e-06
-4.6667e-06
-2.39743e-06
-5.37062e-06
-2.30043e-06
-6.0179e-06
-2.01497e-06
-6.48288e-06
-1.53352e-06
-6.57533e-06
-9.12344e-07
-6.03651e-06
-3.09728e-07
-4.56505e-06
-1.91585e-06
-3.69997e-07
2.13877e-06
-1.00717e-06
4.86412e-06
-1.58011e-06
6.19032e-06
-1.94107e-06
6.52697e-06
-2.06652e-06
6.26715e-06
-1.99391e-06
5.69913e-06
-1.78003e-06
5.00943e-06
-1.4794e-06
4.30761e-06
-1.13572e-06
3.65161e-06
-7.80372e-07
3.06742e-06
-4.34035e-07
2.5625e-06
-1.09128e-07
2.13434e-06
1.87782e-07
1.77554e-06
4.5403e-07
1.47684e-06
6.89374e-07
1.22874e-06
8.94975e-07
1.0224e-06
1.07269e-06
8.49974e-07
1.22465e-06
7.04769e-07
1.35295e-06
5.81174e-07
1.45954e-06
4.74552e-07
1.5461e-06
3.81092e-07
1.61403e-06
2.97651e-07
1.66442e-06
2.21608e-07
1.69805e-06
1.50727e-07
1.7154e-06
8.30345e-08
1.71665e-06
1.67143e-08
1.70165e-06
-5.00012e-08
1.66996e-06
-1.18932e-07
1.6208e-06
-1.92056e-07
1.55301e-06
-2.71633e-07
1.46508e-06
-3.60336e-07
1.35508e-06
-4.61408e-07
1.22073e-06
-5.78846e-07
1.05935e-06
-7.176e-07
8.68048e-07
-8.83785e-07
6.43901e-07
-1.08487e-06
3.84399e-07
-1.32984e-06
8.81461e-08
-1.62916e-06
-2.44013e-07
-1.99451e-06
-6.07324e-07
-2.43798e-06
-9.90737e-07
-2.97041e-06
-1.37387e-06
-3.59809e-06
-1.72366e-06
-4.31692e-06
-1.99174e-06
-5.10254e-06
-2.11527e-06
-5.89437e-06
-2.02589e-06
-6.57226e-06
-1.67453e-06
-6.9267e-06
-1.07975e-06
-6.63129e-06
-4.00111e-07
-5.24469e-06
-2.31596e-06
-4.99724e-07
2.63849e-06
-1.20227e-06
5.56666e-06
-1.68159e-06
6.66965e-06
-1.82582e-06
6.67119e-06
-1.67598e-06
6.11731e-06
-1.32215e-06
5.34531e-06
-8.52851e-07
4.54013e-06
-3.36543e-07
3.79131e-06
1.80573e-07
3.1345e-06
6.70638e-07
2.57735e-06
1.11898e-06
2.11416e-06
1.51963e-06
1.73369e-06
1.87192e-06
1.42325e-06
2.17815e-06
1.1706e-06
2.44207e-06
9.64817e-07
2.66793e-06
7.9654e-07
2.85992e-06
6.57985e-07
3.0219e-06
5.42791e-07
3.15725e-06
4.45824e-07
3.26884e-06
3.62966e-07
3.35901e-06
2.90917e-07
3.42964e-06
2.27018e-07
3.48216e-06
1.69092e-07
3.51757e-06
1.15317e-07
3.5365e-06
6.41053e-08
3.5392e-06
1.40118e-08
3.52556e-06
-3.63623e-08
3.49509e-06
-8.84558e-08
3.44687e-06
-1.43842e-07
3.37957e-06
-2.04331e-07
3.29133e-06
-2.72094e-07
3.17973e-06
-3.49809e-07
3.04172e-06
-4.40837e-07
2.87355e-06
-5.49435e-07
2.67077e-06
-6.81002e-07
2.42825e-06
-8.42359e-07
2.14044e-06
-1.04203e-06
1.80181e-06
-1.29053e-06
1.40776e-06
-1.60046e-06
9.56252e-07
-1.98647e-06
4.50347e-07
-2.46451e-06
-9.78131e-08
-3.04993e-06
-6.61532e-07
-3.7532e-06
-1.19292e-06
-4.57115e-06
-1.61717e-06
-5.47013e-06
-1.83337e-06
-6.35605e-06
-1.73418e-06
-7.02589e-06
-1.26322e-06
-7.10224e-06
-5.32192e-07
-5.97572e-06
-2.84816e-06
-6.88995e-07
3.32748e-06
-1.38623e-06
6.2639e-06
-1.60842e-06
6.89183e-06
-1.36725e-06
6.43002e-06
-8.13384e-07
5.56344e-06
-9.92777e-08
4.6312e-06
6.624e-07
3.77845e-06
1.40178e-06
3.05192e-06
2.08173e-06
2.45455e-06
2.68652e-06
1.97255e-06
3.21321e-06
1.58747e-06
3.66567e-06
1.28123e-06
4.05098e-06
1.03795e-06
4.37723e-06
8.44345e-07
4.65242e-06
6.89628e-07
4.88381e-06
5.65155e-07
5.07771e-06
4.64087e-07
5.23944e-06
3.81058e-07
5.3734e-06
3.11869e-07
5.48311e-06
2.53247e-07
5.57141e-06
2.02626e-07
5.64044e-06
1.57981e-07
5.69185e-06
1.17686e-07
5.72677e-06
8.03983e-08
5.74591e-06
4.49649e-08
5.74957e-06
1.0345e-08
5.73768e-06
-2.44633e-08
5.70971e-06
-6.04903e-08
5.66474e-06
-9.88671e-08
5.60131e-06
-1.40907e-07
5.51742e-06
-1.88203e-07
5.41036e-06
-2.42746e-07
5.2766e-06
-3.07082e-07
5.11166e-06
-3.84496e-07
4.90992e-06
-4.79254e-07
4.66446e-06
-5.969e-07
4.36704e-06
-7.44615e-07
4.00816e-06
-9.3165e-07
3.57751e-06
-1.16981e-06
3.06501e-06
-1.47396e-06
2.46291e-06
-1.86242e-06
1.76975e-06
-2.35676e-06
9.96851e-07
-2.9803e-06
1.78589e-07
-3.75289e-06
-6.13836e-07
-4.6777e-06
-1.25897e-06
-5.71091e-06
-1.5847e-06
-6.70017e-06
-1.41497e-06
-7.27197e-06
-7.1901e-07
-6.67168e-06
-3.56717e-06
-9.29118e-07
4.2566e-06
-1.40708e-06
6.74187e-06
-1.08525e-06
6.57e-06
-2.42512e-07
5.58729e-06
8.30854e-07
4.49008e-06
1.93964e-06
3.52242e-06
2.97702e-06
2.74107e-06
3.89668e-06
2.13227e-06
4.68704e-06
1.66419e-06
5.35403e-06
1.30556e-06
5.91104e-06
1.03045e-06
6.37363e-06
8.18648e-07
6.75682e-06
6.54755e-07
7.07403e-06
5.27127e-07
7.3367e-06
4.26959e-07
7.55427e-06
3.47585e-07
7.73441e-06
2.83952e-07
7.88324e-06
2.32228e-07
8.00561e-06
1.89502e-07
8.1053e-06
1.53554e-07
8.18524e-06
1.22685e-07
8.24765e-06
9.55755e-08
8.29415e-06
7.1182e-08
8.32589e-06
4.86561e-08
8.34358e-06
2.72778e-08
8.34752e-06
6.4015e-09
8.33765e-06
-1.45919e-08
8.3135e-06
-3.63389e-08
8.27417e-06
-5.95411e-08
8.21829e-06
-8.50195e-08
8.14386e-06
-1.1378e-07
8.04821e-06
-1.47097e-07
7.92775e-06
-1.86621e-07
7.77778e-06
-2.3452e-07
7.59219e-06
-2.9367e-07
7.36319e-06
-3.67896e-07
7.08088e-06
-4.62307e-07
6.73297e-06
-5.83736e-07
6.30451e-06
-7.41352e-07
5.77803e-06
-9.47486e-07
5.13437e-06
-1.21875e-06
4.35505e-06
-1.57745e-06
3.42769e-06
-2.05294e-06
2.35671e-06
-2.6819e-06
1.18291e-06
-3.50391e-06
1.38222e-08
-4.54182e-06
-9.44002e-07
-5.74234e-06
-1.36901e-06
-6.84696e-06
-9.43636e-07
-7.09705e-06
-4.5108e-06
-1.08887e-06
5.34547e-06
-7.89895e-07
6.4429e-06
4.95733e-07
5.28437e-06
2.12074e-06
3.96228e-06
3.71754e-06
2.89328e-06
5.13216e-06
2.1078e-06
6.32299e-06
1.55023e-06
7.29969e-06
1.15557e-06
8.09068e-06
8.73205e-07
8.72796e-06
6.68284e-07
9.24096e-06
5.17451e-07
9.65462e-06
4.04982e-07
9.98926e-06
3.20121e-07
1.0261e-05
2.55363e-07
1.04826e-05
2.05369e-07
1.06639e-05
1.66285e-07
1.08126e-05
1.35295e-07
1.09345e-05
1.10326e-07
1.10341e-05
8.98414e-08
1.1115e-05
7.26946e-08
1.11797e-05
5.80228e-08
1.12301e-05
4.51678e-08
1.12676e-05
3.36162e-08
1.12933e-05
2.29553e-08
1.13078e-05
1.28378e-08
1.13112e-05
2.95427e-09
1.13036e-05
-6.99118e-09
1.12846e-05
-1.73036e-08
1.12534e-05
-2.83202e-08
1.12088e-05
-4.04388e-08
1.11491e-05
-5.41509e-08
1.10721e-05
-7.00858e-08
1.09746e-05
-8.90694e-08
1.08523e-05
-1.12202e-07
1.06996e-05
-1.40968e-07
1.05091e-05
-1.77382e-07
1.02709e-05
-2.24202e-07
9.97245e-06
-2.85235e-07
9.5969e-06
-3.65804e-07
9.12288e-06
-4.73466e-07
8.52331e-06
-6.19187e-07
7.7651e-06
-8.19229e-07
6.81035e-06
-1.09819e-06
5.62203e-06
-1.49359e-06
4.1795e-06
-2.06138e-06
2.51386e-06
-2.87618e-06
7.78005e-07
-4.00648e-06
-6.4279e-07
-5.42617e-06
-1.05664e-06
-6.68321e-06
-5.56744e-06
-1.16009e-07
5.46148e-06
1.82528e-06
4.50161e-06
4.3759e-06
2.73375e-06
6.63812e-06
1.70006e-06
8.44331e-06
1.08809e-06
9.83379e-06
7.17321e-07
1.0894e-05
4.89995e-07
1.1703e-05
3.46554e-07
1.23239e-05
2.52378e-07
1.2804e-05
1.88146e-07
1.31785e-05
1.42937e-07
1.34732e-05
1.10315e-07
1.3707e-05
8.63005e-08
1.3894e-05
6.83215e-08
1.40448e-05
5.46491e-08
1.4167e-05
4.4086e-08
1.42665e-05
3.5786e-08
1.43477e-05
2.91421e-08
1.44138e-05
2.37144e-08
1.44673e-05
1.91812e-08
1.451e-05
1.53044e-08
1.45433e-05
1.19052e-08
1.4568e-05
8.84588e-09
1.4585e-05
6.01673e-09
1.45945e-05
3.3261e-09
1.45968e-05
6.92767e-10
1.45917e-05
-1.96208e-09
1.45791e-05
-4.7181e-09
1.45585e-05
-7.66565e-09
1.4529e-05
-1.09112e-08
1.44894e-05
-1.45877e-08
1.44382e-05
-1.88672e-08
1.43731e-05
-2.39776e-08
1.42911e-05
-3.0227e-08
1.41882e-05
-3.80364e-08
1.40588e-05
-4.79875e-08
1.38955e-05
-6.08924e-08
1.36881e-05
-7.79012e-08
1.3423e-05
-1.00677e-07
1.30812e-05
-1.31697e-07
1.26369e-05
-1.74802e-07
1.20539e-05
-2.36245e-07
1.12825e-05
-3.26763e-07
1.02546e-05
-4.65711e-07
8.88194e-06
-6.88739e-07
7.06541e-06
-1.05965e-06
4.74626e-06
-1.68734e-06
2.08793e-06
-2.76783e-06
5.4057e-09
-4.60068e-06
-5.56203e-06
5.46148e-06
9.96309e-06
1.26968e-05
1.43969e-05
1.5485e-05
1.62023e-05
1.66923e-05
1.70389e-05
1.72912e-05
1.74794e-05
1.76223e-05
1.77326e-05
1.78189e-05
1.78873e-05
1.79419e-05
1.7986e-05
1.80218e-05
1.80509e-05
1.80746e-05
1.80938e-05
1.81091e-05
1.8121e-05
1.81299e-05
1.81359e-05
1.81392e-05
1.81399e-05
1.81379e-05
1.81332e-05
1.81256e-05
1.81147e-05
1.81001e-05
1.80812e-05
1.80572e-05
1.8027e-05
1.7989e-05
1.7941e-05
1.78801e-05
1.78022e-05
1.77015e-05
1.75698e-05
1.7395e-05
1.71588e-05
1.6832e-05
1.63663e-05
1.56775e-05
1.46179e-05
1.29306e-05
1.01627e-05
5.56203e-06
)
;

boundaryField
{
    movingWall
    {
        type            calculated;
        value           uniform 0;
    }
    fixedWalls
    {
        type            calculated;
        value           uniform 0;
    }
    frontAndBack
    {
        type            empty;
        value           nonuniform 0();
    }
}


// ************************************************************************* //
