/*--------------------------------*- C++ -*----------------------------------*\
  =========                 |
  \\      /  F ield         | OpenFOAM: The Open Source CFD Toolbox
   \\    /   O peration     | Website:  https://openfoam.org
    \\  /    A nd           | Version:  7
     \\/     M anipulation  |
\*---------------------------------------------------------------------------*/
FoamFile
{
    version     2.0;
    format      ascii;
    class       volVectorField;
    location    "0.0042";
    object      U;
}
// * * * * * * * * * * * * * * * * * * * * * * * * * * * * * * * * * * * * * //

dimensions      [0 1 -1 0 0 0 0];

internalField   nonuniform List<vector> 
2500
(
(0.29069 -0.152823 0)
(0.390388 -0.128463 0)
(0.56561 -0.0744904 0)
(0.681553 -0.0415397 0)
(0.748187 -0.0234974 0)
(0.789478 -0.0136461 0)
(0.816485 -0.00824667 0)
(0.834645 -0.00522459 0)
(0.847209 -0.00346712 0)
(0.856156 -0.00239923 0)
(0.862693 -0.00172256 0)
(0.867581 -0.00127698 0)
(0.871311 -0.000972898 0)
(0.874211 -0.00075816 0)
(0.876501 -0.000601416 0)
(0.878332 -0.000483307 0)
(0.879809 -0.000391613 0)
(0.881006 -0.000318441 0)
(0.881977 -0.000258558 0)
(0.882762 -0.000208391 0)
(0.883389 -0.000165402 0)
(0.883881 -0.00012771 0)
(0.884253 -9.38528e-05 0)
(0.884516 -6.26344e-05 0)
(0.884677 -3.30202e-05 0)
(0.884742 -4.06712e-06 0)
(0.88471 2.51301e-05 0)
(0.88458 5.55405e-05 0)
(0.884345 8.82036e-05 0)
(0.883998 0.000124328 0)
(0.883523 0.000165397 0)
(0.882903 0.000213318 0)
(0.88211 0.000270651 0)
(0.881107 0.00034097 0)
(0.879846 0.000429433 0)
(0.878254 0.000543707 0)
(0.876233 0.00069547 0)
(0.87364 0.000902914 0)
(0.870266 0.00119503 0)
(0.865799 0.0016194 0)
(0.859772 0.00225705 0)
(0.851459 0.00325267 0)
(0.839704 0.00487884 0)
(0.822592 0.00767341 0)
(0.796904 0.0127161 0)
(0.757145 0.0221205 0)
(0.692105 0.0398714 0)
(0.576779 0.0732054 0)
(0.398379 0.128703 0)
(0.294245 0.154138 0)
(0.0013362 -0.295708 0)
(0.0164624 -0.298154 0)
(0.148866 -0.210378 0)
(0.273866 -0.140563 0)
(0.371304 -0.0931857 0)
(0.445108 -0.0622314 0)
(0.500054 -0.0423043 0)
(0.540584 -0.0293988 0)
(0.57054 -0.0208931 0)
(0.592865 -0.0151736 0)
(0.609688 -0.0112512 0)
(0.622525 -0.00850861 0)
(0.632452 -0.00655279 0)
(0.640227 -0.00512881 0)
(0.64639 -0.00406921 0)
(0.651323 -0.00326272 0)
(0.6553 -0.00263472 0)
(0.658521 -0.00213451 0)
(0.66113 -0.00172715 0)
(0.663235 -0.00138805 0)
(0.664916 -0.00109944 0)
(0.666232 -0.00084805 0)
(0.667226 -0.000623609 0)
(0.667929 -0.000417777 0)
(0.668362 -0.000223439 0)
(0.668536 -3.41744e-05 0)
(0.668454 0.00015618 0)
(0.66811 0.000353983 0)
(0.667491 0.00056617 0)
(0.666571 0.000800795 0)
(0.665315 0.00106773 0)
(0.663671 0.00137964 0)
(0.66157 0.00175348 0)
(0.658913 0.00221261 0)
(0.655569 0.00279022 0)
(0.651354 0.00353441 0)
(0.646011 0.00451604 0)
(0.639181 0.00584093 0)
(0.630348 0.00766886 0)
(0.618781 0.0102443 0)
(0.603424 0.0139471 0)
(0.58277 0.0193811 0)
(0.554657 0.027531 0)
(0.516022 0.0400422 0)
(0.462728 0.0596754 0)
(0.389786 0.0908341 0)
(0.291681 0.139712 0)
(0.163457 0.213079 0)
(0.0249533 0.305316 0)
(0.00513704 0.303247 0)
(-0.0331158 -0.250605 0)
(-0.0639858 -0.340592 0)
(-0.0195062 -0.302108 0)
(0.0540981 -0.238165 0)
(0.130801 -0.178648 0)
(0.199783 -0.131305 0)
(0.257406 -0.0960737 0)
(0.30369 -0.0705521 0)
(0.340166 -0.0522278 0)
(0.368697 -0.0390801 0)
(0.391 -0.0296083 0)
(0.408497 -0.0227327 0)
(0.422311 -0.0176877 0)
(0.433297 -0.0139357 0)
(0.442101 -0.0111003 0)
(0.449202 -0.00891912 0)
(0.454958 -0.00720897 0)
(0.459636 -0.0058414 0)
(0.463435 -0.00472554 0)
(0.466504 -0.0037961 0)
(0.468956 -0.00300519 0)
(0.470874 -0.00231673 0)
(0.472323 -0.00170255 0)
(0.473345 -0.00113978 0)
(0.473971 -0.000608885 0)
(0.474217 -9.22691e-05 0)
(0.474086 0.000426968 0)
(0.473572 0.000966134 0)
(0.472654 0.00154413 0)
(0.471295 0.00218287 0)
(0.469445 0.00290909 0)
(0.46703 0.00375698 0)
(0.463949 0.00477188 0)
(0.460068 0.00601571 0)
(0.455202 0.00757505 0)
(0.449101 0.00957302 0)
(0.441426 0.0121866 0)
(0.431709 0.0156719 0)
(0.419315 0.0204005 0)
(0.403378 0.0269113 0)
(0.38274 0.0359844 0)
(0.355887 0.048744 0)
(0.320926 0.0667929 0)
(0.27569 0.0923576 0)
(0.218186 0.128323 0)
(0.147837 0.177672 0)
(0.0678682 0.241099 0)
(-0.010919 0.310791 0)
(-0.0613671 0.354555 0)
(-0.032785 0.262532 0)
(-0.0273811 -0.189149 0)
(-0.0695519 -0.32445 0)
(-0.0763102 -0.334517 0)
(-0.050252 -0.294263 0)
(-0.00695094 -0.240431 0)
(0.0410815 -0.189211 0)
(0.0868652 -0.14617 0)
(0.12731 -0.112051 0)
(0.16156 -0.0858079 0)
(0.189882 -0.0659422 0)
(0.213006 -0.0510108 0)
(0.231779 -0.0397981 0)
(0.247004 -0.0313439 0)
(0.259368 -0.0249179 0)
(0.269436 -0.0199775 0)
(0.277657 -0.0161258 0)
(0.284382 -0.0130751 0)
(0.289884 -0.010617 0)
(0.294374 -0.00860026 0)
(0.298013 -0.00691371 0)
(0.300926 -0.00547439 0)
(0.303207 -0.00421882 0)
(0.304927 -0.00309697 0)
(0.306136 -0.00206785 0)
(0.306869 -0.00109628 0)
(0.307143 -0.000150432 0)
(0.306963 0.000800271 0)
(0.30632 0.00178715 0)
(0.305189 0.00284432 0)
(0.303529 0.00401114 0)
(0.301279 0.00533541 0)
(0.298356 0.0068777 0)
(0.294646 0.0087174 0)
(0.289999 0.0109615 0)
(0.284213 0.0137568 0)
(0.277025 0.0173079 0)
(0.268085 0.0219007 0)
(0.256938 0.0279358 0)
(0.242993 0.0359704 0)
(0.225506 0.0467694 0)
(0.203579 0.0613628 0)
(0.176202 0.0810921 0)
(0.142407 0.107609 0)
(0.101613 0.142731 0)
(0.0543372 0.18792 0)
(0.00344997 0.24285 0)
(-0.0438875 0.302014 0)
(-0.074357 0.348157 0)
(-0.0707968 0.341367 0)
(-0.0283049 0.200481 0)
(-0.018697 -0.145228 0)
(-0.0582589 -0.287808 0)
(-0.0875658 -0.327746 0)
(-0.0926875 -0.311991 0)
(-0.0783978 -0.27218 0)
(-0.0533758 -0.226229 0)
(-0.0241992 -0.182866 0)
(0.00502227 -0.145526 0)
(0.0320652 -0.114937 0)
(0.0559711 -0.0905965 0)
(0.0765299 -0.0715473 0)
(0.0939204 -0.0567593 0)
(0.10849 -0.0452988 0)
(0.120633 -0.0363873 0)
(0.130725 -0.0294065 0)
(0.139098 -0.0238806 0)
(0.146033 -0.0194498 0)
(0.151761 -0.0158448 0)
(0.156468 -0.0128643 0)
(0.160303 -0.0103566 0)
(0.163382 -0.00820618 0)
(0.165797 -0.00632318 0)
(0.167615 -0.00463565 0)
(0.168887 -0.00308398 0)
(0.169646 -0.00161659 0)
(0.16991 -0.000186526 0)
(0.169682 0.00125149 0)
(0.168953 0.00274379 0)
(0.167695 0.0043407 0)
(0.165867 0.00609998 0)
(0.163408 0.00809113 0)
(0.160234 0.0104012 0)
(0.156233 0.0131428 0)
(0.151261 0.0164648 0)
(0.145134 0.0205676 0)
(0.137614 0.0257231 0)
(0.128406 0.0323005 0)
(0.117147 0.0407976 0)
(0.103407 0.0518753 0)
(0.0867099 0.0663868 0)
(0.0665844 0.0853877 0)
(0.0426877 0.110092 0)
(0.0150364 0.141711 0)
(-0.0155965 0.181055 0)
(-0.0470789 0.227686 0)
(-0.0751517 0.278251 0)
(-0.0926722 0.32352 0)
(-0.0899418 0.343944 0)
(-0.0610667 0.304745 0)
(-0.01979 0.15469 0)
(-0.0123457 -0.114121 0)
(-0.0456707 -0.247643 0)
(-0.0821906 -0.302278 0)
(-0.104227 -0.305352 0)
(-0.109994 -0.280487 0)
(-0.103811 -0.243766 0)
(-0.0903299 -0.204737 0)
(-0.0732662 -0.168361 0)
(-0.0551987 -0.136742 0)
(-0.0377029 -0.110369 0)
(-0.0216155 -0.0889172 0)
(-0.0072917 -0.0717189 0)
(0.0052004 -0.0580228 0)
(0.0159472 -0.0471248 0)
(0.0251068 -0.0384204 0)
(0.0328599 -0.0314169 0)
(0.0393833 -0.0257248 0)
(0.0448375 -0.0210415 0)
(0.0493618 -0.0171338 0)
(0.0530727 -0.0138213 0)
(0.0560659 -0.0109632 0)
(0.0584176 -0.00844781 0)
(0.0601867 -0.00618436 0)
(0.0614165 -0.00409643 0)
(0.0621356 -0.00211722 0)
(0.0623596 -0.000185421 0)
(0.0620906 0.00175828 0)
(0.0613178 0.00377462 0)
(0.0600166 0.00592934 0)
(0.0581477 0.00829729 0)
(0.0556551 0.0109676 0)
(0.0524643 0.0140504 0)
(0.0484793 0.0176857 0)
(0.0435792 0.022055 0)
(0.0376157 0.0273968 0)
(0.030411 0.0340256 0)
(0.0217595 0.0423545 0)
(0.0114367 0.0529179 0)
(-0.000779103 0.0663884 0)
(-0.0150598 0.0835749 0)
(-0.0314417 0.105378 0)
(-0.0496824 0.132664 0)
(-0.0690371 0.165987 0)
(-0.0879503 0.20507 0)
(-0.103714 0.247896 0)
(-0.112249 0.289272 0)
(-0.108255 0.318814 0)
(-0.086618 0.318733 0)
(-0.0487279 0.262929 0)
(-0.0132613 0.121661 0)
(-0.00832642 -0.0913193 0)
(-0.0354451 -0.210413 0)
(-0.0718551 -0.269952 0)
(-0.101212 -0.285324 0)
(-0.118805 -0.273042 0)
(-0.125755 -0.246155 0)
(-0.124663 -0.213578 0)
(-0.118255 -0.180739 0)
(-0.108831 -0.150529 0)
(-0.0980816 -0.12418 0)
(-0.0871267 -0.101946 0)
(-0.0766447 -0.0835572 0)
(-0.0670014 -0.068519 0)
(-0.0583586 -0.0562763 0)
(-0.0507529 -0.0463039 0)
(-0.0441512 -0.0381441 0)
(-0.0384854 -0.0314168 0)
(-0.033674 -0.0258146 0)
(-0.0296353 -0.0210923 0)
(-0.0262932 -0.0170549 0)
(-0.0235816 -0.0135465 0)
(-0.021445 -0.0104404 0)
(-0.0198394 -0.00763163 0)
(-0.0187319 -0.00503067 0)
(-0.0181006 -0.0025581 0)
(-0.0179341 -0.000140422 0)
(-0.0182319 0.00229381 0)
(-0.0190041 0.00481775 0)
(-0.0202721 0.00751023 0)
(-0.0220691 0.0104602 0)
(-0.0244407 0.0137725 0)
(-0.0274458 0.0175742 0)
(-0.0311571 0.022024 0)
(-0.0356613 0.0273231 0)
(-0.0410567 0.0337289 0)
(-0.0474488 0.0415707 0)
(-0.0549399 0.0512648 0)
(-0.0636081 0.0633254 0)
(-0.0734732 0.0783616 0)
(-0.0844375 0.0970445 0)
(-0.0961966 0.120019 0)
(-0.108113 0.147725 0)
(-0.119052 0.180072 0)
(-0.127215 0.215912 0)
(-0.130051 0.25226 0)
(-0.124425 0.283254 0)
(-0.10721 0.299053 0)
(-0.0768487 0.285154 0)
(-0.0382102 0.223354 0)
(-0.00901792 0.0971498 0)
(-0.00583979 -0.0742084 0)
(-0.0277 -0.178029 0)
(-0.0609107 -0.236824 0)
(-0.0919532 -0.259166 0)
(-0.11534 -0.256263 0)
(-0.130307 -0.23813 0)
(-0.137853 -0.212409 0)
(-0.139657 -0.184304 0)
(-0.137473 -0.156979 0)
(-0.132801 -0.132108 0)
(-0.126785 -0.110371 0)
(-0.120233 -0.0918498 0)
(-0.113674 -0.0763085 0)
(-0.107435 -0.0633699 0)
(-0.101696 -0.0526231 0)
(-0.0965441 -0.0436795 0)
(-0.0920052 -0.0361973 0)
(-0.0880721 -0.0298875 0)
(-0.0847189 -0.024511 0)
(-0.0819122 -0.0198719 0)
(-0.079617 -0.0158088 0)
(-0.0778015 -0.0121879 0)
(-0.0764384 -0.00889576 0)
(-0.0755069 -0.005834 0)
(-0.0749931 -0.00291416 0)
(-0.0748903 -5.35848e-05 0)
(-0.0751995 0.00282852 0)
(-0.0759296 0.00581482 0)
(-0.0770971 0.00899396 0)
(-0.0787269 0.012465 0)
(-0.0808513 0.016343 0)
(-0.0835099 0.0207651 0)
(-0.0867482 0.0258988 0)
(-0.0906142 0.0319515 0)
(-0.0951535 0.0391808 0)
(-0.100399 0.047905 0)
(-0.106355 0.0585105 0)
(-0.112972 0.0714498 0)
(-0.120106 0.0872206 0)
(-0.127465 0.10631 0)
(-0.134532 0.129082 0)
(-0.140475 0.155577 0)
(-0.14406 0.185196 0)
(-0.143612 0.21624 0)
(-0.137099 0.245327 0)
(-0.122495 0.266747 0)
(-0.0984716 0.272016 0)
(-0.0656681 0.250022 0)
(-0.0300133 0.188538 0)
(-0.00634543 0.078629 0)
(-0.00425243 -0.0610865 0)
(-0.021861 -0.150645 0)
(-0.0508775 -0.205803 0)
(-0.0806339 -0.231362 0)
(-0.105911 -0.234863 0)
(-0.125034 -0.223782 0)
(-0.137948 -0.204356 0)
(-0.145473 -0.181213 0)
(-0.148785 -0.157448 0)
(-0.149064 -0.134909 0)
(-0.147322 -0.114539 0)
(-0.144356 -0.0966826 0)
(-0.140749 -0.0813243 0)
(-0.13691 -0.0682579 0)
(-0.133107 -0.0571961 0)
(-0.12951 -0.0478349 0)
(-0.126216 -0.0398876 0)
(-0.123279 -0.0330993 0)
(-0.120719 -0.0272507 0)
(-0.118543 -0.0221554 0)
(-0.116743 -0.0176559 0)
(-0.115312 -0.0136179 0)
(-0.114238 -0.00992538 0)
(-0.113513 -0.00647541 0)
(-0.11313 -0.00317438 0)
(-0.113089 6.61236e-05 0)
(-0.11339 0.00333295 0)
(-0.114041 0.00671496 0)
(-0.115053 0.0103068 0)
(-0.116441 0.0142134 0)
(-0.118223 0.0185541 0)
(-0.120419 0.0234694 0)
(-0.123046 0.0291263 0)
(-0.126116 0.0357261 0)
(-0.129625 0.0435112 0)
(-0.133542 0.0527701 0)
(-0.137793 0.0638369 0)
(-0.142231 0.0770787 0)
(-0.146604 0.0928627 0)
(-0.150505 0.111487 0)
(-0.153323 0.13306 0)
(-0.154196 0.157307 0)
(-0.151984 0.183296 0)
(-0.145318 0.209076 0)
(-0.13278 0.23128 0)
(-0.11331 0.244795 0)
(-0.0868089 0.242704 0)
(-0.0550304 0.216782 0)
(-0.0237142 0.158939 0)
(-0.00461799 0.0643918 0)
(-0.00319245 -0.0508365 0)
(-0.017419 -0.127791 0)
(-0.042223 -0.17807 0)
(-0.0693405 -0.204417 0)
(-0.0942252 -0.211942 0)
(-0.114893 -0.20617 0)
(-0.13069 -0.192055 0)
(-0.141826 -0.173535 0)
(-0.14898 -0.153439 0)
(-0.152993 -0.133608 0)
(-0.154679 -0.115104 0)
(-0.154742 -0.0984397 0)
(-0.153743 -0.0837654 0)
(-0.152107 -0.0710189 0)
(-0.150143 -0.0600275 0)
(-0.148067 -0.0505728 0)
(-0.146023 -0.0424295 0)
(-0.144106 -0.0353847 0)
(-0.142375 -0.029247 0)
(-0.140864 -0.0238476 0)
(-0.139594 -0.0190392 0)
(-0.138575 -0.014693 0)
(-0.13781 -0.0106948 0)
(-0.137303 -0.00694168 0)
(-0.137053 -0.00333847 0)
(-0.137064 0.000205655 0)
(-0.137339 0.00378029 0)
(-0.13788 0.00747706 0)
(-0.138696 0.011393 0)
(-0.139789 0.0156342 0)
(-0.141166 0.0203199 0)
(-0.142827 0.0255869 0)
(-0.144764 0.0315943 0)
(-0.146956 0.0385283 0)
(-0.149359 0.0466055 0)
(-0.151896 0.0560728 0)
(-0.154433 0.0672009 0)
(-0.156764 0.0802648 0)
(-0.158578 0.0955034 0)
(-0.159426 0.113047 0)
(-0.158697 0.132803 0)
(-0.155599 0.154283 0)
(-0.149187 0.176382 0)
(-0.138453 0.19712 0)
(-0.122536 0.213392 0)
(-0.101088 0.220848 0)
(-0.0747407 0.214027 0)
(-0.0456531 0.186933 0)
(-0.018859 0.134206 0)
(-0.00345443 0.0532819 0)
(-0.00245722 -0.04271 0)
(-0.0140176 -0.108811 0)
(-0.0350118 -0.153878 0)
(-0.0590618 -0.179543 0)
(-0.0823746 -0.189339 0)
(-0.102985 -0.187354 0)
(-0.119953 -0.177477 0)
(-0.133097 -0.162971 0)
(-0.142722 -0.146319 0)
(-0.149369 -0.129239 0)
(-0.153644 -0.112812 0)
(-0.156122 -0.0976355 0)
(-0.157296 -0.083971 0)
(-0.157569 -0.0718657 0)
(-0.15725 -0.061242 0)
(-0.156573 -0.0519591 0)
(-0.155706 -0.0438511 0)
(-0.15477 -0.0367491 0)
(-0.153848 -0.0304931 0)
(-0.152997 -0.0249362 0)
(-0.152256 -0.0199458 0)
(-0.151649 -0.0154024 0)
(-0.151194 -0.0111979 0)
(-0.150902 -0.0072327 0)
(-0.15078 -0.00341314 0)
(-0.150832 0.000350832 0)
(-0.151063 0.00414855 0)
(-0.151474 0.00807127 0)
(-0.152066 0.0122149 0)
(-0.152835 0.0166832 0)
(-0.153773 0.0215907 0)
(-0.154865 0.0270657 0)
(-0.156082 0.0332542 0)
(-0.157379 0.0403209 0)
(-0.158682 0.0484509 0)
(-0.159881 0.0578448 0)
(-0.16081 0.0687085 0)
(-0.161232 0.0812297 0)
(-0.160821 0.0955354 0)
(-0.159138 0.111623 0)
(-0.155628 0.129259 0)
(-0.149628 0.147833 0)
(-0.140414 0.166197 0)
(-0.127315 0.182478 0)
(-0.10991 0.193951 0)
(-0.0883207 0.197023 0)
(-0.0635399 0.187457 0)
(-0.0377366 0.160887 0)
(-0.0151096 0.113705 0)
(-0.00264296 0.0445062 0)
(-0.00193409 -0.0361785 0)
(-0.0114091 -0.093033 0)
(-0.0291448 -0.13302 0)
(-0.0501919 -0.15718 0)
(-0.0714497 -0.168022 0)
(-0.0911229 -0.168605 0)
(-0.108179 -0.161974 0)
(-0.122214 -0.150797 0)
(-0.133273 -0.137194 0)
(-0.141657 -0.122708 0)
(-0.147786 -0.10837 0)
(-0.152099 -0.0948022 0)
(-0.155007 -0.0823291 0)
(-0.156861 -0.0710729 0)
(-0.157952 -0.0610291 0)
(-0.158506 -0.052121 0)
(-0.1587 -0.0442355 0)
(-0.158665 -0.0372452 0)
(-0.158498 -0.0310216 0)
(-0.15827 -0.025441 0)
(-0.158033 -0.020388 0)
(-0.157822 -0.0157551 0)
(-0.157664 -0.0114427 0)
(-0.157575 -0.00735699 0)
(-0.157569 -0.00340883 0)
(-0.157652 0.000488671 0)
(-0.157827 0.00442199 0)
(-0.158095 0.0084793 0)
(-0.15845 0.0127527 0)
(-0.158882 0.0173404 0)
(-0.159373 0.022349 0)
(-0.159895 0.0278954 0)
(-0.160404 0.0341084 0)
(-0.160838 0.041129 0)
(-0.161103 0.0491086 0)
(-0.161072 0.0582024 0)
(-0.160565 0.0685564 0)
(-0.159343 0.0802831 0)
(-0.157091 0.0934205 0)
(-0.153414 0.107871 0)
(-0.147843 0.123314 0)
(-0.139857 0.139095 0)
(-0.128946 0.154102 0)
(-0.114716 0.166648 0)
(-0.0970565 0.17441 0)
(-0.0763683 0.174476 0)
(-0.0537695 0.163572 0)
(-0.0312482 0.13849 0)
(-0.0122209 0.0967371 0)
(-0.00206422 0.0374937 0)
(-0.00155622 -0.0308521 0)
(-0.00941224 -0.0798416 0)
(-0.0244553 -0.115093 0)
(-0.0427989 -0.137331 0)
(-0.0619244 -0.1484 0)
(-0.0802573 -0.150626 0)
(-0.0967824 -0.146402 0)
(-0.110986 -0.137897 0)
(-0.122745 -0.126895 0)
(-0.132186 -0.114742 0)
(-0.139574 -0.102384 0)
(-0.145227 -0.0904259 0)
(-0.149467 -0.0792179 0)
(-0.152589 -0.0689277 0)
(-0.154846 -0.0596023 0)
(-0.15645 -0.0512148 0)
(-0.157568 -0.0436955 0)
(-0.158333 -0.0369536 0)
(-0.158848 -0.0308896 0)
(-0.159189 -0.0254028 0)
(-0.159416 -0.0203952 0)
(-0.159572 -0.0157726 0)
(-0.159688 -0.0114455 0)
(-0.159787 -0.00732811 0)
(-0.159884 -0.00333722 0)
(-0.159987 0.000608754 0)
(-0.160099 0.00459137 0)
(-0.160218 0.00869367 0)
(-0.160336 0.0130017 0)
(-0.160436 0.0176062 0)
(-0.160492 0.0226034 0)
(-0.160468 0.028097 0)
(-0.16031 0.0341973 0)
(-0.159945 0.0410211 0)
(-0.159271 0.0486874 0)
(-0.158154 0.0573102 0)
(-0.156417 0.0669843 0)
(-0.153832 0.0777622 0)
(-0.150118 0.0896169 0)
(-0.14494 0.10239 0)
(-0.13792 0.115719 0)
(-0.128676 0.128957 0)
(-0.116876 0.141077 0)
(-0.102337 0.150607 0)
(-0.0851532 0.155603 0)
(-0.0658656 0.153723 0)
(-0.0455837 0.142431 0)
(-0.0260463 0.119332 0)
(-0.0100069 0.0826376 0)
(-0.00164644 0.0318167 0)
(-0.00128074 -0.0264375 0)
(-0.00788751 -0.0687062 0)
(-0.0207549 -0.0996369 0)
(-0.0367798 -0.119783 0)
(-0.0539098 -0.13055 0)
(-0.0707912 -0.133741 0)
(-0.0864787 -0.131253 0)
(-0.100421 -0.124846 0)
(-0.112395 -0.116005 0)
(-0.122407 -0.10589 0)
(-0.1306 -0.0953394 0)
(-0.137192 -0.084918 0)
(-0.142424 -0.0749747 0)
(-0.146532 -0.0656996 0)
(-0.149731 -0.0571729 0)
(-0.152204 -0.0494032 0)
(-0.154107 -0.0423551 0)
(-0.155565 -0.0359678 0)
(-0.156679 -0.0301673 0)
(-0.157527 -0.0248739 0)
(-0.158171 -0.0200063 0)
(-0.158658 -0.015484 0)
(-0.159022 -0.0112283 0)
(-0.159289 -0.00716203 0)
(-0.159476 -0.00320967 0)
(-0.159591 0.000703793 0)
(-0.159637 0.00465356 0)
(-0.15961 0.00871604 0)
(-0.159498 0.0129698 0)
(-0.159282 0.0174965 0)
(-0.158931 0.0223815 0)
(-0.158401 0.0277139 0)
(-0.157636 0.0335861 0)
(-0.156556 0.0400917 0)
(-0.15506 0.0473208 0)
(-0.153016 0.0553522 0)
(-0.150259 0.06424 0)
(-0.146584 0.0739915 0)
(-0.14175 0.0845368 0)
(-0.135486 0.0956838 0)
(-0.127506 0.107064 0)
(-0.117543 0.118066 0)
(-0.105408 0.127776 0)
(-0.091064 0.134934 0)
(-0.0747321 0.137932 0)
(-0.0570032 0.134889 0)
(-0.0389118 0.123825 0)
(-0.0219432 0.102914 0)
(-0.00831923 0.0708203 0)
(-0.00134291 0.0271492 0)
(-0.00107842 -0.0227126 0)
(-0.00672487 -0.0591869 0)
(-0.0178601 -0.0862086 0)
(-0.0319554 -0.104236 0)
(-0.047322 -0.114374 0)
(-0.0628039 -0.118048 0)
(-0.0775452 -0.116775 0)
(-0.0909984 -0.111987 0)
(-0.102888 -0.104916 0)
(-0.113138 -0.0965451 0)
(-0.121807 -0.0876058 0)
(-0.12903 -0.0786083 0)
(-0.134979 -0.0698832 0)
(-0.139837 -0.0616258 0)
(-0.143777 -0.0539345 0)
(-0.146956 -0.0468419 0)
(-0.149511 -0.0403375 0)
(-0.151556 -0.0343843 0)
(-0.153186 -0.0289295 0)
(-0.154475 -0.0239117 0)
(-0.155486 -0.0192651 0)
(-0.156266 -0.0149221 0)
(-0.156851 -0.0108148 0)
(-0.157266 -0.00687538 0)
(-0.157529 -0.00303644 0)
(-0.157649 0.000769547 0)
(-0.157629 0.00461048 0)
(-0.157464 0.00855519 0)
(-0.157138 0.0126739 0)
(-0.156631 0.0170387 0)
(-0.155908 0.0217235 0)
(-0.154925 0.0268033 0)
(-0.153622 0.0323537 0)
(-0.151922 0.0384475 0)
(-0.149725 0.0451501 0)
(-0.14691 0.0525122 0)
(-0.143329 0.0605565 0)
(-0.138806 0.0692601 0)
(-0.133144 0.078527 0)
(-0.126129 0.0881536 0)
(-0.117555 0.0977852 0)
(-0.107252 0.106868 0)
(-0.0951345 0.114606 0)
(-0.081265 0.119934 0)
(-0.0659307 0.121531 0)
(-0.0497228 0.117885 0)
(-0.0335742 0.10743 0)
(-0.0187429 0.0887454 0)
(-0.00703768 0.0607933 0)
(-0.00112131 0.0232429 0)
(-0.000928662 -0.0195106 0)
(-0.00583778 -0.0509291 0)
(-0.0156061 -0.0744171 0)
(-0.0281264 -0.0903727 0)
(-0.0419889 -0.0996885 0)
(-0.0562039 -0.103509 0)
(-0.0700063 -0.103058 0)
(-0.0828742 -0.0995057 0)
(-0.0945093 -0.0938695 0)
(-0.104786 -0.0869758 0)
(-0.1137 -0.079453 0)
(-0.121324 -0.0717509 0)
(-0.127776 -0.0641721 0)
(-0.13319 -0.0569055 0)
(-0.137704 -0.0500563 0)
(-0.141446 -0.0436714 0)
(-0.144534 -0.0377576 0)
(-0.147067 -0.0322957 0)
(-0.149132 -0.02725 0)
(-0.150799 -0.0225743 0)
(-0.152127 -0.0182164 0)
(-0.153161 -0.0141206 0)
(-0.153937 -0.0102295 0)
(-0.15448 -0.00648444 0)
(-0.154808 -0.00282635 0)
(-0.15493 0.000804361 0)
(-0.154848 0.00446784 0)
(-0.154554 0.00822491 0)
(-0.154034 0.0121372 0)
(-0.153265 0.0162669 0)
(-0.152213 0.0206768 0)
(-0.150833 0.0254292 0)
(-0.149065 0.030584 0)
(-0.146837 0.0361965 0)
(-0.144057 0.0423123 0)
(-0.140617 0.0489599 0)
(-0.136387 0.0561404 0)
(-0.131223 0.0638114 0)
(-0.124966 0.0718654 0)
(-0.117457 0.0801016 0)
(-0.108554 0.0881931 0)
(-0.0981616 0.0956508 0)
(-0.0862686 0.101793 0)
(-0.0729994 0.10573 0)
(-0.0586706 0.106378 0)
(-0.0438462 0.102517 0)
(-0.0293551 0.0928959 0)
(-0.0162635 0.0763872 0)
(-0.00606569 0.0521582 0)
(-0.000958549 0.0199102 0)
(-0.000816825 -0.0167059 0)
(-0.00515932 -0.0436529 0)
(-0.0138546 -0.0639327 0)
(-0.0251055 -0.0778989 0)
(-0.0377139 -0.086285 0)
(-0.0508259 -0.090021 0)
(-0.0637595 -0.0901026 0)
(-0.076027 -0.0874844 0)
(-0.0873257 -0.0830062 0)
(-0.0975007 -0.0773576 0)
(-0.106506 -0.0710709 0)
(-0.114368 -0.0645355 0)
(-0.12116 -0.0580205 0)
(-0.126978 -0.0517009 0)
(-0.131927 -0.045681 0)
(-0.136111 -0.0400143 0)
(-0.139626 -0.0347187 0)
(-0.142559 -0.0297877 0)
(-0.144986 -0.0251985 0)
(-0.146972 -0.0209174 0)
(-0.148568 -0.0169039 0)
(-0.14982 -0.0131128 0)
(-0.15076 -0.00949628 0)
(-0.151412 -0.00600458 0)
(-0.151794 -0.00258685 0)
(-0.151915 0.000808574 0)
(-0.151774 0.00423397 0)
(-0.151365 0.00774208 0)
(-0.150674 0.0113859 0)
(-0.149676 0.0152184 0)
(-0.148338 0.0192918 0)
(-0.146616 0.0236566 0)
(-0.144456 0.0283597 0)
(-0.141789 0.0334417 0)
(-0.138534 0.0389326 0)
(-0.134595 0.0448452 0)
(-0.129866 0.051166 0)
(-0.124227 0.0578425 0)
(-0.117558 0.0647654 0)
(-0.109744 0.0717467 0)
(-0.100694 0.0784944 0)
(-0.090368 0.0845857 0)
(-0.0788054 0.0894447 0)
(-0.0661667 0.0923339 0)
(-0.0527755 0.092367 0)
(-0.0391569 0.0885554 0)
(-0.0260443 0.0798924 0)
(-0.0143488 0.0654681 0)
(-0.00532755 0.0445999 0)
(-0.00083807 0.0170105 0)
(-0.000732561 -0.0142046 0)
(-0.00463885 -0.0371397 0)
(-0.0124944 -0.0544849 0)
(-0.0227313 -0.0665552 0)
(-0.034311 -0.0739584 0)
(-0.0464879 -0.0774545 0)
(-0.0586519 -0.0778549 0)
(-0.0703509 -0.075939 0)
(-0.0812881 -0.0723964 0)
(-0.0912932 -0.0677974 0)
(-0.100292 -0.0625879 0)
(-0.108279 -0.057099 0)
(-0.115292 -0.0515643 0)
(-0.121396 -0.0461407 0)
(-0.12667 -0.0409258 0)
(-0.131194 -0.0359746 0)
(-0.135047 -0.0313109 0)
(-0.138303 -0.0269366 0)
(-0.141027 -0.0228386 0)
(-0.143275 -0.018993 0)
(-0.145097 -0.0153688 0)
(-0.146531 -0.0119301 0)
(-0.147609 -0.00863762 0)
(-0.148354 -0.00544996 0)
(-0.14878 -0.0023241 0)
(-0.148897 0.000783927 0)
(-0.148705 0.00391871 0)
(-0.148196 0.00712511 0)
(-0.147355 0.0104479 0)
(-0.14616 0.0139313 0)
(-0.144579 0.017618 0)
(-0.14257 0.0215483 0)
(-0.140084 0.0257581 0)
(-0.137059 0.0302763 0)
(-0.133423 0.0351212 0)
(-0.129096 0.0402949 0)
(-0.123989 0.0457755 0)
(-0.118009 0.051507 0)
(-0.111065 0.0573852 0)
(-0.103079 0.0632408 0)
(-0.0940005 0.0688199 0)
(-0.0838278 0.0737633 0)
(-0.0726344 0.0775913 0)
(-0.0605998 0.0796969 0)
(-0.0480416 0.079358 0)
(-0.0354441 0.0757735 0)
(-0.023458 0.068129 0)
(-0.0128719 0.0556841 0)
(-0.0047655 0.0378729 0)
(-0.000748103 0.0144389 0)
(-0.000668632 -0.0119359 0)
(-0.00423886 -0.0312188 0)
(-0.0114395 -0.0458551 0)
(-0.0208726 -0.0561211 0)
(-0.0316201 -0.0625201 0)
(-0.0430208 -0.0656724 0)
(-0.0545244 -0.0662371 0)
(-0.0657124 -0.0648471 0)
(-0.0762984 -0.0620638 0)
(-0.0861054 -0.0583543 0)
(-0.0950417 -0.0540867 0)
(-0.103078 -0.0495372 0)
(-0.110227 -0.0449045 0)
(-0.116529 -0.0403244 0)
(-0.122041 -0.0358851 0)
(-0.126823 -0.0316386 0)
(-0.13094 -0.027611 0)
(-0.134452 -0.0238093 0)
(-0.137414 -0.0202271 0)
(-0.139877 -0.016848 0)
(-0.141884 -0.0136488 0)
(-0.143469 -0.0106014 0)
(-0.144661 -0.00767429 0)
(-0.145481 -0.00483341 0)
(-0.145945 -0.00204318 0)
(-0.146057 0.000733075 0)
(-0.14582 0.0035326 0)
(-0.145225 0.00639281 0)
(-0.144258 0.00935079 0)
(-0.142897 0.0124427 0)
(-0.141113 0.0157028 0)
(-0.138868 0.0191627 0)
(-0.136116 0.0228492 0)
(-0.132803 0.0267823 0)
(-0.128868 0.030972 0)
(-0.124244 0.0354136 0)
(-0.118857 0.0400815 0)
(-0.112637 0.044921 0)
(-0.105518 0.0498378 0)
(-0.0974511 0.0546841 0)
(-0.0884146 0.0592445 0)
(-0.0784351 0.0632198 0)
(-0.0676075 0.0662156 0)
(-0.0561192 0.0677378 0)
(-0.0442762 0.0672019 0)
(-0.0325242 0.0639616 0)
(-0.0214457 0.0573586 0)
(-0.011734 0.0467903 0)
(-0.00433665 0.0317871 0)
(-0.000680406 0.0121167 0)
(-0.000620021 -0.00984569 0)
(-0.0039321 -0.0257569 0)
(-0.0106252 -0.0378664 0)
(-0.0194273 -0.0464113 0)
(-0.029511 -0.0518032 0)
(-0.0402803 -0.0545432 0)
(-0.0512328 -0.0551608 0)
(-0.0619796 -0.0541637 0)
(-0.0722461 -0.0520027 0)
(-0.0818537 -0.0490542 0)
(-0.0907 -0.0456162 0)
(-0.0987391 -0.0419147 0)
(-0.105966 -0.0381138 0)
(-0.112401 -0.034328 0)
(-0.118083 -0.0306333 0)
(-0.123058 -0.0270767 0)
(-0.127377 -0.0236834 0)
(-0.131088 -0.0204632 0)
(-0.13424 -0.0174138 0)
(-0.136874 -0.0145244 0)
(-0.139029 -0.0117781 0)
(-0.140737 -0.00915333 0)
(-0.142022 -0.00662516 0)
(-0.142904 -0.00416641 0)
(-0.143396 -0.00174824 0)
(-0.143505 0.000659211 0)
(-0.143229 0.00308633 0)
(-0.142562 0.00556357 0)
(-0.141491 0.00812091 0)
(-0.139994 0.0107873 0)
(-0.138044 0.0135896 0)
(-0.135608 0.0165522 0)
(-0.132644 0.0196945 0)
(-0.129105 0.0230301 0)
(-0.12494 0.0265631 0)
(-0.12009 0.0302854 0)
(-0.114501 0.034171 0)
(-0.108117 0.0381701 0)
(-0.100894 0.0422006 0)
(-0.0928024 0.0461381 0)
(-0.0838451 0.0498044 0)
(-0.074067 0.0529557 0)
(-0.0635756 0.0552737 0)
(-0.0525605 0.0563623 0)
(-0.0413139 0.0557546 0)
(-0.0302477 0.0529344 0)
(-0.0198899 0.047375 0)
(-0.0108609 0.0385903 0)
(-0.00400985 0.0261948 0)
(-0.00062929 0.00998473 0)
(-0.000583284 -0.00789181 0)
(-0.00369902 -0.0206478 0)
(-0.0100036 -0.0303752 0)
(-0.0183183 -0.0372702 0)
(-0.0278828 -0.0416614 0)
(-0.0381504 -0.0439444 0)
(-0.0486566 -0.0445354 0)
(-0.0590367 -0.0438324 0)
(-0.0690277 -0.0421888 0)
(-0.0784521 -0.0399001 0)
(-0.087201 -0.0372015 0)
(-0.0952178 -0.034272 0)
(-0.102483 -0.0312432 0)
(-0.109005 -0.0282078 0)
(-0.114807 -0.0252286 0)
(-0.119923 -0.0223457 0)
(-0.124393 -0.0195819 0)
(-0.128257 -0.0169471 0)
(-0.131554 -0.0144418 0)
(-0.134323 -0.0120592 0)
(-0.136595 -0.00978714 0)
(-0.138398 -0.00760951 0)
(-0.139757 -0.00550725 0)
(-0.140688 -0.00345919 0)
(-0.141203 -0.00144269 0)
(-0.141307 0.000565813 0)
(-0.141 0.00259034 0)
(-0.140275 0.0046549 0)
(-0.139119 0.00678302 0)
(-0.137514 0.00899714 0)
(-0.135433 0.0113179 0)
(-0.132846 0.0137634 0)
(-0.129717 0.0163475 0)
(-0.126005 0.0190789 0)
(-0.121665 0.0219584 0)
(-0.11665 0.0249766 0)
(-0.110917 0.0281096 0)
(-0.104425 0.0313148 0)
(-0.097143 0.034524 0)
(-0.0890613 0.0376363 0)
(-0.0801964 0.040509 0)
(-0.0706067 0.0429493 0)
(-0.060407 0.0447073 0)
(-0.0497855 0.0454729 0)
(-0.0390213 0.0448817 0)
(-0.0284983 0.0425304 0)
(-0.018702 0.0380063 0)
(-0.010198 0.0309256 0)
(-0.0037629 0.0209798 0)
(-0.000590875 0.00799713 0)
(-0.000556074 -0.00604059 0)
(-0.00352587 -0.0158054 0)
(-0.00954037 -0.0232624 0)
(-0.0174887 -0.0285657 0)
(-0.0266592 -0.0319662 0)
(-0.0365416 -0.0337638 0)
(-0.0467001 -0.0342723 0)
(-0.0567891 -0.0337911 0)
(-0.0665554 -0.0325863 0)
(-0.0758239 -0.0308802 0)
(-0.0844822 -0.0288503 0)
(-0.0924661 -0.0266324 0)
(-0.0997475 -0.0243268 0)
(-0.106323 -0.0220049 0)
(-0.112207 -0.0197158 0)
(-0.117423 -0.0174914 0)
(-0.122003 -0.0153506 0)
(-0.125979 -0.0133025 0)
(-0.129386 -0.0113485 0)
(-0.132255 -0.0094848 0)
(-0.134616 -0.00770289 0)
(-0.136494 -0.00599121 0)
(-0.137909 -0.00433576 0)
(-0.138877 -0.00272078 0)
(-0.139409 -0.00112929 0)
(-0.139509 0.000456473 0)
(-0.139178 0.00205463 0)
(-0.138407 0.00368325 0)
(-0.137186 0.00535998 0)
(-0.135497 0.0071015 0)
(-0.133315 0.00892296 0)
(-0.130614 0.0108372 0)
(-0.127361 0.012854 0)
(-0.12352 0.0149785 0)
(-0.119052 0.0172097 0)
(-0.113919 0.0195389 0)
(-0.108087 0.021946 0)
(-0.101525 0.0243968 0)
(-0.0942149 0.026838 0)
(-0.0861582 0.0291917 0)
(-0.0773825 0.0313493 0)
(-0.0679547 0.0331651 0)
(-0.0579936 0.0344507 0)
(-0.0476848 0.0349737 0)
(-0.0372958 0.0344607 0)
(-0.0271888 0.032609 0)
(-0.0178171 0.0291078 0)
(-0.00970611 0.0236665 0)
(-0.00358023 0.0160487 0)
(-0.000562543 0.00611775 0)
(-0.000536818 -0.00426421 0)
(-0.00340315 -0.0111578 0)
(-0.0092114 -0.0164275 0)
(-0.0168979 -0.0201839 0)
(-0.0257849 -0.0226041 0)
(-0.0353878 -0.0238984 0)
(-0.0452913 -0.024286 0)
(-0.0551638 -0.0239757 0)
(-0.0647599 -0.0231528 0)
(-0.0739068 -0.0219726 0)
(-0.0824903 -0.0205588 0)
(-0.0904417 -0.0190066 0)
(-0.0977263 -0.0173864 0)
(-0.104334 -0.0157489 0)
(-0.110271 -0.0141291 0)
(-0.115555 -0.0125502 0)
(-0.120211 -0.0110263 0)
(-0.124266 -0.00956433 0)
(-0.127751 -0.00816624 0)
(-0.130692 -0.00682972 0)
(-0.133117 -0.00554937 0)
(-0.135047 -0.00431743 0)
(-0.136503 -0.00312434 0)
(-0.137498 -0.00195923 0)
(-0.138042 -0.000810303 0)
(-0.13814 0.000334796 0)
(-0.13779 0.0014887 0)
(-0.136986 0.00266398 0)
(-0.135718 0.00387287 0)
(-0.133967 0.00512686 0)
(-0.131713 0.00643628 0)
(-0.12893 0.00780973 0)
(-0.125588 0.00925343 0)
(-0.121655 0.0107704 0)
(-0.117099 0.0123591 0)
(-0.111886 0.0140125 0)
(-0.105988 0.0157156 0)
(-0.0993832 0.0174435 0)
(-0.0920623 0.0191579 0)
(-0.0840337 0.0208038 0)
(-0.075333 0.0223048 0)
(-0.0660323 0.0235591 0)
(-0.0562523 0.0244356 0)
(-0.046176 0.0247724 0)
(-0.0360618 0.0243795 0)
(-0.0262559 0.0230463 0)
(-0.0171889 0.0205557 0)
(-0.00935788 0.0167041 0)
(-0.00345116 0.0113242 0)
(-0.000542552 0.00431696 0)
(-0.00052449 -0.0025388 0)
(-0.00332451 -0.0066432 0)
(-0.00900036 -0.00978266 0)
(-0.0165182 -0.0120239 0)
(-0.0252218 -0.0134724 0)
(-0.0346428 -0.0142527 0)
(-0.0443791 -0.0144945 0)
(-0.0541084 -0.0143211 0)
(-0.0635904 -0.0138421 0)
(-0.0726543 -0.013149 0)
(-0.0811849 -0.0123149 0)
(-0.089111 -0.0113962 0)
(-0.0963938 -0.0104348 0)
(-0.103019 -0.00946065 0)
(-0.108987 -0.00849497 0)
(-0.114313 -0.00755173 0)
(-0.119017 -0.00663955 0)
(-0.123123 -0.00576294 0)
(-0.126657 -0.00492323 0)
(-0.129645 -0.00411932 0)
(-0.13211 -0.0033482 0)
(-0.134075 -0.0026054 0)
(-0.135557 -0.00188537 0)
(-0.13657 -0.00118175 0)
(-0.137122 -0.000487603 0)
(-0.137217 0.000204355 0)
(-0.136855 0.000901568 0)
(-0.13603 0.00161145 0)
(-0.13473 0.00234119 0)
(-0.13294 0.0030975 0)
(-0.130639 0.00388638 0)
(-0.127803 0.00471276 0)
(-0.124404 0.00558011 0)
(-0.120413 0.0064899 0)
(-0.115801 0.007441 0)
(-0.110538 0.00842877 0)
(-0.104601 0.00944403 0)
(-0.0979722 0.0104716 0)
(-0.0906482 0.0114886 0)
(-0.0826427 0.0124622 0)
(-0.0739955 0.013347 0)
(-0.0647818 0.014083 0)
(-0.0551234 0.0145926 0)
(-0.0452008 0.0147806 0)
(-0.0352666 0.0145349 0)
(-0.0256564 0.0137312 0)
(-0.016786 0.0122412 0)
(-0.00913499 0.00994407 0)
(-0.00336864 0.00674019 0)
(-0.000529775 0.00256957 0)
(-0.000518471 -0.000843029 0)
(-0.00328611 -0.00220591 0)
(-0.00889723 -0.0032487 0)
(-0.0163325 -0.00399369 0)
(-0.024946 -0.00447589 0)
(-0.0342774 -0.00473657 0)
(-0.0439309 -0.00481867 0)
(-0.0535889 -0.00476301 0)
(-0.0630138 -0.00460575 0)
(-0.0720356 -0.00437718 0)
(-0.080539 -0.00410152 0)
(-0.0884514 -0.00379738 0)
(-0.0957322 -0.00347865 0)
(-0.102365 -0.00315536 0)
(-0.108348 -0.0028345 0)
(-0.113694 -0.00252078 0)
(-0.118421 -0.0022171 0)
(-0.122551 -0.00192499 0)
(-0.126109 -0.00164496 0)
(-0.129119 -0.00137667 0)
(-0.131605 -0.00111915 0)
(-0.133587 -0.000870952 0)
(-0.135082 -0.000630254 0)
(-0.136103 -0.000394962 0)
(-0.136659 -0.000162787 0)
(-0.136753 6.86764e-05 0)
(-0.136385 0.000301887 0)
(-0.135549 0.000539294 0)
(-0.134234 0.000783265 0)
(-0.132424 0.00103601 0)
(-0.1301 0.0012995 0)
(-0.127238 0.00157533 0)
(-0.123811 0.00186462 0)
(-0.119793 0.00216781 0)
(-0.115153 0.00248447 0)
(-0.109866 0.00281301 0)
(-0.103911 0.00315032 0)
(-0.0972717 0.00349133 0)
(-0.0899476 0.0038284 0)
(-0.0819548 0.00415061 0)
(-0.0733353 0.00444298 0)
(-0.0641658 0.00468557 0)
(-0.0545683 0.00485281 0)
(-0.0447222 0.00491319 0)
(-0.034877 0.00482967 0)
(-0.0253631 0.00456117 0)
(-0.0165892 0.00406524 0)
(-0.0090262 0.00330184 0)
(-0.00332838 0.00223784 0)
(-0.000523543 0.000853164 0)
(-0.000518472 0.000843017 0)
(-0.00328611 0.00220599 0)
(-0.00889723 0.00324884 0)
(-0.0163325 0.00399384 0)
(-0.024946 0.00447603 0)
(-0.0342774 0.00473669 0)
(-0.0439309 0.00481875 0)
(-0.0535889 0.00476304 0)
(-0.0630138 0.00460574 0)
(-0.0720356 0.00437714 0)
(-0.080539 0.00410145 0)
(-0.0884514 0.0037973 0)
(-0.0957322 0.00347856 0)
(-0.102365 0.00315526 0)
(-0.108348 0.0028344 0)
(-0.113694 0.00252067 0)
(-0.118421 0.00221699 0)
(-0.122551 0.0019249 0)
(-0.126109 0.00164487 0)
(-0.129119 0.00137658 0)
(-0.131605 0.00111906 0)
(-0.133587 0.000870869 0)
(-0.135082 0.000630176 0)
(-0.136103 0.000394888 0)
(-0.136659 0.000162717 0)
(-0.136753 -6.87419e-05 0)
(-0.136385 -0.00030195 0)
(-0.135549 -0.000539354 0)
(-0.134234 -0.000783323 0)
(-0.132424 -0.00103607 0)
(-0.1301 -0.00129955 0)
(-0.127238 -0.00157538 0)
(-0.123811 -0.00186467 0)
(-0.119793 -0.00216786 0)
(-0.115153 -0.00248451 0)
(-0.109866 -0.00281304 0)
(-0.103911 -0.00315034 0)
(-0.0972717 -0.00349133 0)
(-0.0899476 -0.00382838 0)
(-0.0819548 -0.00415058 0)
(-0.0733353 -0.00444292 0)
(-0.0641658 -0.00468548 0)
(-0.0545683 -0.00485269 0)
(-0.0447222 -0.00491304 0)
(-0.034877 -0.00482951 0)
(-0.0253631 -0.004561 0)
(-0.0165892 -0.00406508 0)
(-0.0090262 -0.00330169 0)
(-0.00332838 -0.00223772 0)
(-0.000523543 -0.000853069 0)
(-0.000524492 0.0025388 0)
(-0.00332452 0.00664328 0)
(-0.00900037 0.0097828 0)
(-0.0165182 0.0120241 0)
(-0.0252218 0.0134725 0)
(-0.0346429 0.0142528 0)
(-0.0443791 0.0144945 0)
(-0.0541084 0.0143212 0)
(-0.0635904 0.0138421 0)
(-0.0726543 0.013149 0)
(-0.0811849 0.0123149 0)
(-0.089111 0.0113962 0)
(-0.0963938 0.0104347 0)
(-0.103019 0.00946054 0)
(-0.108987 0.00849486 0)
(-0.114313 0.00755162 0)
(-0.119017 0.00663944 0)
(-0.123123 0.00576284 0)
(-0.126657 0.00492314 0)
(-0.129645 0.00411923 0)
(-0.13211 0.00334811 0)
(-0.134075 0.00260531 0)
(-0.135557 0.00188529 0)
(-0.13657 0.00118168 0)
(-0.137121 0.000487534 0)
(-0.137217 -0.000204419 0)
(-0.136855 -0.00090163 0)
(-0.13603 -0.00161151 0)
(-0.13473 -0.00234125 0)
(-0.13294 -0.00309756 0)
(-0.130639 -0.00388644 0)
(-0.127803 -0.00471281 0)
(-0.124404 -0.00558016 0)
(-0.120413 -0.00648995 0)
(-0.115801 -0.00744104 0)
(-0.110538 -0.00842881 0)
(-0.104601 -0.00944405 0)
(-0.0979721 -0.0104716 0)
(-0.0906482 -0.0114886 0)
(-0.0826427 -0.0124621 0)
(-0.0739955 -0.013347 0)
(-0.0647818 -0.0140829 0)
(-0.0551234 -0.0145925 0)
(-0.0452008 -0.0147805 0)
(-0.0352666 -0.0145347 0)
(-0.0256564 -0.013731 0)
(-0.016786 -0.012241 0)
(-0.00913498 -0.00994391 0)
(-0.00336863 -0.00674006 0)
(-0.000529774 -0.00256947 0)
(-0.000536822 0.00426421 0)
(-0.00340316 0.0111579 0)
(-0.00921141 0.0164276 0)
(-0.0168979 0.020184 0)
(-0.0257849 0.0226043 0)
(-0.0353879 0.0238985 0)
(-0.0452913 0.024286 0)
(-0.0551639 0.0239757 0)
(-0.0647599 0.0231528 0)
(-0.0739068 0.0219726 0)
(-0.0824903 0.0205588 0)
(-0.0904417 0.0190065 0)
(-0.0977263 0.0173863 0)
(-0.104334 0.0157488 0)
(-0.110271 0.014129 0)
(-0.115555 0.0125501 0)
(-0.120211 0.0110261 0)
(-0.124266 0.00956423 0)
(-0.127751 0.00816614 0)
(-0.130692 0.00682963 0)
(-0.133117 0.00554928 0)
(-0.135047 0.00431735 0)
(-0.136503 0.00312426 0)
(-0.137498 0.00195915 0)
(-0.138042 0.000810233 0)
(-0.13814 -0.000334863 0)
(-0.13779 -0.00148876 0)
(-0.136986 -0.00266404 0)
(-0.135718 -0.00387293 0)
(-0.133967 -0.00512692 0)
(-0.131713 -0.00643633 0)
(-0.12893 -0.00780978 0)
(-0.125588 -0.00925348 0)
(-0.121655 -0.0107704 0)
(-0.117099 -0.0123592 0)
(-0.111886 -0.0140125 0)
(-0.105988 -0.0157156 0)
(-0.0993832 -0.0174435 0)
(-0.0920622 -0.0191579 0)
(-0.0840337 -0.0208037 0)
(-0.075333 -0.0223048 0)
(-0.0660322 -0.023559 0)
(-0.0562523 -0.0244354 0)
(-0.046176 -0.0247723 0)
(-0.0360617 -0.0243794 0)
(-0.0262559 -0.0230461 0)
(-0.0171888 -0.0205556 0)
(-0.00935787 -0.0167039 0)
(-0.00345115 -0.011324 0)
(-0.000542549 -0.00431686 0)
(-0.000556078 0.0060406 0)
(-0.00352589 0.0158055 0)
(-0.00954039 0.0232625 0)
(-0.0174887 0.0285658 0)
(-0.0266592 0.0319664 0)
(-0.0365416 0.033764 0)
(-0.0467001 0.0342724 0)
(-0.0567891 0.0337912 0)
(-0.0665554 0.0325863 0)
(-0.0758239 0.0308802 0)
(-0.0844822 0.0288503 0)
(-0.0924662 0.0266324 0)
(-0.0997475 0.0243267 0)
(-0.106323 0.0220048 0)
(-0.112207 0.0197157 0)
(-0.117423 0.0174913 0)
(-0.122003 0.0153505 0)
(-0.125979 0.0133024 0)
(-0.129386 0.0113484 0)
(-0.132255 0.00948471 0)
(-0.134616 0.0077028 0)
(-0.136494 0.00599112 0)
(-0.137909 0.00433568 0)
(-0.138877 0.00272071 0)
(-0.139409 0.00112922 0)
(-0.139509 -0.000456541 0)
(-0.139178 -0.00205469 0)
(-0.138407 -0.00368332 0)
(-0.137186 -0.00536004 0)
(-0.135497 -0.00710156 0)
(-0.133315 -0.00892302 0)
(-0.130614 -0.0108373 0)
(-0.127361 -0.0128541 0)
(-0.12352 -0.0149785 0)
(-0.119052 -0.0172098 0)
(-0.113919 -0.0195389 0)
(-0.108087 -0.0219461 0)
(-0.101525 -0.0243969 0)
(-0.0942148 -0.026838 0)
(-0.0861581 -0.0291917 0)
(-0.0773824 -0.0313493 0)
(-0.0679546 -0.033165 0)
(-0.0579935 -0.0344506 0)
(-0.0476848 -0.0349736 0)
(-0.0372957 -0.0344605 0)
(-0.0271887 -0.0326088 0)
(-0.017817 -0.0291076 0)
(-0.00970609 -0.0236664 0)
(-0.00358022 -0.0160486 0)
(-0.000562541 -0.00611765 0)
(-0.000583287 0.00789182 0)
(-0.00369903 0.0206479 0)
(-0.0100036 0.0303753 0)
(-0.0183183 0.0372703 0)
(-0.0278828 0.0416615 0)
(-0.0381504 0.0439446 0)
(-0.0486566 0.0445355 0)
(-0.0590368 0.0438324 0)
(-0.0690277 0.0421887 0)
(-0.0784521 0.0399 0)
(-0.0872011 0.0372014 0)
(-0.0952178 0.0342719 0)
(-0.102483 0.0312431 0)
(-0.109005 0.0282077 0)
(-0.114807 0.0252285 0)
(-0.119923 0.0223456 0)
(-0.124393 0.0195818 0)
(-0.128257 0.016947 0)
(-0.131554 0.0144417 0)
(-0.134323 0.0120591 0)
(-0.136595 0.00978705 0)
(-0.138398 0.00760942 0)
(-0.139757 0.00550717 0)
(-0.140688 0.00345911 0)
(-0.141203 0.00144262 0)
(-0.141307 -0.00056588 0)
(-0.141 -0.0025904 0)
(-0.140275 -0.00465496 0)
(-0.139119 -0.00678307 0)
(-0.137514 -0.0089972 0)
(-0.135433 -0.011318 0)
(-0.132846 -0.0137634 0)
(-0.129717 -0.0163476 0)
(-0.126005 -0.0190789 0)
(-0.121665 -0.0219585 0)
(-0.11665 -0.0249766 0)
(-0.110917 -0.0281097 0)
(-0.104424 -0.0313148 0)
(-0.097143 -0.034524 0)
(-0.0890613 -0.0376362 0)
(-0.0801964 -0.0405089 0)
(-0.0706066 -0.0429493 0)
(-0.0604069 -0.0447072 0)
(-0.0497854 -0.0454728 0)
(-0.0390212 -0.0448815 0)
(-0.0284983 -0.0425302 0)
(-0.018702 -0.0380061 0)
(-0.010198 -0.0309255 0)
(-0.00376289 -0.0209797 0)
(-0.000590874 -0.00799702 0)
(-0.000620024 0.00984571 0)
(-0.00393211 0.025757 0)
(-0.0106252 0.0378666 0)
(-0.0194274 0.0464115 0)
(-0.0295111 0.0518034 0)
(-0.0402803 0.0545433 0)
(-0.0512329 0.0551609 0)
(-0.0619797 0.0541637 0)
(-0.0722461 0.0520027 0)
(-0.0818537 0.0490541 0)
(-0.0907 0.0456161 0)
(-0.0987391 0.0419146 0)
(-0.105966 0.0381137 0)
(-0.112401 0.0343279 0)
(-0.118083 0.0306332 0)
(-0.123058 0.0270765 0)
(-0.127377 0.0236833 0)
(-0.131088 0.0204631 0)
(-0.13424 0.0174137 0)
(-0.136874 0.0145243 0)
(-0.139029 0.011778 0)
(-0.140737 0.00915324 0)
(-0.142022 0.00662509 0)
(-0.142904 0.00416634 0)
(-0.143396 0.00174817 0)
(-0.143505 -0.000659272 0)
(-0.143229 -0.00308639 0)
(-0.142562 -0.00556362 0)
(-0.141491 -0.00812096 0)
(-0.139994 -0.0107873 0)
(-0.138044 -0.0135897 0)
(-0.135608 -0.0165522 0)
(-0.132644 -0.0196946 0)
(-0.129105 -0.0230301 0)
(-0.12494 -0.0265632 0)
(-0.12009 -0.0302854 0)
(-0.114501 -0.034171 0)
(-0.108117 -0.0381701 0)
(-0.100894 -0.0422006 0)
(-0.0928024 -0.0461382 0)
(-0.083845 -0.0498044 0)
(-0.0740669 -0.0529556 0)
(-0.0635755 -0.0552736 0)
(-0.0525604 -0.0563622 0)
(-0.0413138 -0.0557544 0)
(-0.0302476 -0.0529342 0)
(-0.0198898 -0.0473747 0)
(-0.0108609 -0.0385901 0)
(-0.00400984 -0.0261947 0)
(-0.000629288 -0.00998461 0)
(-0.000668636 0.011936 0)
(-0.00423888 0.031219 0)
(-0.0114396 0.0458553 0)
(-0.0208726 0.0561213 0)
(-0.0316201 0.0625203 0)
(-0.0430209 0.0656725 0)
(-0.0545244 0.0662372 0)
(-0.0657125 0.0648471 0)
(-0.0762985 0.0620638 0)
(-0.0861055 0.0583543 0)
(-0.0950417 0.0540866 0)
(-0.103078 0.0495371 0)
(-0.110227 0.0449044 0)
(-0.116529 0.0403243 0)
(-0.122041 0.0358849 0)
(-0.126823 0.0316385 0)
(-0.13094 0.0276109 0)
(-0.134452 0.0238092 0)
(-0.137414 0.020227 0)
(-0.139877 0.0168479 0)
(-0.141884 0.0136487 0)
(-0.143469 0.0106013 0)
(-0.144661 0.00767422 0)
(-0.145481 0.00483334 0)
(-0.145945 0.00204312 0)
(-0.146057 -0.000733131 0)
(-0.14582 -0.00353266 0)
(-0.145225 -0.00639287 0)
(-0.144258 -0.00935084 0)
(-0.142897 -0.0124427 0)
(-0.141113 -0.0157029 0)
(-0.138868 -0.0191627 0)
(-0.136116 -0.0228492 0)
(-0.132803 -0.0267824 0)
(-0.128868 -0.0309721 0)
(-0.124244 -0.0354137 0)
(-0.118857 -0.0400815 0)
(-0.112637 -0.0449211 0)
(-0.105518 -0.0498378 0)
(-0.097451 -0.0546842 0)
(-0.0884145 -0.0592445 0)
(-0.078435 -0.0632197 0)
(-0.0676074 -0.0662155 0)
(-0.0561191 -0.0677376 0)
(-0.0442761 -0.0672017 0)
(-0.0325241 -0.0639614 0)
(-0.0214456 -0.0573583 0)
(-0.011734 -0.0467901 0)
(-0.00433663 -0.0317869 0)
(-0.000680403 -0.0121166 0)
(-0.000732565 0.0142047 0)
(-0.00463886 0.0371398 0)
(-0.0124944 0.0544851 0)
(-0.0227313 0.0665554 0)
(-0.0343111 0.0739585 0)
(-0.046488 0.0774546 0)
(-0.0586519 0.077855 0)
(-0.070351 0.075939 0)
(-0.0812882 0.0723963 0)
(-0.0912932 0.0677973 0)
(-0.100292 0.0625878 0)
(-0.108279 0.0570988 0)
(-0.115292 0.0515642 0)
(-0.121396 0.0461405 0)
(-0.12667 0.0409257 0)
(-0.131194 0.0359745 0)
(-0.135047 0.0313108 0)
(-0.138303 0.0269365 0)
(-0.141027 0.0228385 0)
(-0.143275 0.0189929 0)
(-0.145097 0.0153687 0)
(-0.146531 0.01193 0)
(-0.147609 0.00863756 0)
(-0.148354 0.0054499 0)
(-0.14878 0.00232405 0)
(-0.148897 -0.000783979 0)
(-0.148705 -0.00391876 0)
(-0.148196 -0.00712516 0)
(-0.147355 -0.010448 0)
(-0.14616 -0.0139313 0)
(-0.144579 -0.0176181 0)
(-0.14257 -0.0215484 0)
(-0.140084 -0.0257582 0)
(-0.137059 -0.0302764 0)
(-0.133423 -0.0351213 0)
(-0.129096 -0.040295 0)
(-0.123989 -0.0457755 0)
(-0.118009 -0.051507 0)
(-0.111065 -0.0573852 0)
(-0.103079 -0.0632409 0)
(-0.0940004 -0.0688199 0)
(-0.0838277 -0.0737633 0)
(-0.0726343 -0.0775912 0)
(-0.0605997 -0.0796967 0)
(-0.0480415 -0.0793577 0)
(-0.035444 -0.0757732 0)
(-0.0234579 -0.0681287 0)
(-0.0128718 -0.0556838 0)
(-0.00476548 -0.0378727 0)
(-0.000748099 -0.0144387 0)
(-0.000816828 0.0167059 0)
(-0.00515934 0.0436531 0)
(-0.0138546 0.0639329 0)
(-0.0251056 0.0778991 0)
(-0.037714 0.0862852 0)
(-0.0508259 0.0900212 0)
(-0.0637595 0.0901027 0)
(-0.076027 0.0874843 0)
(-0.0873257 0.0830062 0)
(-0.0975007 0.0773574 0)
(-0.106506 0.0710707 0)
(-0.114368 0.0645353 0)
(-0.12116 0.0580203 0)
(-0.126978 0.0517008 0)
(-0.131927 0.0456809 0)
(-0.13611 0.0400142 0)
(-0.139626 0.0347186 0)
(-0.142559 0.0297876 0)
(-0.144986 0.0251984 0)
(-0.146971 0.0209173 0)
(-0.148568 0.0169038 0)
(-0.14982 0.0131127 0)
(-0.15076 0.00949622 0)
(-0.151412 0.00600453 0)
(-0.151794 0.0025868 0)
(-0.151915 -0.000808621 0)
(-0.151774 -0.00423402 0)
(-0.151365 -0.00774212 0)
(-0.150674 -0.0113859 0)
(-0.149676 -0.0152184 0)
(-0.148338 -0.0192918 0)
(-0.146616 -0.0236566 0)
(-0.144456 -0.0283597 0)
(-0.141789 -0.0334418 0)
(-0.138534 -0.0389326 0)
(-0.134595 -0.0448452 0)
(-0.129866 -0.0511661 0)
(-0.124227 -0.0578426 0)
(-0.117558 -0.0647655 0)
(-0.109744 -0.0717468 0)
(-0.100694 -0.0784945 0)
(-0.0903679 -0.0845856 0)
(-0.0788053 -0.0894447 0)
(-0.0661666 -0.0923338 0)
(-0.0527753 -0.0923668 0)
(-0.0391568 -0.0885551 0)
(-0.0260442 -0.0798921 0)
(-0.0143487 -0.0654678 0)
(-0.00532752 -0.0445996 0)
(-0.000838066 -0.0170104 0)
(-0.000928667 0.0195106 0)
(-0.0058378 0.0509293 0)
(-0.0156061 0.0744173 0)
(-0.0281265 0.0903729 0)
(-0.0419889 0.0996887 0)
(-0.0562039 0.103509 0)
(-0.0700064 0.103058 0)
(-0.0828743 0.0995056 0)
(-0.0945094 0.0938694 0)
(-0.104786 0.0869757 0)
(-0.1137 0.0794528 0)
(-0.121324 0.0717507 0)
(-0.127776 0.064172 0)
(-0.13319 0.0569053 0)
(-0.137704 0.0500562 0)
(-0.141446 0.0436713 0)
(-0.144533 0.0377574 0)
(-0.147067 0.0322956 0)
(-0.149132 0.0272499 0)
(-0.150799 0.0225742 0)
(-0.152127 0.0182163 0)
(-0.153161 0.0141206 0)
(-0.153937 0.0102294 0)
(-0.15448 0.00648439 0)
(-0.154808 0.00282631 0)
(-0.15493 -0.000804401 0)
(-0.154847 -0.00446788 0)
(-0.154554 -0.00822494 0)
(-0.154034 -0.0121372 0)
(-0.153265 -0.0162669 0)
(-0.152213 -0.0206769 0)
(-0.150833 -0.0254292 0)
(-0.149065 -0.0305841 0)
(-0.146837 -0.0361966 0)
(-0.144058 -0.0423123 0)
(-0.140617 -0.04896 0)
(-0.136387 -0.0561405 0)
(-0.131223 -0.0638115 0)
(-0.124966 -0.0718655 0)
(-0.117457 -0.0801017 0)
(-0.108554 -0.0881932 0)
(-0.0981615 -0.0956508 0)
(-0.0862685 -0.101793 0)
(-0.0729993 -0.10573 0)
(-0.0586705 -0.106378 0)
(-0.0438461 -0.102516 0)
(-0.029355 -0.0928956 0)
(-0.0162634 -0.0763868 0)
(-0.00606566 -0.052158 0)
(-0.000958543 -0.0199101 0)
(-0.00107843 0.0227127 0)
(-0.00672489 0.0591871 0)
(-0.0178601 0.0862089 0)
(-0.0319554 0.104236 0)
(-0.0473221 0.114374 0)
(-0.062804 0.118048 0)
(-0.0775452 0.116775 0)
(-0.0909984 0.111987 0)
(-0.102888 0.104916 0)
(-0.113138 0.096545 0)
(-0.121807 0.0876057 0)
(-0.12903 0.0786081 0)
(-0.134979 0.069883 0)
(-0.139837 0.0616256 0)
(-0.143777 0.0539344 0)
(-0.146956 0.0468417 0)
(-0.149511 0.0403373 0)
(-0.151556 0.0343841 0)
(-0.153185 0.0289294 0)
(-0.154475 0.0239116 0)
(-0.155486 0.019265 0)
(-0.156266 0.014922 0)
(-0.156851 0.0108147 0)
(-0.157266 0.00687533 0)
(-0.157529 0.0030364 0)
(-0.157649 -0.000769579 0)
(-0.157629 -0.0046105 0)
(-0.157464 -0.00855521 0)
(-0.157138 -0.012674 0)
(-0.156631 -0.0170388 0)
(-0.155908 -0.0217235 0)
(-0.154925 -0.0268034 0)
(-0.153622 -0.0323538 0)
(-0.151922 -0.0384475 0)
(-0.149725 -0.0451502 0)
(-0.14691 -0.0525122 0)
(-0.143329 -0.0605566 0)
(-0.138806 -0.0692602 0)
(-0.133144 -0.0785271 0)
(-0.126129 -0.0881538 0)
(-0.117555 -0.0977853 0)
(-0.107252 -0.106868 0)
(-0.0951344 -0.114606 0)
(-0.0812649 -0.119934 0)
(-0.0659306 -0.121531 0)
(-0.0497226 -0.117885 0)
(-0.0335741 -0.10743 0)
(-0.0187428 -0.0887451 0)
(-0.00703765 -0.060793 0)
(-0.0011213 -0.0232427 0)
(-0.00128075 0.0264376 0)
(-0.00788753 0.0687064 0)
(-0.020755 0.0996372 0)
(-0.0367798 0.119784 0)
(-0.0539098 0.13055 0)
(-0.0707912 0.133742 0)
(-0.0864787 0.131253 0)
(-0.100421 0.124846 0)
(-0.112395 0.116005 0)
(-0.122407 0.10589 0)
(-0.1306 0.0953392 0)
(-0.137192 0.0849178 0)
(-0.142424 0.0749745 0)
(-0.146532 0.0656994 0)
(-0.149731 0.0571727 0)
(-0.152204 0.0494031 0)
(-0.154107 0.042355 0)
(-0.155565 0.0359677 0)
(-0.156678 0.0301673 0)
(-0.157527 0.0248738 0)
(-0.158171 0.0200062 0)
(-0.158658 0.015484 0)
(-0.159022 0.0112282 0)
(-0.159289 0.00716199 0)
(-0.159476 0.00320964 0)
(-0.159591 -0.000703819 0)
(-0.159637 -0.00465358 0)
(-0.15961 -0.00871605 0)
(-0.159498 -0.0129698 0)
(-0.159282 -0.0174965 0)
(-0.158931 -0.0223815 0)
(-0.158401 -0.0277139 0)
(-0.157636 -0.0335862 0)
(-0.156556 -0.0400917 0)
(-0.15506 -0.0473209 0)
(-0.153016 -0.0553523 0)
(-0.150259 -0.06424 0)
(-0.146584 -0.0739916 0)
(-0.14175 -0.0845369 0)
(-0.135486 -0.0956839 0)
(-0.127506 -0.107064 0)
(-0.117543 -0.118066 0)
(-0.105408 -0.127776 0)
(-0.0910639 -0.134934 0)
(-0.074732 -0.137932 0)
(-0.0570032 -0.134889 0)
(-0.0389117 -0.123824 0)
(-0.0219431 -0.102914 0)
(-0.0083192 -0.0708199 0)
(-0.00134291 -0.027149 0)
(-0.00155623 0.0308522 0)
(-0.00941225 0.0798418 0)
(-0.0244553 0.115094 0)
(-0.0427989 0.137331 0)
(-0.0619243 0.1484 0)
(-0.0802572 0.150626 0)
(-0.0967823 0.146402 0)
(-0.110986 0.137897 0)
(-0.122745 0.126894 0)
(-0.132186 0.114742 0)
(-0.139574 0.102384 0)
(-0.145227 0.0904257 0)
(-0.149467 0.0792178 0)
(-0.152588 0.0689275 0)
(-0.154846 0.0596022 0)
(-0.156449 0.0512146 0)
(-0.157568 0.0436954 0)
(-0.158333 0.0369535 0)
(-0.158847 0.0308895 0)
(-0.159189 0.0254028 0)
(-0.159416 0.0203951 0)
(-0.159572 0.0157726 0)
(-0.159688 0.0114455 0)
(-0.159787 0.00732808 0)
(-0.159883 0.00333719 0)
(-0.159986 -0.00060877 0)
(-0.160099 -0.00459138 0)
(-0.160218 -0.00869368 0)
(-0.160336 -0.0130017 0)
(-0.160436 -0.0176062 0)
(-0.160492 -0.0226034 0)
(-0.160468 -0.028097 0)
(-0.16031 -0.0341973 0)
(-0.159945 -0.0410211 0)
(-0.159271 -0.0486874 0)
(-0.158154 -0.0573102 0)
(-0.156417 -0.0669844 0)
(-0.153833 -0.0777623 0)
(-0.150119 -0.089617 0)
(-0.14494 -0.10239 0)
(-0.13792 -0.115719 0)
(-0.128676 -0.128957 0)
(-0.116876 -0.141077 0)
(-0.102337 -0.150607 0)
(-0.0851532 -0.155603 0)
(-0.0658656 -0.153723 0)
(-0.0455837 -0.14243 0)
(-0.0260463 -0.119332 0)
(-0.0100069 -0.0826372 0)
(-0.00164643 -0.0318165 0)
(-0.00193409 0.0361786 0)
(-0.0114091 0.0930332 0)
(-0.0291447 0.13302 0)
(-0.0501919 0.15718 0)
(-0.0714496 0.168022 0)
(-0.0911228 0.168605 0)
(-0.108179 0.161974 0)
(-0.122214 0.150797 0)
(-0.133272 0.137194 0)
(-0.141657 0.122708 0)
(-0.147785 0.10837 0)
(-0.152099 0.094802 0)
(-0.155006 0.0823289 0)
(-0.156861 0.0710727 0)
(-0.157952 0.0610289 0)
(-0.158506 0.0521209 0)
(-0.1587 0.0442354 0)
(-0.158665 0.0372452 0)
(-0.158498 0.0310215 0)
(-0.15827 0.025441 0)
(-0.158033 0.0203879 0)
(-0.157822 0.0157551 0)
(-0.157663 0.0114426 0)
(-0.157575 0.00735697 0)
(-0.157569 0.00340882 0)
(-0.157652 -0.000488675 0)
(-0.157827 -0.00442198 0)
(-0.158095 -0.00847929 0)
(-0.15845 -0.0127527 0)
(-0.158882 -0.0173404 0)
(-0.159373 -0.022349 0)
(-0.159895 -0.0278954 0)
(-0.160404 -0.0341084 0)
(-0.160838 -0.041129 0)
(-0.161103 -0.0491086 0)
(-0.161072 -0.0582024 0)
(-0.160566 -0.0685565 0)
(-0.159343 -0.0802831 0)
(-0.157091 -0.0934206 0)
(-0.153414 -0.107871 0)
(-0.147843 -0.123314 0)
(-0.139858 -0.139096 0)
(-0.128946 -0.154102 0)
(-0.114716 -0.166648 0)
(-0.0970566 -0.17441 0)
(-0.0763683 -0.174476 0)
(-0.0537696 -0.163571 0)
(-0.0312482 -0.13849 0)
(-0.0122209 -0.0967367 0)
(-0.00206422 -0.0374935 0)
(-0.00245722 0.0427101 0)
(-0.0140176 0.108811 0)
(-0.0350117 0.153878 0)
(-0.0590616 0.179543 0)
(-0.0823744 0.189339 0)
(-0.102985 0.187354 0)
(-0.119953 0.177477 0)
(-0.133097 0.162971 0)
(-0.142722 0.146319 0)
(-0.149369 0.129239 0)
(-0.153644 0.112812 0)
(-0.156122 0.0976353 0)
(-0.157296 0.0839708 0)
(-0.157569 0.0718655 0)
(-0.15725 0.0612419 0)
(-0.156573 0.051959 0)
(-0.155706 0.043851 0)
(-0.15477 0.0367491 0)
(-0.153848 0.0304931 0)
(-0.152997 0.0249361 0)
(-0.152256 0.0199457 0)
(-0.151649 0.0154024 0)
(-0.151194 0.0111979 0)
(-0.150902 0.00723269 0)
(-0.15078 0.00341314 0)
(-0.150832 -0.000350825 0)
(-0.151063 -0.00414854 0)
(-0.151474 -0.00807125 0)
(-0.152066 -0.0122149 0)
(-0.152835 -0.0166832 0)
(-0.153773 -0.0215906 0)
(-0.154865 -0.0270657 0)
(-0.156082 -0.0332541 0)
(-0.157379 -0.0403209 0)
(-0.158682 -0.0484509 0)
(-0.159881 -0.0578448 0)
(-0.16081 -0.0687085 0)
(-0.161232 -0.0812297 0)
(-0.160821 -0.0955355 0)
(-0.159138 -0.111623 0)
(-0.155629 -0.129259 0)
(-0.149628 -0.147834 0)
(-0.140414 -0.166197 0)
(-0.127315 -0.182478 0)
(-0.10991 -0.193951 0)
(-0.0883208 -0.197023 0)
(-0.06354 -0.187457 0)
(-0.0377366 -0.160886 0)
(-0.0151096 -0.113704 0)
(-0.00264296 -0.044506 0)
(-0.00319244 0.0508366 0)
(-0.0174189 0.127792 0)
(-0.0422228 0.17807 0)
(-0.0693403 0.204417 0)
(-0.0942249 0.211942 0)
(-0.114893 0.20617 0)
(-0.13069 0.192055 0)
(-0.141825 0.173535 0)
(-0.148979 0.153439 0)
(-0.152992 0.133608 0)
(-0.154679 0.115104 0)
(-0.154742 0.0984396 0)
(-0.153743 0.0837652 0)
(-0.152107 0.0710188 0)
(-0.150143 0.0600274 0)
(-0.148067 0.0505727 0)
(-0.146023 0.0424294 0)
(-0.144106 0.0353847 0)
(-0.142374 0.029247 0)
(-0.140864 0.0238476 0)
(-0.139594 0.0190392 0)
(-0.138575 0.014693 0)
(-0.13781 0.0106948 0)
(-0.137303 0.00694168 0)
(-0.137053 0.00333848 0)
(-0.137064 -0.000205639 0)
(-0.137338 -0.00378026 0)
(-0.13788 -0.00747703 0)
(-0.138695 -0.011393 0)
(-0.139789 -0.0156342 0)
(-0.141166 -0.0203198 0)
(-0.142827 -0.0255868 0)
(-0.144764 -0.0315942 0)
(-0.146956 -0.0385283 0)
(-0.149359 -0.0466054 0)
(-0.151896 -0.0560728 0)
(-0.154433 -0.0672009 0)
(-0.156764 -0.0802648 0)
(-0.158578 -0.0955035 0)
(-0.159426 -0.113047 0)
(-0.158697 -0.132803 0)
(-0.155599 -0.154283 0)
(-0.149187 -0.176382 0)
(-0.138453 -0.19712 0)
(-0.122536 -0.213392 0)
(-0.101088 -0.220848 0)
(-0.0747409 -0.214027 0)
(-0.0456533 -0.186933 0)
(-0.0188591 -0.134205 0)
(-0.00345444 -0.0532817 0)
(-0.00425241 0.0610866 0)
(-0.0218609 0.150645 0)
(-0.0508773 0.205803 0)
(-0.0806336 0.231362 0)
(-0.105911 0.234863 0)
(-0.125034 0.223782 0)
(-0.137947 0.204356 0)
(-0.145473 0.181213 0)
(-0.148785 0.157448 0)
(-0.149063 0.134909 0)
(-0.147322 0.114539 0)
(-0.144355 0.0966824 0)
(-0.140749 0.0813242 0)
(-0.13691 0.0682578 0)
(-0.133107 0.057196 0)
(-0.12951 0.0478348 0)
(-0.126216 0.0398875 0)
(-0.123279 0.0330993 0)
(-0.120719 0.0272506 0)
(-0.118543 0.0221554 0)
(-0.116743 0.0176559 0)
(-0.115312 0.0136179 0)
(-0.114238 0.00992537 0)
(-0.113513 0.00647542 0)
(-0.11313 0.0031744 0)
(-0.113089 -6.61046e-05 0)
(-0.11339 -0.00333293 0)
(-0.114041 -0.00671492 0)
(-0.115053 -0.0103068 0)
(-0.116441 -0.0142133 0)
(-0.118223 -0.0185541 0)
(-0.120419 -0.0234693 0)
(-0.123046 -0.0291262 0)
(-0.126116 -0.035726 0)
(-0.129625 -0.0435111 0)
(-0.133542 -0.0527701 0)
(-0.137793 -0.0638369 0)
(-0.142231 -0.0770787 0)
(-0.146604 -0.0928627 0)
(-0.150505 -0.111487 0)
(-0.153324 -0.13306 0)
(-0.154196 -0.157307 0)
(-0.151984 -0.183296 0)
(-0.145318 -0.209076 0)
(-0.132781 -0.23128 0)
(-0.11331 -0.244795 0)
(-0.0868092 -0.242704 0)
(-0.0550306 -0.216782 0)
(-0.0237143 -0.158939 0)
(-0.00461802 -0.0643917 0)
(-0.00583977 0.0742085 0)
(-0.0276999 0.178029 0)
(-0.0609105 0.236824 0)
(-0.0919529 0.259166 0)
(-0.11534 0.256263 0)
(-0.130307 0.23813 0)
(-0.137853 0.212409 0)
(-0.139656 0.184304 0)
(-0.137472 0.156979 0)
(-0.1328 0.132108 0)
(-0.126785 0.110371 0)
(-0.120232 0.0918497 0)
(-0.113674 0.0763085 0)
(-0.107435 0.0633698 0)
(-0.101696 0.052623 0)
(-0.096544 0.0436795 0)
(-0.0920051 0.0361972 0)
(-0.088072 0.0298874 0)
(-0.0847189 0.024511 0)
(-0.0819121 0.0198719 0)
(-0.079617 0.0158088 0)
(-0.0778015 0.0121879 0)
(-0.0764384 0.00889576 0)
(-0.0755069 0.00583401 0)
(-0.0749931 0.00291418 0)
(-0.0748903 5.36075e-05 0)
(-0.0751995 -0.00282849 0)
(-0.0759296 -0.00581479 0)
(-0.0770972 -0.00899392 0)
(-0.0787269 -0.012465 0)
(-0.0808513 -0.0163429 0)
(-0.08351 -0.020765 0)
(-0.0867482 -0.0258987 0)
(-0.0906143 -0.0319515 0)
(-0.0951535 -0.0391807 0)
(-0.100399 -0.047905 0)
(-0.106355 -0.0585104 0)
(-0.112972 -0.0714497 0)
(-0.120106 -0.0872205 0)
(-0.127466 -0.10631 0)
(-0.134532 -0.129082 0)
(-0.140475 -0.155577 0)
(-0.144061 -0.185196 0)
(-0.143612 -0.21624 0)
(-0.137099 -0.245327 0)
(-0.122495 -0.266747 0)
(-0.0984719 -0.272016 0)
(-0.0656683 -0.250022 0)
(-0.0300134 -0.188538 0)
(-0.00634545 -0.0786289 0)
(-0.0083264 0.0913192 0)
(-0.035445 0.210413 0)
(-0.0718549 0.269952 0)
(-0.101212 0.285324 0)
(-0.118805 0.273042 0)
(-0.125754 0.246154 0)
(-0.124663 0.213578 0)
(-0.118255 0.180739 0)
(-0.108831 0.150529 0)
(-0.0980814 0.12418 0)
(-0.0871265 0.101946 0)
(-0.0766445 0.0835572 0)
(-0.0670013 0.068519 0)
(-0.0583585 0.0562763 0)
(-0.0507529 0.0463039 0)
(-0.0441513 0.0381441 0)
(-0.0384854 0.0314168 0)
(-0.0336741 0.0258146 0)
(-0.0296353 0.0210923 0)
(-0.0262933 0.0170549 0)
(-0.0235816 0.0135465 0)
(-0.0214451 0.0104404 0)
(-0.0198395 0.00763165 0)
(-0.018732 0.00503069 0)
(-0.0181007 0.00255812 0)
(-0.0179342 0.00014045 0)
(-0.018232 -0.00229377 0)
(-0.0190042 -0.00481771 0)
(-0.0202722 -0.00751018 0)
(-0.0220692 -0.0104602 0)
(-0.0244408 -0.0137724 0)
(-0.0274459 -0.0175741 0)
(-0.0311572 -0.0220239 0)
(-0.0356614 -0.027323 0)
(-0.0410568 -0.0337289 0)
(-0.0474489 -0.0415706 0)
(-0.05494 -0.0512647 0)
(-0.0636083 -0.0633253 0)
(-0.0734734 -0.0783615 0)
(-0.0844377 -0.0970444 0)
(-0.0961968 -0.120019 0)
(-0.108113 -0.147725 0)
(-0.119052 -0.180072 0)
(-0.127215 -0.215912 0)
(-0.130052 -0.25226 0)
(-0.124425 -0.283254 0)
(-0.107211 -0.299053 0)
(-0.076849 -0.285154 0)
(-0.0382103 -0.223354 0)
(-0.00901794 -0.0971498 0)
(-0.0123457 0.114121 0)
(-0.0456706 0.247643 0)
(-0.0821904 0.302278 0)
(-0.104227 0.305352 0)
(-0.109994 0.280487 0)
(-0.103811 0.243765 0)
(-0.0903297 0.204737 0)
(-0.073266 0.168361 0)
(-0.0551986 0.136742 0)
(-0.0377028 0.110369 0)
(-0.0216155 0.0889172 0)
(-0.0072917 0.0717189 0)
(0.00520036 0.0580228 0)
(0.0159472 0.0471248 0)
(0.0251067 0.0384204 0)
(0.0328597 0.0314169 0)
(0.0393831 0.0257248 0)
(0.0448374 0.0210416 0)
(0.0493616 0.0171338 0)
(0.0530725 0.0138213 0)
(0.0560657 0.0109632 0)
(0.0584174 0.00844783 0)
(0.0601865 0.00618438 0)
(0.0614163 0.00409646 0)
(0.0621354 0.00211725 0)
(0.0623594 0.000185453 0)
(0.0620904 -0.00175824 0)
(0.0613176 -0.00377458 0)
(0.0600164 -0.00592929 0)
(0.0581475 -0.00829723 0)
(0.0556549 -0.0109676 0)
(0.0524642 -0.0140504 0)
(0.0484791 -0.0176856 0)
(0.043579 -0.0220549 0)
(0.0376155 -0.0273967 0)
(0.0304108 -0.0340255 0)
(0.0217594 -0.0423544 0)
(0.0114366 -0.0529177 0)
(-0.000779267 -0.0663882 0)
(-0.01506 -0.0835747 0)
(-0.0314419 -0.105378 0)
(-0.0496827 -0.132664 0)
(-0.0690374 -0.165987 0)
(-0.0879506 -0.20507 0)
(-0.103714 -0.247896 0)
(-0.112249 -0.289272 0)
(-0.108256 -0.318814 0)
(-0.0866182 -0.318733 0)
(-0.048728 -0.262929 0)
(-0.0132614 -0.121661 0)
(-0.018697 0.145228 0)
(-0.0582589 0.287807 0)
(-0.0875658 0.327746 0)
(-0.0926874 0.31199 0)
(-0.0783977 0.27218 0)
(-0.0533758 0.226228 0)
(-0.0241992 0.182865 0)
(0.00502224 0.145526 0)
(0.0320651 0.114937 0)
(0.055971 0.0905966 0)
(0.0765297 0.0715474 0)
(0.0939203 0.0567594 0)
(0.10849 0.0452989 0)
(0.120633 0.0363873 0)
(0.130725 0.0294065 0)
(0.139098 0.0238806 0)
(0.146033 0.0194498 0)
(0.151761 0.0158449 0)
(0.156468 0.0128643 0)
(0.160303 0.0103566 0)
(0.163382 0.0082062 0)
(0.165796 0.0063232 0)
(0.167615 0.00463567 0)
(0.168887 0.003084 0)
(0.169646 0.00161662 0)
(0.16991 0.000186555 0)
(0.169682 -0.00125145 0)
(0.168952 -0.00274375 0)
(0.167695 -0.00434066 0)
(0.165867 -0.00609994 0)
(0.163408 -0.00809108 0)
(0.160233 -0.0104012 0)
(0.156233 -0.0131427 0)
(0.151261 -0.0164647 0)
(0.145134 -0.0205675 0)
(0.137614 -0.025723 0)
(0.128406 -0.0323003 0)
(0.117147 -0.0407974 0)
(0.103407 -0.0518751 0)
(0.0867098 -0.0663866 0)
(0.0665843 -0.0853876 0)
(0.0426876 -0.110092 0)
(0.0150363 -0.14171 0)
(-0.0155967 -0.181055 0)
(-0.047079 -0.227686 0)
(-0.0751518 -0.278251 0)
(-0.0926724 -0.32352 0)
(-0.0899419 -0.343944 0)
(-0.0610667 -0.304745 0)
(-0.01979 -0.15469 0)
(-0.0273811 0.189149 0)
(-0.069552 0.32445 0)
(-0.0763103 0.334517 0)
(-0.0502522 0.294263 0)
(-0.00695111 0.24043 0)
(0.0410813 0.189211 0)
(0.086865 0.14617 0)
(0.12731 0.112051 0)
(0.16156 0.0858079 0)
(0.189882 0.0659422 0)
(0.213005 0.0510109 0)
(0.231779 0.0397982 0)
(0.247003 0.031344 0)
(0.259368 0.0249179 0)
(0.269436 0.0199775 0)
(0.277657 0.0161258 0)
(0.284382 0.0130751 0)
(0.289884 0.010617 0)
(0.294373 0.00860027 0)
(0.298012 0.00691373 0)
(0.300925 0.00547441 0)
(0.303207 0.00421884 0)
(0.304926 0.00309699 0)
(0.306136 0.00206786 0)
(0.306868 0.00109629 0)
(0.307143 0.000150452 0)
(0.306963 -0.000800251 0)
(0.30632 -0.00178713 0)
(0.305189 -0.00284429 0)
(0.303529 -0.00401111 0)
(0.301279 -0.00533538 0)
(0.298356 -0.00687766 0)
(0.294646 -0.00871735 0)
(0.289998 -0.0109614 0)
(0.284213 -0.0137568 0)
(0.277025 -0.0173078 0)
(0.268085 -0.0219006 0)
(0.256938 -0.0279357 0)
(0.242993 -0.0359702 0)
(0.225506 -0.0467693 0)
(0.203579 -0.0613626 0)
(0.176202 -0.0810919 0)
(0.142407 -0.107609 0)
(0.101614 -0.142731 0)
(0.0543372 -0.18792 0)
(0.00345001 -0.24285 0)
(-0.0438874 -0.302014 0)
(-0.074357 -0.348158 0)
(-0.0707967 -0.341367 0)
(-0.0283049 -0.200481 0)
(-0.0331158 0.250605 0)
(-0.0639859 0.340592 0)
(-0.0195064 0.302108 0)
(0.0540978 0.238165 0)
(0.1308 0.178648 0)
(0.199783 0.131305 0)
(0.257406 0.0960737 0)
(0.303689 0.0705521 0)
(0.340165 0.0522279 0)
(0.368697 0.0390801 0)
(0.391 0.0296084 0)
(0.408497 0.0227327 0)
(0.42231 0.0176878 0)
(0.433296 0.0139357 0)
(0.4421 0.0111003 0)
(0.449202 0.00891915 0)
(0.454958 0.00720899 0)
(0.459636 0.00584142 0)
(0.463434 0.00472555 0)
(0.466503 0.0037961 0)
(0.468955 0.0030052 0)
(0.470874 0.00231674 0)
(0.472322 0.00170256 0)
(0.473345 0.00113978 0)
(0.473971 0.000608896 0)
(0.474216 9.22792e-05 0)
(0.474086 -0.000426959 0)
(0.473572 -0.000966124 0)
(0.472653 -0.00154412 0)
(0.471295 -0.00218285 0)
(0.469445 -0.00290907 0)
(0.467029 -0.00375696 0)
(0.463949 -0.00477185 0)
(0.460068 -0.00601568 0)
(0.455202 -0.00757501 0)
(0.449101 -0.00957297 0)
(0.441426 -0.0121865 0)
(0.431709 -0.0156719 0)
(0.419315 -0.0204005 0)
(0.403378 -0.0269112 0)
(0.38274 -0.0359843 0)
(0.355887 -0.0487439 0)
(0.320926 -0.0667928 0)
(0.275691 -0.0923576 0)
(0.218187 -0.128323 0)
(0.147837 -0.177672 0)
(0.0678684 -0.241099 0)
(-0.0109189 -0.310791 0)
(-0.0613671 -0.354555 0)
(-0.032785 -0.262532 0)
(0.00133621 0.295708 0)
(0.0164623 0.298154 0)
(0.148866 0.210378 0)
(0.273866 0.140563 0)
(0.371303 0.0931856 0)
(0.445108 0.0622314 0)
(0.500053 0.0423043 0)
(0.540583 0.0293988 0)
(0.570539 0.0208932 0)
(0.592865 0.0151736 0)
(0.609687 0.0112512 0)
(0.622525 0.00850865 0)
(0.632451 0.00655282 0)
(0.640227 0.00512884 0)
(0.646389 0.00406923 0)
(0.651322 0.00326274 0)
(0.6553 0.00263473 0)
(0.65852 0.00213452 0)
(0.66113 0.00172715 0)
(0.663235 0.00138805 0)
(0.664916 0.00109944 0)
(0.666232 0.000848053 0)
(0.667226 0.000623612 0)
(0.667929 0.000417781 0)
(0.668362 0.000223446 0)
(0.668536 3.41807e-05 0)
(0.668454 -0.000156177 0)
(0.66811 -0.00035398 0)
(0.667491 -0.000566167 0)
(0.666571 -0.000800792 0)
(0.665315 -0.00106773 0)
(0.663671 -0.00137964 0)
(0.661569 -0.00175347 0)
(0.658913 -0.0022126 0)
(0.655568 -0.00279021 0)
(0.651353 -0.00353439 0)
(0.646011 -0.00451601 0)
(0.639181 -0.00584089 0)
(0.630348 -0.00766882 0)
(0.618781 -0.0102442 0)
(0.603425 -0.013947 0)
(0.58277 -0.0193811 0)
(0.554657 -0.0275309 0)
(0.516022 -0.0400421 0)
(0.462728 -0.0596754 0)
(0.389786 -0.0908341 0)
(0.291681 -0.139712 0)
(0.163457 -0.213079 0)
(0.0249534 -0.305316 0)
(0.00513706 -0.303247 0)
(0.29069 0.152823 0)
(0.390388 0.128463 0)
(0.56561 0.0744903 0)
(0.681552 0.0415397 0)
(0.748187 0.0234974 0)
(0.789478 0.0136461 0)
(0.816485 0.00824667 0)
(0.834645 0.0052246 0)
(0.847209 0.00346714 0)
(0.856156 0.00239924 0)
(0.862693 0.00172257 0)
(0.86758 0.00127699 0)
(0.871311 0.000972905 0)
(0.874211 0.000758167 0)
(0.876501 0.000601422 0)
(0.878332 0.000483314 0)
(0.879809 0.000391619 0)
(0.881006 0.000318444 0)
(0.881977 0.00025856 0)
(0.882762 0.00020839 0)
(0.883389 0.000165401 0)
(0.883881 0.000127709 0)
(0.884253 9.38531e-05 0)
(0.884516 6.26349e-05 0)
(0.884677 3.30213e-05 0)
(0.884742 4.06865e-06 0)
(0.88471 -2.51293e-05 0)
(0.884579 -5.55405e-05 0)
(0.884345 -8.82039e-05 0)
(0.883998 -0.000124329 0)
(0.883523 -0.000165398 0)
(0.882903 -0.000213319 0)
(0.88211 -0.000270651 0)
(0.881107 -0.000340969 0)
(0.879845 -0.000429431 0)
(0.878254 -0.000543705 0)
(0.876233 -0.000695467 0)
(0.87364 -0.000902908 0)
(0.870266 -0.00119503 0)
(0.865799 -0.00161939 0)
(0.859772 -0.00225704 0)
(0.851459 -0.00325265 0)
(0.839704 -0.00487882 0)
(0.822592 -0.0076734 0)
(0.796904 -0.0127161 0)
(0.757145 -0.0221205 0)
(0.692105 -0.0398714 0)
(0.576779 -0.0732054 0)
(0.398379 -0.128703 0)
(0.294245 -0.154138 0)
)
;

boundaryField
{
    movingWallTop
    {
        type            fixedValue;
        value           uniform (1 0 0);
    }
    movingWallBottom
    {
        type            fixedValue;
        value           uniform (1 0 0);
    }
    fixedWalls
    {
        type            noSlip;
    }
    frontAndBack
    {
        type            empty;
    }
}


// ************************************************************************* //
