/*--------------------------------*- C++ -*----------------------------------*\
  =========                 |
  \\      /  F ield         | OpenFOAM: The Open Source CFD Toolbox
   \\    /   O peration     | Website:  https://openfoam.org
    \\  /    A nd           | Version:  7
     \\/     M anipulation  |
\*---------------------------------------------------------------------------*/
FoamFile
{
    version     2.0;
    format      ascii;
    class       volVectorField;
    location    "0.0378";
    object      U;
}
// * * * * * * * * * * * * * * * * * * * * * * * * * * * * * * * * * * * * * //

dimensions      [0 1 -1 0 0 0 0];

internalField   nonuniform List<vector> 
2500
(
(-0.293811 0.153732 0)
(-0.39796 0.128728 0)
(-0.577989 0.0737911 0)
(-0.696246 0.0408653 0)
(-0.765173 0.0233781 0)
(-0.809431 0.0141199 0)
(-0.839926 0.00913053 0)
(-0.86191 0.0063197 0)
(-0.878418 0.00462853 0)
(-0.891237 0.00353702 0)
(-0.901443 0.00278699 0)
(-0.909717 0.00224444 0)
(-0.916514 0.00183555 0)
(-0.92215 0.00151705 0)
(-0.926851 0.00126198 0)
(-0.930781 0.00105272 0)
(-0.934063 0.000877184 0)
(-0.93679 0.000726832 0)
(-0.939032 0.000595418 0)
(-0.940843 0.000478256 0)
(-0.942264 0.000371733 0)
(-0.943324 0.000272982 0)
(-0.944045 0.000179662 0)
(-0.944443 8.9797e-05 0)
(-0.944526 1.65423e-06 0)
(-0.944297 -8.63868e-05 0)
(-0.943754 -0.000175852 0)
(-0.942891 -0.000268306 0)
(-0.941693 -0.000365425 0)
(-0.940144 -0.000469098 0)
(-0.938218 -0.000581546 0)
(-0.935881 -0.000705495 0)
(-0.933092 -0.000844402 0)
(-0.929796 -0.00100279 0)
(-0.92592 -0.00118678 0)
(-0.921373 -0.00140482 0)
(-0.916031 -0.00166906 0)
(-0.909733 -0.00199759 0)
(-0.902252 -0.0024185 0)
(-0.893276 -0.00297783 0)
(-0.882347 -0.00375521 0)
(-0.868778 -0.00489611 0)
(-0.85148 -0.00667925 0)
(-0.828648 -0.0096557 0)
(-0.797266 -0.0149125 0)
(-0.752184 -0.0245027 0)
(-0.68266 -0.0421603 0)
(-0.565011 -0.074634 0)
(-0.389346 -0.128141 0)
(-0.290212 -0.152377 0)
(-0.00516773 0.302929 0)
(-0.0270588 0.307341 0)
(-0.17126 0.217743 0)
(-0.308008 0.146488 0)
(-0.416749 0.0990766 0)
(-0.501757 0.0687841 0)
(-0.567881 0.0495046 0)
(-0.619532 0.0369405 0)
(-0.660397 0.0284374 0)
(-0.693207 0.022447 0)
(-0.719904 0.0180671 0)
(-0.74187 0.0147581 0)
(-0.760103 0.0121858 0)
(-0.775331 0.0101353 0)
(-0.788094 0.00846347 0)
(-0.798798 0.00707178 0)
(-0.807751 0.00589027 0)
(-0.81519 0.00486801 0)
(-0.821297 0.00396698 0)
(-0.826211 0.00315811 0)
(-0.830039 0.00241864 0)
(-0.832862 0.00173028 0)
(-0.834738 0.00107793 0)
(-0.835707 0.000448701 0)
(-0.835793 -0.000168817 0)
(-0.835006 -0.000785156 0)
(-0.83334 -0.00141048 0)
(-0.830778 -0.00205509 0)
(-0.827286 -0.00272998 0)
(-0.822818 -0.00344741 0)
(-0.817309 -0.00422169 0)
(-0.810673 -0.00507009 0)
(-0.8028 -0.00601422 0)
(-0.793551 -0.00708186 0)
(-0.782745 -0.00830963 0)
(-0.770153 -0.00974705 0)
(-0.755476 -0.0114627 0)
(-0.738323 -0.013554 0)
(-0.718177 -0.0161638 0)
(-0.694341 -0.0195071 0)
(-0.665868 -0.0239196 0)
(-0.631449 -0.0299419 0)
(-0.589263 -0.0384687 0)
(-0.536786 -0.0510104 0)
(-0.470697 -0.070092 0)
(-0.387142 -0.0996565 0)
(-0.281942 -0.145118 0)
(-0.151618 -0.212665 0)
(-0.0164972 -0.298248 0)
(-0.000999462 -0.294704 0)
(0.0321143 0.264067 0)
(0.0564196 0.362274 0)
(-0.00344838 0.324793 0)
(-0.0954839 0.260233 0)
(-0.191552 0.200466 0)
(-0.279964 0.15334 0)
(-0.356613 0.118328 0)
(-0.421296 0.0926769 0)
(-0.475376 0.0737512 0)
(-0.520544 0.0595618 0)
(-0.558361 0.048713 0)
(-0.590136 0.0402465 0)
(-0.616925 0.0335044 0)
(-0.639559 0.0280306 0)
(-0.658695 0.023503 0)
(-0.674846 0.0196902 0)
(-0.688416 0.0164228 0)
(-0.699723 0.013574 0)
(-0.709016 0.0110472 0)
(-0.716491 0.00876758 0)
(-0.7223 0.0066754 0)
(-0.726558 0.00472229 0)
(-0.72935 0.00286787 0)
(-0.730735 0.00107744 0)
(-0.730749 -0.000679851 0)
(-0.729407 -0.00243251 0)
(-0.726705 -0.00420809 0)
(-0.72262 -0.0060344 0)
(-0.717106 -0.0079409 0)
(-0.710099 -0.00996019 0)
(-0.70151 -0.0121298 0)
(-0.691225 -0.0144946 0)
(-0.679096 -0.0171098 0)
(-0.664937 -0.0200452 0)
(-0.648516 -0.0233908 0)
(-0.62954 -0.0272656 0)
(-0.607644 -0.0318298 0)
(-0.582365 -0.0373022 0)
(-0.553121 -0.0439883 0)
(-0.519181 -0.0523204 0)
(-0.479632 -0.0629187 0)
(-0.433366 -0.0766792 0)
(-0.3791 -0.0948892 0)
(-0.315529 -0.11935 0)
(-0.241779 -0.15239 0)
(-0.15854 -0.196323 0)
(-0.0701314 -0.251303 0)
(0.0121307 -0.309988 0)
(0.0619584 -0.343335 0)
(0.0330175 -0.249971 0)
(0.0271602 0.20523 0)
(0.0638246 0.357674 0)
(0.0553731 0.375338 0)
(0.00835145 0.338029 0)
(-0.0588663 0.285238 0)
(-0.13196 0.234243 0)
(-0.202787 0.190805 0)
(-0.267584 0.155614 0)
(-0.325096 0.127615 0)
(-0.375327 0.105391 0)
(-0.418829 0.0876439 0)
(-0.456336 0.0733236 0)
(-0.488589 0.0616203 0)
(-0.516259 0.051922 0)
(-0.539928 0.0437682 0)
(-0.560087 0.0368105 0)
(-0.577141 0.0307835 0)
(-0.591422 0.0254826 0)
(-0.603199 0.0207476 0)
(-0.612689 0.0164516 0)
(-0.620063 0.0124917 0)
(-0.625455 0.00878349 0)
(-0.628964 0.00525542 0)
(-0.630661 0.00184567 0)
(-0.630592 -0.00150109 0)
(-0.628776 -0.00483607 0)
(-0.625213 -0.00820863 0)
(-0.619879 -0.0116684 0)
(-0.612727 -0.0152674 0)
(-0.603689 -0.0190626 0)
(-0.592671 -0.0231185 0)
(-0.579553 -0.0275111 0)
(-0.564181 -0.0323321 0)
(-0.546369 -0.0376946 0)
(-0.525888 -0.0437417 0)
(-0.502461 -0.0506563 0)
(-0.475758 -0.0586762 0)
(-0.445388 -0.068113 0)
(-0.410898 -0.0793782 0)
(-0.371785 -0.0930158 0)
(-0.327524 -0.109739 0)
(-0.277651 -0.130463 0)
(-0.221935 -0.156294 0)
(-0.160721 -0.188402 0)
(-0.0955535 -0.227578 0)
(-0.0302355 -0.27299 0)
(0.0275789 -0.319267 0)
(0.0648822 -0.350817 0)
(0.0656922 -0.332049 0)
(0.0268572 -0.190004 0)
(0.0184692 0.163407 0)
(0.0531963 0.331318 0)
(0.0687891 0.386516 0)
(0.0533738 0.379023 0)
(0.0140997 0.343166 0)
(-0.0383259 0.29852 0)
(-0.0957547 0.254644 0)
(-0.152999 0.215384 0)
(-0.207135 0.181741 0)
(-0.256753 0.153465 0)
(-0.301354 0.129851 0)
(-0.340943 0.11011 0)
(-0.37577 0.0935149 0)
(-0.406192 0.079446 0)
(-0.432589 0.0673969 0)
(-0.455325 0.0569592 0)
(-0.474729 0.0478052 0)
(-0.49109 0.0396721 0)
(-0.504652 0.0323476 0)
(-0.515621 0.0256586 0)
(-0.524163 0.0194619 0)
(-0.530412 0.0136377 0)
(-0.534471 0.00808322 0)
(-0.536414 0.00270852 0)
(-0.536292 -0.00256726 0)
(-0.534131 -0.00781919 0)
(-0.529933 -0.0131195 0)
(-0.523681 -0.0185401 0)
(-0.515337 -0.024156 0)
(-0.504839 -0.0300475 0)
(-0.492107 -0.0363045 0)
(-0.477035 -0.0430303 0)
(-0.459496 -0.0503465 0)
(-0.439335 -0.0583997 0)
(-0.416376 -0.0673689 0)
(-0.390416 -0.0774753 0)
(-0.361236 -0.0889937 0)
(-0.328607 -0.102266 0)
(-0.292316 -0.117712 0)
(-0.252204 -0.135841 0)
(-0.208249 -0.157241 0)
(-0.160692 -0.182534 0)
(-0.110261 -0.212237 0)
(-0.0585164 -0.246438 0)
(-0.0083359 -0.284114 0)
(0.0355109 -0.321756 0)
(0.065842 -0.350922 0)
(0.0735075 -0.354425 0)
(0.0532013 -0.301925 0)
(0.0179044 -0.148439 0)
(0.0119725 0.134558 0)
(0.0409329 0.300202 0)
(0.0655874 0.377325 0)
(0.0691176 0.394624 0)
(0.051294 0.377743 0)
(0.0181586 0.344506 0)
(-0.0240401 0.305686 0)
(-0.0703204 0.267073 0)
(-0.117179 0.23138 0)
(-0.162398 0.199592 0)
(-0.204704 0.171806 0)
(-0.24346 0.147711 0)
(-0.278423 0.126844 0)
(-0.309586 0.10872 0)
(-0.337068 0.0928836 0)
(-0.361051 0.078937 0)
(-0.381737 0.0665379 0)
(-0.399327 0.0553973 0)
(-0.414007 0.0452721 0)
(-0.425944 0.0359575 0)
(-0.435279 0.0272795 0)
(-0.442131 0.0190891 0)
(-0.446595 0.0112566 0)
(-0.448741 0.00366682 0)
(-0.448621 -0.00378444 0)
(-0.446264 -0.0111943 0)
(-0.441681 -0.0186558 0)
(-0.434864 -0.0262612 0)
(-0.425788 -0.0341048 0)
(-0.414412 -0.0422867 0)
(-0.400678 -0.0509157 0)
(-0.384516 -0.0601141 0)
(-0.365841 -0.0700217 0)
(-0.344561 -0.0808011 0)
(-0.320578 -0.0926438 0)
(-0.2938 -0.105775 0)
(-0.264155 -0.12046 0)
(-0.23161 -0.137003 0)
(-0.196216 -0.155748 0)
(-0.158164 -0.177048 0)
(-0.117874 -0.201225 0)
(-0.0761311 -0.22845 0)
(-0.0342752 -0.258531 0)
(0.00556314 -0.290513 0)
(0.040224 -0.321975 0)
(0.0654203 -0.34791 0)
(0.0759798 -0.359109 0)
(0.0671555 -0.340287 0)
(0.0401414 -0.269143 0)
(0.0114454 -0.120165 0)
(0.00789008 0.113962 0)
(0.0311947 0.270765 0)
(0.0576985 0.359038 0)
(0.0713076 0.394393 0)
(0.0681234 0.394578 0)
(0.050481 0.374129 0)
(0.0223353 0.343298 0)
(-0.0123578 0.308611 0)
(-0.050294 0.273852 0)
(-0.089015 0.240994 0)
(-0.126836 0.210903 0)
(-0.162679 0.183813 0)
(-0.195906 0.159624 0)
(-0.226182 0.138075 0)
(-0.253366 0.118848 0)
(-0.277439 0.101616 0)
(-0.298456 0.0860713 0)
(-0.316505 0.0719346 0)
(-0.331693 0.0589586 0)
(-0.344129 0.0469261 0)
(-0.353913 0.0356463 0)
(-0.361138 0.0249515 0)
(-0.365879 0.0146925 0)
(-0.368198 0.00473513 0)
(-0.368143 -0.00504326 0)
(-0.365746 -0.0147573 0)
(-0.361024 -0.0245168 0)
(-0.353982 -0.0344291 0)
(-0.344615 -0.044603 0)
(-0.332906 -0.0551509 0)
(-0.31883 -0.0661926 0)
(-0.302361 -0.0778578 0)
(-0.283471 -0.09029 0)
(-0.262139 -0.103649 0)
(-0.238361 -0.118113 0)
(-0.212164 -0.133881 0)
(-0.183625 -0.151164 0)
(-0.152901 -0.170182 0)
(-0.120277 -0.191137 0)
(-0.0862154 -0.214168 0)
(-0.051448 -0.239272 0)
(-0.0170728 -0.266158 0)
(0.015325 -0.294009 0)
(0.0435664 -0.3211 0)
(0.0648598 -0.344228 0)
(0.0760085 -0.357943 0)
(0.0739844 -0.353699 0)
(0.057293 -0.319262 0)
(0.0300669 -0.23938 0)
(0.00744809 -0.10027 0)
(0.0054453 0.0987901 0)
(0.0241914 0.24482 0)
(0.0494916 0.337475 0)
(0.0677796 0.38491 0)
(0.0738505 0.398889 0)
(0.067651 0.390525 0)
(0.0511763 0.368703 0)
(0.02715 0.339816 0)
(-0.00172192 0.308104 0)
(-0.033138 0.276171 0)
(-0.0653138 0.245489 0)
(-0.0969513 0.21679 0)
(-0.127155 0.19035 0)
(-0.15534 0.166179 0)
(-0.181146 0.144139 0)
(-0.204372 0.124024 0)
(-0.224922 0.105601 0)
(-0.242771 0.088633 0)
(-0.257936 0.0728947 0)
(-0.270457 0.058177 0)
(-0.280386 0.0442883 0)
(-0.287777 0.0310547 0)
(-0.292684 0.0183178 0)
(-0.295153 0.00593255 0)
(-0.295224 -0.00623538 0)
(-0.29293 -0.0183118 0)
(-0.288295 -0.0304168 0)
(-0.281338 -0.0426671 0)
(-0.272072 -0.0551784 0)
(-0.260509 -0.0680678 0)
(-0.246663 -0.0814559 0)
(-0.230551 -0.0954687 0)
(-0.212207 -0.110239 0)
(-0.191682 -0.125905 0)
(-0.169064 -0.142613 0)
(-0.144489 -0.160506 0)
(-0.118165 -0.179718 0)
(-0.0904044 -0.20035 0)
(-0.061659 -0.222438 0)
(-0.0325721 -0.245891 0)
(-0.00403589 -0.2704 0)
(0.022748 -0.295284 0)
(0.0462205 -0.319278 0)
(0.0644667 -0.340215 0)
(0.0753347 -0.354636 0)
(0.0767747 -0.357341 0)
(0.0674545 -0.341073 0)
(0.0478365 -0.296615 0)
(0.0228977 -0.213932 0)
(0.00506718 -0.0858464 0)
(0.0039622 0.0871972 0)
(0.0192392 0.222447 0)
(0.0422905 0.315516 0)
(0.0622286 0.37046 0)
(0.0737755 0.394881 0)
(0.0755628 0.396949 0)
(0.0681724 0.383931 0)
(0.0532164 0.361606 0)
(0.0326834 0.334205 0)
(0.00850613 0.304628 0)
(-0.017648 0.274742 0)
(-0.0444419 0.24567 0)
(-0.0708584 0.218022 0)
(-0.0961563 0.192071 0)
(-0.119816 0.167882 0)
(-0.141489 0.145393 0)
(-0.160951 0.124471 0)
(-0.178069 0.104949 0)
(-0.192771 0.0866446 0)
(-0.20503 0.0693762 0)
(-0.214842 0.0529673 0)
(-0.222224 0.0372506 0)
(-0.2272 0.0220695 0)
(-0.229797 0.00727697 0)
(-0.230046 -0.00726445 0)
(-0.227978 -0.0216845 0)
(-0.223622 -0.0361067 0)
(-0.21701 -0.0506496 0)
(-0.208174 -0.0654286 0)
(-0.197153 -0.0805571 0)
(-0.183997 -0.0961472 0)
(-0.168768 -0.11231 0)
(-0.151555 -0.129156 0)
(-0.132475 -0.146788 0)
(-0.111694 -0.165304 0)
(-0.0894378 -0.184778 0)
(-0.066015 -0.205249 0)
(-0.0418424 -0.226693 0)
(-0.0174753 -0.24898 0)
(0.00635917 -0.271813 0)
(0.0287299 -0.294629 0)
(0.0484812 -0.316473 0)
(0.0642409 -0.335818 0)
(0.0744894 -0.350338 0)
(0.0777416 -0.356674 0)
(0.0729006 -0.350228 0)
(0.0597766 -0.32516 0)
(0.0398218 -0.27476 0)
(0.017847 -0.192574 0)
(0.00362383 -0.0750224 0)
(0.00302414 0.0780137 0)
(0.0156855 0.203205 0)
(0.0363098 0.294479 0)
(0.0562923 0.353678 0)
(0.070819 0.385632 0)
(0.0779254 0.396208 0)
(0.0772859 0.391136 0)
(0.0696444 0.375376 0)
(0.056315 0.352867 0)
(0.0387892 0.326539 0)
(0.018497 0.298462 0)
(-0.00331117 0.270017 0)
(-0.0256062 0.242075 0)
(-0.047578 0.215143 0)
(-0.068611 0.189476 0)
(-0.0882524 0.165162 0)
(-0.106178 0.142183 0)
(-0.122166 0.120455 0)
(-0.136065 0.0998567 0)
(-0.147785 0.0802491 0)
(-0.15727 0.0614841 0)
(-0.164496 0.0434133 0)
(-0.169457 0.025892 0)
(-0.172162 0.00878102 0)
(-0.172629 -0.00805226 0)
(-0.170883 -0.0247338 0)
(-0.166959 -0.041383 0)
(-0.160896 -0.0581133 0)
(-0.152746 -0.0750324 0)
(-0.142571 -0.0922421 0)
(-0.130451 -0.109838 0)
(-0.116489 -0.127908 0)
(-0.100818 -0.14653 0)
(-0.0836093 -0.165764 0)
(-0.0650888 -0.18565 0)
(-0.0455467 -0.206186 0)
(-0.0253567 -0.227316 0)
(-0.00499458 -0.248897 0)
(0.0149421 -0.270653 0)
(0.033717 -0.292119 0)
(0.0504456 -0.312555 0)
(0.0641054 -0.330843 0)
(0.0735795 -0.345352 0)
(0.0777579 -0.353798 0)
(0.0757296 -0.353122 0)
(0.0670921 -0.33945 0)
(0.0523367 -0.308227 0)
(0.0332992 -0.254672 0)
(0.0142299 -0.174685 0)
(0.00271056 -0.0666231 0)
(0.00239895 0.070518 0)
(0.0130645 0.186576 0)
(0.0314104 0.27489 0)
(0.0506295 0.336115 0)
(0.0665421 0.373276 0)
(0.0770136 0.390521 0)
(0.0811974 0.392268 0)
(0.0792201 0.382627 0)
(0.0718373 0.3651 0)
(0.0601126 0.342477 0)
(0.0451921 0.316866 0)
(0.0281672 0.28979 0)
(0.0100021 0.2623 0)
(-0.00849332 0.235084 0)
(-0.0266645 0.208562 0)
(-0.0439985 0.182965 0)
(-0.0601039 0.158388 0)
(-0.0746894 0.134838 0)
(-0.0875439 0.112266 0)
(-0.0985194 0.0905825 0)
(-0.107516 0.0696802 0)
(-0.114471 0.0494397 0)
(-0.119351 0.0297374 0)
(-0.122143 0.0104503 0)
(-0.122852 -0.00854145 0)
(-0.121498 -0.0273526 0)
(-0.118115 -0.0460918 0)
(-0.112751 -0.0648604 0)
(-0.10547 -0.0837518 0)
(-0.0963532 -0.10285 0)
(-0.0855053 -0.122227 0)
(-0.073059 -0.141942 0)
(-0.059182 -0.162034 0)
(-0.0440854 -0.182517 0)
(-0.0280337 -0.203368 0)
(-0.0113566 -0.224513 0)
(0.00553984 -0.245807 0)
(0.0221604 -0.267001 0)
(0.037912 -0.287706 0)
(0.0521 -0.307337 0)
(0.0639367 -0.325046 0)
(0.0725707 -0.339645 0)
(0.0771476 -0.349517 0)
(0.0769196 -0.352541 0)
(0.0714185 -0.346046 0)
(0.0607014 -0.326863 0)
(0.0456135 -0.291514 0)
(0.028037 -0.23663 0)
(0.0115698 -0.159635 0)
(0.00210241 -0.0599229 0)
(0.00195952 0.0642574 0)
(0.0110693 0.172108 0)
(0.0273779 0.256901 0)
(0.0454537 0.318664 0)
(0.0617528 0.359252 0)
(0.0741983 0.381569 0)
(0.0816864 0.388964 0)
(0.0839395 0.384771 0)
(0.0812864 0.372004 0)
(0.0744205 0.353209 0)
(0.064206 0.330427 0)
(0.0515444 0.305222 0)
(0.0372895 0.278747 0)
(0.0222019 0.251818 0)
(0.00692999 0.224988 0)
(-0.00799173 0.198606 0)
(-0.0221345 0.172877 0)
(-0.0351629 0.147897 0)
(-0.0468202 0.123689 0)
(-0.0569155 0.100223 0)
(-0.0653108 0.0774379 0)
(-0.0719112 0.05525 0)
(-0.0766563 0.033565 0)
(-0.0795143 0.0122832 0)
(-0.080477 -0.00869562 0)
(-0.0795568 -0.0294688 0)
(-0.076786 -0.0501279 0)
(-0.072216 -0.0707568 0)
(-0.0659187 -0.091429 0)
(-0.0579891 -0.112205 0)
(-0.0485489 -0.133131 0)
(-0.0377511 -0.154231 0)
(-0.025786 -0.175503 0)
(-0.0128879 -0.196914 0)
(0.000657238 -0.218381 0)
(0.0145038 -0.239764 0)
(0.0282396 -0.26084 0)
(0.0413804 -0.281279 0)
(0.0533693 -0.300606 0)
(0.0635835 -0.318161 0)
(0.0713539 -0.333049 0)
(0.0760042 -0.344082 0)
(0.076917 -0.349733 0)
(0.0736352 -0.348101 0)
(0.0660061 -0.336921 0)
(0.0543639 -0.313649 0)
(0.0396964 -0.275665 0)
(0.0237657 -0.220612 0)
(0.00955464 -0.146897 0)
(0.00167634 -0.0544633 0)
(0.00163517 0.0589382 0)
(0.00950103 0.159436 0)
(0.0240132 0.240503 0)
(0.0407883 0.301832 0)
(0.0568523 0.344524 0)
(0.0702941 0.370591 0)
(0.0799207 0.382546 0)
(0.0852116 0.38305 0)
(0.0861908 0.374641 0)
(0.0832533 0.359576 0)
(0.077011 0.339758 0)
(0.0681734 0.316719 0)
(0.0574629 0.291653 0)
(0.0455606 0.265451 0)
(0.0330765 0.238762 0)
(0.0205365 0.212034 0)
(0.00838003 0.185562 0)
(-0.00303477 0.159527 0)
(-0.013423 0.134021 0)
(-0.0225634 0.109075 0)
(-0.0302892 0.0846777 0)
(-0.0364794 0.0607868 0)
(-0.0410518 0.037342 0)
(-0.0439567 0.0142723 0)
(-0.0451729 -0.00849759 0)
(-0.0447047 -0.0310422 0)
(-0.0425801 -0.0534314 0)
(-0.0388508 -0.0757267 0)
(-0.0335923 -0.0979778 0)
(-0.0269068 -0.120219 0)
(-0.0189252 -0.142465 0)
(-0.00981132 -0.164706 0)
(0.00023344 -0.186899 0)
(0.0109654 -0.208962 0)
(0.0220934 -0.230763 0)
(0.0332741 -0.2521 0)
(0.0441096 -0.27269 0)
(0.0541471 -0.29214 0)
(0.0628844 -0.309921 0)
(0.0697839 -0.325336 0)
(0.0742977 -0.337485 0)
(0.0759098 -0.345229 0)
(0.0741991 -0.34717 0)
(0.0689265 -0.341649 0)
(0.0601483 -0.326779 0)
(0.0483454 -0.300547 0)
(0.0345226 -0.260992 0)
(0.0202514 -0.206481 0)
(0.00798191 -0.136053 0)
(0.00136361 -0.0499444 0)
(0.00138526 0.054363 0)
(0.00823016 0.148281 0)
(0.0211556 0.22562 0)
(0.0365832 0.285902 0)
(0.0520261 0.329735 0)
(0.0657797 0.358496 0)
(0.0766619 0.374057 0)
(0.0840241 0.378515 0)
(0.0876856 0.373977 0)
(0.0878149 0.362403 0)
(0.0848121 0.345519 0)
(0.0792101 0.324781 0)
(0.0715962 0.301369 0)
(0.0625578 0.276212 0)
(0.0526462 0.250017 0)
(0.0423563 0.223307 0)
(0.0321176 0.196452 0)
(0.0222924 0.169703 0)
(0.0131784 0.14322 0)
(0.00501458 0.117091 0)
(-0.00201288 0.0913555 0)
(-0.00776391 0.066014 0)
(-0.0121387 0.0410435 0)
(-0.0150729 0.0164055 0)
(-0.0165332 -0.00794654 0)
(-0.0165151 -0.0320606 0)
(-0.0150408 -0.055981 0)
(-0.0121588 -0.079744 0)
(-0.00794416 -0.103373 0)
(-0.00250009 -0.126873 0)
(0.00404024 -0.150227 0)
(0.0115107 -0.17339 0)
(0.0197092 -0.196282 0)
(0.0283943 -0.218776 0)
(0.0372825 -0.240693 0)
(0.0460468 -0.261785 0)
(0.0543168 -0.281719 0)
(0.0616834 -0.300062 0)
(0.067708 -0.316253 0)
(0.0719395 -0.329587 0)
(0.0739423 -0.339189 0)
(0.0733366 -0.343998 0)
(0.0698544 -0.342764 0)
(0.0634105 -0.334061 0)
(0.054188 -0.316337 0)
(0.0427276 -0.288012 0)
(0.0299804 -0.247632 0)
(0.0173092 -0.194072 0)
(0.00671869 -0.126787 0)
(0.00112444 -0.0461634 0)
(0.00118544 0.0503955 0)
(0.00717072 0.13843 0)
(0.0186813 0.212162 0)
(0.0327668 0.271028 0)
(0.0473481 0.315315 0)
(0.0609329 0.345948 0)
(0.0724057 0.364307 0)
(0.0810676 0.372035 0)
(0.0866104 0.370859 0)
(0.0890389 0.362459 0)
(0.0885851 0.348372 0)
(0.0856286 0.329943 0)
(0.08063 0.308312 0)
(0.0740793 0.284407 0)
(0.0664583 0.258968 0)
(0.0582173 0.232566 0)
(0.0497605 0.205629 0)
(0.0414394 0.178468 0)
(0.0335518 0.1513 0)
(0.0263432 0.124268 0)
(0.0200101 0.0974576 0)
(0.014705 0.0709139 0)
(0.0105402 0.044652 0)
(0.00759203 0.0186677 0)
(0.00590403 -0.00705464 0)
(0.00548969 -0.032534 0)
(0.00633394 -0.0577873 0)
(0.00839396 -0.0828231 0)
(0.0115991 -0.107637 0)
(0.0158502 -0.132204 0)
(0.0210181 -0.156477 0)
(0.0269417 -0.180376 0)
(0.0334265 -0.203784 0)
(0.0402425 -0.226538 0)
(0.0471236 -0.248419 0)
(0.0537682 -0.269139 0)
(0.0598422 -0.288332 0)
(0.0649856 -0.305538 0)
(0.0688243 -0.320186 0)
(0.0709888 -0.33158 0)
(0.0711408 -0.338892 0)
(0.0690101 -0.341151 0)
(0.0644417 -0.337253 0)
(0.0574521 -0.325988 0)
(0.0482916 -0.30609 0)
(0.0375044 -0.276327 0)
(0.0259531 -0.235625 0)
(0.0147978 -0.183225 0)
(0.00567577 -0.118855 0)
(0.000934751 -0.0429796 0)
(0.00102042 0.0469387 0)
(0.0062643 0.129721 0)
(0.0164974 0.200039 0)
(0.0292679 0.257294 0)
(0.0428369 0.301557 0)
(0.0559128 0.33343 0)
(0.0674754 0.353924 0)
(0.0768259 0.364315 0)
(0.0835856 0.366012 0)
(0.0876477 0.360435 0)
(0.0891159 0.348936 0)
(0.0882436 0.332742 0)
(0.0853788 0.312923 0)
(0.0809179 0.290388 0)
(0.0752706 0.265883 0)
(0.0688344 0.240008 0)
(0.0619783 0.213232 0)
(0.0550327 0.185914 0)
(0.0482845 0.158318 0)
(0.0419766 0.130634 0)
(0.0363083 0.102995 0)
(0.0314378 0.0754848 0)
(0.0274852 0.0481573 0)
(0.0245354 0.0210423 0)
(0.0226408 -0.00584373 0)
(0.0218232 -0.0324902 0)
(0.0220756 -0.0588852 0)
(0.0233629 -0.0850093 0)
(0.025622 -0.110829 0)
(0.0287617 -0.136292 0)
(0.0326621 -0.161319 0)
(0.0371731 -0.1858 0)
(0.0421142 -0.209585 0)
(0.0472736 -0.232476 0)
(0.0524093 -0.254222 0)
(0.0572507 -0.274508 0)
(0.0615039 -0.292942 0)
(0.0648592 -0.30905 0)
(0.0670039 -0.322263 0)
(0.0676405 -0.331911 0)
(0.0665112 -0.337217 0)
(0.06343 -0.337306 0)
(0.0583209 -0.331211 0)
(0.0512614 -0.317912 0)
(0.0425273 -0.296382 0)
(0.0326325 -0.265663 0)
(0.0223354 -0.224969 0)
(0.0126105 -0.173803 0)
(0.00479188 -0.112077 0)
(0.000779279 -0.0402932 0)
(0.000880234 0.0439223 0)
(0.0054703 0.122031 0)
(0.0145339 0.189175 0)
(0.0260238 0.244741 0)
(0.0384847 0.28866 0)
(0.0508092 0.321301 0)
(0.0620836 0.343394 0)
(0.0716407 0.355927 0)
(0.0790726 0.360041 0)
(0.0842014 0.356934 0)
(0.0870374 0.347781 0)
(0.0877341 0.333685 0)
(0.0865437 0.315642 0)
(0.0837777 0.294519 0)
(0.0797754 0.271055 0)
(0.0748792 0.245861 0)
(0.069417 0.219433 0)
(0.0636905 0.192164 0)
(0.0579688 0.164358 0)
(0.0524842 0.136245 0)
(0.0474321 0.107997 0)
(0.0429711 0.0797378 0)
(0.0392248 0.051555 0)
(0.0362833 0.0235124 0)
(0.034206 -0.00434221 0)
(0.0330222 -0.0319688 0)
(0.0327334 -0.0593271 0)
(0.0333134 -0.0863697 0)
(0.0347092 -0.113036 0)
(0.036841 -0.139245 0)
(0.0396015 -0.164889 0)
(0.0428564 -0.18983 0)
(0.0464437 -0.213887 0)
(0.0501747 -0.236836 0)
(0.0538351 -0.258399 0)
(0.0571888 -0.278237 0)
(0.0599826 -0.295945 0)
(0.0619555 -0.311043 0)
(0.0628501 -0.322973 0)
(0.0624301 -0.331093 0)
(0.0605019 -0.334687 0)
(0.0569408 -0.332964 0)
(0.0517224 -0.325087 0)
(0.0449551 -0.310194 0)
(0.0369119 -0.287454 0)
(0.0280559 -0.256126 0)
(0.0190382 -0.215641 0)
(0.0106665 -0.165692 0)
(0.00402389 -0.106316 0)
(0.00064797 -0.038032 0)
(0.000758099 0.0412948 0)
(0.00475989 0.115267 0)
(0.0127385 0.179503 0)
(0.0229816 0.23339 0)
(0.0342734 0.276763 0)
(0.0456713 0.309824 0)
(0.0563709 0.333092 0)
(0.0657558 0.347327 0)
(0.0734167 0.353453 0)
(0.0791361 0.352473 0)
(0.0828602 0.345407 0)
(0.0846659 0.333239 0)
(0.0847268 0.316883 0)
(0.0832806 0.297159 0)
(0.0806012 0.274784 0)
(0.0769765 0.250369 0)
(0.0726912 0.224423 0)
(0.0680143 0.197364 0)
(0.0631911 0.169525 0)
(0.0584385 0.141172 0)
(0.0539422 0.112509 0)
(0.0498567 0.0836928 0)
(0.0463048 0.0548455 0)
(0.0433795 0.0260613 0)
(0.0411446 -0.00258254 0)
(0.0396364 -0.0310177 0)
(0.0388644 -0.0591766 0)
(0.0388125 -0.0869856 0)
(0.0394391 -0.114357 0)
(0.0406779 -0.141185 0)
(0.0424375 -0.167336 0)
(0.0446021 -0.192644 0)
(0.0470316 -0.216905 0)
(0.0495628 -0.23987 0)
(0.052012 -0.261239 0)
(0.0541776 -0.280659 0)
(0.0558469 -0.297712 0)
(0.0568032 -0.311921 0)
(0.056838 -0.322742 0)
(0.0557654 -0.329567 0)
(0.0534404 -0.331732 0)
(0.0497814 -0.328529 0)
(0.0447939 -0.319227 0)
(0.038595 -0.303101 0)
(0.031436 -0.279476 0)
(0.0237186 -0.247781 0)
(0.0159884 -0.207612 0)
(0.00890507 -0.158799 0)
(0.00334088 -0.101468 0)
(0.000533958 -0.0361439 0)
(0.000649291 0.0390177 0)
(0.00411219 0.109358 0)
(0.0110716 0.170969 0)
(0.0200986 0.223248 0)
(0.0301816 0.265963 0)
(0.0405254 0.299197 0)
(0.0504324 0.323308 0)
(0.0593476 0.338882 0)
(0.0668799 0.346662 0)
(0.0727953 0.347492 0)
(0.076999 0.342253 0)
(0.0795122 0.331821 0)
(0.0804458 0.31703 0)
(0.079975 0.298647 0)
(0.0783156 0.277361 0)
(0.0757039 0.253773 0)
(0.0723814 0.228397 0)
(0.0685823 0.201665 0)
(0.0645251 0.173935 0)
(0.060407 0.145495 0)
(0.0564004 0.11658 0)
(0.0526515 0.0873756 0)
(0.0492793 0.0580324 0)
(0.0463765 0.0286727 0)
(0.0440098 -0.000599165 0)
(0.0422209 -0.0296888 0)
(0.0410273 -0.0585035 0)
(0.0404229 -0.086945 0)
(0.0403787 -0.114902 0)
(0.0408433 -0.142244 0)
(0.0417428 -0.168815 0)
(0.0429819 -0.194425 0)
(0.0444444 -0.218849 0)
(0.0459944 -0.241819 0)
(0.0474788 -0.263016 0)
(0.0487308 -0.282075 0)
(0.0495754 -0.298574 0)
(0.0498364 -0.312038 0)
(0.0493467 -0.321938 0)
(0.0479608 -0.327699 0)
(0.0455701 -0.328705 0)
(0.0421204 -0.32432 0)
(0.0376306 -0.313901 0)
(0.0322108 -0.296835 0)
(0.0260787 -0.272572 0)
(0.0195692 -0.240671 0)
(0.0131268 -0.200855 0)
(0.00727977 -0.153054 0)
(0.00272022 -0.0974571 0)
(0.000432417 -0.0345905 0)
(0.000550413 0.0370621 0)
(0.0035118 0.104249 0)
(0.00950296 0.163531 0)
(0.0173403 0.214317 0)
(0.0261886 0.256331 0)
(0.0353848 0.289568 0)
(0.0443334 0.314268 0)
(0.0525463 0.33088 0)
(0.0596636 0.340006 0)
(0.0654519 0.342355 0)
(0.0697935 0.338692 0)
(0.0726709 0.329794 0)
(0.0741471 0.316422 0)
(0.0743455 0.299291 0)
(0.0734311 0.279057 0)
(0.0715933 0.256304 0)
(0.0690321 0.231546 0)
(0.0659464 0.205221 0)
(0.0625263 0.177701 0)
(0.0589466 0.149297 0)
(0.0553634 0.120265 0)
(0.0519115 0.0908142 0)
(0.0487034 0.0611206 0)
(0.0458291 0.0313308 0)
(0.0433564 0.00157286 0)
(0.041331 -0.0280355 0)
(0.0397776 -0.057379 0)
(0.0387001 -0.0863376 0)
(0.0380824 -0.114779 0)
(0.0378884 -0.14255 0)
(0.0380632 -0.169476 0)
(0.0385329 -0.195347 0)
(0.039206 -0.219919 0)
(0.0399744 -0.242906 0)
(0.0407158 -0.263978 0)
(0.0412966 -0.282758 0)
(0.041577 -0.298821 0)
(0.0414167 -0.311695 0)
(0.0406838 -0.320869 0)
(0.0392645 -0.325792 0)
(0.0370759 -0.325893 0)
(0.0340794 -0.32059 0)
(0.0302951 -0.309317 0)
(0.0258154 -0.291548 0)
(0.0208161 -0.26683 0)
(0.0155636 -0.234824 0)
(0.0104064 -0.195345 0)
(0.00575514 -0.148402 0)
(0.00214514 -0.0942254 0)
(0.000339873 -0.0333437 0)
(0.000458966 0.0354062 0)
(0.00294714 0.0998977 0)
(0.00800947 0.157154 0)
(0.0146789 0.206594 0)
(0.0222757 0.247914 0)
(0.0302555 0.281048 0)
(0.03812 0.306146 0)
(0.0454502 0.323552 0)
(0.0519258 0.333757 0)
(0.0573262 0.337363 0)
(0.0615252 0.335035 0)
(0.0644801 0.327469 0)
(0.0662182 0.315356 0)
(0.0668214 0.299364 0)
(0.0664112 0.280114 0)
(0.065135 0.258173 0)
(0.0631535 0.234045 0)
(0.0606316 0.208172 0)
(0.05773 0.180935 0)
(0.0545997 0.152658 0)
(0.0513781 0.123615 0)
(0.0481867 0.0940357 0)
(0.0451289 0.0641147 0)
(0.0422901 0.0340196 0)
(0.039737 0.00389873 0)
(0.0375184 -0.0261103 0)
(0.035665 -0.0558731 0)
(0.0341903 -0.0852503 0)
(0.0330907 -0.114091 0)
(0.0323462 -0.142226 0)
(0.0319206 -0.16946 0)
(0.0317621 -0.195569 0)
(0.0318041 -0.220293 0)
(0.0319663 -0.24333 0)
(0.0321563 -0.264341 0)
(0.0322724 -0.282939 0)
(0.0322072 -0.298697 0)
(0.0318524 -0.311147 0)
(0.0311054 -0.319788 0)
(0.0298775 -0.324092 0)
(0.028103 -0.323521 0)
(0.02575 -0.317539 0)
(0.0228309 -0.305636 0)
(0.0194126 -0.287354 0)
(0.0156249 -0.262316 0)
(0.0116645 -0.230257 0)
(0.00778969 -0.191064 0)
(0.00430379 -0.1448 0)
(0.00160299 -0.091731 0)
(0.000253769 -0.0323833 0)
(0.000373061 0.0340335 0)
(0.00240933 0.0962731 0)
(0.00657291 0.151812 0)
(0.0120921 0.200078 0)
(0.0184264 0.24075 0)
(0.0251397 0.27372 0)
(0.0318257 0.299073 0)
(0.0381351 0.317074 0)
(0.0437925 0.328131 0)
(0.0485992 0.332757 0)
(0.0524305 0.331539 0)
(0.0552297 0.325102 0)
(0.0569986 0.314081 0)
(0.0577861 0.299099 0)
(0.057677 0.280744 0)
(0.0567814 0.259562 0)
(0.055224 0.236049 0)
(0.0531365 0.210645 0)
(0.0506505 0.183734 0)
(0.0478924 0.155649 0)
(0.0449798 0.126678 0)
(0.0420185 0.0970634 0)
(0.0391013 0.0670172 0)
(0.0363068 0.0367225 0)
(0.0336994 0.00634428 0)
(0.0313292 -0.0239638 0)
(0.0292322 -0.0540514 0)
(0.0274303 -0.0837639 0)
(0.0259322 -0.112935 0)
(0.0247335 -0.141381 0)
(0.0238167 -0.168893 0)
(0.0231521 -0.195232 0)
(0.0226978 -0.220125 0)
(0.0224008 -0.24326 0)
(0.0221978 -0.264286 0)
(0.0220174 -0.28281 0)
(0.0217822 -0.298402 0)
(0.0214126 -0.310595 0)
(0.0208312 -0.318896 0)
(0.0199686 -0.322791 0)
(0.0187704 -0.321766 0)
(0.0172048 -0.315318 0)
(0.0152702 -0.302979 0)
(0.0130033 -0.28434 0)
(0.0104844 -0.259078 0)
(0.00784163 -0.226985 0)
(0.00524671 -0.187998 0)
(0.00290436 -0.142221 0)
(0.00108404 -0.0899436 0)
(0.000172175 -0.0316947 0)
(0.00029123 0.0329318 0)
(0.00189135 0.0933509 0)
(0.00517872 0.147482 0)
(0.0095615 0.194763 0)
(0.0146264 0.234864 0)
(0.0200372 0.267646 0)
(0.0254754 0.29315 0)
(0.030661 0.311585 0)
(0.0353668 0.323293 0)
(0.0394219 0.328725 0)
(0.0427112 0.328405 0)
(0.0451722 0.322901 0)
(0.046789 0.3128 0)
(0.0475848 0.298686 0)
(0.0476137 0.281119 0)
(0.0469525 0.260626 0)
(0.0456929 0.23769 0)
(0.0439351 0.212746 0)
(0.0417821 0.186179 0)
(0.0393352 0.158329 0)
(0.036691 0.129489 0)
(0.0339385 0.0999142 0)
(0.0311581 0.0698263 0)
(0.0284204 0.0394212 0)
(0.0257855 0.008876 0)
(0.0233037 -0.0216434 0)
(0.0210147 -0.0519745 0)
(0.0189482 -0.0819509 0)
(0.0171245 -0.111395 0)
(0.0155539 -0.140111 0)
(0.0142374 -0.16788 0)
(0.0131668 -0.194451 0)
(0.0123246 -0.219542 0)
(0.0116845 -0.242831 0)
(0.0112116 -0.263959 0)
(0.0108633 -0.282524 0)
(0.0105906 -0.298093 0)
(0.0103401 -0.310197 0)
(0.0100563 -0.318345 0)
(0.00968567 -0.322032 0)
(0.00918069 -0.320758 0)
(0.0085052 -0.314039 0)
(0.00763981 -0.301434 0)
(0.00658732 -0.282567 0)
(0.00537744 -0.257151 0)
(0.00406997 -0.225017 0)
(0.00275351 -0.186136 0)
(0.00153993 -0.140642 0)
(0.000580698 -0.0888423 0)
(9.35921e-05 -0.031268 0)
(0.000212287 0.0320922 0)
(0.00138748 0.0911135 0)
(0.00381483 0.14415 0)
(0.00707148 0.190648 0)
(0.0108628 0.230273 0)
(0.0149466 0.262869 0)
(0.0190882 0.288449 0)
(0.0230766 0.307183 0)
(0.0267347 0.31937 0)
(0.0299235 0.325412 0)
(0.0325428 0.325789 0)
(0.0345305 0.321024 0)
(0.0358594 0.311669 0)
(0.0365322 0.298274 0)
(0.0365771 0.281376 0)
(0.0360411 0.261483 0)
(0.0349856 0.239067 0)
(0.0334806 0.214556 0)
(0.0316011 0.188334 0)
(0.0294234 0.16074 0)
(0.0270221 0.132074 0)
(0.0244685 0.102596 0)
(0.0218293 0.0725351 0)
(0.0191654 0.0420949 0)
(0.0165314 0.0114607 0)
(0.0139762 -0.0191933 0)
(0.0115421 -0.0496964 0)
(0.00926555 -0.0798742 0)
(0.00717708 -0.109541 0)
(0.00530129 -0.138495 0)
(0.00365692 -0.166507 0)
(0.00225667 -0.19332 0)
(0.00110696 -0.218643 0)
(0.000207556 -0.242148 0)
(-0.000448727 -0.263466 0)
(-0.000876341 -0.282191 0)
(-0.00109705 -0.29788 0)
(-0.00113969 -0.310062 0)
(-0.00103939 -0.318242 0)
(-0.000836203 -0.321916 0)
(-0.00057308 -0.320586 0)
(-0.000293042 -0.313777 0)
(-3.58208e-05 -0.301061 0)
(0.000165905 -0.282077 0)
(0.000290253 -0.256559 0)
(0.000329263 -0.224359 0)
(0.000290527 -0.185472 0)
(0.000196749 -0.14005 0)
(8.67976e-05 -0.0884135 0)
(1.68202e-05 -0.0310966 0)
(0.000135226 0.0315085 0)
(0.000892802 0.0895489 0)
(0.00247073 0.141804 0)
(0.00460822 0.187729 0)
(0.00712374 0.226988 0)
(0.00986481 0.259419 0)
(0.0126786 0.28502 0)
(0.0154221 0.303938 0)
(0.0179696 0.316447 0)
(0.0202165 0.322917 0)
(0.0220811 0.323798 0)
(0.0235059 0.319584 0)
(0.0244565 0.310799 0)
(0.0249193 0.297968 0)
(0.0248998 0.28161 0)
(0.0244183 0.262218 0)
(0.0235074 0.24025 0)
(0.0222085 0.21613 0)
(0.0205689 0.190236 0)
(0.0186396 0.162908 0)
(0.0164731 0.134444 0)
(0.014122 0.105107 0)
(0.0116378 0.0751293 0)
(0.00907054 0.0447189 0)
(0.00646815 0.0140649 0)
(0.00387654 -0.0166544 0)
(0.00133948 -0.0472642 0)
(-0.00110123 -0.0775863 0)
(-0.00340576 -0.107431 0)
(-0.00553627 -0.136592 0)
(-0.00745712 -0.164836 0)
(-0.00913532 -0.191902 0)
(-0.0105411 -0.217494 0)
(-0.0116491 -0.241276 0)
(-0.0124391 -0.262875 0)
(-0.0128977 -0.281877 0)
(-0.0130199 -0.297831 0)
(-0.0128101 -0.310255 0)
(-0.0122838 -0.318649 0)
(-0.0114679 -0.322499 0)
(-0.0104019 -0.321301 0)
(-0.00913625 -0.314576 0)
(-0.00773198 -0.301892 0)
(-0.0062579 -0.282892 0)
(-0.00478782 -0.257314 0)
(-0.00339723 -0.225016 0)
(-0.00215861 -0.186004 0)
(-0.00113674 -0.140438 0)
(-0.000402832 -0.0886497 0)
(-5.91468e-05 -0.0311771 0)
(5.91474e-05 0.0311771 0)
(0.000402835 0.0886498 0)
(0.00113674 0.140438 0)
(0.00215862 0.186004 0)
(0.00339725 0.225016 0)
(0.00478784 0.257314 0)
(0.00625791 0.282892 0)
(0.007732 0.301892 0)
(0.00913627 0.314576 0)
(0.0104019 0.321301 0)
(0.011468 0.322499 0)
(0.0122838 0.318649 0)
(0.0128102 0.310255 0)
(0.01302 0.297831 0)
(0.0128978 0.281877 0)
(0.0124391 0.262875 0)
(0.0116491 0.241276 0)
(0.0105412 0.217494 0)
(0.00913537 0.191902 0)
(0.00745718 0.164836 0)
(0.00553632 0.136592 0)
(0.00340581 0.107431 0)
(0.00110128 0.0775863 0)
(-0.00133942 0.0472642 0)
(-0.00387648 0.0166544 0)
(-0.0064681 -0.0140649 0)
(-0.00907048 -0.0447189 0)
(-0.0116378 -0.0751293 0)
(-0.014122 -0.105107 0)
(-0.0164731 -0.134444 0)
(-0.0186396 -0.162908 0)
(-0.0205689 -0.190236 0)
(-0.0222084 -0.21613 0)
(-0.0235073 -0.24025 0)
(-0.0244182 -0.262218 0)
(-0.0248998 -0.28161 0)
(-0.0249193 -0.297968 0)
(-0.0244564 -0.310799 0)
(-0.0235059 -0.319584 0)
(-0.0220811 -0.323798 0)
(-0.0202164 -0.322917 0)
(-0.0179696 -0.316447 0)
(-0.0154221 -0.303938 0)
(-0.0126786 -0.28502 0)
(-0.0098648 -0.259419 0)
(-0.00712373 -0.226988 0)
(-0.00460821 -0.187728 0)
(-0.00247073 -0.141804 0)
(-0.0008928 -0.0895489 0)
(-0.000135226 -0.0315085 0)
(-1.68195e-05 0.0310966 0)
(-8.67945e-05 0.0884136 0)
(-0.000196742 0.14005 0)
(-0.000290517 0.185472 0)
(-0.00032925 0.22436 0)
(-0.000290236 0.256559 0)
(-0.000165885 0.282077 0)
(3.58431e-05 0.301061 0)
(0.000293067 0.313777 0)
(0.000573107 0.320586 0)
(0.000836233 0.321916 0)
(0.00103942 0.318242 0)
(0.00113973 0.310062 0)
(0.00109709 0.29788 0)
(0.000876382 0.282191 0)
(0.000448771 0.263466 0)
(-0.00020751 0.242148 0)
(-0.00110691 0.218643 0)
(-0.00225662 0.19332 0)
(-0.00365686 0.166507 0)
(-0.00530123 0.138495 0)
(-0.00717702 0.109541 0)
(-0.0092655 0.0798742 0)
(-0.011542 0.0496963 0)
(-0.0139761 0.0191933 0)
(-0.0165314 -0.0114607 0)
(-0.0191653 -0.0420949 0)
(-0.0218293 -0.0725351 0)
(-0.0244685 -0.102596 0)
(-0.027022 -0.132074 0)
(-0.0294233 -0.16074 0)
(-0.0316011 -0.188334 0)
(-0.0334806 -0.214556 0)
(-0.0349855 -0.239067 0)
(-0.0360411 -0.261483 0)
(-0.036577 -0.281376 0)
(-0.0365322 -0.298274 0)
(-0.0358593 -0.311669 0)
(-0.0345305 -0.321024 0)
(-0.0325428 -0.325789 0)
(-0.0299234 -0.325412 0)
(-0.0267347 -0.31937 0)
(-0.0230765 -0.307183 0)
(-0.0190882 -0.288449 0)
(-0.0149465 -0.262869 0)
(-0.0108628 -0.230273 0)
(-0.00707148 -0.190648 0)
(-0.00381482 -0.14415 0)
(-0.00138748 -0.0911135 0)
(-0.000212286 -0.0320921 0)
(-9.35914e-05 0.031268 0)
(-0.000580695 0.0888424 0)
(-0.00153992 0.140642 0)
(-0.0027535 0.186136 0)
(-0.00406996 0.225017 0)
(-0.00537743 0.257151 0)
(-0.0065873 0.282567 0)
(-0.00763979 0.301434 0)
(-0.00850518 0.314039 0)
(-0.00918066 0.320758 0)
(-0.00968563 0.322032 0)
(-0.0100563 0.318345 0)
(-0.0103401 0.310197 0)
(-0.0105906 0.298093 0)
(-0.0108632 0.282524 0)
(-0.0112115 0.263959 0)
(-0.0116844 0.242831 0)
(-0.0123245 0.219542 0)
(-0.0131667 0.194451 0)
(-0.0142373 0.16788 0)
(-0.0155538 0.140111 0)
(-0.0171244 0.111395 0)
(-0.0189482 0.0819509 0)
(-0.0210146 0.0519745 0)
(-0.0233036 0.0216434 0)
(-0.0257855 -0.008876 0)
(-0.0284203 -0.0394212 0)
(-0.0311581 -0.0698263 0)
(-0.0339385 -0.0999142 0)
(-0.0366909 -0.129489 0)
(-0.0393352 -0.158329 0)
(-0.041782 -0.186179 0)
(-0.0439351 -0.212746 0)
(-0.0456929 -0.23769 0)
(-0.0469525 -0.260626 0)
(-0.0476137 -0.281119 0)
(-0.0475848 -0.298686 0)
(-0.0467889 -0.3128 0)
(-0.0451721 -0.322901 0)
(-0.0427112 -0.328405 0)
(-0.0394219 -0.328725 0)
(-0.0353668 -0.323293 0)
(-0.030661 -0.311585 0)
(-0.0254754 -0.29315 0)
(-0.0200372 -0.267646 0)
(-0.0146264 -0.234864 0)
(-0.00956149 -0.194763 0)
(-0.00517872 -0.147482 0)
(-0.00189135 -0.0933508 0)
(-0.00029123 -0.0329317 0)
(-0.000172174 0.0316948 0)
(-0.00108404 0.0899437 0)
(-0.00290435 0.142221 0)
(-0.0052467 0.187998 0)
(-0.00784162 0.226985 0)
(-0.0104844 0.259078 0)
(-0.0130033 0.28434 0)
(-0.0152702 0.302979 0)
(-0.0172047 0.315318 0)
(-0.0187704 0.321766 0)
(-0.0199686 0.322791 0)
(-0.0208312 0.318895 0)
(-0.0214126 0.310595 0)
(-0.0217822 0.298402 0)
(-0.0220174 0.28281 0)
(-0.0221978 0.264286 0)
(-0.0224007 0.24326 0)
(-0.0226978 0.220125 0)
(-0.0231521 0.195232 0)
(-0.0238167 0.168893 0)
(-0.0247334 0.141381 0)
(-0.0259322 0.112935 0)
(-0.0274302 0.0837639 0)
(-0.0292321 0.0540514 0)
(-0.0313292 0.0239638 0)
(-0.0336994 -0.00634429 0)
(-0.0363067 -0.0367225 0)
(-0.0391012 -0.0670172 0)
(-0.0420185 -0.0970634 0)
(-0.0449798 -0.126678 0)
(-0.0478924 -0.155649 0)
(-0.0506504 -0.183734 0)
(-0.0531364 -0.210645 0)
(-0.0552239 -0.23605 0)
(-0.0567813 -0.259562 0)
(-0.057677 -0.280744 0)
(-0.057786 -0.299099 0)
(-0.0569986 -0.314081 0)
(-0.0552297 -0.325102 0)
(-0.0524305 -0.331539 0)
(-0.0485992 -0.332757 0)
(-0.0437925 -0.328131 0)
(-0.0381351 -0.317074 0)
(-0.0318257 -0.299073 0)
(-0.0251397 -0.27372 0)
(-0.0184264 -0.24075 0)
(-0.0120921 -0.200077 0)
(-0.00657291 -0.151812 0)
(-0.00240933 -0.096273 0)
(-0.000373061 -0.0340334 0)
(-0.000253769 0.0323833 0)
(-0.00160298 0.091731 0)
(-0.00430378 0.144801 0)
(-0.00778967 0.191065 0)
(-0.0116645 0.230257 0)
(-0.0156249 0.262316 0)
(-0.0194126 0.287354 0)
(-0.0228308 0.305636 0)
(-0.0257499 0.317539 0)
(-0.028103 0.323521 0)
(-0.0298774 0.324092 0)
(-0.0311054 0.319788 0)
(-0.0318523 0.311147 0)
(-0.0322072 0.298696 0)
(-0.0322724 0.282939 0)
(-0.0321562 0.264341 0)
(-0.0319662 0.24333 0)
(-0.0318041 0.220293 0)
(-0.0317621 0.195569 0)
(-0.0319205 0.16946 0)
(-0.0323462 0.142226 0)
(-0.0330907 0.114091 0)
(-0.0341902 0.0852503 0)
(-0.035665 0.0558731 0)
(-0.0375183 0.0261103 0)
(-0.0397369 -0.00389873 0)
(-0.04229 -0.0340196 0)
(-0.0451289 -0.0641147 0)
(-0.0481866 -0.0940357 0)
(-0.0513781 -0.123615 0)
(-0.0545996 -0.152658 0)
(-0.0577299 -0.180935 0)
(-0.0606316 -0.208172 0)
(-0.0631535 -0.234045 0)
(-0.0651349 -0.258173 0)
(-0.0664112 -0.280114 0)
(-0.0668213 -0.299364 0)
(-0.0662181 -0.315356 0)
(-0.0644801 -0.327469 0)
(-0.0615252 -0.335035 0)
(-0.0573262 -0.337363 0)
(-0.0519258 -0.333757 0)
(-0.0454502 -0.323552 0)
(-0.03812 -0.306146 0)
(-0.0302555 -0.281047 0)
(-0.0222757 -0.247914 0)
(-0.0146789 -0.206594 0)
(-0.00800946 -0.157154 0)
(-0.00294714 -0.0998976 0)
(-0.000458966 -0.0354061 0)
(-0.000339873 0.0333437 0)
(-0.00214514 0.0942255 0)
(-0.00575513 0.148402 0)
(-0.0104064 0.195345 0)
(-0.0155636 0.234824 0)
(-0.0208161 0.26683 0)
(-0.0258153 0.291548 0)
(-0.0302951 0.309317 0)
(-0.0340794 0.32059 0)
(-0.0370759 0.325893 0)
(-0.0392645 0.325792 0)
(-0.0406838 0.320869 0)
(-0.0414167 0.311695 0)
(-0.041577 0.298821 0)
(-0.0412966 0.282758 0)
(-0.0407157 0.263978 0)
(-0.0399744 0.242906 0)
(-0.039206 0.219919 0)
(-0.0385329 0.195347 0)
(-0.0380631 0.169476 0)
(-0.0378884 0.14255 0)
(-0.0380823 0.114779 0)
(-0.0387001 0.0863376 0)
(-0.0397776 0.057379 0)
(-0.041331 0.0280355 0)
(-0.0433563 -0.00157286 0)
(-0.0458291 -0.0313308 0)
(-0.0487033 -0.0611206 0)
(-0.0519114 -0.0908142 0)
(-0.0553634 -0.120265 0)
(-0.0589466 -0.149297 0)
(-0.0625262 -0.177701 0)
(-0.0659464 -0.205221 0)
(-0.069032 -0.231546 0)
(-0.0715933 -0.256304 0)
(-0.073431 -0.279057 0)
(-0.0743454 -0.299291 0)
(-0.074147 -0.316422 0)
(-0.0726709 -0.329794 0)
(-0.0697935 -0.338692 0)
(-0.0654518 -0.342355 0)
(-0.0596636 -0.340006 0)
(-0.0525463 -0.33088 0)
(-0.0443334 -0.314268 0)
(-0.0353848 -0.289568 0)
(-0.0261886 -0.25633 0)
(-0.0173403 -0.214317 0)
(-0.00950296 -0.163531 0)
(-0.0035118 -0.104249 0)
(-0.000550413 -0.0370621 0)
(-0.000432416 0.0345905 0)
(-0.00272022 0.0974572 0)
(-0.00727976 0.153054 0)
(-0.0131268 0.200855 0)
(-0.0195692 0.240672 0)
(-0.0260787 0.272572 0)
(-0.0322108 0.296835 0)
(-0.0376305 0.313901 0)
(-0.0421204 0.32432 0)
(-0.0455701 0.328705 0)
(-0.0479608 0.327699 0)
(-0.0493467 0.321938 0)
(-0.0498364 0.312038 0)
(-0.0495754 0.298574 0)
(-0.0487308 0.282075 0)
(-0.0474787 0.263016 0)
(-0.0459944 0.241819 0)
(-0.0444444 0.218849 0)
(-0.0429819 0.194425 0)
(-0.0417427 0.168815 0)
(-0.0408432 0.142244 0)
(-0.0403787 0.114902 0)
(-0.0404229 0.086945 0)
(-0.0410273 0.0585035 0)
(-0.0422209 0.0296888 0)
(-0.0440098 0.000599164 0)
(-0.0463764 -0.0286727 0)
(-0.0492792 -0.0580324 0)
(-0.0526514 -0.0873756 0)
(-0.0564004 -0.11658 0)
(-0.060407 -0.145495 0)
(-0.064525 -0.173935 0)
(-0.0685822 -0.201665 0)
(-0.0723813 -0.228397 0)
(-0.0757038 -0.253773 0)
(-0.0783155 -0.277361 0)
(-0.079975 -0.298647 0)
(-0.0804458 -0.31703 0)
(-0.0795121 -0.331821 0)
(-0.076999 -0.342253 0)
(-0.0727953 -0.347492 0)
(-0.0668799 -0.346662 0)
(-0.0593475 -0.338882 0)
(-0.0504324 -0.323308 0)
(-0.0405254 -0.299197 0)
(-0.0301816 -0.265963 0)
(-0.0200986 -0.223248 0)
(-0.0110716 -0.170969 0)
(-0.00411219 -0.109358 0)
(-0.000649291 -0.0390177 0)
(-0.000533957 0.0361439 0)
(-0.00334087 0.101468 0)
(-0.00890506 0.158799 0)
(-0.0159884 0.207612 0)
(-0.0237186 0.247781 0)
(-0.0314359 0.279476 0)
(-0.0385949 0.303101 0)
(-0.0447939 0.319227 0)
(-0.0497814 0.328529 0)
(-0.0534404 0.331732 0)
(-0.0557653 0.329567 0)
(-0.056838 0.322742 0)
(-0.0568032 0.311921 0)
(-0.0558468 0.297712 0)
(-0.0541776 0.280659 0)
(-0.0520119 0.261239 0)
(-0.0495628 0.23987 0)
(-0.0470315 0.216905 0)
(-0.044602 0.192644 0)
(-0.0424375 0.167336 0)
(-0.0406778 0.141185 0)
(-0.039439 0.114357 0)
(-0.0388124 0.0869856 0)
(-0.0388643 0.0591766 0)
(-0.0396363 0.0310177 0)
(-0.0411446 0.00258254 0)
(-0.0433795 -0.0260613 0)
(-0.0463048 -0.0548455 0)
(-0.0498566 -0.0836928 0)
(-0.0539422 -0.112509 0)
(-0.0584384 -0.141172 0)
(-0.0631911 -0.169525 0)
(-0.0680143 -0.197364 0)
(-0.0726912 -0.224423 0)
(-0.0769765 -0.250369 0)
(-0.0806011 -0.274784 0)
(-0.0832806 -0.297159 0)
(-0.0847268 -0.316883 0)
(-0.0846659 -0.333239 0)
(-0.0828602 -0.345407 0)
(-0.0791361 -0.352473 0)
(-0.0734167 -0.353453 0)
(-0.0657558 -0.347327 0)
(-0.0563709 -0.333092 0)
(-0.0456713 -0.309824 0)
(-0.0342734 -0.276763 0)
(-0.0229816 -0.23339 0)
(-0.0127385 -0.179502 0)
(-0.00475989 -0.115267 0)
(-0.0007581 -0.0412948 0)
(-0.000647969 0.0380321 0)
(-0.00402389 0.106316 0)
(-0.0106665 0.165692 0)
(-0.0190382 0.215641 0)
(-0.0280559 0.256126 0)
(-0.0369119 0.287454 0)
(-0.0449551 0.310194 0)
(-0.0517224 0.325087 0)
(-0.0569407 0.332964 0)
(-0.0605018 0.334687 0)
(-0.0624301 0.331093 0)
(-0.06285 0.322972 0)
(-0.0619554 0.311043 0)
(-0.0599826 0.295945 0)
(-0.0571887 0.278237 0)
(-0.0538351 0.258399 0)
(-0.0501746 0.236836 0)
(-0.0464437 0.213887 0)
(-0.0428563 0.18983 0)
(-0.0396015 0.164889 0)
(-0.0368409 0.139245 0)
(-0.0347092 0.113036 0)
(-0.0333133 0.0863697 0)
(-0.0327333 0.059327 0)
(-0.0330222 0.0319688 0)
(-0.0342059 0.00434221 0)
(-0.0362833 -0.0235124 0)
(-0.0392247 -0.051555 0)
(-0.0429711 -0.0797378 0)
(-0.0474321 -0.107997 0)
(-0.0524842 -0.136245 0)
(-0.0579687 -0.164358 0)
(-0.0636905 -0.192164 0)
(-0.0694169 -0.219433 0)
(-0.0748792 -0.245861 0)
(-0.0797754 -0.271055 0)
(-0.0837777 -0.294519 0)
(-0.0865437 -0.315642 0)
(-0.0877341 -0.333685 0)
(-0.0870374 -0.347781 0)
(-0.0842013 -0.356934 0)
(-0.0790726 -0.360041 0)
(-0.0716407 -0.355927 0)
(-0.0620836 -0.343394 0)
(-0.0508092 -0.321301 0)
(-0.0384847 -0.28866 0)
(-0.0260238 -0.244741 0)
(-0.0145339 -0.189175 0)
(-0.00547031 -0.122031 0)
(-0.000880234 -0.0439223 0)
(-0.000779278 0.0402932 0)
(-0.00479188 0.112077 0)
(-0.0126104 0.173803 0)
(-0.0223354 0.224969 0)
(-0.0326324 0.265663 0)
(-0.0425273 0.296382 0)
(-0.0512613 0.317912 0)
(-0.0583209 0.331211 0)
(-0.06343 0.337306 0)
(-0.0665112 0.337217 0)
(-0.0676405 0.331911 0)
(-0.0670039 0.322263 0)
(-0.0648591 0.30905 0)
(-0.0615038 0.292942 0)
(-0.0572507 0.274508 0)
(-0.0524092 0.254222 0)
(-0.0472736 0.232476 0)
(-0.0421141 0.209584 0)
(-0.0371731 0.1858 0)
(-0.032662 0.161319 0)
(-0.0287617 0.136292 0)
(-0.0256219 0.110829 0)
(-0.0233628 0.0850092 0)
(-0.0220756 0.0588852 0)
(-0.0218232 0.0324902 0)
(-0.0226408 0.00584373 0)
(-0.0245354 -0.0210423 0)
(-0.0274851 -0.0481573 0)
(-0.0314377 -0.0754848 0)
(-0.0363083 -0.102995 0)
(-0.0419766 -0.130634 0)
(-0.0482845 -0.158318 0)
(-0.0550326 -0.185914 0)
(-0.0619783 -0.213232 0)
(-0.0688344 -0.240008 0)
(-0.0752705 -0.265883 0)
(-0.0809179 -0.290388 0)
(-0.0853788 -0.312923 0)
(-0.0882436 -0.332742 0)
(-0.0891159 -0.348936 0)
(-0.0876477 -0.360435 0)
(-0.0835856 -0.366012 0)
(-0.0768259 -0.364315 0)
(-0.0674754 -0.353924 0)
(-0.0559128 -0.33343 0)
(-0.0428369 -0.301557 0)
(-0.0292679 -0.257294 0)
(-0.0164974 -0.200039 0)
(-0.0062643 -0.129721 0)
(-0.00102042 -0.0469386 0)
(-0.00093475 0.0429797 0)
(-0.00567577 0.118855 0)
(-0.0147978 0.183225 0)
(-0.025953 0.235625 0)
(-0.0375044 0.276327 0)
(-0.0482915 0.30609 0)
(-0.0574521 0.325988 0)
(-0.0644417 0.337253 0)
(-0.0690101 0.341151 0)
(-0.0711408 0.338892 0)
(-0.0709888 0.33158 0)
(-0.0688243 0.320186 0)
(-0.0649855 0.305538 0)
(-0.0598422 0.288332 0)
(-0.0537682 0.269139 0)
(-0.0471236 0.248419 0)
(-0.0402424 0.226538 0)
(-0.0334264 0.203784 0)
(-0.0269416 0.180376 0)
(-0.021018 0.156477 0)
(-0.0158502 0.132204 0)
(-0.0115991 0.107636 0)
(-0.00839392 0.0828231 0)
(-0.00633389 0.0577873 0)
(-0.00548964 0.032534 0)
(-0.00590398 0.00705464 0)
(-0.00759198 -0.0186677 0)
(-0.0105402 -0.044652 0)
(-0.014705 -0.0709139 0)
(-0.0200101 -0.0974576 0)
(-0.0263431 -0.124268 0)
(-0.0335518 -0.1513 0)
(-0.0414394 -0.178468 0)
(-0.0497605 -0.205629 0)
(-0.0582173 -0.232566 0)
(-0.0664583 -0.258968 0)
(-0.0740793 -0.284407 0)
(-0.08063 -0.308312 0)
(-0.0856285 -0.329943 0)
(-0.088585 -0.348372 0)
(-0.0890389 -0.362459 0)
(-0.0866104 -0.370859 0)
(-0.0810676 -0.372034 0)
(-0.0724057 -0.364307 0)
(-0.0609329 -0.345948 0)
(-0.0473481 -0.315315 0)
(-0.0327668 -0.271028 0)
(-0.0186813 -0.212162 0)
(-0.00717072 -0.13843 0)
(-0.00118544 -0.0503955 0)
(-0.00112444 0.0461634 0)
(-0.00671868 0.126787 0)
(-0.0173092 0.194072 0)
(-0.0299804 0.247632 0)
(-0.0427275 0.288012 0)
(-0.054188 0.316337 0)
(-0.0634105 0.334061 0)
(-0.0698544 0.342764 0)
(-0.0733366 0.343998 0)
(-0.0739422 0.339189 0)
(-0.0719394 0.329587 0)
(-0.0677079 0.316253 0)
(-0.0616834 0.300062 0)
(-0.0543168 0.281719 0)
(-0.0460467 0.261785 0)
(-0.0372825 0.240693 0)
(-0.0283943 0.218776 0)
(-0.0197092 0.196282 0)
(-0.0115107 0.17339 0)
(-0.00404021 0.150227 0)
(0.00250012 0.126873 0)
(0.0079442 0.103373 0)
(0.0121588 0.079744 0)
(0.0150408 0.055981 0)
(0.0165151 0.0320606 0)
(0.0165332 0.00794654 0)
(0.0150729 -0.0164055 0)
(0.0121388 -0.0410435 0)
(0.00776395 -0.066014 0)
(0.00201292 -0.0913555 0)
(-0.00501454 -0.117091 0)
(-0.0131784 -0.14322 0)
(-0.0222923 -0.169703 0)
(-0.0321176 -0.196452 0)
(-0.0423563 -0.223307 0)
(-0.0526462 -0.250017 0)
(-0.0625578 -0.276212 0)
(-0.0715962 -0.301369 0)
(-0.0792101 -0.324781 0)
(-0.0848121 -0.345519 0)
(-0.0878149 -0.362403 0)
(-0.0876856 -0.373977 0)
(-0.0840241 -0.378515 0)
(-0.0766619 -0.374057 0)
(-0.0657797 -0.358496 0)
(-0.0520261 -0.329735 0)
(-0.0365832 -0.285902 0)
(-0.0211556 -0.22562 0)
(-0.00823016 -0.148281 0)
(-0.00138526 -0.054363 0)
(-0.00136361 0.0499444 0)
(-0.00798191 0.136053 0)
(-0.0202514 0.206481 0)
(-0.0345226 0.260992 0)
(-0.0483454 0.300547 0)
(-0.0601483 0.326779 0)
(-0.0689265 0.341649 0)
(-0.0741991 0.34717 0)
(-0.0759098 0.345229 0)
(-0.0742977 0.337485 0)
(-0.0697839 0.325336 0)
(-0.0628844 0.309921 0)
(-0.054147 0.29214 0)
(-0.0441096 0.27269 0)
(-0.0332741 0.2521 0)
(-0.0220933 0.230762 0)
(-0.0109654 0.208962 0)
(-0.000233414 0.186899 0)
(0.00981135 0.164706 0)
(0.0189252 0.142465 0)
(0.0269068 0.120219 0)
(0.0335924 0.0979778 0)
(0.0388508 0.0757267 0)
(0.0425802 0.0534314 0)
(0.0447047 0.0310422 0)
(0.0451729 0.00849759 0)
(0.0439567 -0.0142723 0)
(0.0410518 -0.037342 0)
(0.0364794 -0.0607868 0)
(0.0302892 -0.0846777 0)
(0.0225634 -0.109075 0)
(0.013423 -0.134021 0)
(0.0030348 -0.159527 0)
(-0.00838 -0.185562 0)
(-0.0205365 -0.212034 0)
(-0.0330765 -0.238762 0)
(-0.0455606 -0.265451 0)
(-0.0574629 -0.291653 0)
(-0.0681734 -0.316719 0)
(-0.077011 -0.339758 0)
(-0.0832533 -0.359576 0)
(-0.0861908 -0.37464 0)
(-0.0852116 -0.38305 0)
(-0.0799207 -0.382546 0)
(-0.0702941 -0.370591 0)
(-0.0568523 -0.344524 0)
(-0.0407883 -0.301832 0)
(-0.0240132 -0.240503 0)
(-0.00950103 -0.159436 0)
(-0.00163517 -0.0589381 0)
(-0.00167634 0.0544633 0)
(-0.00955463 0.146897 0)
(-0.0237657 0.220612 0)
(-0.0396964 0.275665 0)
(-0.0543639 0.313649 0)
(-0.0660061 0.336921 0)
(-0.0736352 0.348101 0)
(-0.076917 0.349733 0)
(-0.0760042 0.344082 0)
(-0.0713539 0.333049 0)
(-0.0635835 0.318161 0)
(-0.0533693 0.300606 0)
(-0.0413804 0.281279 0)
(-0.0282395 0.26084 0)
(-0.0145038 0.239764 0)
(-0.000657219 0.218381 0)
(0.0128879 0.196913 0)
(0.025786 0.175503 0)
(0.0377512 0.154231 0)
(0.0485489 0.133131 0)
(0.0579891 0.112205 0)
(0.0659187 0.091429 0)
(0.072216 0.0707568 0)
(0.0767861 0.0501279 0)
(0.0795569 0.0294688 0)
(0.080477 0.00869562 0)
(0.0795144 -0.0122832 0)
(0.0766564 -0.033565 0)
(0.0719112 -0.05525 0)
(0.0653108 -0.0774378 0)
(0.0569155 -0.100223 0)
(0.0468202 -0.123689 0)
(0.0351629 -0.147897 0)
(0.0221346 -0.172877 0)
(0.00799175 -0.198606 0)
(-0.00692998 -0.224988 0)
(-0.0222019 -0.251818 0)
(-0.0372895 -0.278747 0)
(-0.0515444 -0.305222 0)
(-0.064206 -0.330427 0)
(-0.0744205 -0.353209 0)
(-0.0812864 -0.372004 0)
(-0.0839395 -0.384771 0)
(-0.0816864 -0.388964 0)
(-0.0741983 -0.381569 0)
(-0.0617528 -0.359252 0)
(-0.0454537 -0.318664 0)
(-0.0273779 -0.256901 0)
(-0.0110693 -0.172108 0)
(-0.00195952 -0.0642573 0)
(-0.00210241 0.0599229 0)
(-0.0115698 0.159635 0)
(-0.028037 0.23663 0)
(-0.0456135 0.291514 0)
(-0.0607014 0.326863 0)
(-0.0714185 0.346046 0)
(-0.0769196 0.352541 0)
(-0.0771476 0.349517 0)
(-0.0725707 0.339645 0)
(-0.0639367 0.325046 0)
(-0.0521 0.307337 0)
(-0.037912 0.287706 0)
(-0.0221604 0.267001 0)
(-0.00553983 0.245807 0)
(0.0113566 0.224513 0)
(0.0280337 0.203368 0)
(0.0440854 0.182517 0)
(0.059182 0.162034 0)
(0.0730591 0.141942 0)
(0.0855053 0.122227 0)
(0.0963532 0.10285 0)
(0.10547 0.0837518 0)
(0.112751 0.0648604 0)
(0.118115 0.0460918 0)
(0.121498 0.0273526 0)
(0.122852 0.00854144 0)
(0.122143 -0.0104503 0)
(0.119351 -0.0297374 0)
(0.114471 -0.0494397 0)
(0.107516 -0.0696802 0)
(0.0985194 -0.0905824 0)
(0.0875439 -0.112266 0)
(0.0746894 -0.134838 0)
(0.0601039 -0.158388 0)
(0.0439985 -0.182965 0)
(0.0266645 -0.208562 0)
(0.00849332 -0.235084 0)
(-0.0100021 -0.2623 0)
(-0.0281672 -0.28979 0)
(-0.0451921 -0.316866 0)
(-0.0601126 -0.342477 0)
(-0.0718373 -0.3651 0)
(-0.0792201 -0.382627 0)
(-0.0811974 -0.392268 0)
(-0.0770136 -0.390521 0)
(-0.0665421 -0.373276 0)
(-0.0506295 -0.336115 0)
(-0.0314104 -0.27489 0)
(-0.0130645 -0.186576 0)
(-0.00239895 -0.0705179 0)
(-0.00271056 0.0666231 0)
(-0.0142299 0.174685 0)
(-0.0332992 0.254672 0)
(-0.0523367 0.308227 0)
(-0.067092 0.33945 0)
(-0.0757296 0.353122 0)
(-0.0777579 0.353798 0)
(-0.0735795 0.345352 0)
(-0.0641054 0.330843 0)
(-0.0504456 0.312555 0)
(-0.033717 0.292118 0)
(-0.0149421 0.270653 0)
(0.00499459 0.248897 0)
(0.0253567 0.227316 0)
(0.0455467 0.206186 0)
(0.0650888 0.185649 0)
(0.0836093 0.165764 0)
(0.100818 0.146529 0)
(0.116489 0.127908 0)
(0.130451 0.109838 0)
(0.142571 0.092242 0)
(0.152746 0.0750324 0)
(0.160896 0.0581133 0)
(0.166959 0.041383 0)
(0.170883 0.0247338 0)
(0.172629 0.00805226 0)
(0.172162 -0.00878102 0)
(0.169457 -0.025892 0)
(0.164496 -0.0434133 0)
(0.15727 -0.0614841 0)
(0.147785 -0.0802491 0)
(0.136065 -0.0998567 0)
(0.122166 -0.120455 0)
(0.106178 -0.142183 0)
(0.0882524 -0.165162 0)
(0.068611 -0.189476 0)
(0.047578 -0.215143 0)
(0.0256062 -0.242075 0)
(0.00331117 -0.270017 0)
(-0.018497 -0.298462 0)
(-0.0387892 -0.326539 0)
(-0.056315 -0.352866 0)
(-0.0696444 -0.375376 0)
(-0.0772859 -0.391136 0)
(-0.0779254 -0.396208 0)
(-0.070819 -0.385632 0)
(-0.0562923 -0.353678 0)
(-0.0363098 -0.294479 0)
(-0.0156855 -0.203205 0)
(-0.00302414 -0.0780137 0)
(-0.00362383 0.0750224 0)
(-0.017847 0.192574 0)
(-0.0398218 0.27476 0)
(-0.0597766 0.32516 0)
(-0.0729006 0.350228 0)
(-0.0777416 0.356674 0)
(-0.0744894 0.350338 0)
(-0.0642409 0.335818 0)
(-0.0484812 0.316473 0)
(-0.0287299 0.294629 0)
(-0.00635916 0.271813 0)
(0.0174753 0.24898 0)
(0.0418424 0.226693 0)
(0.066015 0.205249 0)
(0.0894378 0.184778 0)
(0.111694 0.165304 0)
(0.132475 0.146788 0)
(0.151555 0.129156 0)
(0.168768 0.11231 0)
(0.183997 0.0961471 0)
(0.197153 0.0805571 0)
(0.208174 0.0654286 0)
(0.21701 0.0506496 0)
(0.223622 0.0361067 0)
(0.227978 0.0216845 0)
(0.230046 0.00726445 0)
(0.229797 -0.00727697 0)
(0.2272 -0.0220695 0)
(0.222224 -0.0372506 0)
(0.214842 -0.0529672 0)
(0.20503 -0.0693762 0)
(0.192771 -0.0866446 0)
(0.178069 -0.104949 0)
(0.160951 -0.124471 0)
(0.141489 -0.145393 0)
(0.119816 -0.167882 0)
(0.0961563 -0.192071 0)
(0.0708584 -0.218022 0)
(0.0444419 -0.24567 0)
(0.017648 -0.274742 0)
(-0.00850614 -0.304628 0)
(-0.0326834 -0.334205 0)
(-0.0532164 -0.361606 0)
(-0.0681724 -0.383931 0)
(-0.0755628 -0.396948 0)
(-0.0737755 -0.394881 0)
(-0.0622286 -0.37046 0)
(-0.0422905 -0.315516 0)
(-0.0192392 -0.222447 0)
(-0.0039622 -0.0871972 0)
(-0.00506718 0.0858464 0)
(-0.0228977 0.213932 0)
(-0.0478365 0.296615 0)
(-0.0674545 0.341073 0)
(-0.0767747 0.357341 0)
(-0.0753347 0.354636 0)
(-0.0644667 0.340215 0)
(-0.0462205 0.319278 0)
(-0.0227479 0.295284 0)
(0.00403589 0.2704 0)
(0.0325721 0.245891 0)
(0.061659 0.222438 0)
(0.0904044 0.20035 0)
(0.118165 0.179717 0)
(0.144489 0.160506 0)
(0.169064 0.142613 0)
(0.191682 0.125905 0)
(0.212207 0.110239 0)
(0.230551 0.0954687 0)
(0.246663 0.0814559 0)
(0.260509 0.0680678 0)
(0.272072 0.0551784 0)
(0.281338 0.0426671 0)
(0.288295 0.0304168 0)
(0.29293 0.0183118 0)
(0.295224 0.00623537 0)
(0.295153 -0.00593254 0)
(0.292684 -0.0183178 0)
(0.287777 -0.0310547 0)
(0.280386 -0.0442883 0)
(0.270457 -0.0581769 0)
(0.257936 -0.0728947 0)
(0.242771 -0.088633 0)
(0.224922 -0.105601 0)
(0.204372 -0.124024 0)
(0.181146 -0.144139 0)
(0.15534 -0.166178 0)
(0.127155 -0.19035 0)
(0.0969513 -0.21679 0)
(0.0653138 -0.245489 0)
(0.033138 -0.276171 0)
(0.00172191 -0.308104 0)
(-0.02715 -0.339816 0)
(-0.0511763 -0.368703 0)
(-0.067651 -0.390525 0)
(-0.0738505 -0.398889 0)
(-0.0677796 -0.384909 0)
(-0.0494916 -0.337475 0)
(-0.0241913 -0.24482 0)
(-0.0054453 -0.09879 0)
(-0.00744809 0.10027 0)
(-0.0300669 0.23938 0)
(-0.057293 0.319262 0)
(-0.0739844 0.353699 0)
(-0.0760085 0.357943 0)
(-0.0648598 0.344228 0)
(-0.0435664 0.3211 0)
(-0.015325 0.294009 0)
(0.0170728 0.266158 0)
(0.051448 0.239272 0)
(0.0862154 0.214168 0)
(0.120277 0.191137 0)
(0.152901 0.170182 0)
(0.183625 0.151164 0)
(0.212164 0.133881 0)
(0.238361 0.118113 0)
(0.262139 0.103649 0)
(0.283471 0.09029 0)
(0.302361 0.0778578 0)
(0.31883 0.0661925 0)
(0.332906 0.0551509 0)
(0.344615 0.044603 0)
(0.353982 0.0344291 0)
(0.361024 0.0245167 0)
(0.365746 0.0147573 0)
(0.368143 0.00504326 0)
(0.368198 -0.00473513 0)
(0.365879 -0.0146925 0)
(0.361138 -0.0249515 0)
(0.353913 -0.0356463 0)
(0.344129 -0.0469261 0)
(0.331693 -0.0589586 0)
(0.316505 -0.0719346 0)
(0.298456 -0.0860713 0)
(0.277439 -0.101616 0)
(0.253366 -0.118848 0)
(0.226182 -0.138075 0)
(0.195906 -0.159624 0)
(0.162679 -0.183813 0)
(0.126836 -0.210903 0)
(0.0890149 -0.240994 0)
(0.050294 -0.273852 0)
(0.0123578 -0.308611 0)
(-0.0223353 -0.343298 0)
(-0.050481 -0.374129 0)
(-0.0681234 -0.394578 0)
(-0.0713076 -0.394393 0)
(-0.0576985 -0.359038 0)
(-0.0311947 -0.270765 0)
(-0.00789008 -0.113962 0)
(-0.0114454 0.120165 0)
(-0.0401414 0.269143 0)
(-0.0671554 0.340287 0)
(-0.0759798 0.359109 0)
(-0.0654203 0.34791 0)
(-0.040224 0.321975 0)
(-0.00556314 0.290513 0)
(0.0342752 0.258531 0)
(0.0761311 0.22845 0)
(0.117874 0.201225 0)
(0.158164 0.177048 0)
(0.196216 0.155748 0)
(0.23161 0.137003 0)
(0.264155 0.12046 0)
(0.2938 0.105775 0)
(0.320578 0.0926437 0)
(0.344561 0.0808011 0)
(0.365841 0.0700216 0)
(0.384515 0.0601141 0)
(0.400678 0.0509157 0)
(0.414411 0.0422867 0)
(0.425788 0.0341048 0)
(0.434864 0.0262612 0)
(0.441681 0.0186558 0)
(0.446264 0.0111943 0)
(0.448621 0.00378444 0)
(0.448741 -0.00366682 0)
(0.446595 -0.0112566 0)
(0.442131 -0.0190891 0)
(0.435279 -0.0272795 0)
(0.425943 -0.0359574 0)
(0.414007 -0.0452721 0)
(0.399327 -0.0553973 0)
(0.381737 -0.0665379 0)
(0.361051 -0.078937 0)
(0.337068 -0.0928836 0)
(0.309586 -0.10872 0)
(0.278423 -0.126844 0)
(0.24346 -0.147711 0)
(0.204704 -0.171806 0)
(0.162398 -0.199592 0)
(0.117179 -0.23138 0)
(0.0703204 -0.267073 0)
(0.0240401 -0.305686 0)
(-0.0181586 -0.344506 0)
(-0.051294 -0.377742 0)
(-0.0691176 -0.394624 0)
(-0.0655874 -0.377325 0)
(-0.0409329 -0.300202 0)
(-0.0119725 -0.134558 0)
(-0.0179044 0.148439 0)
(-0.0532013 0.301925 0)
(-0.0735075 0.354425 0)
(-0.065842 0.350922 0)
(-0.0355109 0.321756 0)
(0.0083359 0.284114 0)
(0.0585164 0.246438 0)
(0.110261 0.212237 0)
(0.160692 0.182534 0)
(0.208249 0.157241 0)
(0.252204 0.135841 0)
(0.292316 0.117712 0)
(0.328607 0.102266 0)
(0.361236 0.0889937 0)
(0.390416 0.0774753 0)
(0.416376 0.0673689 0)
(0.439335 0.0583997 0)
(0.459495 0.0503465 0)
(0.477035 0.0430303 0)
(0.492107 0.0363045 0)
(0.504839 0.0300475 0)
(0.515337 0.024156 0)
(0.523681 0.0185401 0)
(0.529933 0.0131195 0)
(0.534131 0.00781919 0)
(0.536292 0.00256725 0)
(0.536414 -0.00270852 0)
(0.534471 -0.00808321 0)
(0.530412 -0.0136377 0)
(0.524163 -0.0194619 0)
(0.515621 -0.0256586 0)
(0.504652 -0.0323476 0)
(0.49109 -0.0396721 0)
(0.474729 -0.0478052 0)
(0.455325 -0.0569591 0)
(0.432589 -0.0673969 0)
(0.406192 -0.079446 0)
(0.37577 -0.0935149 0)
(0.340942 -0.11011 0)
(0.301354 -0.129851 0)
(0.256753 -0.153465 0)
(0.207135 -0.181741 0)
(0.152999 -0.215384 0)
(0.0957547 -0.254644 0)
(0.0383259 -0.29852 0)
(-0.0140997 -0.343166 0)
(-0.0533737 -0.379023 0)
(-0.0687891 -0.386516 0)
(-0.0531962 -0.331318 0)
(-0.0184692 -0.163407 0)
(-0.0268572 0.190004 0)
(-0.0656922 0.332049 0)
(-0.0648822 0.350817 0)
(-0.0275789 0.319267 0)
(0.0302355 0.27299 0)
(0.0955535 0.227578 0)
(0.160721 0.188402 0)
(0.221935 0.156294 0)
(0.277651 0.130463 0)
(0.327524 0.109739 0)
(0.371785 0.0930158 0)
(0.410898 0.0793782 0)
(0.445388 0.0681129 0)
(0.475758 0.0586762 0)
(0.502461 0.0506563 0)
(0.525888 0.0437417 0)
(0.546369 0.0376946 0)
(0.564181 0.0323321 0)
(0.579553 0.0275111 0)
(0.592671 0.0231185 0)
(0.603689 0.0190625 0)
(0.612727 0.0152674 0)
(0.619879 0.0116684 0)
(0.625213 0.00820863 0)
(0.628776 0.00483607 0)
(0.630592 0.00150109 0)
(0.630661 -0.00184566 0)
(0.628964 -0.00525542 0)
(0.625455 -0.00878348 0)
(0.620063 -0.0124917 0)
(0.612689 -0.0164516 0)
(0.603199 -0.0207476 0)
(0.591422 -0.0254826 0)
(0.577141 -0.0307835 0)
(0.560087 -0.0368104 0)
(0.539928 -0.0437681 0)
(0.516259 -0.051922 0)
(0.488589 -0.0616203 0)
(0.456336 -0.0733236 0)
(0.418829 -0.0876439 0)
(0.375327 -0.105391 0)
(0.325096 -0.127615 0)
(0.267584 -0.155614 0)
(0.202787 -0.190805 0)
(0.13196 -0.234243 0)
(0.0588663 -0.285238 0)
(-0.00835141 -0.338029 0)
(-0.055373 -0.375338 0)
(-0.0638245 -0.357674 0)
(-0.0271602 -0.20523 0)
(-0.0330175 0.249971 0)
(-0.0619584 0.343335 0)
(-0.0121307 0.309988 0)
(0.0701314 0.251303 0)
(0.15854 0.196323 0)
(0.241779 0.15239 0)
(0.315529 0.11935 0)
(0.3791 0.0948892 0)
(0.433366 0.0766792 0)
(0.479632 0.0629187 0)
(0.519181 0.0523204 0)
(0.553121 0.0439883 0)
(0.582365 0.0373022 0)
(0.607644 0.0318297 0)
(0.62954 0.0272656 0)
(0.648516 0.0233908 0)
(0.664937 0.0200451 0)
(0.679096 0.0171098 0)
(0.691225 0.0144946 0)
(0.70151 0.0121298 0)
(0.710099 0.00996019 0)
(0.717106 0.0079409 0)
(0.722619 0.00603439 0)
(0.726705 0.00420808 0)
(0.729407 0.00243251 0)
(0.730749 0.00067985 0)
(0.730735 -0.00107744 0)
(0.72935 -0.00286787 0)
(0.726558 -0.00472229 0)
(0.7223 -0.00667539 0)
(0.716491 -0.00876757 0)
(0.709016 -0.0110472 0)
(0.699723 -0.013574 0)
(0.688416 -0.0164228 0)
(0.674846 -0.0196902 0)
(0.658695 -0.023503 0)
(0.639559 -0.0280306 0)
(0.616924 -0.0335044 0)
(0.590136 -0.0402464 0)
(0.558361 -0.048713 0)
(0.520544 -0.0595618 0)
(0.475376 -0.0737512 0)
(0.421296 -0.0926769 0)
(0.356613 -0.118328 0)
(0.279964 -0.15334 0)
(0.191552 -0.200466 0)
(0.095484 -0.260233 0)
(0.00344845 -0.324793 0)
(-0.0564195 -0.362274 0)
(-0.0321142 -0.264067 0)
(0.000999467 0.294704 0)
(0.0164972 0.298248 0)
(0.151618 0.212665 0)
(0.281942 0.145118 0)
(0.387142 0.0996565 0)
(0.470697 0.070092 0)
(0.536786 0.0510104 0)
(0.589263 0.0384687 0)
(0.631449 0.0299419 0)
(0.665868 0.0239196 0)
(0.694341 0.0195071 0)
(0.718177 0.0161638 0)
(0.738323 0.013554 0)
(0.755476 0.0114627 0)
(0.770153 0.00974705 0)
(0.782745 0.00830963 0)
(0.793551 0.00708186 0)
(0.8028 0.00601422 0)
(0.810673 0.00507008 0)
(0.817309 0.00422168 0)
(0.822818 0.00344741 0)
(0.827286 0.00272998 0)
(0.830778 0.00205509 0)
(0.83334 0.00141048 0)
(0.835006 0.000785156 0)
(0.835793 0.000168817 0)
(0.835707 -0.000448701 0)
(0.834738 -0.00107793 0)
(0.832862 -0.00173028 0)
(0.830039 -0.00241864 0)
(0.826211 -0.00315811 0)
(0.821297 -0.00396698 0)
(0.81519 -0.00486801 0)
(0.807751 -0.00589027 0)
(0.798798 -0.00707177 0)
(0.788094 -0.00846347 0)
(0.775331 -0.0101353 0)
(0.760103 -0.0121858 0)
(0.74187 -0.0147581 0)
(0.719904 -0.0180671 0)
(0.693207 -0.022447 0)
(0.660397 -0.0284373 0)
(0.619532 -0.0369405 0)
(0.567881 -0.0495046 0)
(0.501758 -0.0687841 0)
(0.416749 -0.0990766 0)
(0.308008 -0.146487 0)
(0.17126 -0.217743 0)
(0.0270589 -0.307341 0)
(0.00516781 -0.302929 0)
(0.290212 0.152377 0)
(0.389346 0.128141 0)
(0.565011 0.074634 0)
(0.68266 0.0421603 0)
(0.752184 0.0245027 0)
(0.797266 0.0149125 0)
(0.828648 0.0096557 0)
(0.85148 0.00667925 0)
(0.868778 0.00489611 0)
(0.882347 0.00375521 0)
(0.893276 0.00297783 0)
(0.902252 0.0024185 0)
(0.909733 0.00199759 0)
(0.916031 0.00166906 0)
(0.921373 0.00140482 0)
(0.92592 0.00118677 0)
(0.929796 0.00100279 0)
(0.933092 0.000844401 0)
(0.935881 0.000705494 0)
(0.938218 0.000581545 0)
(0.940144 0.000469097 0)
(0.941693 0.000365425 0)
(0.942891 0.000268306 0)
(0.943754 0.000175852 0)
(0.944297 8.63867e-05 0)
(0.944526 -1.65421e-06 0)
(0.944443 -8.97968e-05 0)
(0.944045 -0.000179661 0)
(0.943324 -0.000272981 0)
(0.942264 -0.000371732 0)
(0.940843 -0.000478255 0)
(0.939032 -0.000595417 0)
(0.93679 -0.00072683 0)
(0.934063 -0.000877183 0)
(0.93078 -0.00105272 0)
(0.926851 -0.00126198 0)
(0.92215 -0.00151704 0)
(0.916514 -0.00183555 0)
(0.909717 -0.00224444 0)
(0.901443 -0.00278699 0)
(0.891238 -0.00353702 0)
(0.878418 -0.00462853 0)
(0.86191 -0.0063197 0)
(0.839926 -0.00913053 0)
(0.809431 -0.0141199 0)
(0.765173 -0.0233781 0)
(0.696246 -0.0408653 0)
(0.577989 -0.0737911 0)
(0.39796 -0.128728 0)
(0.293811 -0.153732 0)
)
;

boundaryField
{
    movingWallTop
    {
        type            fixedValue;
        value           uniform (1 0 0);
    }
    movingWallBottom
    {
        type            fixedValue;
        value           uniform (-1 0 0);
    }
    fixedWalls
    {
        type            noSlip;
    }
    frontAndBack
    {
        type            empty;
    }
}


// ************************************************************************* //
