/*--------------------------------*- C++ -*----------------------------------*\
  =========                 |
  \\      /  F ield         | OpenFOAM: The Open Source CFD Toolbox
   \\    /   O peration     | Website:  https://openfoam.org
    \\  /    A nd           | Version:  7
     \\/     M anipulation  |
\*---------------------------------------------------------------------------*/
FoamFile
{
    version     2.0;
    format      ascii;
    class       volVectorField;
    location    "0.0634";
    object      U;
}
// * * * * * * * * * * * * * * * * * * * * * * * * * * * * * * * * * * * * * //

dimensions      [0 1 -1 0 0 0 0];

internalField   nonuniform List<vector> 
2500
(
(3.01937e-05 -3.02951e-05 0)
(9.18873e-05 -3.71697e-05 0)
(0.000127139 -1.9111e-05 0)
(9.58284e-05 7.3734e-06 0)
(-1.43364e-05 3.45563e-05 0)
(-0.000201758 5.9585e-05 0)
(-0.000459368 8.129e-05 0)
(-0.000777915 9.93236e-05 0)
(-0.00114709 0.000113699 0)
(-0.0015563 0.000124564 0)
(-0.00199505 0.00013212 0)
(-0.00245323 0.000136582 0)
(-0.00292121 0.000138177 0)
(-0.00338991 0.000137125 0)
(-0.00385087 0.000133644 0)
(-0.00429626 0.000127947 0)
(-0.00471891 0.000120242 0)
(-0.0051123 0.000110731 0)
(-0.00547055 9.96106e-05 0)
(-0.00578848 8.7077e-05 0)
(-0.00606155 7.33228e-05 0)
(-0.00628587 5.85407e-05 0)
(-0.00645827 4.29248e-05 0)
(-0.00657623 2.66726e-05 0)
(-0.00663794 9.98666e-06 0)
(-0.00664233 -6.92411e-06 0)
(-0.00658904 -2.38436e-05 0)
(-0.00647849 -4.05478e-05 0)
(-0.00631191 -5.6804e-05 0)
(-0.0060913 -7.23712e-05 0)
(-0.00581951 -8.70011e-05 0)
(-0.00550026 -0.000100439 0)
(-0.00513808 -0.000112427 0)
(-0.0047384 -0.000122703 0)
(-0.00430747 -0.000131009 0)
(-0.00385238 -0.000137091 0)
(-0.003381 -0.000140699 0)
(-0.00290195 -0.0001416 0)
(-0.0024245 -0.000139571 0)
(-0.00195851 -0.000134412 0)
(-0.00151432 -0.000125943 0)
(-0.00110255 -0.000114016 0)
(-0.000733959 -9.85249e-05 0)
(-0.000419131 -7.94395e-05 0)
(-0.000167981 -5.68918e-05 0)
(1.0978e-05 -3.14095e-05 0)
(0.000111946 -4.31998e-06 0)
(0.000134571 2.13197e-05 0)
(9.31388e-05 3.81509e-05 0)
(2.97838e-05 2.97244e-05 0)
(3.74554e-05 -9.22178e-05 0)
(8.48827e-05 -8.40715e-05 0)
(3.63615e-05 1.71223e-05 0)
(-0.000169169 0.000155086 0)
(-0.000555965 0.000301114 0)
(-0.0011246 0.00044047 0)
(-0.00186328 0.000565446 0)
(-0.00275286 0.000672321 0)
(-0.0037701 0.000759542 0)
(-0.00488971 0.00082673 0)
(-0.00608572 0.000874179 0)
(-0.00733233 0.000902579 0)
(-0.00860448 0.000912864 0)
(-0.0098782 0.000906116 0)
(-0.0111309 0.000883508 0)
(-0.0123414 0.000846266 0)
(-0.0134903 0.000795645 0)
(-0.0145598 0.00073292 0)
(-0.0155339 0.000659374 0)
(-0.0163982 0.000576301 0)
(-0.0171403 0.000485002 0)
(-0.0177496 0.000386794 0)
(-0.0182174 0.000283015 0)
(-0.0185368 0.000175026 0)
(-0.018703 6.42257e-05 0)
(-0.0187131 -4.79529e-05 0)
(-0.0185663 -0.000160033 0)
(-0.0182639 -0.000270494 0)
(-0.0178093 -0.000377772 0)
(-0.0172083 -0.000480262 0)
(-0.0164688 -0.000576329 0)
(-0.0156009 -0.000664313 0)
(-0.0146173 -0.000742552 0)
(-0.0135327 -0.000809393 0)
(-0.0123641 -0.00086322 0)
(-0.0111306 -0.000902475 0)
(-0.00985331 -0.000925695 0)
(-0.00855521 -0.000931541 0)
(-0.00726081 -0.000918841 0)
(-0.00599588 -0.000886639 0)
(-0.00478706 -0.000834259 0)
(-0.00366132 -0.000761397 0)
(-0.0026452 -0.000668271 0)
(-0.00176392 -0.000555874 0)
(-0.00103984 -0.000426458 0)
(-0.000490399 -0.000284486 0)
(-0.000124833 -0.000138321 0)
(6.05198e-05 -3.30902e-06 0)
(9.32836e-05 9.22375e-05 0)
(3.84955e-05 9.3143e-05 0)
(2.04051e-05 -0.000129045 0)
(-1.28931e-05 -3.66011e-05 0)
(-0.00022785 0.000233432 0)
(-0.000676264 0.000581198 0)
(-0.00138175 0.000950608 0)
(-0.0023452 0.00130769 0)
(-0.00355142 0.00163238 0)
(-0.00497475 0.00191348 0)
(-0.00658304 0.00214518 0)
(-0.00834047 0.00232501 0)
(-0.0102095 0.00245261 0)
(-0.0121521 0.002529 0)
(-0.0141309 0.0025561 0)
(-0.01611 0.0025364 0)
(-0.0180549 0.00247282 0)
(-0.0199335 0.00236853 0)
(-0.0217158 0.00222685 0)
(-0.0233745 0.00205126 0)
(-0.0248848 0.00184527 0)
(-0.0262246 0.0016125 0)
(-0.0273746 0.00135661 0)
(-0.0283183 0.00108131 0)
(-0.0290424 0.000790395 0)
(-0.0295362 0.000487743 0)
(-0.0297923 0.000177316 0)
(-0.0298063 -0.00013682 0)
(-0.0295771 -0.000450487 0)
(-0.0291069 -0.000759396 0)
(-0.0284011 -0.00105915 0)
(-0.0274687 -0.00134528 0)
(-0.0263221 -0.00161321 0)
(-0.0249772 -0.00185836 0)
(-0.0234532 -0.00207616 0)
(-0.0217731 -0.0022621 0)
(-0.0199629 -0.0024118 0)
(-0.0180519 -0.00252109 0)
(-0.0160723 -0.00258613 0)
(-0.0140589 -0.00260347 0)
(-0.0120486 -0.00257024 0)
(-0.01008 -0.00248425 0)
(-0.00819267 -0.00234425 0)
(-0.00642618 -0.00215021 0)
(-0.00481894 -0.00190377 0)
(-0.00340669 -0.00160889 0)
(-0.00222042 -0.00127305 0)
(-0.00128354 -0.00090912 0)
(-0.000607961 -0.000538617 0)
(-0.000188856 -0.000196596 0)
(2.01009e-06 6.0825e-05 0)
(2.2805e-05 0.00013614 0)
(-4.54212e-06 -0.000101839 0)
(-0.000147178 0.000164996 0)
(-0.000571759 0.000680636 0)
(-0.00130342 0.00131058 0)
(-0.00235596 0.00197278 0)
(-0.00372653 0.00261365 0)
(-0.00539527 0.00319911 0)
(-0.00733058 0.00370855 0)
(-0.00949318 0.00413023 0)
(-0.011839 0.00445836 0)
(-0.0143214 0.00469112 0)
(-0.0168929 0.00482946 0)
(-0.0195061 0.00487618 0)
(-0.0221153 0.0048354 0)
(-0.0246764 0.00471215 0)
(-0.0271479 0.00451206 0)
(-0.0294912 0.00424124 0)
(-0.0316709 0.00390607 0)
(-0.0336546 0.00351318 0)
(-0.0354136 0.00306935 0)
(-0.036923 0.00258155 0)
(-0.0381611 0.00205685 0)
(-0.0391106 0.00150252 0)
(-0.0397575 0.000925959 0)
(-0.0400924 0.000334752 0)
(-0.0401096 -0.000263319 0)
(-0.0398077 -0.00086028 0)
(-0.0391897 -0.00144796 0)
(-0.0382628 -0.002018 0)
(-0.0370387 -0.00256191 0)
(-0.0355338 -0.00307109 0)
(-0.0337686 -0.0035369 0)
(-0.0317685 -0.00395077 0)
(-0.029563 -0.00430428 0)
(-0.0271858 -0.00458934 0)
(-0.0246747 -0.0047983 0)
(-0.0220712 -0.00492416 0)
(-0.0194198 -0.00496081 0)
(-0.0167677 -0.00490325 0)
(-0.0141639 -0.00474796 0)
(-0.0116582 -0.0044933 0)
(-0.0093003 -0.00414007 0)
(-0.00713787 -0.00369229 0)
(-0.00521499 -0.00315838 0)
(-0.0035697 -0.00255293 0)
(-0.00223106 -0.00189939 0)
(-0.00121518 -0.00123433 0)
(-0.000520308 -0.000613125 0)
(-0.000126774 -0.000118194 0)
(-9.59075e-07 0.0001184 0)
(-3.05716e-05 2.30973e-06 0)
(-0.000292619 0.000547801 0)
(-0.00094714 0.00138817 0)
(-0.00198342 0.00236555 0)
(-0.00339954 0.00337717 0)
(-0.00518524 0.00435209 0)
(-0.007314 0.00524281 0)
(-0.00974761 0.0060189 0)
(-0.0124401 0.00666202 0)
(-0.0153403 0.00716231 0)
(-0.0183939 0.00751594 0)
(-0.0215455 0.0077234 0)
(-0.0247397 0.00778825 0)
(-0.0279225 0.00771626 0)
(-0.0310419 0.00751479 0)
(-0.0340487 0.00719233 0)
(-0.036897 0.0067582 0)
(-0.0395444 0.0062223 0)
(-0.0419524 0.00559498 0)
(-0.0440867 0.00488695 0)
(-0.0459173 0.00410919 0)
(-0.0474184 0.00327297 0)
(-0.0485691 0.0023898 0)
(-0.049353 0.00147148 0)
(-0.0497585 0.000530105 0)
(-0.0497789 -0.000421957 0)
(-0.0494128 -0.00137202 0)
(-0.0486636 -0.00230711 0)
(-0.0475402 -0.003214 0)
(-0.0460566 -0.00407925 0)
(-0.0442324 -0.0048893 0)
(-0.0420923 -0.00563057 0)
(-0.0396663 -0.00628963 0)
(-0.0369899 -0.00685335 0)
(-0.0341032 -0.00730914 0)
(-0.0310512 -0.00764522 0)
(-0.0278828 -0.0078509 0)
(-0.0246508 -0.00791696 0)
(-0.0214108 -0.00783608 0)
(-0.0182205 -0.00760337 0)
(-0.0151383 -0.00721697 0)
(-0.0122221 -0.00667898 0)
(-0.00952768 -0.0059965 0)
(-0.00710631 -0.00518327 0)
(-0.00500284 -0.00426184 0)
(-0.00325277 -0.00326681 0)
(-0.00187855 -0.00224946 0)
(-0.000885255 -0.00128352 0)
(-0.00026768 -0.000472928 0)
(-2.60524e-05 2.62426e-05 0)
(-5.53182e-05 0.000183985 0)
(-0.000437551 0.00111959 0)
(-0.00132816 0.0023688 0)
(-0.00267752 0.00375986 0)
(-0.00446467 0.00517477 0)
(-0.00666914 0.00652853 0)
(-0.00925574 0.0077618 0)
(-0.0121786 0.00883502 0)
(-0.0153847 0.00972328 0)
(-0.0188161 0.0104125 0)
(-0.0224115 0.0108966 0)
(-0.0261086 0.0111755 0)
(-0.029845 0.0112533 0)
(-0.03356 0.0111377 0)
(-0.0371947 0.0108385 0)
(-0.0406935 0.0103672 0)
(-0.0440042 0.00973696 0)
(-0.0470788 0.00896152 0)
(-0.0498735 0.00805556 0)
(-0.0523492 0.00703425 0)
(-0.0544718 0.00591328 0)
(-0.0562119 0.00470873 0)
(-0.0575456 0.00343712 0)
(-0.0584543 0.00211536 0)
(-0.0589247 0.000760765 0)
(-0.0589494 -0.000608916 0)
(-0.0585265 -0.00197552 0)
(-0.0576601 -0.0033205 0)
(-0.0563602 -0.00462494 0)
(-0.0546429 -0.0058697 0)
(-0.0525303 -0.00703545 0)
(-0.0500506 -0.00810294 0)
(-0.047238 -0.00905311 0)
(-0.0441326 -0.00986744 0)
(-0.0407799 -0.0105282 0)
(-0.0372307 -0.0110189 0)
(-0.0335408 -0.0113247 0)
(-0.0297696 -0.011433 0)
(-0.0259799 -0.0113338 0)
(-0.0222368 -0.0110208 0)
(-0.0186062 -0.010492 0)
(-0.0151534 -0.00975106 0)
(-0.0119413 -0.00880845 0)
(-0.0090286 -0.0076835 0)
(-0.00646722 -0.00640682 0)
(-0.00430034 -0.00502375 0)
(-0.00255884 -0.00359891 0)
(-0.00125739 -0.0022215 0)
(-0.00040869 -0.00101186 0)
(-4.99874e-05 -0.000141162 0)
(-7.81166e-05 0.000440116 0)
(-0.00057715 0.00187947 0)
(-0.00170227 0.0036248 0)
(-0.00336526 0.00549732 0)
(-0.00552474 0.00736874 0)
(-0.0081482 0.00914337 0)
(-0.0111902 0.0107522 0)
(-0.0145959 0.0121478 0)
(-0.0183048 0.0132994 0)
(-0.0222517 0.014189 0)
(-0.0263689 0.0148083 0)
(-0.0305874 0.0151568 0)
(-0.0348389 0.0152395 0)
(-0.0390562 0.0150657 0)
(-0.043175 0.014648 0)
(-0.0471339 0.0140016 0)
(-0.0508756 0.0131433 0)
(-0.0543472 0.0120914 0)
(-0.0575004 0.0108652 0)
(-0.0602923 0.00948505 0)
(-0.0626849 0.00797171 0)
(-0.0646462 0.00634671 0)
(-0.0661496 0.00463212 0)
(-0.0671746 0.00285057 0)
(-0.0677065 0.00102525 0)
(-0.067737 -0.000820103 0)
(-0.0672641 -0.0026612 0)
(-0.0662922 -0.00447325 0)
(-0.0648322 -0.00623101 0)
(-0.0629017 -0.00790895 0)
(-0.0605252 -0.00948136 0)
(-0.0577334 -0.0109226 0)
(-0.0545641 -0.0122074 0)
(-0.0510611 -0.0133113 0)
(-0.0472746 -0.0142107 0)
(-0.0432606 -0.0148841 0)
(-0.03908 -0.0153119 0)
(-0.0347985 -0.0154777 0)
(-0.0304851 -0.0153687 0)
(-0.0262115 -0.014977 0)
(-0.0220504 -0.0143003 0)
(-0.0180741 -0.0133438 0)
(-0.0143528 -0.0121212 0)
(-0.0109526 -0.0106573 0)
(-0.00793341 -0.00899024 0)
(-0.00534742 -0.00717507 0)
(-0.00323556 -0.00528791 0)
(-0.00162403 -0.00343042 0)
(-0.000544866 -0.00173489 0)
(-7.20568e-05 -0.000381078 0)
(-9.90292e-05 0.000766768 0)
(-0.00071014 0.0028227 0)
(-0.0020647 0.00515298 0)
(-0.00403776 0.00757625 0)
(-0.00656736 0.00995784 0)
(-0.00960791 0.0121945 0)
(-0.0131025 0.0142098 0)
(-0.0169866 0.01595 0)
(-0.021191 0.0173794 0)
(-0.0256432 0.018477 0)
(-0.0302688 0.0192328 0)
(-0.0349926 0.0196459 0)
(-0.0397403 0.0197226 0)
(-0.0444393 0.0194742 0)
(-0.04902 0.0189165 0)
(-0.0534163 0.0180682 0)
(-0.0575662 0.0169506 0)
(-0.0614128 0.0155866 0)
(-0.064904 0.0140009 0)
(-0.0679935 0.012219 0)
(-0.0706405 0.0102674 0)
(-0.0728101 0.0081736 0)
(-0.0744739 0.00596562 0)
(-0.0756096 0.00367233 0)
(-0.0762014 0.00132328 0)
(-0.0762401 -0.00105126 0)
(-0.0757234 -0.00342037 0)
(-0.074656 -0.00575246 0)
(-0.0730494 -0.00801545 0)
(-0.0709224 -0.0101768 0)
(-0.0683011 -0.012204 0)
(-0.0652186 -0.0140643 0)
(-0.0617152 -0.0157257 0)
(-0.0578382 -0.0171572 0)
(-0.0536415 -0.0183291 0)
(-0.0491853 -0.019214 0)
(-0.0445356 -0.0197873 0)
(-0.0397631 -0.0200284 0)
(-0.0349428 -0.0199213 0)
(-0.0301523 -0.019456 0)
(-0.0254711 -0.0186299 0)
(-0.0209783 -0.017449 0)
(-0.0167518 -0.0159303 0)
(-0.0128655 -0.0141031 0)
(-0.00938829 -0.0120124 0)
(-0.00638246 -0.00972166 0)
(-0.00390027 -0.0073165 0)
(-0.00198056 -0.00490834 0)
(-0.000674908 -0.002638 0)
(-9.22831e-05 -0.000689751 0)
(-0.000118384 0.00116012 0)
(-0.000836926 0.00394333 0)
(-0.0024149 0.00694791 0)
(-0.00469292 0.00999257 0)
(-0.00758891 0.012939 0)
(-0.0110438 0.0156791 0)
(-0.0149883 0.018131 0)
(-0.0193475 0.0202366 0)
(-0.0240429 0.0219564 0)
(-0.0289942 0.0232672 0)
(-0.0341198 0.0241581 0)
(-0.0393384 0.0246287 0)
(-0.0445699 0.0246865 0)
(-0.0497366 0.0243457 0)
(-0.054764 0.0236253 0)
(-0.0595817 0.0225481 0)
(-0.064124 0.0211401 0)
(-0.06833 0.0194295 0)
(-0.0721447 0.0174462 0)
(-0.0755187 0.0152217 0)
(-0.0784088 0.0127885 0)
(-0.0807782 0.0101804 0)
(-0.0825964 0.00743176 0)
(-0.0838397 0.00457813 0)
(-0.0844912 0.00165581 0)
(-0.0845411 -0.00129801 0)
(-0.0839867 -0.00424532 0)
(-0.0828325 -0.00714735 0)
(-0.0810907 -0.00996466 0)
(-0.0787808 -0.0126574 0)
(-0.07593 -0.0151854 0)
(-0.0725733 -0.0175087 0)
(-0.0687531 -0.0195881 0)
(-0.0645195 -0.0213853 0)
(-0.0599295 -0.0228639 0)
(-0.0550471 -0.0239904 0)
(-0.0499424 -0.0247345 0)
(-0.0446912 -0.0250709 0)
(-0.0393738 -0.0249799 0)
(-0.0340738 -0.0244491 0)
(-0.0288771 -0.0234747 0)
(-0.0238703 -0.0220635 0)
(-0.019139 -0.0202344 0)
(-0.0147658 -0.0180209 0)
(-0.0108295 -0.0154737 0)
(-0.0074033 -0.0126632 0)
(-0.00455174 -0.00968272 0)
(-0.00232683 -0.00665137 0)
(-0.000799341 -0.0037161 0)
(-0.000111002 -0.00106361 0)
(-0.000136562 0.00161694 0)
(-0.000958628 0.00523571 0)
(-0.00275449 0.00900393 0)
(-0.00533245 0.0127416 0)
(-0.00859105 0.0163089 0)
(-0.0124575 0.0195945 0)
(-0.0168501 0.0225135 0)
(-0.0216823 0.0250046 0)
(-0.0268662 0.0270264 0)
(-0.032313 0.0285542 0)
(-0.0379339 0.0295773 0)
(-0.043641 0.0300963 0)
(-0.0493486 0.030121 0)
(-0.0549738 0.0296686 0)
(-0.0604379 0.0287619 0)
(-0.0656664 0.0274284 0)
(-0.0705899 0.0256991 0)
(-0.0751446 0.0236076 0)
(-0.0792727 0.0211898 0)
(-0.0829223 0.0184833 0)
(-0.0860482 0.0155271 0)
(-0.0886117 0.0123613 0)
(-0.0905808 0.00902724 0)
(-0.0919305 0.00556728 0)
(-0.092643 0.00202481 0)
(-0.0927078 -0.00155573 0)
(-0.0921215 -0.00512893 0)
(-0.0908887 -0.00864848 0)
(-0.0890216 -0.0120673 0)
(-0.0865402 -0.0153376 0)
(-0.0834726 -0.0184115 0)
(-0.0798549 -0.0212413 0)
(-0.0757313 -0.0237797 0)
(-0.071154 -0.0259811 0)
(-0.0661828 -0.0278018 0)
(-0.0608849 -0.0292013 0)
(-0.0553344 -0.0301435 0)
(-0.0496115 -0.0305974 0)
(-0.0438017 -0.0305391 0)
(-0.0379947 -0.029953 0)
(-0.0322832 -0.0288336 0)
(-0.0267611 -0.0271875 0)
(-0.0215225 -0.025035 0)
(-0.0166596 -0.0224126 0)
(-0.0122616 -0.0193755 0)
(-0.00841353 -0.0159996 0)
(-0.00519289 -0.0123847 0)
(-0.00266511 -0.00865579 0)
(-0.000919511 -0.00496468 0)
(-0.000128627 -0.00149976 0)
(-0.000153924 0.00213478 0)
(-0.00107662 0.00669524 0)
(-0.00308609 0.0113162 0)
(-0.00596003 0.0158193 0)
(-0.00957832 0.0200644 0)
(-0.0138546 0.0239388 0)
(-0.0186941 0.0273558 0)
(-0.0239987 0.0302528 0)
(-0.0296703 0.0325874 0)
(-0.0356113 0.0343352 0)
(-0.0417251 0.0354863 0)
(-0.0479173 0.0360436 0)
(-0.0540964 0.0360196 0)
(-0.0601746 0.0354353 0)
(-0.0660688 0.0343181 0)
(-0.0717009 0.0327003 0)
(-0.0769983 0.0306186 0)
(-0.0818944 0.0281125 0)
(-0.086329 0.0252241 0)
(-0.0902482 0.0219974 0)
(-0.0936051 0.0184781 0)
(-0.0963594 0.0147131 0)
(-0.0984778 0.0107507 0)
(-0.0999343 0.00664052 0)
(-0.10071 0.00243316 0)
(-0.100794 -0.00181946 0)
(-0.100182 -0.00606431 0)
(-0.0988782 -0.0102473 0)
(-0.0968949 -0.0143132 0)
(-0.0942522 -0.0182065 0)
(-0.0909786 -0.0218708 0)
(-0.087111 -0.0252501 0)
(-0.0826949 -0.0282891 0)
(-0.077784 -0.030934 0)
(-0.0724405 -0.0331333 0)
(-0.0667344 -0.0348391 0)
(-0.0607435 -0.0360082 0)
(-0.0545523 -0.0366039 0)
(-0.0482514 -0.036597 0)
(-0.0419366 -0.035968 0)
(-0.0357074 -0.0347087 0)
(-0.0296659 -0.0328244 0)
(-0.0239151 -0.030336 0)
(-0.0185573 -0.0272819 0)
(-0.0136931 -0.0237205 0)
(-0.00942003 -0.0197321 0)
(-0.00582892 -0.0154217 0)
(-0.00299882 -0.0109193 0)
(-0.00103709 -0.00638066 0)
(-0.000145569 -0.00199622 0)
(-0.000170789 0.00271201 0)
(-0.0011923 0.00831875 0)
(-0.00341271 0.0138813 0)
(-0.00658029 0.0192229 0)
(-0.0105568 0.0242038 0)
(-0.0152422 0.028711 0)
(-0.0205289 0.0326577 0)
(-0.0263064 0.0359809 0)
(-0.0324663 0.0386392 0)
(-0.0389016 0.0406092 0)
(-0.0455079 0.0418835 0)
(-0.0521837 0.0424678 0)
(-0.0588319 0.0423786 0)
(-0.0653596 0.0416413 0)
(-0.0716797 0.0402884 0)
(-0.0777105 0.038358 0)
(-0.0833766 0.0358927 0)
(-0.0886089 0.0329385 0)
(-0.0933452 0.0295439 0)
(-0.09753 0.0257596 0)
(-0.101115 0.0216384 0)
(-0.104058 0.0172341 0)
(-0.106325 0.0126023 0)
(-0.10789 0.0077997 0)
(-0.108732 0.00288449 0)
(-0.10884 -0.00208386 0)
(-0.108209 -0.00704452 0)
(-0.106842 -0.0119354 0)
(-0.104751 -0.0166933 0)
(-0.101957 -0.021254 0)
(-0.0984874 -0.0255528 0)
(-0.0943799 -0.0295251 0)
(-0.0896806 -0.0331069 0)
(-0.0844447 -0.0362357 0)
(-0.078736 -0.0388515 0)
(-0.0726272 -0.0408985 0)
(-0.0661992 -0.0423259 0)
(-0.0595408 -0.0430898 0)
(-0.0527476 -0.0431551 0)
(-0.0459217 -0.0424973 0)
(-0.0391698 -0.0411046 0)
(-0.0326024 -0.0389801 0)
(-0.0263322 -0.0361437 0)
(-0.0204722 -0.0326347 0)
(-0.0151351 -0.0285136 0)
(-0.0104315 -0.0238642 0)
(-0.00646618 -0.0187954 0)
(-0.00333192 -0.0134417 0)
(-0.00115383 -0.0079628 0)
(-0.000162204 -0.002552 0)
(-0.000187434 0.00334774 0)
(-0.00130701 0.0101045 0)
(-0.00373737 0.0166976 0)
(-0.00719806 0.0229514 0)
(-0.011533 0.0287268 0)
(-0.0166286 0.0339118 0)
(-0.0223639 0.0384201 0)
(-0.0286162 0.0421903 0)
(-0.0352661 0.0451827 0)
(-0.0421969 0.0473769 0)
(-0.0492961 0.0487686 0)
(-0.0564552 0.0493677 0)
(-0.063571 0.0491957 0)
(-0.0705459 0.0482834 0)
(-0.0772887 0.0466691 0)
(-0.0837144 0.0443973 0)
(-0.089745 0.0415171 0)
(-0.0953094 0.0380813 0)
(-0.100344 0.0341453 0)
(-0.104791 0.0297671 0)
(-0.108601 0.0250062 0)
(-0.111732 0.0199239 0)
(-0.114149 0.014583 0)
(-0.115824 0.00904745 0)
(-0.116736 0.00338306 0)
(-0.116873 -0.0023431 0)
(-0.116229 -0.00806235 0)
(-0.114808 -0.0137045 0)
(-0.112619 -0.0191981 0)
(-0.109683 -0.0244703 0)
(-0.106027 -0.0294478 0)
(-0.10169 -0.0340569 0)
(-0.096717 -0.0382244 0)
(-0.0911641 -0.0418788 0)
(-0.0850969 -0.044951 0)
(-0.0785899 -0.0473761 0)
(-0.0717273 -0.0490949 0)
(-0.0646017 -0.0500558 0)
(-0.0573139 -0.0502163 0)
(-0.0499722 -0.0495461 0)
(-0.0426909 -0.0480282 0)
(-0.0355894 -0.0456623 0)
(-0.0287905 -0.0424664 0)
(-0.0224188 -0.0384791 0)
(-0.0165996 -0.0337621 0)
(-0.0114574 -0.0284016 0)
(-0.00711145 -0.0225097 0)
(-0.0036685 -0.0162251 0)
(-0.00127147 -0.00971186 0)
(-0.000178875 -0.00316704 0)
(-0.000204094 0.00404178 0)
(-0.00142195 0.0120524 0)
(-0.00406298 0.0197652 0)
(-0.0078181 0.0270054 0)
(-0.0125134 0.0336349 0)
(-0.0180218 0.039543 0)
(-0.0242085 0.0446453 0)
(-0.0309385 0.0488832 0)
(-0.0380808 0.05222 0)
(-0.045509 0.0546394 0)
(-0.053102 0.0561419 0)
(-0.0607442 0.0567428 0)
(-0.0683265 0.0564695 0)
(-0.0757464 0.0553592 0)
(-0.0829087 0.053457 0)
(-0.0897255 0.0508145 0)
(-0.0961164 0.0474879 0)
(-0.102009 0.0435372 0)
(-0.107337 0.0390253 0)
(-0.112043 0.0340173 0)
(-0.116077 0.0285802 0)
(-0.119395 0.0227825 0)
(-0.121962 0.0166942 0)
(-0.12375 0.0103869 0)
(-0.124736 0.00393361 0)
(-0.124908 -0.00259086 0)
(-0.124259 -0.00911004 0)
(-0.122791 -0.0155457 0)
(-0.120514 -0.0218179 0)
(-0.117447 -0.0278454 0)
(-0.113617 -0.0335456 0)
(-0.10906 -0.0388357 0)
(-0.103823 -0.0436329 0)
(-0.0979624 -0.0478559 0)
(-0.0915438 -0.0514259 0)
(-0.0846438 -0.0542683 0)
(-0.0773493 -0.0563144 0)
(-0.0697565 -0.0575034 0)
(-0.0619715 -0.0577848 0)
(-0.0541087 -0.0571205 0)
(-0.0462904 -0.0554877 0)
(-0.0386452 -0.0528808 0)
(-0.0313067 -0.0493145 0)
(-0.0244117 -0.0448257 0)
(-0.0180989 -0.039476 0)
(-0.0125075 -0.0333529 0)
(-0.00777157 -0.0265716 0)
(-0.00401261 -0.0192746 0)
(-0.00139166 -0.0116306 0)
(-0.000195888 -0.0038422 0)
(-0.000220973 0.00479454 0)
(-0.00153823 0.0141635 0)
(-0.00439218 0.0230861 0)
(-0.00844485 0.0313876 0)
(-0.0135043 0.0389312 0)
(-0.0194294 0.045608 0)
(-0.0260717 0.0513369 0)
(-0.0332829 0.0560626 0)
(-0.0409206 0.0597534 0)
(-0.0488483 0.0623983 0)
(-0.0569359 0.0640039 0)
(-0.0650606 0.0645924 0)
(-0.0731074 0.064198 0)
(-0.0809691 0.0628657 0)
(-0.0885468 0.0606484 0)
(-0.0957498 0.0576052 0)
(-0.102496 0.0538004 0)
(-0.108711 0.0493018 0)
(-0.114328 0.0441798 0)
(-0.119289 0.0385073 0)
(-0.123543 0.0323586 0)
(-0.127047 0.0258095 0)
(-0.129765 0.0189375 0)
(-0.131667 0.0118212 0)
(-0.132731 0.00454122 0)
(-0.132944 -0.0028203 0)
(-0.132298 -0.0101791 0)
(-0.130794 -0.0174491 0)
(-0.12844 -0.024542 0)
(-0.125254 -0.0313677 0)
(-0.121261 -0.0378347 0)
(-0.116498 -0.0438504 0)
(-0.111009 -0.0493221 0)
(-0.104851 -0.0541583 0)
(-0.09809 -0.0582696 0)
(-0.0908038 -0.0615708 0)
(-0.0830814 -0.0639825 0)
(-0.0750227 -0.0654338 0)
(-0.0667385 -0.0658644 0)
(-0.0583497 -0.0652274 0)
(-0.0499866 -0.063492 0)
(-0.0417874 -0.0606463 0)
(-0.0338971 -0.0567001 0)
(-0.0264654 -0.0516872 0)
(-0.0196451 -0.0456676 0)
(-0.0135911 -0.0387296 0)
(-0.00845318 -0.0309907 0)
(-0.00436813 -0.0225974 0)
(-0.00151595 -0.0137238 0)
(-0.000213524 -0.00457919 0)
(-0.000238243 0.00560699 0)
(-0.0016568 0.0164402 0)
(-0.00472739 0.0266636 0)
(-0.00908237 0.0361023 0)
(-0.0145112 0.0446203 0)
(-0.0208585 0.0521116 0)
(-0.0279614 0.058499 0)
(-0.0356581 0.0637321 0)
(-0.0437942 0.0677855 0)
(-0.0522228 0.0706548 0)
(-0.060805 0.0723544 0)
(-0.0694105 0.0729145 0)
(-0.0779184 0.0723781 0)
(-0.086217 0.0707987 0)
(-0.0942039 0.0682378 0)
(-0.101786 0.0647636 0)
(-0.10888 0.0604487 0)
(-0.11541 0.0553692 0)
(-0.121309 0.0496038 0)
(-0.126519 0.043233 0)
(-0.13099 0.0363387 0)
(-0.134676 0.0290041 0)
(-0.137543 0.0213137 0)
(-0.139562 0.0133535 0)
(-0.140709 0.00521112 0)
(-0.140969 -0.00302407 0)
(-0.140334 -0.0112604 0)
(-0.138804 -0.0194038 0)
(-0.136386 -0.027358 0)
(-0.133095 -0.0350242 0)
(-0.128955 -0.0423015 0)
(-0.124 -0.0490877 0)
(-0.118274 -0.0552797 0)
(-0.111832 -0.0607751 0)
(-0.10474 -0.0654731 0)
(-0.0970776 -0.069277 0)
(-0.088934 -0.0720957 0)
(-0.0804128 -0.0738465 0)
(-0.0716292 -0.0744581 0)
(-0.0627106 -0.0738728 0)
(-0.0537954 -0.0720503 0)
(-0.0450318 -0.0689706 0)
(-0.0365767 -0.0646368 0)
(-0.0285933 -0.059078 0)
(-0.0212499 -0.0523517 0)
(-0.0147173 -0.0445457 0)
(-0.00916264 -0.0357795 0)
(-0.00473876 -0.0262036 0)
(-0.00164579 -0.015998 0)
(-0.000232038 -0.0053805 0)
(-0.000256057 0.00648056 0)
(-0.00177853 0.018886 0)
(-0.00507077 0.0305029 0)
(-0.00973432 0.0411551 0)
(-0.0155393 0.0507082 0)
(-0.0223153 0.0590595 0)
(-0.0298844 0.0661366 0)
(-0.0380711 0.0718955 0)
(-0.0467084 0.0763183 0)
(-0.0556385 0.0794091 0)
(-0.0647136 0.0811918 0)
(-0.0737962 0.0817059 0)
(-0.0827593 0.0810046 0)
(-0.091487 0.0791513 0)
(-0.0998741 0.0762176 0)
(-0.107825 0.0722812 0)
(-0.115256 0.067424 0)
(-0.12209 0.0617311 0)
(-0.128262 0.0552896 0)
(-0.133713 0.048188 0)
(-0.138392 0.0405158 0)
(-0.142257 0.0323636 0)
(-0.145271 0.0238229 0)
(-0.147406 0.0149864 0)
(-0.148639 0.00594848 0)
(-0.148953 -0.0031944 0)
(-0.14834 -0.0123435 0)
(-0.146796 -0.0213974 0)
(-0.144328 -0.0302517 0)
(-0.140948 -0.0387991 0)
(-0.136678 -0.0469297 0)
(-0.13155 -0.0545312 0)
(-0.125605 -0.0614898 0)
(-0.118897 -0.0676917 0)
(-0.111491 -0.0730241 0)
(-0.103465 -0.0773773 0)
(-0.0949105 -0.0806475 0)
(-0.0859333 -0.0827388 0)
(-0.076653 -0.0835668 0)
(-0.067203 -0.0830615 0)
(-0.0577298 -0.0811711 0)
(-0.0483921 -0.0778654 0)
(-0.039359 -0.0731388 0)
(-0.0308082 -0.0670143 0)
(-0.0229239 -0.0595452 0)
(-0.0158948 -0.0508179 0)
(-0.00990599 -0.0409531 0)
(-0.00512798 -0.0301054 0)
(-0.00178257 -0.0184616 0)
(-0.000251667 -0.00624936 0)
(-0.00027455 0.00741711 0)
(-0.00190421 0.0215055 0)
(-0.00542428 0.03461 0)
(-0.010404 0.0465532 0)
(-0.0165931 0.0572023 0)
(-0.0238052 0.0664583 0)
(-0.0318468 0.0742549 0)
(-0.0405276 0.0805561 0)
(-0.0496677 0.085353 0)
(-0.0590985 0.0886602 0)
(-0.0686627 0.0905122 0)
(-0.0782156 0.0909603 0)
(-0.0876247 0.0900691 0)
(-0.0967702 0.0879135 0)
(-0.105544 0.0845762 0)
(-0.11385 0.0801456 0)
(-0.121603 0.0747138 0)
(-0.128727 0.0683754 0)
(-0.135157 0.0612262 0)
(-0.140836 0.053363 0)
(-0.145714 0.0448829 0)
(-0.149749 0.0358836 0)
(-0.152907 0.0264633 0)
(-0.155158 0.0167212 0)
(-0.156479 0.00675814 0)
(-0.156853 -0.00332311 0)
(-0.156271 -0.0134172 0)
(-0.154728 -0.0234155 0)
(-0.152226 -0.0332063 0)
(-0.148777 -0.042674 0)
(-0.144399 -0.0516995 0)
(-0.13912 -0.0601605 0)
(-0.132979 -0.0679325 0)
(-0.126027 -0.0748894 0)
(-0.118327 -0.0809055 0)
(-0.109956 -0.0858577 0)
(-0.101006 -0.0896275 0)
(-0.0915844 -0.0921042 0)
(-0.0818141 -0.0931886 0)
(-0.0718343 -0.0927963 0)
(-0.0617998 -0.0908616 0)
(-0.0518795 -0.0873419 0)
(-0.0422557 -0.082221 0)
(-0.033121 -0.0755134 0)
(-0.0246771 -0.0672668 0)
(-0.0171315 -0.0575648 0)
(-0.0106889 -0.0465288 0)
(-0.00553914 -0.0343174 0)
(-0.00192759 -0.0211248 0)
(-0.000272638 -0.00718971 0)
(-0.000293846 0.0084189 0)
(-0.00203456 0.0243042 0)
(-0.00578976 0.0389927 0)
(-0.0110945 0.0523051 0)
(-0.0176767 0.0641105 0)
(-0.025333 0.0743149 0)
(-0.0338532 0.0828591 0)
(-0.0430316 0.0897165 0)
(-0.052675 0.0948893 0)
(-0.0626031 0.0984043 0)
(-0.0726496 0.100309 0)
(-0.0826624 0.100668 0)
(-0.0925039 0.0995592 0)
(-0.102051 0.0970707 0)
(-0.111193 0.0932975 0)
(-0.119834 0.08834 0)
(-0.127889 0.0823011 0)
(-0.135283 0.0752856 0)
(-0.141952 0.0673984 0)
(-0.147842 0.0587448 0)
(-0.152905 0.0494293 0)
(-0.157099 0.0395566 0)
(-0.160393 0.0292312 0)
(-0.162756 0.0185582 0)
(-0.164167 0.00764438 0)
(-0.164608 -0.00340181 0)
(-0.164068 -0.014469 0)
(-0.16254 -0.0254422 0)
(-0.160024 -0.0362026 0)
(-0.156528 -0.0466268 0)
(-0.152067 -0.0565868 0)
(-0.146665 -0.0659506 0)
(-0.140357 -0.0745823 0)
(-0.133189 -0.0823436 0)
(-0.125223 -0.089095 0)
(-0.116532 -0.0946984 0)
(-0.107208 -0.0990195 0)
(-0.0973587 -0.101931 0)
(-0.0871102 -0.103317 0)
(-0.0766068 -0.103076 0)
(-0.066011 -0.101126 0)
(-0.0555023 -0.0974099 0)
(-0.0452763 -0.0918977 0)
(-0.0355418 -0.0845932 0)
(-0.0265186 -0.0755366 0)
(-0.0184349 -0.0648074 0)
(-0.0115168 -0.0525265 0)
(-0.00597542 -0.0388564 0)
(-0.00208213 -0.0239991 0)
(-0.000295171 -0.00820614 0)
(-0.000314067 0.00948854 0)
(-0.00217028 0.0272884 0)
(-0.00616897 0.0436593 0)
(-0.0118087 0.05842 0)
(-0.0187938 0.0714419 0)
(-0.0269029 0.0826366 0)
(-0.0359076 0.0919537 0)
(-0.045586 0.099378 0)
(-0.0557308 0.104925 0)
(-0.0661499 0.108635 0)
(-0.0766677 0.110572 0)
(-0.0871251 0.110815 0)
(-0.0973798 0.109457 0)
(-0.107306 0.106603 0)
(-0.116792 0.10236 0)
(-0.125741 0.0968412 0)
(-0.13407 0.0901627 0)
(-0.141708 0.0824392 0)
(-0.148592 0.0737856 0)
(-0.15467 0.0643152 0)
(-0.159897 0.0541402 0)
(-0.164236 0.0433716 0)
(-0.167654 0.0321199 0)
(-0.170125 0.0204957 0)
(-0.171625 0.0086105 0)
(-0.172139 -0.00342209 0)
(-0.171651 -0.0154855 0)
(-0.170155 -0.0274592 0)
(-0.167647 -0.039218 0)
(-0.164131 -0.0506312 0)
(-0.159617 -0.0615628 0)
(-0.154125 -0.0718706 0)
(-0.147685 -0.0814078 0)
(-0.140337 -0.0900231 0)
(-0.132139 -0.0975628 0)
(-0.123161 -0.103873 0)
(-0.113492 -0.108801 0)
(-0.10324 -0.112202 0)
(-0.092532 -0.113941 0)
(-0.0815171 -0.113896 0)
(-0.0703649 -0.111967 0)
(-0.0592656 -0.108077 0)
(-0.0484283 -0.102182 0)
(-0.0380787 -0.0942716 0)
(-0.0284565 -0.0843758 0)
(-0.0198119 -0.0725681 0)
(-0.0123949 -0.0589679 0)
(-0.00643994 -0.0437411 0)
(-0.00224742 -0.0270979 0)
(-0.000319485 -0.00930389 0)
(-0.00033534 0.010629 0)
(-0.00231211 0.0304654 0)
(-0.00656368 0.0486198 0)
(-0.0125494 0.0649086 0)
(-0.0199483 0.079206 0)
(-0.0285186 0.0914305 0)
(-0.0380131 0.101542 0)
(-0.0481922 0.10954 0)
(-0.0588337 0.115453 0)
(-0.0697336 0.119341 0)
(-0.0807068 0.121284 0)
(-0.0915876 0.12138 0)
(-0.10223 0.11974 0)
(-0.112504 0.116482 0)
(-0.122301 0.111733 0)
(-0.131525 0.105619 0)
(-0.140094 0.0982681 0)
(-0.147941 0.0898071 0)
(-0.155007 0.0803605 0)
(-0.161244 0.0700501 0)
(-0.16661 0.0589954 0)
(-0.171072 0.0473133 0)
(-0.1746 0.0351196 0)
(-0.177168 0.0225294 0)
(-0.178756 0.00965846 0)
(-0.179346 -0.00337568 0)
(-0.178923 -0.0164522 0)
(-0.177477 -0.0294461 0)
(-0.175002 -0.0422266 0)
(-0.171496 -0.0546568 0)
(-0.166965 -0.0665927 0)
(-0.161423 -0.0778831 0)
(-0.154892 -0.0883699 0)
(-0.147409 -0.0978889 0)
(-0.139023 -0.106271 0)
(-0.1298 -0.113345 0)
(-0.119825 -0.118941 0)
(-0.109203 -0.122892 0)
(-0.0980624 -0.12504 0)
(-0.0865554 -0.125244 0)
(-0.0748581 -0.123378 0)
(-0.0631708 -0.119347 0)
(-0.0517165 -0.113085 0)
(-0.0407387 -0.104566 0)
(-0.030498 -0.0938058 0)
(-0.0212692 -0.0808706 0)
(-0.0133282 -0.0658765 0)
(-0.00693576 -0.048992 0)
(-0.00242474 -0.0304359 0)
(-0.000345806 -0.0104889 0)
(-0.000357803 0.0118437 0)
(-0.00246084 0.0338432 0)
(-0.00697586 0.0538847 0)
(-0.0133199 0.0717819 0)
(-0.0211438 0.0874125 0)
(-0.0301841 0.100703 0)
(-0.0401724 0.111628 0)
(-0.0508505 0.120199 0)
(-0.0619805 0.126466 0)
(-0.0733459 0.130508 0)
(-0.0847524 0.132426 0)
(-0.0960281 0.132337 0)
(-0.107023 0.130374 0)
(-0.117609 0.126674 0)
(-0.127675 0.12138 0)
(-0.137129 0.114634 0)
(-0.145894 0.106579 0)
(-0.153906 0.0973517 0)
(-0.161112 0.0870882 0)
(-0.16747 0.0759184 0)
(-0.172943 0.0639685 0)
(-0.177501 0.0513609 0)
(-0.181118 0.0382159 0)
(-0.183771 0.0246522 0)
(-0.185441 0.0107884 0)
(-0.186111 -0.00325486 0)
(-0.185764 -0.0173539 0)
(-0.184388 -0.0313803 0)
(-0.181973 -0.045199 0)
(-0.178513 -0.0586679 0)
(-0.174006 -0.0716359 0)
(-0.168461 -0.0839434 0)
(-0.161891 -0.0954213 0)
(-0.154325 -0.105892 0)
(-0.145805 -0.115172 0)
(-0.13639 -0.123071 0)
(-0.126157 -0.129398 0)
(-0.11521 -0.133965 0)
(-0.103675 -0.136588 0)
(-0.0917047 -0.137101 0)
(-0.0794816 -0.135352 0)
(-0.0672154 -0.131219 0)
(-0.0551431 -0.124615 0)
(-0.0435267 -0.115491 0)
(-0.0326496 -0.103848 0)
(-0.0228129 -0.0897397 0)
(-0.0143216 -0.0732776 0)
(-0.00746604 -0.0546318 0)
(-0.00261538 -0.0340294 0)
(-0.000374376 -0.0117677 0)
(-0.000381619 0.0131364 0)
(-0.00261738 0.0374311 0)
(-0.00740772 0.0594661 0)
(-0.0141235 0.0790523 0)
(-0.0223846 0.0960717 0)
(-0.0319032 0.110461 0)
(-0.042388 0.122209 0)
(-0.0535605 0.131348 0)
(-0.0651661 0.137949 0)
(-0.0769756 0.142113 0)
(-0.0887858 0.143967 0)
(-0.100419 0.143651 0)
(-0.111724 0.14132 0)
(-0.122571 0.137133 0)
(-0.132853 0.131253 0)
(-0.142482 0.123838 0)
(-0.151387 0.115045 0)
(-0.159511 0.105026 0)
(-0.166808 0.0939249 0)
(-0.17324 0.0818808 0)
(-0.178778 0.0690259 0)
(-0.183397 0.0554877 0)
(-0.187077 0.0413897 0)
(-0.189797 0.026853 0)
(-0.191541 0.0119982 0)
(-0.192291 -0.00305276 0)
(-0.192032 -0.0181746 0)
(-0.190747 -0.0332369 0)
(-0.188423 -0.048102 0)
(-0.185048 -0.0626234 0)
(-0.180614 -0.0766448 0)
(-0.17512 -0.0899983 0)
(-0.168571 -0.102505 0)
(-0.160987 -0.113975 0)
(-0.152398 -0.124207 0)
(-0.142855 -0.132993 0)
(-0.132429 -0.140121 0)
(-0.121213 -0.145375 0)
(-0.109333 -0.148546 0)
(-0.0969395 -0.149437 0)
(-0.0842199 -0.147868 0)
(-0.0713922 -0.143686 0)
(-0.0587073 -0.136774 0)
(-0.0464462 -0.12706 0)
(-0.0349168 -0.114522 0)
(-0.0244491 -0.0992006 0)
(-0.0153803 -0.0811979 0)
(-0.00803405 -0.0606846 0)
(-0.00282075 -0.0378963 0)
(-0.000405457 -0.0131475 0)
(-0.00040699 0.0145115 0)
(-0.00278287 0.0412394 0)
(-0.00786195 0.0653774 0)
(-0.0149644 0.0867331 0)
(-0.0236756 0.105194 0)
(-0.0336806 0.120709 0)
(-0.0446625 0.133285 0)
(-0.0563209 0.142977 0)
(-0.0683838 0.149881 0)
(-0.0806087 0.154128 0)
(-0.0927839 0.155869 0)
(-0.104727 0.155275 0)
(-0.116286 0.152525 0)
(-0.127333 0.147803 0)
(-0.137766 0.141291 0)
(-0.147503 0.133169 0)
(-0.156481 0.123607 0)
(-0.16465 0.112772 0)
(-0.171974 0.100817 0)
(-0.178423 0.0878885 0)
(-0.183976 0.0741258 0)
(-0.188614 0.0596596 0)
(-0.192323 0.0446157 0)
(-0.195087 0.0291165 0)
(-0.196892 0.0132827 0)
(-0.197722 -0.00276378 0)
(-0.197561 -0.018898 0)
(-0.196389 -0.0349891 0)
(-0.19419 -0.0508984 0)
(-0.190944 -0.066477 0)
(-0.186637 -0.0815642 0)
(-0.181257 -0.0959859 0)
(-0.1748 -0.109554 0)
(-0.167273 -0.122065 0)
(-0.158695 -0.133303 0)
(-0.149104 -0.143041 0)
(-0.13856 -0.151041 0)
(-0.127149 -0.157061 0)
(-0.114987 -0.160863 0)
(-0.102225 -0.162214 0)
(-0.0890504 -0.1609 0)
(-0.075689 -0.156733 0)
(-0.062405 -0.149561 0)
(-0.0494989 -0.139282 0)
(-0.0373045 -0.125848 0)
(-0.0261836 -0.109279 0)
(-0.0165094 -0.0896653 0)
(-0.00864333 -0.0671767 0)
(-0.00304238 -0.042056 0)
(-0.000439345 -0.0146365 0)
(-0.000434169 0.0159739 0)
(-0.00295872 0.0452799 0)
(-0.00834193 0.0716335 0)
(-0.0158478 0.0948388 0)
(-0.025023 0.11479 0)
(-0.0355217 0.131451 0)
(-0.046999 0.14485 0)
(-0.0591303 0.155069 0)
(-0.0716251 0.162237 0)
(-0.0842277 0.166513 0)
(-0.0967183 0.168085 0)
(-0.108912 0.167153 0)
(-0.120655 0.163925 0)
(-0.131827 0.158613 0)
(-0.14233 0.151423 0)
(-0.152093 0.142552 0)
(-0.161062 0.132192 0)
(-0.169197 0.120518 0)
(-0.176473 0.107697 0)
(-0.18287 0.0938824 0)
(-0.188376 0.0792169 0)
(-0.192982 0.0638347 0)
(-0.196679 0.0478626 0)
(-0.199458 0.0314224 0)
(-0.201307 0.0146335 0)
(-0.202213 -0.00238412 0)
(-0.202158 -0.0195076 0)
(-0.201123 -0.036608 0)
(-0.199084 -0.0535473 0)
(-0.196017 -0.0701762 0)
(-0.191898 -0.0863317 0)
(-0.186705 -0.101835 0)
(-0.180421 -0.116489 0)
(-0.17304 -0.13008 0)
(-0.164566 -0.142375 0)
(-0.155022 -0.153128 0)
(-0.144455 -0.162076 0)
(-0.132937 -0.168948 0)
(-0.120575 -0.173471 0)
(-0.107515 -0.175374 0)
(-0.0939421 -0.174405 0)
(-0.0800877 -0.170332 0)
(-0.0662283 -0.162965 0)
(-0.0526844 -0.152162 0)
(-0.039817 -0.137841 0)
(-0.0280226 -0.119998 0)
(-0.0177148 -0.0987089 0)
(-0.00929782 -0.0741361 0)
(-0.00328204 -0.0465299 0)
(-0.000476383 -0.0162435 0)
(-0.000463486 0.0175294 0)
(-0.00314673 0.0495663 0)
(-0.00885195 0.0782516 0)
(-0.0167804 0.103385 0)
(-0.0264345 0.12487 0)
(-0.0374338 0.142688 0)
(-0.0494014 0.156894 0)
(-0.0619868 0.167603 0)
(-0.0748798 0.174979 0)
(-0.0878115 0.179221 0)
(-0.100555 0.180553 0)
(-0.112923 0.179212 0)
(-0.124767 0.17544 0)
(-0.135972 0.169478 0)
(-0.146449 0.161558 0)
(-0.15614 0.1519 0)
(-0.165001 0.140711 0)
(-0.173008 0.128182 0)
(-0.180146 0.114489 0)
(-0.186409 0.0997916 0)
(-0.191796 0.0842376 0)
(-0.196308 0.067962 0)
(-0.199943 0.0510911 0)
(-0.2027 0.0337443 0)
(-0.204571 0.0160379 0)
(-0.205545 -0.00191232 0)
(-0.205605 -0.0199877 0)
(-0.204729 -0.0380633 0)
(-0.20289 -0.0560042 0)
(-0.200055 -0.0736631 0)
(-0.196192 -0.0908765 0)
(-0.191266 -0.107462 0)
(-0.185249 -0.123219 0)
(-0.178115 -0.13792 0)
(-0.169854 -0.151321 0)
(-0.160471 -0.163152 0)
(-0.149994 -0.173126 0)
(-0.138479 -0.18094 0)
(-0.12602 -0.186285 0)
(-0.112751 -0.188847 0)
(-0.0988541 -0.188328 0)
(-0.0845633 -0.184447 0)
(-0.0701653 -0.176966 0)
(-0.0560001 -0.165695 0)
(-0.0424576 -0.150514 0)
(-0.0299723 -0.131384 0)
(-0.0190026 -0.108359 0)
(-0.010002 -0.0815928 0)
(-0.00354176 -0.0513414 0)
(-0.000516979 -0.0179785 0)
(-0.000495376 0.019185 0)
(-0.00334928 0.0541146 0)
(-0.00939761 0.0852516 0)
(-0.0177706 0.112391 0)
(-0.0279202 0.135446 0)
(-0.0394257 0.154421 0)
(-0.0518748 0.169403 0)
(-0.0648884 0.180548 0)
(-0.0781355 0.188062 0)
(-0.0913346 0.192189 0)
(-0.104253 0.193197 0)
(-0.116705 0.191365 0)
(-0.128546 0.186973 0)
(-0.139672 0.180294 0)
(-0.150008 0.17159 0)
(-0.159509 0.161103 0)
(-0.168147 0.149059 0)
(-0.175914 0.135663 0)
(-0.182811 0.121098 0)
(-0.188845 0.105533 0)
(-0.194028 0.0891152 0)
(-0.198373 0.0719811 0)
(-0.201888 0.0542541 0)
(-0.204578 0.0360498 0)
(-0.206443 0.0174786 0)
(-0.207473 -0.00134979 0)
(-0.207654 -0.0203234 0)
(-0.20696 -0.0393236 0)
(-0.20536 -0.0582215 0)
(-0.202815 -0.076874 0)
(-0.199283 -0.09512 0)
(-0.194716 -0.112777 0)
(-0.189068 -0.129639 0)
(-0.1823 -0.145473 0)
(-0.174378 -0.160019 0)
(-0.165288 -0.172989 0)
(-0.155035 -0.184068 0)
(-0.143655 -0.192922 0)
(-0.131223 -0.199199 0)
(-0.117858 -0.20254 0)
(-0.103734 -0.202593 0)
(-0.0890825 -0.199022 0)
(-0.0741987 -0.19153 0)
(-0.0594409 -0.179871 0)
(-0.0452294 -0.163873 0)
(-0.0320395 -0.143457 0)
(-0.0203803 -0.118645 0)
(-0.0107613 -0.0895792 0)
(-0.003824 -0.0565163 0)
(-0.000561632 -0.0198524 0)
(-0.00053041 0.0209488 0)
(-0.00356947 0.0589441 0)
(-0.00998616 0.0926566 0)
(-0.0188295 0.121876 0)
(-0.0294928 0.146528 0)
(-0.041509 0.166646 0)
(-0.0544258 0.182357 0)
(-0.0678327 0.193864 0)
(-0.0813772 0.201425 0)
(-0.0947658 0.205338 0)
(-0.107763 0.205922 0)
(-0.120185 0.203504 0)
(-0.1319 0.198407 0)
(-0.142815 0.190939 0)
(-0.152874 0.181394 0)
(-0.162047 0.170038 0)
(-0.170328 0.157115 0)
(-0.177726 0.142844 0)
(-0.18426 0.127419 0)
(-0.189955 0.111009 0)
(-0.194837 0.093765 0)
(-0.198931 0.0758211 0)
(-0.202257 0.057296 0)
(-0.204829 0.038299 0)
(-0.206653 0.018933 0)
(-0.207724 -0.000701435 0)
(-0.208027 -0.0205013 0)
(-0.207537 -0.0403572 0)
(-0.206218 -0.0601487 0)
(-0.204025 -0.0797402 0)
(-0.200903 -0.098976 0)
(-0.196793 -0.117676 0)
(-0.191633 -0.135634 0)
(-0.18536 -0.15261 0)
(-0.177922 -0.168332 0)
(-0.169278 -0.182495 0)
(-0.159406 -0.194758 0)
(-0.148319 -0.204752 0)
(-0.136066 -0.212082 0)
(-0.122745 -0.216336 0)
(-0.108515 -0.217104 0)
(-0.0936021 -0.213984 0)
(-0.078305 -0.206609 0)
(-0.062999 -0.194666 0)
(-0.0481346 -0.17792 0)
(-0.0342319 -0.156237 0)
(-0.0218564 -0.1296 0)
(-0.0115822 -0.0981302 0)
(-0.0041318 -0.0620832 0)
(-0.000610958 -0.0218778 0)
(-0.00056935 0.0228311 0)
(-0.00381136 0.0640781 0)
(-0.0106271 0.100495 0)
(-0.0199713 0.131863 0)
(-0.0311686 0.158128 0)
(-0.0436982 0.179358 0)
(-0.0570623 0.195728 0)
(-0.0708163 0.2075 0)
(-0.0845857 0.214995 0)
(-0.0980668 0.218574 0)
(-0.111023 0.218616 0)
(-0.123281 0.215501 0)
(-0.13472 0.209602 0)
(-0.145268 0.201267 0)
(-0.154888 0.190821 0)
(-0.163574 0.178557 0)
(-0.171343 0.164738 0)
(-0.178225 0.149594 0)
(-0.184259 0.133326 0)
(-0.18949 0.116109 0)
(-0.193959 0.0980903 0)
(-0.197708 0.0794006 0)
(-0.200767 0.0601521 0)
(-0.203161 0.0404452 0)
(-0.204903 0.0203727 0)
(-0.205992 2.38191e-05 0)
(-0.206417 -0.0205103 0)
(-0.206151 -0.0411324 0)
(-0.205155 -0.0617336 0)
(-0.203376 -0.0821889 0)
(-0.200751 -0.102351 0)
(-0.197205 -0.122047 0)
(-0.192659 -0.141072 0)
(-0.187029 -0.159183 0)
(-0.180236 -0.176101 0)
(-0.172212 -0.191504 0)
(-0.162906 -0.205026 0)
(-0.152296 -0.216263 0)
(-0.140403 -0.224773 0)
(-0.127296 -0.230091 0)
(-0.113113 -0.231736 0)
(-0.0980662 -0.229233 0)
(-0.082453 -0.222134 0)
(-0.0666623 -0.210043 0)
(-0.0511749 -0.192646 0)
(-0.0365583 -0.169739 0)
(-0.0234413 -0.141256 0)
(-0.0124726 -0.107284 0)
(-0.00446893 -0.0680742 0)
(-0.000665742 -0.0240691 0)
(-0.000613211 0.0248444 0)
(-0.00408033 0.069545 0)
(-0.0113327 0.108799 0)
(-0.0212143 0.142381 0)
(-0.0329686 0.170258 0)
(-0.0460115 0.192544 0)
(-0.0597939 0.209476 0)
(-0.073834 0.221387 0)
(-0.087736 0.228676 0)
(-0.101189 0.231775 0)
(-0.11396 0.231136 0)
(-0.125888 0.2272 0)
(-0.136875 0.220392 0)
(-0.146871 0.211106 0)
(-0.155866 0.199699 0)
(-0.163883 0.186492 0)
(-0.170963 0.171765 0)
(-0.177161 0.15576 0)
(-0.182542 0.138682 0)
(-0.187168 0.120708 0)
(-0.191102 0.101982 0)
(-0.194399 0.082628 0)
(-0.197104 0.0627489 0)
(-0.199252 0.0424341 0)
(-0.200864 0.0217634 0)
(-0.201945 0.000812515 0)
(-0.202486 -0.0203424 0)
(-0.202462 -0.0416189 0)
(-0.20183 -0.0629232 0)
(-0.200531 -0.0841439 0)
(-0.198491 -0.105147 0)
(-0.195622 -0.125768 0)
(-0.191826 -0.14581 0)
(-0.186998 -0.165031 0)
(-0.181031 -0.183148 0)
(-0.173824 -0.199825 0)
(-0.165293 -0.214673 0)
(-0.155377 -0.227255 0)
(-0.144058 -0.237081 0)
(-0.131372 -0.243626 0)
(-0.117424 -0.246334 0)
(-0.102404 -0.244645 0)
(-0.0866016 -0.238014 0)
(-0.0704142 -0.225946 0)
(-0.0543507 -0.20803 0)
(-0.0390289 -0.183975 0)
(-0.025148 -0.153644 0)
(-0.0134427 -0.117082 0)
(-0.00484022 -0.0745259 0)
(-0.000726993 -0.0264427 0)
(-0.000663353 0.0270045 0)
(-0.00438345 0.0753804 0)
(-0.012119 0.11761 0)
(-0.0225821 0.153461 0)
(-0.0349187 0.18293 0)
(-0.0484706 0.206188 0)
(-0.0626303 0.223551 0)
(-0.0768767 0.235442 0)
(-0.0907941 0.242349 0)
(-0.104068 0.244797 0)
(-0.116476 0.243314 0)
(-0.12788 0.238416 0)
(-0.138205 0.230583 0)
(-0.147434 0.220257 0)
(-0.155591 0.207831 0)
(-0.162729 0.193652 0)
(-0.168921 0.178015 0)
(-0.174251 0.161172 0)
(-0.178807 0.143332 0)
(-0.182676 0.124668 0)
(-0.18594 0.10532 0)
(-0.188669 0.0854018 0)
(-0.190925 0.0650046 0)
(-0.192751 0.0442041 0)
(-0.194179 0.023065 0)
(-0.19522 0.00164634 0)
(-0.195869 -0.0199931 0)
(-0.1961 -0.0417888 0)
(-0.19587 -0.0636649 0)
(-0.195114 -0.0855278 0)
(-0.19375 -0.107259 0)
(-0.191676 -0.128711 0)
(-0.188776 -0.149694 0)
(-0.18492 -0.169977 0)
(-0.179975 -0.189274 0)
(-0.173804 -0.207242 0)
(-0.166283 -0.223473 0)
(-0.15731 -0.237496 0)
(-0.146818 -0.248777 0)
(-0.134798 -0.256725 0)
(-0.121314 -0.260705 0)
(-0.106523 -0.260056 0)
(-0.0906963 -0.254125 0)
(-0.0742312 -0.242296 0)
(-0.057661 -0.224038 0)
(-0.0416557 -0.198948 0)
(-0.0269924 -0.166797 0)
(-0.0145052 -0.127569 0)
(-0.00525194 -0.0814802 0)
(-0.00079603 -0.0290182 0)
(-0.000721613 0.0293313 0)
(-0.00473009 0.0816287 0)
(-0.013007 0.126979 0)
(-0.0241047 0.165141 0)
(-0.0370512 0.196152 0)
(-0.0511009 0.220261 0)
(-0.0655805 0.237883 0)
(-0.0799284 0.249551 0)
(-0.093712 0.255866 0)
(-0.10662 0.257457 0)
(-0.118451 0.254946 0)
(-0.129094 0.248927 0)
(-0.138512 0.239945 0)
(-0.146727 0.22849 0)
(-0.153802 0.214992 0)
(-0.159827 0.19982 0)
(-0.164911 0.183285 0)
(-0.169169 0.165644 0)
(-0.172716 0.147107 0)
(-0.175664 0.12784 0)
(-0.178112 0.107974 0)
(-0.180152 0.0876121 0)
(-0.181855 0.0668302 0)
(-0.183279 0.0456877 0)
(-0.184464 0.0242317 0)
(-0.185427 0.00250197 0)
(-0.186169 -0.0194624 0)
(-0.186665 -0.0416176 0)
(-0.186872 -0.0639089 0)
(-0.186721 -0.0862637 0)
(-0.186121 -0.108585 0)
(-0.184961 -0.130742 0)
(-0.183105 -0.152564 0)
(-0.180403 -0.173831 0)
(-0.176689 -0.194263 0)
(-0.171793 -0.213515 0)
(-0.165546 -0.231167 0)
(-0.157795 -0.246719 0)
(-0.148422 -0.259592 0)
(-0.137359 -0.269129 0)
(-0.124617 -0.274609 0)
(-0.110306 -0.275263 0)
(-0.094665 -0.270307 0)
(-0.0780799 -0.258984 0)
(-0.0611021 -0.240613 0)
(-0.0444527 -0.21465 0)
(-0.0289947 -0.180746 0)
(-0.015677 -0.138799 0)
(-0.00571228 -0.0889862 0)
(-0.000874615 -0.0318188 0)
(-0.000790487 0.0318507 0)
(-0.00513272 0.088346 0)
(-0.014024 0.136966 0)
(-0.0258202 0.177463 0)
(-0.0394054 0.209932 0)
(-0.0539307 0.234723 0)
(-0.0686498 0.252379 0)
(-0.0829606 0.263573 0)
(-0.0964204 0.26904 0)
(-0.108732 0.269534 0)
(-0.119724 0.265786 0)
(-0.129327 0.258474 0)
(-0.137553 0.248214 0)
(-0.14447 0.235544 0)
(-0.150189 0.22093 0)
(-0.154844 0.204759 0)
(-0.15858 0.187355 0)
(-0.161547 0.168975 0)
(-0.163889 0.149825 0)
(-0.165742 0.130063 0)
(-0.167225 0.109807 0)
(-0.168446 0.0891433 0)
(-0.169491 0.0681315 0)
(-0.170429 0.0468124 0)
(-0.171307 0.0252127 0)
(-0.172152 0.00335127 0)
(-0.172967 -0.018755 0)
(-0.173733 -0.0410855 0)
(-0.174405 -0.0636092 0)
(-0.174914 -0.086278 0)
(-0.175164 -0.109019 0)
(-0.175033 -0.131726 0)
(-0.174371 -0.154251 0)
(-0.173006 -0.176392 0)
(-0.170744 -0.197882 0)
(-0.167377 -0.218383 0)
(-0.162691 -0.237469 0)
(-0.156477 -0.254618 0)
(-0.148556 -0.269212 0)
(-0.13879 -0.280529 0)
(-0.127123 -0.287757 0)
(-0.1136 -0.290008 0)
(-0.0984107 -0.286352 0)
(-0.0819134 -0.275861 0)
(-0.0646657 -0.257674 0)
(-0.0474362 -0.231063 0)
(-0.0311802 -0.195521 0)
(-0.0169796 -0.150828 0)
(-0.00623219 -0.0971024 0)
(-0.000965127 -0.0348728 0)
(-0.000873409 0.0345959 0)
(-0.00560806 0.0956037 0)
(-0.0152056 0.147647 0)
(-0.0277765 0.190476 0)
(-0.0420278 0.224269 0)
(-0.0569889 0.249512 0)
(-0.071834 0.266914 0)
(-0.0859244 0.277321 0)
(-0.0988178 0.281636 0)
(-0.110246 0.280758 0)
(-0.120083 0.275538 0)
(-0.128318 0.266753 0)
(-0.135021 0.255085 0)
(-0.140321 0.241124 0)
(-0.144381 0.225363 0)
(-0.147384 0.208209 0)
(-0.149517 0.189987 0)
(-0.150965 0.170952 0)
(-0.1519 0.1513 0)
(-0.15248 0.131174 0)
(-0.152847 0.110678 0)
(-0.153121 0.0898769 0)
(-0.153402 0.0688122 0)
(-0.153768 0.047503 0)
(-0.154275 0.0259542 0)
(-0.154956 0.00416179 0)
(-0.155821 -0.0178812 0)
(-0.156855 -0.040179 0)
(-0.158015 -0.0627269 0)
(-0.159231 -0.085504 0)
(-0.160407 -0.108466 0)
(-0.161412 -0.131534 0)
(-0.162087 -0.15459 0)
(-0.162241 -0.177456 0)
(-0.161654 -0.19989 0)
(-0.160082 -0.221566 0)
(-0.157264 -0.242064 0)
(-0.152932 -0.260851 0)
(-0.146837 -0.277277 0)
(-0.138762 -0.29056 0)
(-0.128564 -0.299798 0)
(-0.116205 -0.303974 0)
(-0.101802 -0.301994 0)
(-0.0856636 -0.292731 0)
(-0.068335 -0.2751 0)
(-0.0506236 -0.248145 0)
(-0.0335809 -0.211148 0)
(-0.0184416 -0.163723 0)
(-0.0068264 -0.105899 0)
(-0.00107084 -0.0382154 0)
(-0.000975181 0.0376105 0)
(-0.00617872 0.103493 0)
(-0.0165984 0.159115 0)
(-0.0300336 0.204236 0)
(-0.0449722 0.239152 0)
(-0.0603011 0.264536 0)
(-0.0751115 0.281315 0)
(-0.0887371 0.290555 0)
(-0.100754 0.293358 0)
(-0.110943 0.290796 0)
(-0.119246 0.283854 0)
(-0.125727 0.273408 0)
(-0.130531 0.260213 0)
(-0.133857 0.244901 0)
(-0.135929 0.22799 0)
(-0.136983 0.209893 0)
(-0.137248 0.190933 0)
(-0.136943 0.171356 0)
(-0.136269 0.15134 0)
(-0.135406 0.13101 0)
(-0.13451 0.110447 0)
(-0.133714 0.0896971 0)
(-0.13313 0.0687775 0)
(-0.132842 0.0476849 0)
(-0.132915 0.026401 0)
(-0.133388 0.00489782 0)
(-0.134275 -0.0168564 0)
(-0.135567 -0.0388921 0)
(-0.137226 -0.0612321 0)
(-0.139186 -0.083885 0)
(-0.14135 -0.106837 0)
(-0.143586 -0.130045 0)
(-0.145729 -0.15342 0)
(-0.147573 -0.176822 0)
(-0.148879 -0.200039 0)
(-0.149369 -0.222771 0)
(-0.148737 -0.244615 0)
(-0.146657 -0.265042 0)
(-0.142801 -0.283379 0)
(-0.136863 -0.298799 0)
(-0.128596 -0.310311 0)
(-0.117857 -0.316768 0)
(-0.104659 -0.316893 0)
(-0.089231 -0.309331 0)
(-0.0720793 -0.292724 0)
(-0.0540322 -0.265828 0)
(-0.0362368 -0.227644 0)
(-0.0201008 -0.177559 0)
(-0.00751509 -0.115462 0)
(-0.00119637 -0.0418907 0)
(-0.00110266 0.0409522 0)
(-0.00687569 0.112131 0)
(-0.0182637 0.171484 0)
(-0.0326659 0.218798 0)
(-0.0482971 0.254546 0)
(-0.0638812 0.279658 0)
(-0.078428 0.295349 0)
(-0.0912624 0.30296 0)
(-0.102005 0.303837 0)
(-0.110517 0.299245 0)
(-0.116833 0.290317 0)
(-0.121114 0.278033 0)
(-0.123597 0.263211 0)
(-0.12456 0.246518 0)
(-0.124296 0.228485 0)
(-0.123093 0.209524 0)
(-0.121225 0.189945 0)
(-0.118942 0.169971 0)
(-0.116468 0.149761 0)
(-0.114001 0.129414 0)
(-0.111709 0.108985 0)
(-0.109735 0.0884961 0)
(-0.108196 0.0679396 0)
(-0.107182 0.0472882 0)
(-0.106763 0.0264996 0)
(-0.106983 0.00552199 0)
(-0.107863 -0.0157016 0)
(-0.109397 -0.0372276 0)
(-0.111556 -0.0591072 0)
(-0.114279 -0.0813795 0)
(-0.117474 -0.104065 0)
(-0.121014 -0.127154 0)
(-0.124732 -0.1506 0)
(-0.128419 -0.174303 0)
(-0.131818 -0.198091 0)
(-0.134627 -0.221705 0)
(-0.136501 -0.244772 0)
(-0.137055 -0.266783 0)
(-0.135884 -0.287066 0)
(-0.132581 -0.30476 0)
(-0.126781 -0.318799 0)
(-0.118205 -0.327908 0)
(-0.106731 -0.330618 0)
(-0.0924681 -0.325312 0)
(-0.0758433 -0.310309 0)
(-0.0576755 -0.284 0)
(-0.0391971 -0.245016 0)
(-0.0220077 -0.192421 0)
(-0.00832631 -0.1259 0)
(-0.00134836 -0.045956 0)
(-0.00126589 0.0446982 0)
(-0.00774212 0.12167 0)
(-0.0202824 0.18489 0)
(-0.0357636 0.234213 0)
(-0.0520608 0.270378 0)
(-0.0677166 0.294674 0)
(-0.0816734 0.308694 0)
(-0.0932797 0.314127 0)
(-0.102242 0.312606 0)
(-0.108538 0.305616 0)
(-0.112332 0.294444 0)
(-0.113906 0.280166 0)
(-0.113603 0.263654 0)
(-0.111791 0.245595 0)
(-0.108833 0.226518 0)
(-0.105071 0.206818 0)
(-0.100818 0.186779 0)
(-0.0963502 0.166597 0)
(-0.0919099 0.146398 0)
(-0.0877045 0.12625 0)
(-0.0839092 0.106181 0)
(-0.0806698 0.0861829 0)
(-0.0781049 0.0662241 0)
(-0.0763081 0.0462525 0)
(-0.0753499 0.026202 0)
(-0.0752781 0.00599747 0)
(-0.0761181 -0.014442 0)
(-0.0778723 -0.0351981 0)
(-0.0805179 -0.0563495 0)
(-0.0840046 -0.0779656 0)
(-0.0882504 -0.100101 0)
(-0.0931375 -0.122785 0)
(-0.0985066 -0.146014 0)
(-0.104151 -0.169734 0)
(-0.109812 -0.193827 0)
(-0.115172 -0.218084 0)
(-0.119854 -0.242182 0)
(-0.123424 -0.265653 0)
(-0.125401 -0.287847 0)
(-0.125276 -0.307895 0)
(-0.122547 -0.32468 0)
(-0.116777 -0.336812 0)
(-0.107666 -0.342626 0)
(-0.0951535 -0.340217 0)
(-0.0795296 -0.327527 0)
(-0.061555 -0.302488 0)
(-0.0425203 -0.263243 0)
(-0.0242296 -0.208408 0)
(-0.00929975 -0.137347 0)
(-0.00153663 -0.0504863 0)
(-0.00148011 0.0489538 0)
(-0.00883938 0.132306 0)
(-0.0227617 0.199494 0)
(-0.0394329 0.250514 0)
(-0.0563087 0.28651 0)
(-0.0717426 0.309277 0)
(-0.0846433 0.320906 0)
(-0.0944375 0.32352 0)
(-0.100976 0.319086 0)
(-0.104405 0.309325 0)
(-0.105055 0.295676 0)
(-0.103355 0.279296 0)
(-0.0997706 0.261089 0)
(-0.0947635 0.241743 0)
(-0.0887656 0.221762 0)
(-0.0821667 0.201506 0)
(-0.0753094 0.181221 0)
(-0.0684884 0.161062 0)
(-0.0619538 0.141114 0)
(-0.0559149 0.121412 0)
(-0.0505455 0.10195 0)
(-0.0459874 0.0826917 0)
(-0.0423556 0.063578 0)
(-0.0397408 0.0445334 0)
(-0.0382119 0.02547 0)
(-0.0378181 0.00629073 0)
(-0.0385886 -0.0131066 0)
(-0.0405326 -0.032827 0)
(-0.0436372 -0.0529739 0)
(-0.0478648 -0.0736458 0)
(-0.0531487 -0.0949301 0)
(-0.0593876 -0.116896 0)
(-0.0664386 -0.139584 0)
(-0.0741096 -0.162994 0)
(-0.0821503 -0.187066 0)
(-0.0902434 -0.211658 0)
(-0.0979969 -0.236513 0)
(-0.104941 -0.261229 0)
(-0.110527 -0.285206 0)
(-0.114147 -0.307605 0)
(-0.115158 -0.327288 0)
(-0.112938 -0.34278 0)
(-0.106968 -0.352233 0)
(-0.0969519 -0.353444 0)
(-0.0829694 -0.343917 0)
(-0.0656448 -0.321024 0)
(-0.0462727 -0.282265 0)
(-0.0268569 -0.225625 0)
(-0.0104928 -0.149978 0)
(-0.00177629 -0.0555831 0)
(-0.00176939 0.0538651 0)
(-0.0102567 0.144295 0)
(-0.0258431 0.215478 0)
(-0.0437913 0.267689 0)
(-0.0610483 0.302698 0)
(-0.0757958 0.323011 0)
(-0.0869775 0.331378 0)
(-0.094184 0.330445 0)
(-0.0974905 0.322559 0)
(-0.0972752 0.309682 0)
(-0.094077 0.293383 0)
(-0.0884956 0.274873 0)
(-0.081126 0.255055 0)
(-0.0725217 0.234584 0)
(-0.0631749 0.213917 0)
(-0.0535105 0.193359 0)
(-0.0438878 0.173099 0)
(-0.0346055 0.153241 0)
(-0.0259092 0.133824 0)
(-0.0179988 0.114841 0)
(-0.0110363 0.0962532 0)
(-0.00515203 0.0779934 0)
(-0.000450129 0.0599779 0)
(0.00298703 0.0421094 0)
(0.00509567 0.0242801 0)
(0.0058285 0.00637496 0)
(0.00515383 -0.0117266 0)
(0.00305586 -0.0301485 0)
(-0.000463806 -0.049016 0)
(-0.00538318 -0.0684526 0)
(-0.0116555 -0.0885762 0)
(-0.019203 -0.109493 0)
(-0.0279092 -0.131289 0)
(-0.0376087 -0.154019 0)
(-0.0480759 -0.177689 0)
(-0.0590117 -0.202232 0)
(-0.0700301 -0.227478 0)
(-0.0806461 -0.253114 0)
(-0.0902682 -0.278629 0)
(-0.0982007 -0.303251 0)
(-0.103662 -0.325876 0)
(-0.10583 -0.344988 0)
(-0.103928 -0.358598 0)
(-0.0973531 -0.364206 0)
(-0.0858727 -0.35884 0)
(-0.069862 -0.339198 0)
(-0.0505197 -0.301946 0)
(-0.0300098 -0.244178 0)
(-0.01199 -0.164015 0)
(-0.00209152 -0.0613868 0)
(-0.0021735 0.0596401 0)
(-0.0121269 0.157971 0)
(-0.0297119 0.233032 0)
(-0.048951 0.285635 0)
(-0.0661996 0.31852 0)
(-0.0795358 0.335202 0)
(-0.0880627 0.339275 0)
(-0.0916639 0.334011 0)
(-0.0907438 0.322157 0)
(-0.0859842 0.305894 0)
(-0.0781716 0.286882 0)
(-0.0680898 0.266334 0)
(-0.0564606 0.245107 0)
(-0.0439149 0.223786 0)
(-0.0309861 0.202746 0)
(-0.0181136 0.182217 0)
(-0.00565316 0.162315 0)
(0.00611085 0.143082 0)
(0.0169535 0.124507 0)
(0.0266976 0.10654 0)
(0.0352041 0.0891041 0)
(0.0423636 0.0721064 0)
(0.04809 0.0554399 0)
(0.0523149 0.0389886 0)
(0.0549841 0.0226296 0)
(0.0560552 0.00623369 0)
(0.0554959 -0.0103328 0)
(0.0532845 -0.0272081 0)
(0.0494106 -0.0445335 0)
(0.0438782 -0.0624526 0)
(0.03671 -0.0811085 0)
(0.0279534 -0.10064 0)
(0.0176894 -0.121176 0)
(0.00604322 -0.142824 0)
(-0.00680139 -0.165659 0)
(-0.0205855 -0.189697 0)
(-0.0349556 -0.214871 0)
(-0.0494427 -0.24098 0)
(-0.0634431 -0.267639 0)
(-0.0762048 -0.294195 0)
(-0.0868285 -0.31964 0)
(-0.0942953 -0.342492 0)
(-0.0975381 -0.360688 0)
(-0.0955775 -0.37148 0)
(-0.0877468 -0.371407 0)
(-0.0740105 -0.356386 0)
(-0.0553043 -0.322018 0)
(-0.0338451 -0.264153 0)
(-0.0139196 -0.179747 0)
(-0.00252268 -0.0680979 0)
(-0.00276112 0.0665841 0)
(-0.0146526 0.173765 0)
(-0.034602 0.252315 0)
(-0.0549758 0.304069 0)
(-0.071498 0.333277 0)
(-0.0823087 0.344857 0)
(-0.0868801 0.343473 0)
(-0.0855694 0.333094 0)
(-0.0792366 0.316852 0)
(-0.0689365 0.297087 0)
(-0.0557279 0.275471 0)
(-0.0405738 0.253149 0)
(-0.0242993 0.230871 0)
(-0.00758283 0.209104 0)
(0.00903368 0.188112 0)
(0.0251266 0.168024 0)
(0.0403705 0.148874 0)
(0.054518 0.130634 0)
(0.0673833 0.113238 0)
(0.0788272 0.0965918 0)
(0.0887451 0.0805884 0)
(0.097058 0.0651088 0)
(0.103705 0.0500281 0)
(0.108636 0.0352167 0)
(0.111813 0.0205412 0)
(0.1132 0.00586454 0)
(0.112766 -0.0089545 0)
(0.110485 -0.0240618 0)
(0.106334 -0.0396083 0)
(0.100299 -0.0557505 0)
(0.0923745 -0.0726497 0)
(0.0825728 -0.0904702 0)
(0.0709306 -0.109376 0)
(0.0575211 -0.129525 0)
(0.0424685 -0.151055 0)
(0.0259679 -0.174071 0)
(0.00830953 -0.198612 0)
(-0.0100925 -0.224615 0)
(-0.0286674 -0.251852 0)
(-0.0466564 -0.279846 0)
(-0.0630882 -0.307761 0)
(-0.0767771 -0.334249 0)
(-0.0863646 -0.357281 0)
(-0.0904364 -0.373963 0)
(-0.0877599 -0.380392 0)
(-0.0776763 -0.371639 0)
(-0.0605946 -0.341987 0)
(-0.0385569 -0.285571 0)
(-0.0164784 -0.197543 0)
(-0.00314018 -0.0760125 0)
(-0.00365528 0.0751607 0)
(-0.0181459 0.192221 0)
(-0.0407834 0.273376 0)
(-0.061777 0.322379 0)
(-0.0763095 0.345825 0)
(-0.0829186 0.350545 0)
(-0.0817711 0.342483 0)
(-0.0739312 0.326321 0)
(-0.060844 0.305487 0)
(-0.0439834 0.282358 0)
(-0.0246718 0.2585 0)
(-0.00401254 0.234892 0)
(0.0171168 0.212108 0)
(0.0380421 0.190448 0)
(0.0582599 0.170035 0)
(0.0774023 0.150879 0)
(0.0952065 0.132924 0)
(0.111488 0.116071 0)
(0.126119 0.1002 0)
(0.139013 0.0851799 0)
(0.150112 0.0708753 0)
(0.159375 0.0571488 0)
(0.166771 0.0438634 0)
(0.172277 0.0308822 0)
(0.175869 0.0180681 0)
(0.177523 0.0052825 0)
(0.177213 -0.00761643 0)
(0.174908 -0.0207751 0)
(0.170575 -0.0343465 0)
(0.164179 -0.0484916 0)
(0.155688 -0.0633808 0)
(0.145075 -0.0791944 0)
(0.132326 -0.0961219 0)
(0.117453 -0.114359 0)
(0.100506 -0.134102 0)
(0.0815925 -0.155533 0)
(0.0609071 -0.178802 0)
(0.0387654 -0.203991 0)
(0.0156473 -0.231058 0)
(-0.00775058 -0.259751 0)
(-0.0304622 -0.289487 0)
(-0.0512078 -0.319175 0)
(-0.0683834 -0.346978 0)
(-0.080126 -0.370029 0)
(-0.0845217 -0.384129 0)
(-0.0800366 -0.383525 0)
(-0.066167 -0.360967 0)
(-0.0443542 -0.308286 0)
(-0.0199713 -0.21786 0)
(-0.00407074 -0.0855845 0)
(-0.00508096 0.0861012 0)
(-0.0230835 0.213984 0)
(-0.0484885 0.295957 0)
(-0.0688773 0.339358 0)
(-0.0792839 0.354344 0)
(-0.079248 0.350243 0)
(-0.0700906 0.334404 0)
(-0.0538394 0.312101 0)
(-0.0326158 0.286857 0)
(-0.00829761 0.260883 0)
(0.0175992 0.23548 0)
(0.0439192 0.211348 0)
(0.0698186 0.18881 0)
(0.0947028 0.167958 0)
(0.118168 0.148752 0)
(0.139948 0.131079 0)
(0.159878 0.114791 0)
(0.17786 0.0997242 0)
(0.193845 0.0857147 0)
(0.20781 0.0726013 0)
(0.219751 0.0602297 0)
(0.229672 0.0484524 0)
(0.237576 0.0371284 0)
(0.243468 0.026121 0)
(0.247344 0.0152967 0)
(0.249191 0.00452216 0)
(0.24899 -0.00633767 0)
(0.246707 -0.0174223 0)
(0.242301 -0.0288785 0)
(0.235719 -0.0408628 0)
(0.2269 -0.0535442 0)
(0.215781 -0.0671073 0)
(0.202295 -0.0817536 0)
(0.186386 -0.0977029 0)
(0.16802 -0.115192 0)
(0.147199 -0.134468 0)
(0.123993 -0.155778 0)
(0.0985748 -0.179344 0)
(0.0712694 -0.205319 0)
(0.0426237 -0.233711 0)
(0.0134886 -0.264266 0)
(-0.0148877 -0.296275 0)
(-0.0407766 -0.328291 0)
(-0.0619387 -0.357738 0)
(-0.0757351 -0.380403 0)
(-0.0795136 -0.389917 0)
(-0.071351 -0.37741 0)
(-0.0513691 -0.331772 0)
(-0.0248612 -0.241216 0)
(-0.00554606 -0.0975355 0)
(-0.00744569 0.100586 0)
(-0.0301513 0.23969 0)
(-0.0576689 0.319112 0)
(-0.0748938 0.352771 0)
(-0.0777188 0.35603 0)
(-0.067651 0.341214 0)
(-0.0477174 0.316952 0)
(-0.0211015 0.288758 0)
(0.0094277 0.259888 0)
(0.0417218 0.232108 0)
(0.0742323 0.206263 0)
(0.105902 0.182663 0)
(0.136045 0.161321 0)
(0.16424 0.142099 0)
(0.19025 0.124792 0)
(0.213959 0.109173 0)
(0.235331 0.0950153 0)
(0.254376 0.0821071 0)
(0.271133 0.0702535 0)
(0.285651 0.0592772 0)
(0.297984 0.0490173 0)
(0.308181 0.0393267 0)
(0.316283 0.0300693 0)
(0.32232 0.0211169 0)
(0.326308 0.0123468 0)
(0.32825 0.00363813 0)
(0.328129 -0.00513067 0)
(0.325915 -0.014085 0)
(0.321559 -0.0233573 0)
(0.314994 -0.0330908 0)
(0.306135 -0.0434426 0)
(0.294884 -0.0545887 0)
(0.281127 -0.0667273 0)
(0.264741 -0.0800837 0)
(0.245603 -0.0949133 0)
(0.223605 -0.111504 0)
(0.198671 -0.130173 0)
(0.170793 -0.151259 0)
(0.140084 -0.175091 0)
(0.106845 -0.201944 0)
(0.0716764 -0.231934 0)
(0.0356131 -0.264845 0)
(0.000291725 -0.29983 0)
(-0.0318834 -0.334938 0)
(-0.0576675 -0.366408 0)
(-0.0731682 -0.387736 0)
(-0.0744962 -0.38868 0)
(-0.0593794 -0.354707 0)
(-0.0317976 -0.268048 0)
(-0.00798217 -0.113034 0)
(-0.0114286 0.120492 0)
(-0.0401373 0.269584 0)
(-0.0672922 0.340453 0)
(-0.0764445 0.358725 0)
(-0.0664378 0.346795 0)
(-0.0420401 0.320024 0)
(-0.00843018 0.287688 0)
(0.0301108 0.25485 0)
(0.0704392 0.223974 0)
(0.110449 0.196048 0)
(0.148834 0.171286 0)
(0.184845 0.149533 0)
(0.218099 0.130475 0)
(0.248449 0.113759 0)
(0.275885 0.0990396 0)
(0.300478 0.0860046 0)
(0.322337 0.0743798 0)
(0.341591 0.0639278 0)
(0.358367 0.0544448 0)
(0.372787 0.0457545 0)
(0.384957 0.0377036 0)
(0.394969 0.0301566 0)
(0.402895 0.022992 0)
(0.408791 0.0160978 0)
(0.412689 0.00936884 0)
(0.414603 0.00270283 0)
(0.414527 -0.00400229 0)
(0.41243 -0.0108517 0)
(0.40826 -0.017957 0)
(0.401941 -0.0254397 0)
(0.393372 -0.0334358 0)
(0.382426 -0.0421001 0)
(0.368952 -0.0516119 0)
(0.35277 -0.0621818 0)
(0.33368 -0.0740585 0)
(0.311463 -0.0875374 0)
(0.285899 -0.102967 0)
(0.256784 -0.120754 0)
(0.223973 -0.141361 0)
(0.187447 -0.165284 0)
(0.147414 -0.192996 0)
(0.104478 -0.224822 0)
(0.0598677 -0.260679 0)
(0.0157578 -0.2996 0)
(-0.0244005 -0.338888 0)
(-0.0556814 -0.372769 0)
(-0.0718938 -0.390483 0)
(-0.0670528 -0.374206 0)
(-0.0414605 -0.298272 0)
(-0.0120543 -0.133921 0)
(-0.0178756 0.148735 0)
(-0.0531245 0.302387 0)
(-0.0734478 0.354743 0)
(-0.0659389 0.350874 0)
(-0.0359511 0.321194 0)
(0.00733906 0.28295 0)
(0.0567376 0.244639 0)
(0.107475 0.209811 0)
(0.156686 0.179525 0)
(0.20283 0.153716 0)
(0.245208 0.131884 0)
(0.28361 0.11342 0)
(0.318094 0.0977387 0)
(0.348856 0.0843341 0)
(0.376146 0.0727824 0)
(0.400228 0.0627368 0)
(0.421357 0.0539154 0)
(0.439766 0.0460882 0)
(0.455659 0.039067 0)
(0.469215 0.0326954 0)
(0.480584 0.0268418 0)
(0.489887 0.0213933 0)
(0.497221 0.0162512 0)
(0.502657 0.0113262 0)
(0.506242 0.00653582 0)
(0.507998 0.00180093 0)
(0.507925 -0.00295702 0)
(0.505997 -0.00781881 0)
(0.502162 -0.0128704 0)
(0.49634 -0.0182062 0)
(0.488424 -0.0239331 0)
(0.478273 -0.030175 0)
(0.465709 -0.0370787 0)
(0.450518 -0.0448209 0)
(0.432441 -0.053618 0)
(0.411177 -0.0637368 0)
(0.386379 -0.0755093 0)
(0.357665 -0.0893492 0)
(0.324635 -0.105769 0)
(0.286908 -0.125394 0)
(0.244206 -0.148959 0)
(0.196496 -0.177263 0)
(0.144242 -0.211021 0)
(0.0888149 -0.250494 0)
(0.0330963 -0.294694 0)
(-0.0177733 -0.339789 0)
(-0.055695 -0.376227 0)
(-0.0700114 -0.384433 0)
(-0.0536359 -0.33006 0)
(-0.0185378 -0.163019 0)
(-0.0268204 0.190237 0)
(-0.065564 0.332447 0)
(-0.0646783 0.351156 0)
(-0.0273979 0.319384 0)
(0.0302427 0.272775 0)
(0.0952058 0.226966 0)
(0.159823 0.187368 0)
(0.220288 0.154842 0)
(0.275064 0.128622 0)
(0.323824 0.107554 0)
(0.366822 0.090543 0)
(0.404551 0.0766816 0)
(0.437567 0.0652595 0)
(0.466405 0.0557329 0)
(0.491551 0.0476884 0)
(0.513426 0.0408104 0)
(0.532391 0.0348563 0)
(0.548749 0.0296373 0)
(0.562752 0.0250041 0)
(0.574609 0.0208368 0)
(0.58449 0.0170374 0)
(0.592531 0.0135236 0)
(0.598838 0.010225 0)
(0.603489 0.00707897 0)
(0.606535 0.00402851 0)
(0.608005 0.00101944 0)
(0.607902 -0.00200163 0)
(0.606205 -0.00508953 0)
(0.602866 -0.00830274 0)
(0.597811 -0.011706 0)
(0.590936 -0.0153731 0)
(0.582099 -0.0193913 0)
(0.571123 -0.0238653 0)
(0.557781 -0.0289245 0)
(0.541794 -0.0347312 0)
(0.522817 -0.0414927 0)
(0.500432 -0.0494769 0)
(0.474134 -0.0590351 0)
(0.443323 -0.0706316 0)
(0.407309 -0.0848822 0)
(0.36533 -0.102602 0)
(0.316628 -0.124846 0)
(0.260624 -0.152918 0)
(0.197283 -0.188245 0)
(0.127824 -0.23189 0)
(0.0559736 -0.28317 0)
(-0.010167 -0.336334 0)
(-0.0563189 -0.374101 0)
(-0.0641591 -0.356962 0)
(-0.0272109 -0.205042 0)
(-0.0329802 0.25012 0)
(-0.0618088 0.34361 0)
(-0.0118485 0.310253 0)
(0.0704807 0.251453 0)
(0.158841 0.196289 0)
(0.241887 0.152133 0)
(0.315284 0.118854 0)
(0.378336 0.0941572 0)
(0.431924 0.0757282 0)
(0.477368 0.061775 0)
(0.51597 0.0510165 0)
(0.548862 0.0425602 0)
(0.576982 0.0357874 0)
(0.601088 0.0302655 0)
(0.621789 0.0256878 0)
(0.639571 0.0218329 0)
(0.654825 0.0185379 0)
(0.667864 0.0156804 0)
(0.678939 0.0131667 0)
(0.688254 0.0109233 0)
(0.695968 0.00889145 0)
(0.702209 0.00702286 0)
(0.707074 0.0052767 0)
(0.710635 0.00361738 0)
(0.71294 0.00201273 0)
(0.714017 0.000432493 0)
(0.713869 -0.00115301 0)
(0.712483 -0.00277418 0)
(0.709819 -0.00446352 0)
(0.705815 -0.00625718 0)
(0.700381 -0.00819683 0)
(0.693398 -0.0103321 0)
(0.684707 -0.0127236 0)
(0.674106 -0.0154476 0)
(0.661336 -0.0186016 0)
(0.646071 -0.0223136 0)
(0.627897 -0.0267544 0)
(0.606287 -0.032157 0)
(0.580576 -0.038845 0)
(0.549914 -0.0472768 0)
(0.513232 -0.0581127 0)
(0.469202 -0.072314 0)
(0.416242 -0.0912801 0)
(0.352639 -0.117004 0)
(0.277002 -0.152128 0)
(0.189504 -0.199409 0)
(0.0942219 -0.25938 0)
(0.00281094 -0.324192 0)
(-0.0566288 -0.361961 0)
(-0.0321391 -0.264019 0)
(0.00102851 0.294765 0)
(0.0166283 0.298382 0)
(0.151891 0.212806 0)
(0.282321 0.145217 0)
(0.38755 0.0996821 0)
(0.47103 0.0700276 0)
(0.53693 0.0508505 0)
(0.589099 0.0382154 0)
(0.630863 0.0296029 0)
(0.664758 0.0235061 0)
(0.692619 0.0190323 0)
(0.715772 0.0156421 0)
(0.735183 0.0130001 0)
(0.751566 0.0108909 0)
(0.765458 0.0091711 0)
(0.777267 0.0077421 0)
(0.787307 0.0065341 0)
(0.795823 0.00549623 0)
(0.803007 0.00459045 0)
(0.80901 0.00378754 0)
(0.813951 0.00306452 0)
(0.817922 0.00240278 0)
(0.820995 0.00178682 0)
(0.82322 0.00120325 0)
(0.824632 0.00064009 0)
(0.825253 8.61521e-05 0)
(0.825085 -0.000469479 0)
(0.824119 -0.00103802 0)
(0.82233 -0.00163143 0)
(0.819675 -0.00226312 0)
(0.816093 -0.00294861 0)
(0.811499 -0.00370659 0)
(0.805782 -0.00456018 0)
(0.798798 -0.00553881 0)
(0.790359 -0.00668085 0)
(0.780223 -0.00803764 0)
(0.768075 -0.00967952 0)
(0.753502 -0.0117056 0)
(0.735956 -0.0142596 0)
(0.714698 -0.017557 0)
(0.688722 -0.0219329 0)
(0.656633 -0.0279281 0)
(0.616477 -0.0364463 0)
(0.565507 -0.0490374 0)
(0.50002 -0.0683581 0)
(0.415582 -0.0987089 0)
(0.307323 -0.146198 0)
(0.170946 -0.217554 0)
(0.0269828 -0.307268 0)
(0.00517075 -0.302951 0)
(0.290223 0.152387 0)
(0.389408 0.128173 0)
(0.565156 0.0746707 0)
(0.68288 0.0421896 0)
(0.752445 0.0245178 0)
(0.797522 0.0149103 0)
(0.828849 0.00963549 0)
(0.851575 0.00664194 0)
(0.868719 0.00484351 0)
(0.882091 0.00368967 0)
(0.892788 0.00290195 0)
(0.901505 0.00233497 0)
(0.908704 0.00190903 0)
(0.91471 0.00157798 0)
(0.919752 0.00131351 0)
(0.924003 0.00109733 0)
(0.927589 0.000917042 0)
(0.93061 0.000763915 0)
(0.933141 0.000631586 0)
(0.935242 0.000515278 0)
(0.936958 0.000411292 0)
(0.938325 0.000316685 0)
(0.93937 0.000229034 0)
(0.940112 0.000146274 0)
(0.940565 6.65691e-05 0)
(0.940737 -1.17787e-05 0)
(0.940629 -9.03951e-05 0)
(0.940237 -0.00017101 0)
(0.939553 -0.000255436 0)
(0.93856 -0.000345716 0)
(0.937234 -0.000444245 0)
(0.935545 -0.000553937 0)
(0.93345 -0.00067845 0)
(0.930893 -0.000822513 0)
(0.927802 -0.000992409 0)
(0.924083 -0.00119673 0)
(0.919609 -0.0014476 0)
(0.914213 -0.00176273 0)
(0.907668 -0.00216912 0)
(0.899653 -0.00271015 0)
(0.88971 -0.00345977 0)
(0.877154 -0.00455213 0)
(0.860903 -0.00624565 0)
(0.839166 -0.00906066 0)
(0.8089 -0.0140565 0)
(0.764847 -0.0233243 0)
(0.696087 -0.0408249 0)
(0.577952 -0.0737693 0)
(0.397985 -0.12873 0)
(0.293831 -0.153751 0)
)
;

boundaryField
{
    movingWall
    {
        type            fixedValue;
        value           uniform (1 0 0);
    }
    fixedWalls
    {
        type            noSlip;
    }
    frontAndBack
    {
        type            empty;
    }
}


// ************************************************************************* //
