/*--------------------------------*- C++ -*----------------------------------*\
  =========                 |
  \\      /  F ield         | OpenFOAM: The Open Source CFD Toolbox
   \\    /   O peration     | Website:  https://openfoam.org
    \\  /    A nd           | Version:  7
     \\/     M anipulation  |
\*---------------------------------------------------------------------------*/
FoamFile
{
    version     2.0;
    format      ascii;
    class       volVectorField;
    location    "0.0008";
    object      U;
}
// * * * * * * * * * * * * * * * * * * * * * * * * * * * * * * * * * * * * * //

dimensions      [0 1 -1 0 0 0 0];

internalField   nonuniform List<vector> 
2500
(
(-0.293833 0.153526 0)
(-0.38804 0.122181 0)
(-0.545212 0.0645201 0)
(-0.638294 0.0321659 0)
(-0.684479 0.0163951 0)
(-0.709906 0.00886464 0)
(-0.725423 0.0052447 0)
(-0.735611 0.00341906 0)
(-0.742772 0.00241603 0)
(-0.748091 0.00180894 0)
(-0.752203 0.00140872 0)
(-0.75547 0.00112668 0)
(-0.758118 0.00091768 0)
(-0.760294 0.000756777 0)
(-0.7621 0.000629045 0)
(-0.763606 0.000524937 0)
(-0.764865 0.000438081 0)
(-0.765914 0.000364058 0)
(-0.766784 0.000299676 0)
(-0.767496 0.00024254 0)
(-0.768065 0.000190834 0)
(-0.768505 0.00014316 0)
(-0.768823 9.83779e-05 0)
(-0.769028 5.55118e-05 0)
(-0.769121 1.36976e-05 0)
(-0.769106 -2.78554e-05 0)
(-0.768981 -6.99319e-05 0)
(-0.768744 -0.000113338 0)
(-0.768392 -0.000158957 0)
(-0.767917 -0.000207803 0)
(-0.767309 -0.000261091 0)
(-0.766555 -0.000320323 0)
(-0.765637 -0.000387419 0)
(-0.764533 -0.0004649 0)
(-0.763211 -0.000556193 0)
(-0.761632 -0.0006661 0)
(-0.75974 -0.000801496 0)
(-0.757458 -0.000972629 0)
(-0.754681 -0.00119567 0)
(-0.751253 -0.00149782 0)
(-0.746935 -0.00192846 0)
(-0.741346 -0.00258483 0)
(-0.733823 -0.00367389 0)
(-0.723126 -0.00565705 0)
(-0.706905 -0.00955855 0)
(-0.680524 -0.017532 0)
(-0.633007 -0.0337743 0)
(-0.5387 -0.0661845 0)
(-0.38294 -0.122727 0)
(-0.291124 -0.153003 0)
(-0.0011342 0.292696 0)
(0.00222346 0.273136 0)
(-0.0935355 0.172058 0)
(-0.176053 0.100754 0)
(-0.23309 0.0590344 0)
(-0.272301 0.0358912 0)
(-0.299623 0.0231699 0)
(-0.319098 0.0159456 0)
(-0.333442 0.0115952 0)
(-0.34436 0.00879977 0)
(-0.352903 0.0068938 0)
(-0.359735 0.00552783 0)
(-0.365293 0.00450792 0)
(-0.369872 0.00372011 0)
(-0.373677 0.00309374 0)
(-0.376857 0.00258292 0)
(-0.379517 0.00215662 0)
(-0.381739 0.00179316 0)
(-0.383581 0.00147692 0)
(-0.385089 0.00119625 0)
(-0.386297 0.000942322 0)
(-0.387231 0.000708223 0)
(-0.38791 0.000488323 0)
(-0.388346 0.00027786 0)
(-0.388549 7.2643e-05 0)
(-0.388521 -0.000131201 0)
(-0.388262 -0.000337477 0)
(-0.387768 -0.000550121 0)
(-0.387029 -0.000773436 0)
(-0.386031 -0.00101235 0)
(-0.384754 -0.00127275 0)
(-0.38317 -0.0015619 0)
(-0.381243 -0.00188912 0)
(-0.378925 -0.00226665 0)
(-0.376154 -0.00271102 0)
(-0.372845 -0.00324526 0)
(-0.368886 -0.00390224 0)
(-0.364123 -0.00473047 0)
(-0.35834 -0.0058046 0)
(-0.35123 -0.00724473 0)
(-0.342341 -0.0092543 0)
(-0.330986 -0.0121973 0)
(-0.316093 -0.0167601 0)
(-0.29595 -0.0242823 0)
(-0.267892 -0.0373722 0)
(-0.227997 -0.0608142 0)
(-0.170513 -0.102165 0)
(-0.0882056 -0.17168 0)
(0.00557889 -0.269771 0)
(0.00112956 -0.287921 0)
(0.0367508 0.235064 0)
(0.0860051 0.285679 0)
(0.0746847 0.222784 0)
(0.0413905 0.153719 0)
(0.00597967 0.102332 0)
(-0.0248106 0.0686937 0)
(-0.0496056 0.0476049 0)
(-0.0690943 0.0343072 0)
(-0.0844165 0.0256571 0)
(-0.0965897 0.0197995 0)
(-0.10639 0.0156686 0)
(-0.114381 0.0126443 0)
(-0.120972 0.0103554 0)
(-0.126455 0.00857148 0)
(-0.131046 0.00714434 0)
(-0.134904 0.00597524 0)
(-0.138145 0.0049963 0)
(-0.140862 0.00415942 0)
(-0.143121 0.00342974 0)
(-0.144975 0.00278114 0)
(-0.146465 0.00219365 0)
(-0.14762 0.00165157 0)
(-0.148462 0.00114208 0)
(-0.149007 0.000654328 0)
(-0.149264 0.000178759 0)
(-0.149239 -0.00029349 0)
(-0.148931 -0.000771091 0)
(-0.148334 -0.00126302 0)
(-0.147438 -0.00177904 0)
(-0.146226 -0.00233031 0)
(-0.144675 -0.00293011 0)
(-0.142754 -0.00359477 0)
(-0.14042 -0.00434512 0)
(-0.137621 -0.00520837 0)
(-0.134285 -0.00622098 0)
(-0.13032 -0.00743321 0)
(-0.125604 -0.00891597 0)
(-0.119975 -0.0107719 0)
(-0.113214 -0.0131548 0)
(-0.105023 -0.0163024 0)
(-0.0949929 -0.0205949 0)
(-0.0825607 -0.026661 0)
(-0.066967 -0.035568 0)
(-0.0472395 -0.049144 0)
(-0.0223762 -0.0704267 0)
(0.00821213 -0.103891 0)
(0.0430401 -0.154206 0)
(0.0752879 -0.220807 0)
(0.085156 -0.280321 0)
(0.0363452 -0.228439 0)
(0.0297843 0.162739 0)
(0.0824547 0.246461 0)
(0.108861 0.223255 0)
(0.109397 0.172942 0)
(0.0965231 0.126553 0)
(0.0794887 0.0917077 0)
(0.0626692 0.0673666 0)
(0.047656 0.050631 0)
(0.0347974 0.038991 0)
(0.0239573 0.0307044 0)
(0.0148556 0.0246425 0)
(0.00720397 0.0200849 0)
(0.000751031 0.016568 0)
(-0.00470864 0.0137875 0)
(-0.00933834 0.0115389 0)
(-0.0132665 0.0096814 0)
(-0.0165939 0.00811585 0)
(-0.0193994 0.0067706 0)
(-0.0217447 0.00559276 0)
(-0.0236781 0.0045424 0)
(-0.0252369 0.00358862 0)
(-0.0264497 0.00270686 0)
(-0.0273378 0.00187698 0)
(-0.0279163 0.00108186 0)
(-0.0281949 0.000306353 0)
(-0.0281782 -0.000463615 0)
(-0.0278658 -0.00124181 0)
(-0.0272527 -0.00204244 0)
(-0.0263289 -0.00288091 0)
(-0.0250788 -0.00377471 0)
(-0.0234805 -0.00474451 0)
(-0.021505 -0.00581562 0)
(-0.0191142 -0.00701991 0)
(-0.0162594 -0.0083986 0)
(-0.0128784 -0.0100063 0)
(-0.00889217 -0.0119167 0)
(-0.00419988 -0.0142321 0)
(0.00132601 -0.0170968 0)
(0.00784615 -0.0207194 0)
(0.0155606 -0.0254085 0)
(0.0247101 -0.0316305 0)
(0.035563 -0.0401027 0)
(0.0483636 -0.0519336 0)
(0.0631903 -0.0688078 0)
(0.0796069 -0.0931014 0)
(0.0959754 -0.127424 0)
(0.107992 -0.17253 0)
(0.106682 -0.220645 0)
(0.0800819 -0.241519 0)
(0.0288258 -0.158177 0)
(0.0188943 0.114951 0)
(0.0602625 0.200512 0)
(0.0948792 0.201262 0)
(0.110676 0.16988 0)
(0.112235 0.133915 0)
(0.106384 0.103318 0)
(0.0974718 0.079809 0)
(0.0878152 0.0623534 0)
(0.0785282 0.0494401 0)
(0.0700671 0.0397878 0)
(0.0625604 0.032453 0)
(0.0559893 0.0267734 0)
(0.0502769 0.0222891 0)
(0.0453306 0.0186797 0)
(0.0410604 0.0157193 0)
(0.037386 0.0132463 0)
(0.0342387 0.0111429 0)
(0.0315614 0.00932225 0)
(0.0293071 0.00771865 0)
(0.0274377 0.00628179 0)
(0.0259229 0.00497213 0)
(0.0247392 0.00375781 0)
(0.0238684 0.00261251 0)
(0.0232978 0.00151367 0)
(0.0230189 0.000441214 0)
(0.0230278 -0.000623568 0)
(0.0233245 -0.00169898 0)
(0.0239132 -0.00280387 0)
(0.0248022 -0.00395854 0)
(0.0260044 -0.00518591 0)
(0.0275379 -0.00651282 0)
(0.0294262 -0.00797176 0)
(0.0316993 -0.00960313 0)
(0.0343948 -0.0114584 0)
(0.0375586 -0.0136046 0)
(0.0412464 -0.0161302 0)
(0.0455246 -0.0191547 0)
(0.0504696 -0.0228417 0)
(0.056165 -0.0274187 0)
(0.0626937 -0.0332057 0)
(0.0701175 -0.0406581 0)
(0.0784331 -0.0504248 0)
(0.0874813 -0.0634173 0)
(0.09677 -0.0808504 0)
(0.105158 -0.104116 0)
(0.110361 -0.13407 0)
(0.108196 -0.168855 0)
(0.092177 -0.19864 0)
(0.058123 -0.196696 0)
(0.0181615 -0.112202 0)
(0.0111686 0.0853049 0)
(0.0403641 0.162185 0)
(0.0715724 0.174781 0)
(0.0914478 0.157388 0)
(0.100042 0.131559 0)
(0.101235 0.106823 0)
(0.0982357 0.0861176 0)
(0.0931633 0.0696471 0)
(0.0872957 0.0567553 0)
(0.0813423 0.0466645 0)
(0.0756659 0.0387042 0)
(0.0704338 0.0323508 0)
(0.065707 0.0272103 0)
(0.061492 0.0229898 0)
(0.0577689 0.0194717 0)
(0.0545071 0.0164935 0)
(0.0516728 0.0139327 0)
(0.049234 0.0116961 0)
(0.0471613 0.00971152 0)
(0.0454297 0.00792254 0)
(0.044018 0.00628399 0)
(0.042909 0.00475897 0)
(0.0420895 0.00331658 0)
(0.0415497 0.00193011 0)
(0.041283 0.000575585 0)
(0.0412864 -0.000769431 0)
(0.0415597 -0.00212689 0)
(0.0421061 -0.00351931 0)
(0.0429317 -0.00497086 0)
(0.044046 -0.00650855 0)
(0.0454621 -0.00816366 0)
(0.0471965 -0.00997357 0)
(0.0492696 -0.011984 0)
(0.0517054 -0.0142523 0)
(0.0545315 -0.0168512 0)
(0.0577779 -0.0198747 0)
(0.0614748 -0.0234459 0)
(0.0656482 -0.0277272 0)
(0.0703111 -0.0329351 0)
(0.0754477 -0.0393584 0)
(0.0809843 -0.0473821 0)
(0.0867384 -0.0575118 0)
(0.0923311 -0.0703846 0)
(0.0970438 -0.0867223 0)
(0.0996119 -0.107099 0)
(0.0979872 -0.131224 0)
(0.0891239 -0.156139 0)
(0.069394 -0.172527 0)
(0.038924 -0.159465 0)
(0.0107432 -0.083663 0)
(0.0066683 0.0666683 0)
(0.0267823 0.133333 0)
(0.0518266 0.150778 0)
(0.0707612 0.142413 0)
(0.0817956 0.12457 0)
(0.0867107 0.105393 0)
(0.0875173 0.0880543 0)
(0.0858114 0.0733868 0)
(0.082719 0.0613041 0)
(0.0789706 0.0514333 0)
(0.0750137 0.0433631 0)
(0.0711112 0.0367272 0)
(0.0674104 0.0312231 0)
(0.063988 0.0266094 0)
(0.0608791 0.0226963 0)
(0.0580948 0.0193352 0)
(0.0556329 0.0164098 0)
(0.0534847 0.0138285 0)
(0.0516384 0.0115186 0)
(0.0500819 0.00942161 0)
(0.0488037 0.00748996 0)
(0.0477938 0.00568406 0)
(0.0470437 0.00397024 0)
(0.0465473 0.00231906 0)
(0.0463001 0.000703867 0)
(0.0463001 -0.000900397 0)
(0.046547 -0.00251828 0)
(0.0470428 -0.00417491 0)
(0.0477914 -0.00589707 0)
(0.0487988 -0.0077144 0)
(0.0500725 -0.00966079 0)
(0.0516221 -0.0117761 0)
(0.053458 -0.0141083 0)
(0.0555911 -0.016716 0)
(0.0580313 -0.0196723 0)
(0.060785 -0.0230685 0)
(0.0638511 -0.0270205 0)
(0.0672144 -0.0316754 0)
(0.0708343 -0.0372199 0)
(0.0746272 -0.0438896 0)
(0.0784384 -0.0519765 0)
(0.0819977 -0.0618295 0)
(0.0848543 -0.0738322 0)
(0.0862856 -0.0883185 0)
(0.0851961 -0.10533 0)
(0.0800597 -0.124004 0)
(0.0689844 -0.14121 0)
(0.0503314 -0.149001 0)
(0.0259209 -0.131459 0)
(0.00644686 -0.0656707 0)
(0.00421007 0.0545642 0)
(0.0183027 0.112181 0)
(0.0376824 0.130922 0)
(0.0540525 0.127984 0)
(0.0652025 0.115889 0)
(0.0717119 0.101307 0)
(0.0746966 0.0871739 0)
(0.0752313 0.0745478 0)
(0.074186 0.0636578 0)
(0.072196 0.0544053 0)
(0.0696987 0.0465827 0)
(0.0669844 0.0399634 0)
(0.0642402 0.0343372 0)
(0.0615839 0.0295216 0)
(0.0590869 0.0253638 0)
(0.0567906 0.0217379 0)
(0.0547176 0.0185408 0)
(0.0528786 0.0156886 0)
(0.0512771 0.0131125 0)
(0.0499126 0.0107556 0)
(0.0487826 0.00857084 0)
(0.0478837 0.00651794 0)
(0.0472125 0.0045623 0)
(0.0467662 0.00267318 0)
(0.0465425 0.00082247 0)
(0.0465404 -0.00101638 0)
(0.0467596 -0.00286943 0)
(0.0472009 -0.0047633 0)
(0.0478661 -0.00672614 0)
(0.0487575 -0.00878877 0)
(0.049878 -0.0109859 0)
(0.0512301 -0.0133579 0)
(0.0528153 -0.0159519 0)
(0.054633 -0.0188246 0)
(0.056678 -0.0220446 0)
(0.0589374 -0.0256951 0)
(0.0613863 -0.029878 0)
(0.0639799 -0.0347168 0)
(0.0666433 -0.0403607 0)
(0.069255 -0.0469857 0)
(0.0716245 -0.0547924 0)
(0.0734605 -0.0639932 0)
(0.0743301 -0.0747761 0)
(0.0736125 -0.0872165 0)
(0.070469 -0.101065 0)
(0.0638789 -0.115266 0)
(0.0527991 -0.126941 0)
(0.0367141 -0.129569 0)
(0.017802 -0.110883 0)
(0.00409652 -0.0539266 0)
(0.00285325 0.0462848 0)
(0.0130629 0.0965359 0)
(0.0280286 0.114977 0)
(0.0416756 0.115181 0)
(0.0519549 0.107053 0)
(0.0588563 0.0960262 0)
(0.0629256 0.0846484 0)
(0.0648315 0.0739817 0)
(0.0651945 0.0643972 0)
(0.064518 0.0559587 0)
(0.063182 0.0485992 0)
(0.0614623 0.0422007 0)
(0.0595533 0.0366324 0)
(0.0575896 0.0317677 0)
(0.0556622 0.0274921 0)
(0.0538318 0.0237055 0)
(0.0521379 0.020322 0)
(0.0506056 0.0172688 0)
(0.0492506 0.0144841 0)
(0.048082 0.0119155 0)
(0.0471047 0.00951828 0)
(0.0463213 0.00725361 0)
(0.0457329 0.00508735 0)
(0.0453396 0.00298877 0)
(0.0451413 0.000929492 0)
(0.0451378 -0.00111749 0)
(0.0453289 -0.00317872 0)
(0.0457143 -0.00528122 0)
(0.0462938 -0.0074534 0)
(0.0470668 -0.00972596 0)
(0.0480314 -0.012133 0)
(0.0491847 -0.0147133 0)
(0.0505204 -0.0175114 0)
(0.0520286 -0.0205794 0)
(0.0536923 -0.0239783 0)
(0.0554847 -0.0277801 0)
(0.0573646 -0.032069 0)
(0.0592692 -0.0369425 0)
(0.0611056 -0.0425114 0)
(0.0627379 -0.0488964 0)
(0.0639712 -0.0562209 0)
(0.0645324 -0.0645921 0)
(0.0640487 -0.0740649 0)
(0.062032 -0.0845633 0)
(0.0578875 -0.0957112 0)
(0.0509825 -0.106461 0)
(0.0408106 -0.114317 0)
(0.0274041 -0.113954 0)
(0.0127649 -0.0956141 0)
(0.00279194 -0.0458493 0)
(0.00206225 0.0403008 0)
(0.00972851 0.0846977 0)
(0.0214267 0.102223 0)
(0.0326829 0.104201 0)
(0.0417771 0.0987682 0)
(0.048454 0.0904058 0)
(0.0529302 0.0812732 0)
(0.0555945 0.0723409 0)
(0.0568657 0.0640183 0)
(0.0571191 0.0564521 0)
(0.0566625 0.0496627 0)
(0.0557365 0.0436086 0)
(0.0545229 0.0382208 0)
(0.0531566 0.0334198 0)
(0.0517353 0.0291261 0)
(0.0503292 0.0252649 0)
(0.0489879 0.0217685 0)
(0.0477462 0.0185766 0)
(0.0466281 0.0156365 0)
(0.0456501 0.0129016 0)
(0.044823 0.0103313 0)
(0.0441543 0.00788954 0)
(0.0436486 0.00554383 0)
(0.0433087 0.00326459 0)
(0.0431361 0.00102415 0)
(0.0431316 -0.001204 0)
(0.043295 -0.003446 0)
(0.0436251 -0.00572834 0)
(0.04412 -0.00807867 0)
(0.0447764 -0.0105265 0)
(0.0455891 -0.0131042 0)
(0.0465501 -0.0158475 0)
(0.0476476 -0.018797 0)
(0.0488646 -0.0219984 0)
(0.0501758 -0.0255039 0)
(0.0515455 -0.0293724 0)
(0.0529229 -0.0336701 0)
(0.0542368 -0.0384693 0)
(0.0553888 -0.0438461 0)
(0.0562441 -0.0498753 0)
(0.0566223 -0.0566205 0)
(0.0562868 -0.0641158 0)
(0.0549376 -0.072334 0)
(0.0522124 -0.0811235 0)
(0.0477106 -0.090077 0)
(0.0410662 -0.0982415 0)
(0.0320814 -0.1035 0)
(0.021014 -0.101442 0)
(0.00954186 -0.0840217 0)
(0.00202605 -0.0399852 0)
(0.00156597 0.0357737 0)
(0.00750601 0.0755124 0)
(0.016801 0.0919486 0)
(0.0260902 0.0949064 0)
(0.0339842 0.0913006 0)
(0.0401544 0.0849076 0)
(0.0446422 0.0775542 0)
(0.0476564 0.0700896 0)
(0.0494677 0.0629088 0)
(0.0503445 0.0561905 0)
(0.0505246 0.0500035 0)
(0.0502066 0.0443562 0)
(0.04955 0.0392237 0)
(0.0486797 0.0345634 0)
(0.0476915 0.0303251 0)
(0.0466578 0.0264566 0)
(0.0456328 0.0229074 0)
(0.0446564 0.0196301 0)
(0.043758 0.0165812 0)
(0.042959 0.0137212 0)
(0.0422745 0.0110143 0)
(0.0417155 0.00842822 0)
(0.0412895 0.00593305 0)
(0.0410013 0.00350117 0)
(0.0408539 0.00110643 0)
(0.0408487 -0.00127643 0)
(0.0409854 -0.00367235 0)
(0.0412625 -0.00610655 0)
(0.0416764 -0.00860512 0)
(0.0422219 -0.0111956 0)
(0.0428911 -0.0139076 0)
(0.0436724 -0.0167732 0)
(0.0445501 -0.0198279 0)
(0.0455022 -0.0231104 0)
(0.0464987 -0.0266634 0)
(0.0474989 -0.0305332 0)
(0.0484481 -0.0347687 0)
(0.0492736 -0.0394199 0)
(0.0498797 -0.0445344 0)
(0.0501424 -0.0501512 0)
(0.0499046 -0.0562912 0)
(0.0489717 -0.0629418 0)
(0.0471127 -0.0700308 0)
(0.0440693 -0.0773784 0)
(0.0395834 -0.084595 0)
(0.033459 -0.090847 0)
(0.0256627 -0.0943396 0)
(0.0165181 -0.091344 0)
(0.00738206 -0.0750021 0)
(0.0015425 -0.0355351 0)
(0.00123129 0.0322309 0)
(0.00595037 0.068224 0)
(0.0134538 0.0835851 0)
(0.0211576 0.0870632 0)
(0.0279518 0.0847035 0)
(0.0335118 0.0797621 0)
(0.0377935 0.0737986 0)
(0.0408961 0.0675445 0)
(0.0429876 0.0613567 0)
(0.0442539 0.0554178 0)
(0.0448728 0.0498188 0)
(0.045002 0.0445975 0)
(0.0447755 0.0397586 0)
(0.0443032 0.0352864 0)
(0.0436736 0.0311539 0)
(0.0429565 0.027328 0)
(0.0422062 0.023773 0)
(0.0414647 0.0204536 0)
(0.0407638 0.0173354 0)
(0.0401278 0.0143862 0)
(0.0395746 0.0115755 0)
(0.0391174 0.00887507 0)
(0.0387659 0.00625836 0)
(0.0385264 0.00370026 0)
(0.0384028 0.00117674 0)
(0.0383971 -0.00133562 0)
(0.038509 -0.00385998 0)
(0.0387365 -0.00641969 0)
(0.0390751 -0.0090387 0)
(0.0395181 -0.011742 0)
(0.0400555 -0.0145559 0)
(0.0406739 -0.0175083 0)
(0.0413545 -0.0206292 0)
(0.042073 -0.0239503 0)
(0.042797 -0.0275052 0)
(0.0434842 -0.0313281 0)
(0.0440801 -0.0354531 0)
(0.044515 -0.0399117 0)
(0.0447012 -0.044729 0)
(0.0445299 -0.0499179 0)
(0.0438696 -0.0554713 0)
(0.0425663 -0.061349 0)
(0.0404478 -0.0674586 0)
(0.0373354 -0.0736189 0)
(0.0330693 -0.0794785 0)
(0.0275572 -0.0843191 0)
(0.0208457 -0.0866043 0)
(0.0132525 -0.0831105 0)
(0.00586354 -0.0678292 0)
(0.00121484 -0.0320449 0)
(0.00099149 0.0293901 0)
(0.00481211 0.0623339 0)
(0.0109511 0.0767058 0)
(0.0173778 0.0804393 0)
(0.0232048 0.0789377 0)
(0.0281409 0.0750691 0)
(0.0321058 0.0701852 0)
(0.0351353 0.0649143 0)
(0.0373288 0.0595696 0)
(0.0388118 0.0543224 0)
(0.0397137 0.0492702 0)
(0.0401566 0.0444658 0)
(0.0402494 0.0399323 0)
(0.0400856 0.035673 0)
(0.0397435 0.0316777 0)
(0.0392873 0.0279286 0)
(0.0387688 0.0244027 0)
(0.0382292 0.0210751 0)
(0.037701 0.01792 0)
(0.0372094 0.0149118 0)
(0.0367737 0.0120256 0)
(0.0364087 0.00923759 0)
(0.036125 0.00652461 0)
(0.0359299 0.00386452 0)
(0.0358283 0.00123578 0)
(0.0358222 -0.00138273 0)
(0.0359116 -0.00401199 0)
(0.036094 -0.00667309 0)
(0.0363644 -0.00938743 0)
(0.036715 -0.0121771 0)
(0.0371349 -0.0150648 0)
(0.0376093 -0.0180742 0)
(0.0381183 -0.0212297 0)
(0.0386365 -0.0245564 0)
(0.0391312 -0.0280792 0)
(0.0395612 -0.0318222 0)
(0.0398747 -0.0358072 0)
(0.0400079 -0.0400506 0)
(0.0398834 -0.0445611 0)
(0.039409 -0.0493337 0)
(0.0384782 -0.0543439 0)
(0.0369721 -0.0595376 0)
(0.0347652 -0.0648173 0)
(0.0317372 -0.0700136 0)
(0.0277938 -0.0748187 0)
(0.0229028 -0.0786145 0)
(0.0171443 -0.0800663 0)
(0.0108029 -0.0763283 0)
(0.00474851 -0.0620227 0)
(0.000979278 -0.0292423 0)
(0.000811287 0.0270729 0)
(0.00394703 0.0575066 0)
(0.009022 0.070997 0)
(0.0144111 0.0748336 0)
(0.0194005 0.0739293 0)
(0.0237404 0.0708585 0)
(0.0273404 0.066812 0)
(0.0302008 0.0623332 0)
(0.0323771 0.0576931 0)
(0.0339518 0.0530456 0)
(0.0350174 0.0484856 0)
(0.0356663 0.044072 0)
(0.0359849 0.0398381 0)
(0.0360509 0.0357993 0)
(0.0359315 0.0319579 0)
(0.0356838 0.0283072 0)
(0.035355 0.0248347 0)
(0.0349842 0.0215242 0)
(0.0346028 0.0183574 0)
(0.0342357 0.015315 0)
(0.0339026 0.0123773 0)
(0.0336187 0.0095247 0)
(0.0333951 0.00673769 0)
(0.0332398 0.00399724 0)
(0.0331578 0.00128453 0)
(0.0331516 -0.00141905 0)
(0.033221 -0.00413204 0)
(0.0333633 -0.00687298 0)
(0.0335734 -0.00966058 0)
(0.033843 -0.0125138 0)
(0.0341607 -0.0154517 0)
(0.0345112 -0.0184938 0)
(0.0348746 -0.0216592 0)
(0.0352258 -0.0249668 0)
(0.0355334 -0.0284343 0)
(0.0357585 -0.032077 0)
(0.035854 -0.0359067 0)
(0.0357633 -0.0399287 0)
(0.0354201 -0.0441399 0)
(0.0347482 -0.0485239 0)
(0.033663 -0.0530462 0)
(0.0320747 -0.0576479 0)
(0.0298938 -0.0622346 0)
(0.0270412 -0.0666544 0)
(0.0234646 -0.0706409 0)
(0.0191651 -0.0736587 0)
(0.014232 -0.0745291 0)
(0.00890955 -0.0706935 0)
(0.00389879 -0.0572578 0)
(0.000801857 -0.0269538 0)
(0.000670697 0.0251608 0)
(0.0032681 0.0535107 0)
(0.00749349 0.0662282 0)
(0.0120284 0.0700812 0)
(0.0162945 0.0695974 0)
(0.0200824 0.0671243 0)
(0.0233038 0.0637282 0)
(0.0259412 0.0598846 0)
(0.0280224 0.0558272 0)
(0.0296002 0.0516913 0)
(0.0307396 0.0475647 0)
(0.0315094 0.0435064 0)
(0.0319772 0.0395548 0)
(0.0322058 0.0357325 0)
(0.0322518 0.0320501 0)
(0.0321646 0.0285093 0)
(0.0319863 0.0251056 0)
(0.0317525 0.02183 0)
(0.0314923 0.0186706 0)
(0.0312298 0.0156135 0)
(0.0309839 0.0126439 0)
(0.0307696 0.00974602 0)
(0.030598 0.0069041 0)
(0.0304773 0.00410212 0)
(0.0304125 0.00132409 0)
(0.0304062 -0.00144599 0)
(0.0304582 -0.00422408 0)
(0.0305659 -0.00702613 0)
(0.0307241 -0.00986803 0)
(0.0309244 -0.0127656 0)
(0.0311554 -0.0157346 0)
(0.0314023 -0.0187902 0)
(0.0316457 -0.0219471 0)
(0.0318619 -0.0252185 0)
(0.0320215 -0.028616 0)
(0.0320893 -0.0321478 0)
(0.0320234 -0.0358179 0)
(0.031775 -0.0396237 0)
(0.0312885 -0.0435539 0)
(0.0305022 -0.0475852 0)
(0.0293501 -0.0516791 0)
(0.0277652 -0.0557764 0)
(0.0256849 -0.0597901 0)
(0.0230585 -0.0635871 0)
(0.0198601 -0.0669373 0)
(0.0161077 -0.0693713 0)
(0.011888 -0.0698316 0)
(0.00740597 -0.0659823 0)
(0.00323049 -0.0533098 0)
(0.000663238 -0.025064 0)
(0.000557644 0.0235716 0)
(0.00272025 0.0501822 0)
(0.00625175 0.0622288 0)
(0.0100726 0.0660504 0)
(0.0137116 0.0658656 0)
(0.0169951 0.0638436 0)
(0.0198429 0.0609541 0)
(0.0222295 0.0576186 0)
(0.024166 0.0540397 0)
(0.0256851 0.050335 0)
(0.0268316 0.0465832 0)
(0.0276563 0.0428409 0)
(0.0282111 0.0391476 0)
(0.0285463 0.0355298 0)
(0.0287085 0.0320035 0)
(0.0287394 0.0285764 0)
(0.0286759 0.0252499 0)
(0.0285493 0.0220206 0)
(0.0283864 0.018882 0)
(0.0282091 0.015825 0)
(0.0280352 0.0128387 0)
(0.027879 0.00991146 0)
(0.0277513 0.00703057 0)
(0.0276599 0.00418306 0)
(0.0276098 0.0013557 0)
(0.0276035 -0.00146491 0)
(0.0276409 -0.00429219 0)
(0.0277195 -0.00713946 0)
(0.027834 -0.0100199 0)
(0.0279765 -0.0129463 0)
(0.0281362 -0.0159312 0)
(0.0282988 -0.0189861 0)
(0.0284464 -0.0221213 0)
(0.028557 -0.0253457 0)
(0.0286042 -0.0286654 0)
(0.0285567 -0.0320833 0)
(0.0283782 -0.0355974 0)
(0.0280274 -0.0391996 0)
(0.0274584 -0.0428733 0)
(0.0266221 -0.0465918 0)
(0.0254677 -0.0503154 0)
(0.0239461 -0.0539879 0)
(0.0220138 -0.0575314 0)
(0.0196396 -0.0608301 0)
(0.0168134 -0.0636844 0)
(0.0135608 -0.0656772 0)
(0.00996026 -0.0658454 0)
(0.00618209 -0.0620286 0)
(0.00269025 -0.0500188 0)
(0.000551632 -0.0234925 0)
(0.00046438 0.0222466 0)
(0.00226715 0.0474024 0)
(0.00521957 0.0588716 0)
(0.00843367 0.0626371 0)
(0.0115245 0.0626667 0)
(0.0143489 0.0609875 0)
(0.0168369 0.0584934 0)
(0.0189608 0.0555636 0)
(0.0207219 0.0523753 0)
(0.0221397 0.0490303 0)
(0.0232446 0.0455984 0)
(0.0240736 0.0421318 0)
(0.0246661 0.0386694 0)
(0.0250618 0.0352394 0)
(0.0252985 0.0318607 0)
(0.025411 0.0285451 0)
(0.0254306 0.0252985 0)
(0.0253846 0.0221218 0)
(0.0252967 0.0190128 0)
(0.0251865 0.0159662 0)
(0.0250704 0.0129751 0)
(0.0249614 0.0100308 0)
(0.0248696 0.00712381 0)
(0.0248024 0.00424398 0)
(0.0247645 0.00138061 0)
(0.0247583 -0.00147718 0)
(0.0247837 -0.00434036 0)
(0.0248383 -0.00721977 0)
(0.0249172 -0.010126 0)
(0.025013 -0.013069 0)
(0.0251157 -0.0160584 0)
(0.0252122 -0.0191023 0)
(0.0252861 -0.0222076 0)
(0.0253178 -0.0253791 0)
(0.0252839 -0.0286189 0)
(0.0251573 -0.0319255 0)
(0.0249072 -0.0352926 0)
(0.0244992 -0.0387084 0)
(0.0238961 -0.0421534 0)
(0.0230592 -0.0455993 0)
(0.0219499 -0.0490073 0)
(0.0205326 -0.0523257 0)
(0.0187775 -0.0554854 0)
(0.0166664 -0.0583861 0)
(0.0141983 -0.060853 0)
(0.0114006 -0.0625102 0)
(0.00834212 -0.0624688 0)
(0.00516295 -0.0587083 0)
(0.00224272 -0.0472693 0)
(0.000459431 -0.0221818 0)
(0.000385631 0.0211429 0)
(0.00188384 0.0450838 0)
(0.00434294 0.0560603 0)
(0.00703287 0.0597594 0)
(0.00963919 0.0599436 0)
(0.0120449 0.0585261 0)
(0.0141904 0.0563411 0)
(0.016049 0.0537344 0)
(0.0176167 0.0508631 0)
(0.0189043 0.0478154 0)
(0.0199323 0.044653 0)
(0.0207271 0.0414232 0)
(0.0213186 0.038163 0)
(0.0217375 0.0349009 0)
(0.0220142 0.0316575 0)
(0.0221772 0.0284471 0)
(0.0222526 0.0252787 0)
(0.0222637 0.0221566 0)
(0.0222308 0.0190819 0)
(0.0221713 0.0160527 0)
(0.0220998 0.013065 0)
(0.0220278 0.010113 0)
(0.0219645 0.00719013 0)
(0.0219167 0.00428852 0)
(0.0218887 0.00139994 0)
(0.0218825 -0.00148416 0)
(0.0218983 -0.00437247 0)
(0.0219339 -0.00727352 0)
(0.0219847 -0.0101955 0)
(0.0220441 -0.013146 0)
(0.022103 -0.0161317 0)
(0.0221496 -0.0191581 0)
(0.0221696 -0.022229 0)
(0.0221458 -0.0253459 0)
(0.0220579 -0.0285077 0)
(0.021883 -0.0317097 0)
(0.0215952 -0.0349426 0)
(0.0211666 -0.038192 0)
(0.0205673 -0.0414369 0)
(0.0197673 -0.0446491 0)
(0.0187375 -0.0477916 0)
(0.0174522 -0.0508175 0)
(0.0158916 -0.0536659 0)
(0.0140456 -0.0562497 0)
(0.0119182 -0.0584136 0)
(0.0095358 -0.0598145 0)
(0.00695684 -0.0596217 0)
(0.00429603 -0.0559273 0)
(0.00186354 -0.0449755 0)
(0.000381479 -0.02109 0)
(0.000317657 0.0202286 0)
(0.00155257 0.0431611 0)
(0.00358303 0.0537219 0)
(0.0058124 0.0573529 0)
(0.00798531 0.0576491 0)
(0.0100069 0.0564317 0)
(0.0118277 0.0544879 0)
(0.0134234 0.0521375 0)
(0.0147877 0.0495213 0)
(0.0159259 0.0467168 0)
(0.0168516 0.0437783 0)
(0.0175834 0.0407484 0)
(0.0181438 0.0376619 0)
(0.0185562 0.0345465 0)
(0.0188447 0.0314237 0)
(0.0190322 0.0283092 0)
(0.0191401 0.0252141 0)
(0.0191879 0.0221454 0)
(0.0191928 0.0191066 0)
(0.0191695 0.0160985 0)
(0.0191307 0.0131196 0)
(0.0190866 0.0101667 0)
(0.0190451 0.00723538 0)
(0.0190122 0.00432013 0)
(0.0189919 0.00141483 0)
(0.0189859 -0.00148702 0)
(0.0189943 -0.00439201 0)
(0.0190152 -0.00730663 0)
(0.0190447 -0.0102369 0)
(0.0190769 -0.0131883 0)
(0.0191036 -0.0161651 0)
(0.0191149 -0.0191705 0)
(0.0190983 -0.0222056 0)
(0.019039 -0.0252695 0)
(0.0189202 -0.0283585 0)
(0.0187225 -0.0314653 0)
(0.0184249 -0.034579 0)
(0.0180048 -0.0376833 0)
(0.0174387 -0.0407568 0)
(0.0167037 -0.0437719 0)
(0.0157779 -0.0466941 0)
(0.0146432 -0.0494809 0)
(0.0132865 -0.0520788 0)
(0.0117029 -0.0544113 0)
(0.00989859 -0.0563389 0)
(0.00789748 -0.0575436 0)
(0.00574811 -0.0572412 0)
(0.00354343 -0.0536144 0)
(0.00153541 -0.0430735 0)
(0.000314128 -0.0201856 0)
(0.000257761 0.0194798 0)
(0.00126041 0.0415851 0)
(0.00291121 0.0518005 0)
(0.004729 0.0553674 0)
(0.00650896 0.0557446 0)
(0.00817534 0.0546799 0)
(0.0096878 0.0529232 0)
(0.0110255 0.0507742 0)
(0.0121815 0.0483612 0)
(0.0131578 0.0457529 0)
(0.0139631 0.0429974 0)
(0.0146106 0.0401331 0)
(0.0151167 0.0371925 0)
(0.0154993 0.0342022 0)
(0.0157769 0.0311836 0)
(0.0159676 0.0281537 0)
(0.0160888 0.0251247 0)
(0.0161562 0.0221055 0)
(0.0161839 0.0191016 0)
(0.0161843 0.0161158 0)
(0.016168 0.0131487 0)
(0.0161436 0.0101993 0)
(0.016118 0.00726487 0)
(0.0160962 0.00434199 0)
(0.0160815 0.00142633 0)
(0.0160757 -0.00148678 0)
(0.0160787 -0.00440214 0)
(0.016089 -0.00732439 0)
(0.016103 -0.0102578 0)
(0.0161159 -0.0132058 0)
(0.0161208 -0.0161709 0)
(0.0161092 -0.0191541 0)
(0.0160706 -0.0221546 0)
(0.0159929 -0.0251695 0)
(0.015862 -0.0281931 0)
(0.0156625 -0.0312164 0)
(0.0153773 -0.034227 0)
(0.0149887 -0.037208 0)
(0.0144785 -0.0401379 0)
(0.0138292 -0.0429901 0)
(0.013025 -0.0457325 0)
(0.012053 -0.0483267 0)
(0.0109048 -0.0507254 0)
(0.00957849 -0.0528604 0)
(0.0080811 -0.0546046 0)
(0.00643297 -0.0556598 0)
(0.00467357 -0.055278 0)
(0.00287711 -0.0517148 0)
(0.00124563 -0.0415153 0)
(0.000254716 -0.0194454 0)
(0.000203946 0.0188785 0)
(0.000997633 0.0403187 0)
(0.00230573 0.0502537 0)
(0.00374938 0.0537638 0)
(0.00516802 0.0541993 0)
(0.00650255 0.0532498 0)
(0.00772111 0.0516364 0)
(0.0088066 0.0496434 0)
(0.00975236 0.0473894 0)
(0.0105587 0.0449362 0)
(0.011231 0.0423268 0)
(0.0117784 0.0395964 0)
(0.0122128 0.036775 0)
(0.0125474 0.0338881 0)
(0.0127962 0.0309569 0)
(0.0129733 0.0279988 0)
(0.013092 0.025027 0)
(0.0131648 0.0220515 0)
(0.0132031 0.0190794 0)
(0.0132167 0.0161152 0)
(0.0132142 0.0131609 0)
(0.0132027 0.0102172 0)
(0.0131878 0.00728319 0)
(0.0131737 0.00435681 0)
(0.0131631 0.00143535 0)
(0.0131574 -0.00148434 0)
(0.0131567 -0.00440553 0)
(0.0131596 -0.00733136 0)
(0.0131633 -0.0102645 0)
(0.0131637 -0.0132069 0)
(0.0131554 -0.0161594 0)
(0.0131312 -0.0191214 0)
(0.0130829 -0.0220905 0)
(0.0130006 -0.0250622 0)
(0.0128732 -0.0280295 0)
(0.0126885 -0.0309821 0)
(0.0124333 -0.0339068 0)
(0.0120938 -0.0367861 0)
(0.0116565 -0.0395989 0)
(0.0111084 -0.0423198 0)
(0.0104379 -0.0449187 0)
(0.00963636 -0.047361 0)
(0.00869837 -0.0496041 0)
(0.00762374 -0.0515864 0)
(0.00641905 -0.0531904 0)
(0.00510097 -0.0541327 0)
(0.00370058 -0.053694 0)
(0.00227573 -0.0501869 0)
(0.000984605 -0.0402643 0)
(0.000201254 -0.0188515 0)
(0.000154655 0.0184111 0)
(0.000756669 0.0393341 0)
(0.0017496 0.0490494 0)
(0.00284726 0.0525122 0)
(0.0039288 0.0529888 0)
(0.00494991 0.0521244 0)
(0.0058865 0.0506181 0)
(0.0067253 0.0487426 0)
(0.00746064 0.0466093 0)
(0.00809197 0.0442749 0)
(0.00862257 0.0417785 0)
(0.00905861 0.0391524 0)
(0.0094083 0.0364248 0)
(0.00968121 0.03362 0)
(0.00988757 0.030759 0)
(0.0100377 0.0278591 0)
(0.0101415 0.0249342 0)
(0.0102086 0.0219954 0)
(0.0102475 0.0190505 0)
(0.0102658 0.0161053 0)
(0.0102701 0.0131633 0)
(0.0102659 0.0102261 0)
(0.0102576 0.00729424 0)
(0.0102483 0.00436692 0)
(0.0102404 0.00144268 0)
(0.0102348 -0.00148042 0)
(0.0102317 -0.00440443 0)
(0.01023 -0.00733128 0)
(0.0102275 -0.0102624 0)
(0.010221 -0.0131985 0)
(0.0102064 -0.0161391 0)
(0.0101781 -0.0190824 0)
(0.0101298 -0.0220249 0)
(0.0100539 -0.0249608 0)
(0.00994212 -0.027882 0)
(0.0097852 -0.0307776 0)
(0.00957334 -0.0336336 0)
(0.00929648 -0.0364325 0)
(0.00894467 -0.0391536 0)
(0.00850866 -0.0417724 0)
(0.00798046 -0.044261 0)
(0.00735415 -0.0465872 0)
(0.0066265 -0.0487124 0)
(0.00579806 -0.05058 0)
(0.00487438 -0.0520795 0)
(0.00386833 -0.0529388 0)
(0.00280332 -0.0524599 0)
(0.00172259 -0.0489995 0)
(0.000744899 -0.0392934 0)
(0.000152207 -0.0183909 0)
(0.000108608 0.0180679 0)
(0.000531394 0.0386108 0)
(0.00122906 0.0481638 0)
(0.00200125 0.0515901 0)
(0.00276356 0.0520947 0)
(0.00348513 0.0512903 0)
(0.00414907 0.0498602 0)
(0.00474592 0.0480689 0)
(0.0052714 0.0460227 0)
(0.00572473 0.0437746 0)
(0.00610779 0.0413608 0)
(0.00642451 0.0388114 0)
(0.0066803 0.0361532 0)
(0.00688158 0.0334097 0)
(0.00703531 0.0306015 0)
(0.00714856 0.0277457 0)
(0.00722828 0.0248569 0)
(0.00728109 0.0219464 0)
(0.00731302 0.019023 0)
(0.00732943 0.0160932 0)
(0.00733502 0.0131614 0)
(0.00733372 0.0102302 0)
(0.00732864 0.0073011 0)
(0.00732214 0.00437417 0)
(0.00731576 0.00144892 0)
(0.00731032 -0.00147567 0)
(0.00730585 -0.00440075 0)
(0.00730163 -0.00732731 0)
(0.00729612 -0.0102559 0)
(0.00728706 -0.0131862 0)
(0.00727142 -0.016117 0)
(0.00724541 -0.0190454 0)
(0.00720451 -0.0219671 0)
(0.00714347 -0.0248754 0)
(0.00705641 -0.0277617 0)
(0.00693697 -0.0306143 0)
(0.00677837 -0.033419 0)
(0.00657377 -0.0361583 0)
(0.00631646 -0.0388119 0)
(0.00600025 -0.0413561 0)
(0.00561994 -0.0437645 0)
(0.00517176 -0.046007 0)
(0.00465386 -0.0480476 0)
(0.00406696 -0.0498335 0)
(0.00341522 -0.051259 0)
(0.00270773 -0.0520599 0)
(0.00196075 -0.0515538 0)
(0.00120417 -0.0481291 0)
(0.000520518 -0.0385825 0)
(0.000106336 -0.0180538 0)
(6.47379e-05 0.0178419 0)
(0.00031671 0.0381344 0)
(0.000732614 0.0475801 0)
(0.00119332 0.0509815 0)
(0.00164869 0.0515035 0)
(0.00208041 0.0507376 0)
(0.00247838 0.0493566 0)
(0.00283689 0.04762 0)
(0.00315326 0.0456305 0)
(0.00342688 0.0434387 0)
(0.0036587 0.0410791 0)
(0.00385091 0.0385804 0)
(0.00400659 0.0359683 0)
(0.00412945 0.0332657 0)
(0.00422357 0.0304927 0)
(0.00429311 0.0276668 0)
(0.00434217 0.0248024 0)
(0.00437471 0.0219113 0)
(0.00439432 0.0190027 0)
(0.00440419 0.0160837 0)
(0.00440718 0.0131593 0)
(0.00440566 0.0102328 0)
(0.0044015 0.00730603 0)
(0.00439614 0.00437991 0)
(0.00439054 0.00145451 0)
(0.00438517 -0.00147057 0)
(0.00438009 -0.00439586 0)
(0.00437487 -0.00732174 0)
(0.00436861 -0.0102481 0)
(0.00435998 -0.0131742 0)
(0.00434718 -0.0160979 0)
(0.00432797 -0.0190161 0)
(0.0042997 -0.0219235 0)
(0.00425928 -0.0248133 0)
(0.00420326 -0.0276762 0)
(0.00412793 -0.0305003 0)
(0.00402935 -0.033271 0)
(0.00390354 -0.0359712 0)
(0.00374672 -0.0385806 0)
(0.00355533 -0.0410762 0)
(0.00332645 -0.0434326 0)
(0.00305804 -0.0456211 0)
(0.00274915 -0.0476073 0)
(0.00240032 -0.0493409 0)
(0.0020141 -0.0507191 0)
(0.00159585 -0.0514831 0)
(0.00115504 -0.0509601 0)
(0.000709104 -0.0475597 0)
(0.000306433 -0.0381177 0)
(6.25925e-05 -0.0178335 0)
(2.21334e-05 0.0177285 0)
(0.000108201 0.0378958 0)
(0.000250224 0.0472876 0)
(0.000407643 0.0506763 0)
(0.000563334 0.0512068 0)
(0.00071096 0.0504598 0)
(0.000846986 0.0491033 0)
(0.000969402 0.0473939 0)
(0.00107726 0.0454327 0)
(0.0011703 0.0432693 0)
(0.00124882 0.040937 0)
(0.00131355 0.0384639 0)
(0.00136552 0.0358751 0)
(0.001406 0.0331932 0)
(0.00143643 0.0304382 0)
(0.0014582 0.0276275 0)
(0.00147273 0.0247756 0)
(0.00148141 0.0218945 0)
(0.00148549 0.0189937 0)
(0.00148604 0.0160804 0)
(0.00148408 0.01316 0)
(0.00148044 0.010236 0)
(0.00147578 0.00731068 0)
(0.00147062 0.00438518 0)
(0.00146528 0.00145989 0)
(0.00145995 -0.00146527 0)
(0.00145468 -0.00439052 0)
(0.00144935 -0.00731595 0)
(0.00144368 -0.0102412 0)
(0.00143727 -0.013165 0)
(0.00142955 -0.0160852 0)
(0.00141981 -0.0189982 0)
(0.00140724 -0.0218986 0)
(0.00139082 -0.0247793 0)
(0.0013695 -0.0276306 0)
(0.00134213 -0.0304407 0)
(0.00130745 -0.0331949 0)
(0.0012642 -0.035876 0)
(0.00121125 -0.0384639 0)
(0.0011475 -0.040936 0)
(0.00107201 -0.0432673 0)
(0.000984195 -0.0454297 0)
(0.000883773 -0.0473898 0)
(0.000770904 -0.0490982 0)
(0.000646403 -0.0504538 0)
(0.000511943 -0.0512 0)
(0.000370451 -0.0506692 0)
(0.000227396 -0.0472808 0)
(9.82288e-05 -0.0378902 0)
(2.00533e-05 -0.0177257 0)
(-2.00279e-05 0.0177258 0)
(-9.81715e-05 0.0378903 0)
(-0.000227322 0.0472808 0)
(-0.000370369 0.0506692 0)
(-0.000511867 0.0512 0)
(-0.000646338 0.0504537 0)
(-0.000770843 0.0490981 0)
(-0.000883709 0.0473897 0)
(-0.000984135 0.0454296 0)
(-0.00107195 0.0432672 0)
(-0.00114742 0.040936 0)
(-0.00121119 0.0384639 0)
(-0.00126415 0.035876 0)
(-0.0013074 0.0331949 0)
(-0.00134208 0.0304407 0)
(-0.00136946 0.0276306 0)
(-0.00139079 0.0247792 0)
(-0.00140721 0.0218986 0)
(-0.00141978 0.0189982 0)
(-0.00142952 0.0160852 0)
(-0.00143725 0.013165 0)
(-0.00144366 0.0102411 0)
(-0.00144932 0.00731594 0)
(-0.00145465 0.00439052 0)
(-0.00145991 0.00146526 0)
(-0.00146524 -0.0014599 0)
(-0.00147058 -0.00438519 0)
(-0.00147576 -0.00731069 0)
(-0.00148042 -0.010236 0)
(-0.00148406 -0.01316 0)
(-0.00148602 -0.0160805 0)
(-0.00148544 -0.0189937 0)
(-0.00148137 -0.0218946 0)
(-0.0014727 -0.0247756 0)
(-0.00145817 -0.0276275 0)
(-0.00143638 -0.0304382 0)
(-0.00140595 -0.0331932 0)
(-0.00136547 -0.0358751 0)
(-0.00131349 -0.0384639 0)
(-0.00124875 -0.040937 0)
(-0.00117024 -0.0432693 0)
(-0.00107721 -0.0454328 0)
(-0.000969349 -0.047394 0)
(-0.00084693 -0.0491034 0)
(-0.000710902 -0.0504599 0)
(-0.000563275 -0.0512068 0)
(-0.000407586 -0.0506763 0)
(-0.000250174 -0.0472875 0)
(-0.000108158 -0.0378956 0)
(-2.21169e-05 -0.0177284 0)
(-6.25523e-05 0.0178335 0)
(-0.00030635 0.0381179 0)
(-0.000708994 0.0475598 0)
(-0.00115493 0.0509602 0)
(-0.00159575 0.051483 0)
(-0.00201402 0.0507191 0)
(-0.00240025 0.0493408 0)
(-0.00274907 0.0476073 0)
(-0.00305796 0.045621 0)
(-0.00332638 0.0434326 0)
(-0.00355526 0.0410762 0)
(-0.00374665 0.0385805 0)
(-0.00390349 0.0359711 0)
(-0.0040293 0.033271 0)
(-0.00412787 0.0305002 0)
(-0.0042032 0.0276761 0)
(-0.00425924 0.0248133 0)
(-0.00429968 0.0219235 0)
(-0.00432795 0.019016 0)
(-0.00434715 0.0160979 0)
(-0.00435995 0.0131742 0)
(-0.00436858 0.0102481 0)
(-0.00437483 0.00732173 0)
(-0.00438005 0.00439584 0)
(-0.00438513 0.00147055 0)
(-0.0043905 -0.00145453 0)
(-0.00439611 -0.00437994 0)
(-0.00440147 -0.00730605 0)
(-0.00440563 -0.0102328 0)
(-0.00440717 -0.0131593 0)
(-0.00440418 -0.0160837 0)
(-0.00439428 -0.0190027 0)
(-0.00437465 -0.0219113 0)
(-0.00434213 -0.0248024 0)
(-0.00429308 -0.0276668 0)
(-0.00422353 -0.0304928 0)
(-0.0041294 -0.0332657 0)
(-0.00400655 -0.0359683 0)
(-0.00385087 -0.0385805 0)
(-0.00365865 -0.0410792 0)
(-0.00342683 -0.0434388 0)
(-0.00315321 -0.0456305 0)
(-0.00283684 -0.04762 0)
(-0.00247833 -0.0493567 0)
(-0.00208037 -0.0507377 0)
(-0.00164865 -0.0515036 0)
(-0.00119328 -0.0509815 0)
(-0.00073257 -0.0475801 0)
(-0.000316663 -0.0381343 0)
(-6.47193e-05 -0.0178417 0)
(-0.000106286 0.0180538 0)
(-0.000520414 0.0385827 0)
(-0.00120403 0.0481292 0)
(-0.00196061 0.0515538 0)
(-0.00270762 0.0520598 0)
(-0.00341512 0.0512589 0)
(-0.00406687 0.0498334 0)
(-0.00465376 0.0480475 0)
(-0.00517166 0.0460069 0)
(-0.00561986 0.0437644 0)
(-0.00600019 0.0413561 0)
(-0.0063164 0.0388118 0)
(-0.00657371 0.0361583 0)
(-0.00677833 0.0334189 0)
(-0.00693692 0.0306143 0)
(-0.00705635 0.0277617 0)
(-0.00714342 0.0248754 0)
(-0.00720447 0.021967 0)
(-0.00724539 0.0190454 0)
(-0.0072714 0.0161169 0)
(-0.00728703 0.0131862 0)
(-0.00729608 0.0102559 0)
(-0.00730159 0.00732729 0)
(-0.00730581 0.00440073 0)
(-0.00731028 0.00147566 0)
(-0.00731573 -0.00144894 0)
(-0.0073221 -0.0043742 0)
(-0.00732861 -0.00730113 0)
(-0.00733369 -0.0102303 0)
(-0.007335 -0.0131614 0)
(-0.00732941 -0.0160932 0)
(-0.00731299 -0.019023 0)
(-0.00728104 -0.0219464 0)
(-0.00722823 -0.0248569 0)
(-0.00714852 -0.0277458 0)
(-0.00703527 -0.0306015 0)
(-0.00688153 -0.0334098 0)
(-0.00668026 -0.0361533 0)
(-0.00642448 -0.0388115 0)
(-0.00610775 -0.0413608 0)
(-0.00572468 -0.0437746 0)
(-0.00527135 -0.0460228 0)
(-0.00474588 -0.048069 0)
(-0.00414903 -0.0498602 0)
(-0.0034851 -0.0512904 0)
(-0.00276353 -0.0520947 0)
(-0.00200121 -0.0515901 0)
(-0.00122902 -0.0481638 0)
(-0.000531341 -0.0386106 0)
(-0.000108587 -0.0180677 0)
(-0.000152157 0.0183908 0)
(-0.000744792 0.0392935 0)
(-0.00172244 0.0489995 0)
(-0.00280318 0.0524599 0)
(-0.0038682 0.0529387 0)
(-0.00487426 0.0520795 0)
(-0.00579795 0.05058 0)
(-0.00662639 0.0487123 0)
(-0.00735405 0.0465872 0)
(-0.00798038 0.0442609 0)
(-0.00850859 0.0417724 0)
(-0.00894461 0.0391536 0)
(-0.00929641 0.0364325 0)
(-0.00957329 0.0336335 0)
(-0.00978516 0.0307776 0)
(-0.00994207 0.027882 0)
(-0.0100539 0.0249608 0)
(-0.0101297 0.0220249 0)
(-0.010178 0.0190824 0)
(-0.0102063 0.0161391 0)
(-0.010221 0.0131984 0)
(-0.0102275 0.0102624 0)
(-0.01023 0.00733126 0)
(-0.0102317 0.00440442 0)
(-0.0102348 0.00148041 0)
(-0.0102404 -0.00144269 0)
(-0.0102483 -0.00436693 0)
(-0.0102575 -0.00729426 0)
(-0.0102659 -0.0102261 0)
(-0.0102701 -0.0131633 0)
(-0.0102658 -0.0161053 0)
(-0.0102475 -0.0190505 0)
(-0.0102086 -0.0219954 0)
(-0.0101415 -0.0249343 0)
(-0.0100376 -0.0278591 0)
(-0.00988754 -0.030759 0)
(-0.00968118 -0.03362 0)
(-0.00940826 -0.0364248 0)
(-0.00905857 -0.0391525 0)
(-0.00862253 -0.0417786 0)
(-0.00809192 -0.0442749 0)
(-0.0074606 -0.0466093 0)
(-0.00672527 -0.0487427 0)
(-0.00588648 -0.0506181 0)
(-0.00494991 -0.0521245 0)
(-0.00392879 -0.0529889 0)
(-0.00284723 -0.0525122 0)
(-0.00174956 -0.0490494 0)
(-0.000756627 -0.0393339 0)
(-0.000154643 -0.0184108 0)
(-0.000201213 0.0188513 0)
(-0.00098451 0.0402644 0)
(-0.00227559 0.050187 0)
(-0.00370043 0.053694 0)
(-0.00510083 0.0541327 0)
(-0.00641893 0.0531904 0)
(-0.00762363 0.0515864 0)
(-0.00869827 0.049604 0)
(-0.00963626 0.047361 0)
(-0.0104379 0.0449187 0)
(-0.0111083 0.0423197 0)
(-0.0116565 0.0395989 0)
(-0.0120938 0.0367861 0)
(-0.0124332 0.0339067 0)
(-0.0126884 0.0309821 0)
(-0.0128732 0.0280295 0)
(-0.0130006 0.0250622 0)
(-0.0130829 0.0220905 0)
(-0.0131312 0.0191213 0)
(-0.0131553 0.0161593 0)
(-0.0131637 0.0132069 0)
(-0.0131633 0.0102645 0)
(-0.0131595 0.00733134 0)
(-0.0131567 0.00440551 0)
(-0.0131574 0.00148432 0)
(-0.0131631 -0.00143536 0)
(-0.0131737 -0.00435681 0)
(-0.0131878 -0.0072832 0)
(-0.0132027 -0.0102173 0)
(-0.0132142 -0.013161 0)
(-0.0132167 -0.0161152 0)
(-0.013203 -0.0190795 0)
(-0.0131648 -0.0220515 0)
(-0.0130919 -0.025027 0)
(-0.0129732 -0.0279988 0)
(-0.0127962 -0.0309569 0)
(-0.0125473 -0.0338881 0)
(-0.0122127 -0.036775 0)
(-0.0117784 -0.0395964 0)
(-0.011231 -0.0423269 0)
(-0.0105587 -0.0449362 0)
(-0.00975234 -0.0473894 0)
(-0.0088066 -0.0496435 0)
(-0.00772111 -0.0516365 0)
(-0.00650256 -0.05325 0)
(-0.00516801 -0.0541994 0)
(-0.00374937 -0.0537638 0)
(-0.00230572 -0.0502537 0)
(-0.00099762 -0.0403185 0)
(-0.000203954 -0.0188781 0)
(-0.000254684 0.0194451 0)
(-0.00124554 0.0415153 0)
(-0.00287697 0.0517148 0)
(-0.0046734 0.0552781 0)
(-0.00643282 0.0556598 0)
(-0.00808096 0.0546046 0)
(-0.00957837 0.0528604 0)
(-0.0109047 0.0507254 0)
(-0.0120529 0.0483267 0)
(-0.0130249 0.0457324 0)
(-0.0138292 0.0429901 0)
(-0.0144784 0.0401379 0)
(-0.0149886 0.037208 0)
(-0.0153772 0.034227 0)
(-0.0156624 0.0312164 0)
(-0.015862 0.028193 0)
(-0.0159929 0.0251695 0)
(-0.0160706 0.0221546 0)
(-0.0161092 0.0191541 0)
(-0.0161208 0.0161709 0)
(-0.0161159 0.0132058 0)
(-0.016103 0.0102578 0)
(-0.0160889 0.00732438 0)
(-0.0160787 0.00440211 0)
(-0.0160757 0.00148675 0)
(-0.0160815 -0.00142636 0)
(-0.0160961 -0.00434201 0)
(-0.016118 -0.00726488 0)
(-0.0161436 -0.0101993 0)
(-0.016168 -0.0131487 0)
(-0.0161843 -0.0161158 0)
(-0.0161838 -0.0191016 0)
(-0.0161561 -0.0221055 0)
(-0.0160887 -0.0251247 0)
(-0.0159676 -0.0281537 0)
(-0.0157768 -0.0311837 0)
(-0.0154992 -0.0342022 0)
(-0.0151166 -0.0371925 0)
(-0.0146106 -0.0401332 0)
(-0.0139631 -0.0429974 0)
(-0.0131578 -0.045753 0)
(-0.0121815 -0.0483613 0)
(-0.0110255 -0.0507743 0)
(-0.00968781 -0.0529233 0)
(-0.00817535 -0.05468 0)
(-0.00650896 -0.0557447 0)
(-0.00472901 -0.0553674 0)
(-0.00291123 -0.0518005 0)
(-0.00126041 -0.0415849 0)
(-0.000257774 -0.0194795 0)
(-0.000314097 0.0201853 0)
(-0.00153532 0.0430734 0)
(-0.00354327 0.0536144 0)
(-0.00574794 0.0572412 0)
(-0.00789733 0.0575436 0)
(-0.00989846 0.0563389 0)
(-0.0117027 0.0544113 0)
(-0.0132864 0.0520789 0)
(-0.0146431 0.0494809 0)
(-0.0157779 0.0466941 0)
(-0.0167036 0.0437719 0)
(-0.0174387 0.0407568 0)
(-0.0180047 0.0376833 0)
(-0.0184248 0.0345789 0)
(-0.0187224 0.0314653 0)
(-0.0189201 0.0283584 0)
(-0.019039 0.0252694 0)
(-0.0190983 0.0222055 0)
(-0.0191149 0.0191704 0)
(-0.0191036 0.0161651 0)
(-0.0190768 0.0131883 0)
(-0.0190447 0.0102369 0)
(-0.0190152 0.00730662 0)
(-0.0189943 0.004392 0)
(-0.0189858 0.00148699 0)
(-0.0189918 -0.00141486 0)
(-0.0190122 -0.00432016 0)
(-0.0190451 -0.0072354 0)
(-0.0190866 -0.0101667 0)
(-0.0191307 -0.0131196 0)
(-0.0191695 -0.0160985 0)
(-0.0191927 -0.0191066 0)
(-0.0191879 -0.0221454 0)
(-0.0191401 -0.0252141 0)
(-0.0190322 -0.0283092 0)
(-0.0188447 -0.0314237 0)
(-0.0185562 -0.0345466 0)
(-0.0181437 -0.037662 0)
(-0.0175834 -0.0407485 0)
(-0.0168515 -0.0437783 0)
(-0.0159259 -0.0467169 0)
(-0.0147877 -0.0495214 0)
(-0.0134234 -0.0521376 0)
(-0.0118277 -0.054488 0)
(-0.010007 -0.0564318 0)
(-0.00798534 -0.0576491 0)
(-0.00581244 -0.0573529 0)
(-0.00358306 -0.0537219 0)
(-0.00155257 -0.0431609 0)
(-0.000317655 -0.0202283 0)
(-0.000381443 0.0210896 0)
(-0.00186345 0.0449753 0)
(-0.00429587 0.0559273 0)
(-0.00695669 0.0596218 0)
(-0.00953567 0.0598145 0)
(-0.0119181 0.0584136 0)
(-0.0140455 0.0562497 0)
(-0.0158915 0.0536659 0)
(-0.0174521 0.0508175 0)
(-0.0187374 0.0477916 0)
(-0.0197672 0.0446491 0)
(-0.0205673 0.041437 0)
(-0.0211665 0.038192 0)
(-0.0215952 0.0349426 0)
(-0.0218829 0.0317096 0)
(-0.0220579 0.0285077 0)
(-0.0221457 0.0253459 0)
(-0.0221696 0.022229 0)
(-0.0221496 0.0191581 0)
(-0.0221029 0.0161317 0)
(-0.022044 0.013146 0)
(-0.0219847 0.0101955 0)
(-0.0219338 0.00727351 0)
(-0.0218983 0.00437247 0)
(-0.0218825 0.00148416 0)
(-0.0218886 -0.00139996 0)
(-0.0219167 -0.00428855 0)
(-0.0219645 -0.00719017 0)
(-0.0220278 -0.0101131 0)
(-0.0220998 -0.013065 0)
(-0.0221713 -0.0160527 0)
(-0.0222308 -0.0190819 0)
(-0.0222636 -0.0221566 0)
(-0.0222525 -0.0252787 0)
(-0.0221772 -0.0284471 0)
(-0.0220142 -0.0316575 0)
(-0.0217375 -0.0349009 0)
(-0.0213185 -0.038163 0)
(-0.0207271 -0.0414232 0)
(-0.0199323 -0.044653 0)
(-0.0189043 -0.0478154 0)
(-0.0176167 -0.0508631 0)
(-0.016049 -0.0537345 0)
(-0.0141905 -0.0563411 0)
(-0.012045 -0.0585262 0)
(-0.00963924 -0.0599437 0)
(-0.00703292 -0.0597594 0)
(-0.00434296 -0.0560603 0)
(-0.00188383 -0.0450836 0)
(-0.000385618 -0.0211426 0)
(-0.000459399 0.0221814 0)
(-0.00224264 0.0472691 0)
(-0.00516283 0.0587082 0)
(-0.008342 0.0624689 0)
(-0.0114005 0.0625102 0)
(-0.0141982 0.060853 0)
(-0.0166663 0.0583862 0)
(-0.0187774 0.0554854 0)
(-0.0205325 0.0523257 0)
(-0.0219499 0.0490073 0)
(-0.0230591 0.0455993 0)
(-0.023896 0.0421534 0)
(-0.0244991 0.0387084 0)
(-0.0249071 0.0352927 0)
(-0.0251573 0.0319255 0)
(-0.0252839 0.0286189 0)
(-0.0253177 0.0253791 0)
(-0.0252861 0.0222076 0)
(-0.0252122 0.0191023 0)
(-0.0251157 0.0160584 0)
(-0.025013 0.0130691 0)
(-0.0249172 0.010126 0)
(-0.0248382 0.00721975 0)
(-0.0247836 0.00434035 0)
(-0.0247583 0.00147719 0)
(-0.0247645 -0.00138061 0)
(-0.0248024 -0.00424399 0)
(-0.0248696 -0.00712384 0)
(-0.0249614 -0.0100308 0)
(-0.0250704 -0.0129751 0)
(-0.0251865 -0.0159662 0)
(-0.0252966 -0.0190128 0)
(-0.0253846 -0.0221218 0)
(-0.0254306 -0.0252985 0)
(-0.025411 -0.0285451 0)
(-0.0252985 -0.0318607 0)
(-0.0250618 -0.0352394 0)
(-0.0246661 -0.0386695 0)
(-0.0240735 -0.0421319 0)
(-0.0232446 -0.0455985 0)
(-0.0221397 -0.0490303 0)
(-0.0207219 -0.0523754 0)
(-0.0189608 -0.0555636 0)
(-0.0168369 -0.0584934 0)
(-0.014349 -0.0609875 0)
(-0.0115245 -0.0626667 0)
(-0.00843372 -0.0626371 0)
(-0.00521961 -0.0588716 0)
(-0.00226716 -0.0474022 0)
(-0.000464379 -0.0222463 0)
(-0.000551622 0.023492 0)
(-0.00269022 0.0500186 0)
(-0.00618201 0.0620285 0)
(-0.00996018 0.0658454 0)
(-0.0135607 0.0656772 0)
(-0.0168134 0.0636844 0)
(-0.0196395 0.0608302 0)
(-0.0220137 0.0575315 0)
(-0.023946 0.053988 0)
(-0.0254677 0.0503154 0)
(-0.026622 0.0465918 0)
(-0.0274583 0.0428733 0)
(-0.0280273 0.0391996 0)
(-0.0283781 0.0355974 0)
(-0.0285567 0.0320833 0)
(-0.0286042 0.0286654 0)
(-0.028557 0.0253457 0)
(-0.0284464 0.0221213 0)
(-0.0282988 0.0189861 0)
(-0.0281362 0.0159312 0)
(-0.0279765 0.0129463 0)
(-0.027834 0.0100199 0)
(-0.0277194 0.00713945 0)
(-0.0276409 0.00429218 0)
(-0.0276035 0.00146491 0)
(-0.0276098 -0.00135569 0)
(-0.0276599 -0.00418306 0)
(-0.0277513 -0.00703056 0)
(-0.027879 -0.00991146 0)
(-0.0280352 -0.0128387 0)
(-0.028209 -0.015825 0)
(-0.0283863 -0.0188821 0)
(-0.0285493 -0.0220207 0)
(-0.0286759 -0.0252499 0)
(-0.0287394 -0.0285764 0)
(-0.0287084 -0.0320035 0)
(-0.0285463 -0.0355298 0)
(-0.0282111 -0.0391476 0)
(-0.0276563 -0.0428409 0)
(-0.0268316 -0.0465833 0)
(-0.0256851 -0.050335 0)
(-0.024166 -0.0540398 0)
(-0.0222295 -0.0576186 0)
(-0.0198429 -0.0609541 0)
(-0.0169952 -0.0638437 0)
(-0.0137117 -0.0658657 0)
(-0.0100726 -0.0660504 0)
(-0.00625181 -0.0622289 0)
(-0.00272027 -0.0501821 0)
(-0.000557651 -0.0235713 0)
(-0.000663251 0.0250635 0)
(-0.00323049 0.0533095 0)
(-0.00740593 0.0659822 0)
(-0.0118879 0.0698316 0)
(-0.0161076 0.0693714 0)
(-0.01986 0.0669374 0)
(-0.0230584 0.0635872 0)
(-0.0256848 0.0597901 0)
(-0.0277652 0.0557764 0)
(-0.02935 0.0516791 0)
(-0.0305021 0.0475853 0)
(-0.0312885 0.0435539 0)
(-0.031775 0.0396237 0)
(-0.0320234 0.0358179 0)
(-0.0320892 0.0321478 0)
(-0.0320214 0.028616 0)
(-0.0318618 0.0252185 0)
(-0.0316457 0.0219471 0)
(-0.0314022 0.0187902 0)
(-0.0311554 0.0157346 0)
(-0.0309243 0.0127656 0)
(-0.030724 0.00986805 0)
(-0.0305659 0.00702614 0)
(-0.0304582 0.00422408 0)
(-0.0304061 0.00144598 0)
(-0.0304125 -0.0013241 0)
(-0.0304772 -0.00410213 0)
(-0.030598 -0.0069041 0)
(-0.0307695 -0.00974601 0)
(-0.0309839 -0.0126439 0)
(-0.0312298 -0.0156135 0)
(-0.0314923 -0.0186706 0)
(-0.0317524 -0.02183 0)
(-0.0319863 -0.0251056 0)
(-0.0321646 -0.0285093 0)
(-0.0322518 -0.0320501 0)
(-0.0322058 -0.0357325 0)
(-0.0319771 -0.0395548 0)
(-0.0315094 -0.0435064 0)
(-0.0307396 -0.0475647 0)
(-0.0296003 -0.0516914 0)
(-0.0280224 -0.0558273 0)
(-0.0259412 -0.0598846 0)
(-0.0233039 -0.0637283 0)
(-0.0200825 -0.0671243 0)
(-0.0162946 -0.0695975 0)
(-0.0120284 -0.0700812 0)
(-0.00749356 -0.0662282 0)
(-0.00326812 -0.0535107 0)
(-0.000670684 -0.0251605 0)
(-0.000801875 0.0269534 0)
(-0.0038988 0.0572575 0)
(-0.00890953 0.0706934 0)
(-0.014232 0.0745291 0)
(-0.019165 0.0736588 0)
(-0.0234645 0.070641 0)
(-0.0270411 0.0666544 0)
(-0.0298937 0.0622346 0)
(-0.0320746 0.0576479 0)
(-0.033663 0.0530462 0)
(-0.0347481 0.0485239 0)
(-0.03542 0.0441399 0)
(-0.0357632 0.0399287 0)
(-0.0358539 0.0359067 0)
(-0.0357585 0.032077 0)
(-0.0355334 0.0284343 0)
(-0.0352258 0.0249668 0)
(-0.0348746 0.0216592 0)
(-0.0345112 0.0184938 0)
(-0.0341607 0.0154517 0)
(-0.033843 0.0125138 0)
(-0.0335734 0.0096606 0)
(-0.0333633 0.00687301 0)
(-0.0332209 0.00413207 0)
(-0.0331516 0.00141907 0)
(-0.0331578 -0.00128452 0)
(-0.0332398 -0.00399724 0)
(-0.0333951 -0.0067377 0)
(-0.0336187 -0.00952471 0)
(-0.0339026 -0.0123773 0)
(-0.0342357 -0.015315 0)
(-0.0346027 -0.0183574 0)
(-0.0349842 -0.0215242 0)
(-0.035355 -0.0248347 0)
(-0.0356837 -0.0283072 0)
(-0.0359315 -0.0319579 0)
(-0.0360509 -0.0357993 0)
(-0.0359849 -0.0398382 0)
(-0.0356663 -0.044072 0)
(-0.0350174 -0.0484857 0)
(-0.0339518 -0.0530456 0)
(-0.0323771 -0.0576931 0)
(-0.0302008 -0.0623332 0)
(-0.0273404 -0.066812 0)
(-0.0237405 -0.0708586 0)
(-0.0194005 -0.0739294 0)
(-0.0144112 -0.0748337 0)
(-0.00902208 -0.0709971 0)
(-0.00394706 -0.0575066 0)
(-0.000811258 -0.0270726 0)
(-0.000979295 0.0292419 0)
(-0.00474853 0.0620224 0)
(-0.0108029 0.0763282 0)
(-0.0171443 0.0800663 0)
(-0.0229028 0.0786146 0)
(-0.0277938 0.0748187 0)
(-0.0317372 0.0700136 0)
(-0.0347651 0.0648173 0)
(-0.036972 0.0595376 0)
(-0.0384782 0.0543439 0)
(-0.039409 0.0493338 0)
(-0.0398833 0.0445611 0)
(-0.0400078 0.0400506 0)
(-0.0398746 0.0358072 0)
(-0.0395611 0.0318223 0)
(-0.0391311 0.0280792 0)
(-0.0386364 0.0245564 0)
(-0.0381182 0.0212297 0)
(-0.0376092 0.0180742 0)
(-0.0371349 0.0150648 0)
(-0.036715 0.0121771 0)
(-0.0363643 0.00938745 0)
(-0.036094 0.00667312 0)
(-0.0359116 0.00401203 0)
(-0.0358222 0.00138276 0)
(-0.0358283 -0.00123575 0)
(-0.0359299 -0.00386449 0)
(-0.0361249 -0.00652459 0)
(-0.0364087 -0.00923758 0)
(-0.0367737 -0.0120256 0)
(-0.0372093 -0.0149118 0)
(-0.037701 -0.01792 0)
(-0.0382292 -0.0210751 0)
(-0.0387688 -0.0244027 0)
(-0.0392873 -0.0279286 0)
(-0.0397435 -0.0316778 0)
(-0.0400856 -0.035673 0)
(-0.0402494 -0.0399324 0)
(-0.0401566 -0.0444658 0)
(-0.0397137 -0.0492702 0)
(-0.0388118 -0.0543224 0)
(-0.0373289 -0.0595696 0)
(-0.0351353 -0.0649143 0)
(-0.0321059 -0.0701852 0)
(-0.0281409 -0.0750691 0)
(-0.0232049 -0.0789377 0)
(-0.0173779 -0.0804394 0)
(-0.0109512 -0.0767059 0)
(-0.00481216 -0.0623339 0)
(-0.000991493 -0.0293898 0)
(-0.00121487 0.0320446 0)
(-0.0058636 0.067829 0)
(-0.0132526 0.0831104 0)
(-0.0208457 0.0866043 0)
(-0.0275572 0.0843191 0)
(-0.0330693 0.0794785 0)
(-0.0373354 0.073619 0)
(-0.0404478 0.0674586 0)
(-0.0425663 0.061349 0)
(-0.0438696 0.0554712 0)
(-0.0445298 0.0499179 0)
(-0.0447011 0.044729 0)
(-0.044515 0.0399117 0)
(-0.0440801 0.0354531 0)
(-0.0434842 0.0313281 0)
(-0.042797 0.0275052 0)
(-0.042073 0.0239504 0)
(-0.0413545 0.0206292 0)
(-0.0406738 0.0175083 0)
(-0.0400555 0.0145559 0)
(-0.039518 0.011742 0)
(-0.039075 0.00903873 0)
(-0.0387364 0.00641972 0)
(-0.038509 0.00386 0)
(-0.0383971 0.00133563 0)
(-0.0384028 -0.00117673 0)
(-0.0385263 -0.00370025 0)
(-0.0387659 -0.00625835 0)
(-0.0391174 -0.00887506 0)
(-0.0395745 -0.0115755 0)
(-0.0401277 -0.0143862 0)
(-0.0407638 -0.0173355 0)
(-0.0414646 -0.0204536 0)
(-0.0422062 -0.023773 0)
(-0.0429565 -0.027328 0)
(-0.0436736 -0.031154 0)
(-0.0443032 -0.0352865 0)
(-0.0447755 -0.0397586 0)
(-0.045002 -0.0445976 0)
(-0.0448728 -0.0498189 0)
(-0.0442539 -0.0554178 0)
(-0.0429876 -0.0613567 0)
(-0.0408961 -0.0675445 0)
(-0.0377935 -0.0737986 0)
(-0.0335119 -0.0797621 0)
(-0.0279519 -0.0847035 0)
(-0.0211577 -0.0870632 0)
(-0.0134539 -0.0835853 0)
(-0.00595047 -0.0682241 0)
(-0.00123134 -0.0322307 0)
(-0.00154254 0.0355348 0)
(-0.00738214 0.0750019 0)
(-0.0165182 0.0913439 0)
(-0.0256628 0.0943395 0)
(-0.033459 0.090847 0)
(-0.0395834 0.084595 0)
(-0.0440693 0.0773784 0)
(-0.0471128 0.0700308 0)
(-0.0489717 0.0629418 0)
(-0.0499045 0.0562911 0)
(-0.0501424 0.0501512 0)
(-0.0498796 0.0445344 0)
(-0.0492736 0.03942 0)
(-0.0484481 0.0347687 0)
(-0.0474989 0.0305332 0)
(-0.0464986 0.0266634 0)
(-0.0455021 0.0231104 0)
(-0.04455 0.0198279 0)
(-0.0436724 0.0167733 0)
(-0.042891 0.0139076 0)
(-0.0422219 0.0111957 0)
(-0.0416764 0.00860518 0)
(-0.0412624 0.0061066 0)
(-0.0409854 0.00367239 0)
(-0.0408487 0.00127645 0)
(-0.0408539 -0.00110642 0)
(-0.0410013 -0.00350117 0)
(-0.0412895 -0.00593305 0)
(-0.0417155 -0.00842823 0)
(-0.0422745 -0.0110144 0)
(-0.042959 -0.0137212 0)
(-0.043758 -0.0165812 0)
(-0.0446564 -0.0196302 0)
(-0.0456328 -0.0229075 0)
(-0.0466578 -0.0264567 0)
(-0.0476915 -0.0303251 0)
(-0.0486797 -0.0345634 0)
(-0.04955 -0.0392237 0)
(-0.0502066 -0.0443563 0)
(-0.0505246 -0.0500035 0)
(-0.0503445 -0.0561905 0)
(-0.0494677 -0.0629088 0)
(-0.0476564 -0.0700896 0)
(-0.0446422 -0.0775542 0)
(-0.0401544 -0.0849076 0)
(-0.0339843 -0.0913005 0)
(-0.0260903 -0.0949065 0)
(-0.0168011 -0.0919487 0)
(-0.00750611 -0.0755126 0)
(-0.00156602 -0.0357736 0)
(-0.00202608 0.0399849 0)
(-0.00954193 0.0840215 0)
(-0.0210141 0.101442 0)
(-0.0320814 0.1035 0)
(-0.0410662 0.0982415 0)
(-0.0477106 0.090077 0)
(-0.0522124 0.0811235 0)
(-0.0549377 0.072334 0)
(-0.0562868 0.0641158 0)
(-0.0566222 0.0566205 0)
(-0.056244 0.0498753 0)
(-0.0553887 0.0438461 0)
(-0.0542368 0.0384693 0)
(-0.0529229 0.0336701 0)
(-0.0515455 0.0293725 0)
(-0.0501757 0.0255039 0)
(-0.0488645 0.0219984 0)
(-0.0476476 0.018797 0)
(-0.04655 0.0158476 0)
(-0.045589 0.0131042 0)
(-0.0447764 0.0105266 0)
(-0.04412 0.00807872 0)
(-0.0436251 0.00572838 0)
(-0.043295 0.00344604 0)
(-0.0431316 0.00120403 0)
(-0.0431361 -0.00102413 0)
(-0.0433087 -0.00326458 0)
(-0.0436486 -0.00554383 0)
(-0.0441543 -0.00788955 0)
(-0.044823 -0.0103314 0)
(-0.0456501 -0.0129016 0)
(-0.0466281 -0.0156365 0)
(-0.0477462 -0.0185767 0)
(-0.0489879 -0.0217685 0)
(-0.0503292 -0.025265 0)
(-0.0517353 -0.0291261 0)
(-0.0531566 -0.0334198 0)
(-0.0545229 -0.0382208 0)
(-0.0557365 -0.0436087 0)
(-0.0566625 -0.0496627 0)
(-0.0571191 -0.0564522 0)
(-0.0568657 -0.0640183 0)
(-0.0555945 -0.0723409 0)
(-0.0529302 -0.0812731 0)
(-0.048454 -0.0904057 0)
(-0.0417772 -0.0987681 0)
(-0.0326829 -0.104201 0)
(-0.0214268 -0.102223 0)
(-0.00972856 -0.0846979 0)
(-0.00206225 -0.0403006 0)
(-0.00279197 0.0458491 0)
(-0.012765 0.0956139 0)
(-0.0274041 0.113954 0)
(-0.0408107 0.114317 0)
(-0.0509825 0.106461 0)
(-0.0578875 0.0957111 0)
(-0.062032 0.0845633 0)
(-0.0640486 0.0740649 0)
(-0.0645323 0.0645921 0)
(-0.0639712 0.0562209 0)
(-0.0627378 0.0488964 0)
(-0.0611055 0.0425113 0)
(-0.0592691 0.0369425 0)
(-0.0573645 0.032069 0)
(-0.0554847 0.0277801 0)
(-0.0536922 0.0239784 0)
(-0.0520285 0.0205794 0)
(-0.0505204 0.0175114 0)
(-0.0491846 0.0147133 0)
(-0.0480314 0.0121331 0)
(-0.0470667 0.00972602 0)
(-0.0462938 0.00745344 0)
(-0.0457143 0.00528125 0)
(-0.0453289 0.00317874 0)
(-0.0451378 0.00111751 0)
(-0.0451413 -0.000929473 0)
(-0.0453396 -0.00298876 0)
(-0.0457329 -0.00508734 0)
(-0.0463214 -0.00725361 0)
(-0.0471047 -0.00951829 0)
(-0.0480819 -0.0119155 0)
(-0.0492506 -0.0144841 0)
(-0.0506056 -0.0172688 0)
(-0.0521379 -0.020322 0)
(-0.0538318 -0.0237055 0)
(-0.0556622 -0.0274921 0)
(-0.0575896 -0.0317677 0)
(-0.0595533 -0.0366324 0)
(-0.0614623 -0.0422007 0)
(-0.063182 -0.0485992 0)
(-0.064518 -0.0559587 0)
(-0.0651945 -0.0643972 0)
(-0.0648314 -0.0739817 0)
(-0.0629255 -0.0846483 0)
(-0.0588562 -0.0960261 0)
(-0.0519549 -0.107053 0)
(-0.0416756 -0.115181 0)
(-0.0280286 -0.114978 0)
(-0.0130629 -0.0965361 0)
(-0.00285322 -0.0462847 0)
(-0.00409658 0.0539265 0)
(-0.0178021 0.110883 0)
(-0.0367142 0.129569 0)
(-0.0527991 0.126941 0)
(-0.063879 0.115266 0)
(-0.070469 0.101065 0)
(-0.0736125 0.0872164 0)
(-0.0743301 0.0747761 0)
(-0.0734605 0.0639931 0)
(-0.0716245 0.0547924 0)
(-0.069255 0.0469857 0)
(-0.0666432 0.0403607 0)
(-0.0639798 0.0347168 0)
(-0.0613862 0.029878 0)
(-0.0589373 0.0256952 0)
(-0.0566779 0.0220446 0)
(-0.054633 0.0188247 0)
(-0.0528153 0.0159519 0)
(-0.05123 0.0133579 0)
(-0.049878 0.010986 0)
(-0.0487575 0.00878885 0)
(-0.0478661 0.00672621 0)
(-0.0472009 0.00476335 0)
(-0.0467596 0.00286947 0)
(-0.0465404 0.00101641 0)
(-0.0465426 -0.000822444 0)
(-0.0467662 -0.00267316 0)
(-0.0472126 -0.0045623 0)
(-0.0478837 -0.00651794 0)
(-0.0487826 -0.00857084 0)
(-0.0499126 -0.0107557 0)
(-0.0512771 -0.0131125 0)
(-0.0528786 -0.0156887 0)
(-0.0547177 -0.0185409 0)
(-0.0567906 -0.0217379 0)
(-0.0590869 -0.0253639 0)
(-0.0615839 -0.0295216 0)
(-0.0642402 -0.0343372 0)
(-0.0669843 -0.0399635 0)
(-0.0696987 -0.0465828 0)
(-0.072196 -0.0544053 0)
(-0.0741859 -0.0636577 0)
(-0.0752312 -0.0745477 0)
(-0.0746965 -0.0871738 0)
(-0.0717118 -0.101307 0)
(-0.0652024 -0.115888 0)
(-0.0540525 -0.127984 0)
(-0.0376824 -0.130922 0)
(-0.0183027 -0.112181 0)
(-0.00421006 -0.0545641 0)
(-0.00644691 0.0656706 0)
(-0.0259209 0.131459 0)
(-0.0503315 0.149001 0)
(-0.0689845 0.141209 0)
(-0.0800597 0.124004 0)
(-0.0851962 0.10533 0)
(-0.0862856 0.0883185 0)
(-0.0848543 0.0738321 0)
(-0.0819977 0.0618294 0)
(-0.0784383 0.0519764 0)
(-0.0746272 0.0438896 0)
(-0.0708342 0.0372199 0)
(-0.0672143 0.0316754 0)
(-0.063851 0.0270205 0)
(-0.0607849 0.0230685 0)
(-0.0580312 0.0196723 0)
(-0.055591 0.0167161 0)
(-0.0534579 0.0141084 0)
(-0.051622 0.0117762 0)
(-0.0500725 0.00966089 0)
(-0.0487987 0.0077145 0)
(-0.0477915 0.00589716 0)
(-0.0470429 0.00417499 0)
(-0.0465471 0.00251834 0)
(-0.0463001 0.000900446 0)
(-0.0463001 -0.000703829 0)
(-0.0465473 -0.00231904 0)
(-0.0470437 -0.00397023 0)
(-0.0477938 -0.00568405 0)
(-0.0488037 -0.00748996 0)
(-0.0500819 -0.00942162 0)
(-0.0516384 -0.0115186 0)
(-0.0534847 -0.0138286 0)
(-0.055633 -0.0164099 0)
(-0.0580948 -0.0193353 0)
(-0.0608791 -0.0226964 0)
(-0.063988 -0.0266095 0)
(-0.0674104 -0.0312232 0)
(-0.0711112 -0.0367273 0)
(-0.0750136 -0.0433631 0)
(-0.0789705 -0.0514333 0)
(-0.0827189 -0.0613041 0)
(-0.0858113 -0.0733867 0)
(-0.0875172 -0.0880541 0)
(-0.0867106 -0.105393 0)
(-0.0817955 -0.12457 0)
(-0.0707611 -0.142413 0)
(-0.0518265 -0.150778 0)
(-0.0267824 -0.133333 0)
(-0.00666832 -0.0666682 0)
(-0.0107432 0.083663 0)
(-0.0389241 0.159465 0)
(-0.0693941 0.172527 0)
(-0.089124 0.156139 0)
(-0.0979873 0.131224 0)
(-0.0996119 0.107099 0)
(-0.0970438 0.0867222 0)
(-0.0923312 0.0703846 0)
(-0.0867384 0.0575117 0)
(-0.0809843 0.047382 0)
(-0.0754476 0.0393583 0)
(-0.070311 0.032935 0)
(-0.0656481 0.0277272 0)
(-0.0614747 0.0234459 0)
(-0.0577778 0.0198747 0)
(-0.0545314 0.0168512 0)
(-0.0517053 0.0142524 0)
(-0.0492695 0.0119842 0)
(-0.0471964 0.00997369 0)
(-0.045462 0.00816378 0)
(-0.044046 0.00650866 0)
(-0.0429317 0.00497096 0)
(-0.0421061 0.00351939 0)
(-0.0415598 0.00212695 0)
(-0.0412864 0.000769483 0)
(-0.0412831 -0.000575549 0)
(-0.0415497 -0.0019301 0)
(-0.0420896 -0.00331657 0)
(-0.0429091 -0.00475896 0)
(-0.044018 -0.00628399 0)
(-0.0454297 -0.00792256 0)
(-0.0471614 -0.00971156 0)
(-0.049234 -0.0116961 0)
(-0.0516729 -0.0139328 0)
(-0.0545071 -0.0164936 0)
(-0.0577689 -0.0194718 0)
(-0.061492 -0.0229899 0)
(-0.065707 -0.0272104 0)
(-0.0704338 -0.0323509 0)
(-0.0756659 -0.0387043 0)
(-0.0813422 -0.0466645 0)
(-0.0872956 -0.0567553 0)
(-0.0931632 -0.069647 0)
(-0.0982356 -0.0861174 0)
(-0.101234 -0.106822 0)
(-0.100042 -0.131559 0)
(-0.0914476 -0.157388 0)
(-0.0715723 -0.174781 0)
(-0.0403641 -0.162185 0)
(-0.0111686 -0.0853049 0)
(-0.0181615 0.112202 0)
(-0.058123 0.196696 0)
(-0.092177 0.19864 0)
(-0.108196 0.168855 0)
(-0.110361 0.13407 0)
(-0.105158 0.104116 0)
(-0.09677 0.0808503 0)
(-0.0874814 0.0634172 0)
(-0.0784331 0.0504248 0)
(-0.0701175 0.040658 0)
(-0.0626937 0.0332056 0)
(-0.0561649 0.0274186 0)
(-0.0504695 0.0228417 0)
(-0.0455246 0.0191547 0)
(-0.0412464 0.0161302 0)
(-0.0375585 0.0136046 0)
(-0.0343947 0.0114585 0)
(-0.0316993 0.00960327 0)
(-0.0294262 0.0079719 0)
(-0.0275379 0.00651296 0)
(-0.0260044 0.00518605 0)
(-0.0248022 0.00395866 0)
(-0.0239132 0.00280396 0)
(-0.0233246 0.00169906 0)
(-0.0230279 0.000623616 0)
(-0.023019 -0.000441188 0)
(-0.0232979 -0.00151366 0)
(-0.0238685 -0.0026125 0)
(-0.0247392 -0.0037578 0)
(-0.025923 -0.00497213 0)
(-0.0274377 -0.00628181 0)
(-0.0293072 -0.0077187 0)
(-0.0315615 -0.00932231 0)
(-0.0342388 -0.011143 0)
(-0.0373861 -0.0132464 0)
(-0.0410605 -0.0157195 0)
(-0.0453306 -0.0186798 0)
(-0.0502769 -0.0222892 0)
(-0.0559893 -0.0267735 0)
(-0.0625604 -0.0324531 0)
(-0.070067 -0.0397878 0)
(-0.0785281 -0.0494401 0)
(-0.0878151 -0.0623533 0)
(-0.0974717 -0.0798089 0)
(-0.106384 -0.103317 0)
(-0.112235 -0.133915 0)
(-0.110676 -0.16988 0)
(-0.0948791 -0.201262 0)
(-0.0602624 -0.200512 0)
(-0.0188943 -0.114951 0)
(-0.0288257 0.158177 0)
(-0.0800819 0.241519 0)
(-0.106682 0.220645 0)
(-0.107992 0.17253 0)
(-0.0959755 0.127424 0)
(-0.079607 0.0931012 0)
(-0.0631905 0.0688077 0)
(-0.0483637 0.0519335 0)
(-0.0355632 0.0401026 0)
(-0.0247103 0.0316304 0)
(-0.0155607 0.0254084 0)
(-0.00784619 0.0207193 0)
(-0.00132604 0.0170967 0)
(0.00419986 0.0142321 0)
(0.00889217 0.0119168 0)
(0.0128784 0.0100063 0)
(0.0162594 0.0083987 0)
(0.0191142 0.00702004 0)
(0.021505 0.00581577 0)
(0.0234805 0.00474466 0)
(0.0250788 0.00377485 0)
(0.0263289 0.00288104 0)
(0.0272527 0.00204255 0)
(0.0278657 0.00124189 0)
(0.0281781 0.000463657 0)
(0.0281949 -0.000306334 0)
(0.0279163 -0.00108185 0)
(0.0273377 -0.00187696 0)
(0.0264496 -0.00270685 0)
(0.0252368 -0.00358862 0)
(0.023678 -0.00454242 0)
(0.0217446 -0.0055928 0)
(0.0193993 -0.00677066 0)
(0.0165938 -0.00811594 0)
(0.0132664 -0.00968151 0)
(0.00933821 -0.011539 0)
(0.00470852 -0.0137876 0)
(-0.000751158 -0.0165681 0)
(-0.00720409 -0.020085 0)
(-0.0148557 -0.0246426 0)
(-0.0239573 -0.0307045 0)
(-0.0347975 -0.038991 0)
(-0.047656 -0.050631 0)
(-0.0626692 -0.0673666 0)
(-0.0794887 -0.0917077 0)
(-0.0965231 -0.126553 0)
(-0.109397 -0.172942 0)
(-0.108861 -0.223255 0)
(-0.0824546 -0.246461 0)
(-0.0297842 -0.162739 0)
(-0.0363452 0.228439 0)
(-0.085156 0.280321 0)
(-0.075288 0.220807 0)
(-0.0430403 0.154206 0)
(-0.00821227 0.103891 0)
(0.022376 0.0704266 0)
(0.0472393 0.0491439 0)
(0.0669668 0.0355679 0)
(0.0825605 0.0266609 0)
(0.0949927 0.0205948 0)
(0.105023 0.0163023 0)
(0.113214 0.0131548 0)
(0.119975 0.0107719 0)
(0.125604 0.00891596 0)
(0.13032 0.00743323 0)
(0.134285 0.00622104 0)
(0.137621 0.00520846 0)
(0.14042 0.00434523 0)
(0.142753 0.0035949 0)
(0.144675 0.00293024 0)
(0.146226 0.00233044 0)
(0.147438 0.00177916 0)
(0.148334 0.00126312 0)
(0.148931 0.00077116 0)
(0.149239 0.000293525 0)
(0.149264 -0.000178741 0)
(0.149007 -0.000654308 0)
(0.148462 -0.00114205 0)
(0.14762 -0.00165155 0)
(0.146465 -0.00219364 0)
(0.144975 -0.00278115 0)
(0.143121 -0.00342975 0)
(0.140862 -0.00415946 0)
(0.138145 -0.00499638 0)
(0.134903 -0.00597533 0)
(0.131046 -0.00714443 0)
(0.126455 -0.00857158 0)
(0.120972 -0.0103555 0)
(0.114381 -0.0126445 0)
(0.106389 -0.0156688 0)
(0.0965894 -0.0197996 0)
(0.0844162 -0.0256571 0)
(0.0690941 -0.0343072 0)
(0.0496054 -0.047605 0)
(0.0248105 -0.0686937 0)
(-0.00597975 -0.102331 0)
(-0.0413905 -0.153719 0)
(-0.0746847 -0.222784 0)
(-0.0860051 -0.285679 0)
(-0.0367508 -0.235064 0)
(-0.00112955 0.287921 0)
(-0.00557889 0.269771 0)
(0.0882056 0.171679 0)
(0.170513 0.102165 0)
(0.227997 0.0608142 0)
(0.267892 0.0373722 0)
(0.29595 0.0242823 0)
(0.316093 0.01676 0)
(0.330985 0.0121972 0)
(0.34234 0.00925418 0)
(0.35123 0.00724464 0)
(0.35834 0.00580454 0)
(0.364122 0.00473042 0)
(0.368886 0.00390221 0)
(0.372845 0.00324526 0)
(0.376154 0.00271105 0)
(0.378925 0.00226669 0)
(0.381243 0.00188919 0)
(0.38317 0.00156198 0)
(0.384754 0.00127284 0)
(0.386031 0.00101244 0)
(0.387029 0.000773531 0)
(0.387768 0.000550203 0)
(0.388262 0.000337534 0)
(0.388521 0.000131233 0)
(0.388549 -7.26209e-05 0)
(0.388346 -0.000277833 0)
(0.38791 -0.000488293 0)
(0.387231 -0.000708198 0)
(0.386297 -0.000942301 0)
(0.385089 -0.00119623 0)
(0.383581 -0.0014769 0)
(0.381739 -0.00179317 0)
(0.379517 -0.00215666 0)
(0.376857 -0.00258296 0)
(0.373677 -0.00309378 0)
(0.369872 -0.00372015 0)
(0.365292 -0.00450799 0)
(0.359734 -0.00552793 0)
(0.352902 -0.00689391 0)
(0.34436 -0.00879986 0)
(0.333442 -0.0115952 0)
(0.319098 -0.0159456 0)
(0.299623 -0.0231699 0)
(0.272301 -0.0358912 0)
(0.23309 -0.0590344 0)
(0.176053 -0.100754 0)
(0.0935354 -0.172058 0)
(-0.00222344 -0.273136 0)
(0.00113429 -0.292696 0)
(0.291124 0.153003 0)
(0.38294 0.122727 0)
(0.538701 0.0661844 0)
(0.633007 0.0337743 0)
(0.680524 0.017532 0)
(0.706905 0.00955861 0)
(0.723126 0.00565713 0)
(0.733822 0.00367393 0)
(0.741346 0.00258479 0)
(0.746935 0.00192835 0)
(0.751252 0.00149771 0)
(0.754681 0.00119558 0)
(0.757458 0.000972564 0)
(0.759739 0.000801464 0)
(0.761632 0.000666099 0)
(0.763211 0.000556208 0)
(0.764533 0.00046492 0)
(0.765637 0.000387443 0)
(0.766554 0.000320351 0)
(0.767308 0.000261121 0)
(0.767917 0.000207837 0)
(0.768392 0.000158995 0)
(0.768744 0.000113373 0)
(0.768981 6.99553e-05 0)
(0.769106 2.78666e-05 0)
(0.769121 -1.36893e-05 0)
(0.769028 -5.55001e-05 0)
(0.768824 -9.8368e-05 0)
(0.768505 -0.000143157 0)
(0.768065 -0.000190832 0)
(0.767496 -0.00024253 0)
(0.766785 -0.000299667 0)
(0.765915 -0.000364068 0)
(0.764865 -0.000438109 0)
(0.763606 -0.000524956 0)
(0.7621 -0.000629046 0)
(0.760295 -0.000756779 0)
(0.758118 -0.000917691 0)
(0.75547 -0.00112669 0)
(0.752203 -0.00140874 0)
(0.748091 -0.00180899 0)
(0.742772 -0.00241606 0)
(0.735611 -0.00341903 0)
(0.725423 -0.00524466 0)
(0.709906 -0.00886467 0)
(0.684479 -0.0163952 0)
(0.638294 -0.032166 0)
(0.545212 -0.0645202 0)
(0.38804 -0.122181 0)
(0.293833 -0.153526 0)
)
;

boundaryField
{
    movingWallTop
    {
        type            fixedValue;
        value           uniform (1 0 0);
    }
    movingWallBottom
    {
        type            fixedValue;
        value           uniform (-1 0 0);
    }
    fixedWalls
    {
        type            noSlip;
    }
    frontAndBack
    {
        type            empty;
    }
}


// ************************************************************************* //
