/*--------------------------------*- C++ -*----------------------------------*\
  =========                 |
  \\      /  F ield         | OpenFOAM: The Open Source CFD Toolbox
   \\    /   O peration     | Website:  https://openfoam.org
    \\  /    A nd           | Version:  7
     \\/     M anipulation  |
\*---------------------------------------------------------------------------*/
FoamFile
{
    version     2.0;
    format      ascii;
    class       volVectorField;
    location    "0.0304";
    object      U;
}
// * * * * * * * * * * * * * * * * * * * * * * * * * * * * * * * * * * * * * //

dimensions      [0 1 -1 0 0 0 0];

internalField   nonuniform List<vector> 
2500
(
(-0.293821 0.153742 0)
(-0.397981 0.128735 0)
(-0.578001 0.0737894 0)
(-0.696225 0.0408558 0)
(-0.765097 0.0233621 0)
(-0.80928 0.0140986 0)
(-0.839687 0.00910503 0)
(-0.861569 0.00629079 0)
(-0.877965 0.00459686 0)
(-0.890666 0.0035032 0)
(-0.900746 0.00275158 0)
(-0.908891 0.00220799 0)
(-0.915558 0.00179862 0)
(-0.921065 0.0014802 0)
(-0.925638 0.00122579 0)
(-0.929445 0.00101775 0)
(-0.932611 0.000844015 0)
(-0.935229 0.000696023 0)
(-0.937374 0.000567511 0)
(-0.939098 0.000453766 0)
(-0.940446 0.000351133 0)
(-0.941448 0.0002567 0)
(-0.942128 0.000168069 0)
(-0.942501 8.32003e-05 0)
(-0.942576 2.86821e-07 0)
(-0.942358 -8.23695e-05 0)
(-0.941845 -0.000166383 0)
(-0.941029 -0.000253411 0)
(-0.939898 -0.00034523 0)
(-0.938431 -0.00044383 0)
(-0.936604 -0.000551542 0)
(-0.934381 -0.000671202 0)
(-0.931718 -0.000806381 0)
(-0.928558 -0.00096172 0)
(-0.924828 -0.00114343 0)
(-0.920431 -0.0013601 0)
(-0.915242 -0.00162397 0)
(-0.909094 -0.0019532 0)
(-0.90176 -0.00237599 0)
(-0.892921 -0.00293843 0)
(-0.882118 -0.0037202 0)
(-0.868658 -0.00486676 0)
(-0.85145 -0.00665676 0)
(-0.828686 -0.00964112 0)
(-0.797347 -0.0149065 0)
(-0.752283 -0.0245055 0)
(-0.682753 -0.0421709 0)
(-0.565078 -0.0746498 0)
(-0.389377 -0.128157 0)
(-0.290219 -0.152383 0)
(-0.00517407 0.30295 0)
(-0.0270519 0.307336 0)
(-0.171185 0.217695 0)
(-0.307807 0.146395 0)
(-0.41637 0.0989458 0)
(-0.501154 0.0686208 0)
(-0.567013 0.0493147 0)
(-0.618367 0.036729 0)
(-0.658909 0.0282087 0)
(-0.691377 0.0222056 0)
(-0.717719 0.017817 0)
(-0.739322 0.0145034 0)
(-0.757189 0.0119304 0)
(-0.772055 0.00988312 0)
(-0.784466 0.00821846 0)
(-0.794832 0.00683774 0)
(-0.803468 0.00567097 0)
(-0.810615 0.00466706 0)
(-0.816459 0.00378781 0)
(-0.821145 0.00300389 0)
(-0.824784 0.00229225 0)
(-0.827459 0.00163424 0)
(-0.829232 0.00101434 0)
(-0.830145 0.000419212 0)
(-0.830224 -0.000163059 0)
(-0.82948 -0.000743549 0)
(-0.827907 -0.001333 0)
(-0.825487 -0.00194234 0)
(-0.822186 -0.0025832 0)
(-0.817954 -0.0032685 0)
(-0.812722 -0.00401321 0)
(-0.806401 -0.0048353 0)
(-0.798876 -0.00575705 0)
(-0.790001 -0.00680689 0)
(-0.77959 -0.00802207 0)
(-0.767404 -0.00945267 0)
(-0.753137 -0.0111678 0)
(-0.736389 -0.0132653 0)
(-0.716635 -0.0158882 0)
(-0.693168 -0.0192518 0)
(-0.665031 -0.0236917 0)
(-0.630907 -0.029748 0)
(-0.588969 -0.0383149 0)
(-0.536685 -0.0509012 0)
(-0.47073 -0.0700299 0)
(-0.387252 -0.0996407 0)
(-0.282073 -0.145143 0)
(-0.151726 -0.212718 0)
(-0.0165546 -0.298307 0)
(-0.00101373 -0.294735 0)
(0.0321184 0.264074 0)
(0.0564786 0.362199 0)
(-0.00324346 0.324605 0)
(-0.0950483 0.259932 0)
(-0.190808 0.200064 0)
(-0.278843 0.152851 0)
(-0.355057 0.117767 0)
(-0.419257 0.0920573 0)
(-0.472816 0.0730859 0)
(-0.517435 0.0588633 0)
(-0.554684 0.0479931 0)
(-0.585884 0.0395167 0)
(-0.612095 0.0327762 0)
(-0.634162 0.0273151 0)
(-0.652747 0.0228112 0)
(-0.668373 0.0190329 0)
(-0.681452 0.0158104 0)
(-0.692309 0.0130164 0)
(-0.701201 0.0105538 0)
(-0.70833 0.00834679 0)
(-0.713854 0.00633494 0)
(-0.717893 0.00446876 0)
(-0.720537 0.00270667 0)
(-0.721847 0.00101266 0)
(-0.721863 -0.000645552 0)
(-0.7206 -0.00229802 0)
(-0.718053 -0.00397389 0)
(-0.714198 -0.00570272 0)
(-0.708987 -0.0075157 0)
(-0.702351 -0.00944724 0)
(-0.694196 -0.0115367 0)
(-0.684401 -0.0138308 0)
(-0.67281 -0.0163863 0)
(-0.659229 -0.0192749 0)
(-0.643413 -0.0225882 0)
(-0.625061 -0.0264466 0)
(-0.603792 -0.0310112 0)
(-0.579133 -0.0365021 0)
(-0.550488 -0.0432251 0)
(-0.517112 -0.0516124 0)
(-0.478081 -0.062284 0)
(-0.432274 -0.0761341 0)
(-0.378399 -0.0944479 0)
(-0.315142 -0.119023 0)
(-0.241624 -0.152182 0)
(-0.158537 -0.196231 0)
(-0.0702047 -0.251311 0)
(0.0120449 -0.310069 0)
(0.061904 -0.343443 0)
(0.033002 -0.250039 0)
(0.0271756 0.205195 0)
(0.0639384 0.357461 0)
(0.055713 0.374914 0)
(0.00902927 0.3374 0)
(-0.0577516 0.284422 0)
(-0.130321 0.233266 0)
(-0.200551 0.189697 0)
(-0.264691 0.154398 0)
(-0.321499 0.126316 0)
(-0.370992 0.104032 0)
(-0.413736 0.0862489 0)
(-0.450475 0.0719144 0)
(-0.481963 0.0602189 0)
(-0.508882 0.0505498 0)
(-0.531827 0.042446 0)
(-0.551298 0.0355587 0)
(-0.567711 0.0296217 0)
(-0.581407 0.0244293 0)
(-0.592665 0.0198201 0)
(-0.601711 0.0156655 0)
(-0.608722 0.0118612 0)
(-0.613838 0.00832022 0)
(-0.617164 0.00496904 0)
(-0.618775 0.00174322 0)
(-0.618717 -0.00141528 0)
(-0.617014 -0.0045606 0)
(-0.613661 -0.00774516 0)
(-0.608634 -0.0110218 0)
(-0.601883 -0.0144458 0)
(-0.593332 -0.0180774 0)
(-0.582881 -0.0219845 0)
(-0.570401 -0.0262464 0)
(-0.555727 -0.0309579 0)
(-0.538662 -0.0362352 0)
(-0.518963 -0.0422241 0)
(-0.49634 -0.0491098 0)
(-0.470446 -0.0571321 0)
(-0.440875 -0.066604 0)
(-0.40716 -0.0779376 0)
(-0.368779 -0.0916765 0)
(-0.325193 -0.108533 0)
(-0.275925 -0.129418 0)
(-0.220732 -0.155434 0)
(-0.15995 -0.187745 0)
(-0.0951182 -0.22713 0)
(-0.0300395 -0.272746 0)
(0.0276262 -0.319202 0)
(0.0648596 -0.350888 0)
(0.0656604 -0.332185 0)
(0.026845 -0.1901 0)
(0.0184931 0.163301 0)
(0.0533582 0.330902 0)
(0.0692524 0.385763 0)
(0.0542739 0.37795 0)
(0.0155548 0.341803 0)
(-0.0362094 0.296907 0)
(-0.0928933 0.252831 0)
(-0.149326 0.213403 0)
(-0.202593 0.179633 0)
(-0.251304 0.151268 0)
(-0.294976 0.127603 0)
(-0.333628 0.107846 0)
(-0.367525 0.0912692 0)
(-0.397038 0.0772531 0)
(-0.42256 0.06529 0)
(-0.444467 0.0549702 0)
(-0.463102 0.0459649 0)
(-0.478764 0.0380092 0)
(-0.491708 0.0308889 0)
(-0.502149 0.0244283 0)
(-0.510263 0.0184812 0)
(-0.516189 0.0129246 0)
(-0.520036 0.00765181 0)
(-0.521884 0.00256908 0)
(-0.521784 -0.00240884 0)
(-0.519762 -0.00736163 0)
(-0.515821 -0.0123663 0)
(-0.509941 -0.0174998 0)
(-0.502076 -0.022842 0)
(-0.492161 -0.0284786 0)
(-0.480104 -0.0345044 0)
(-0.46579 -0.0410277 0)
(-0.449079 -0.048175 0)
(-0.429803 -0.0560972 0)
(-0.40777 -0.0649774 0)
(-0.382761 -0.0750401 0)
(-0.35454 -0.0865629 0)
(-0.32286 -0.0998888 0)
(-0.287488 -0.115439 0)
(-0.248251 -0.133722 0)
(-0.205108 -0.155323 0)
(-0.158286 -0.180858 0)
(-0.1085 -0.210838 0)
(-0.0573021 -0.245341 0)
(-0.00756272 -0.283328 0)
(0.0359495 -0.321274 0)
(0.066048 -0.350712 0)
(0.0735733 -0.354428 0)
(0.0532041 -0.302049 0)
(0.0178985 -0.148547 0)
(0.0120028 0.134358 0)
(0.0411337 0.299526 0)
(0.0661539 0.376163 0)
(0.0702056 0.393004 0)
(0.0530381 0.375715 0)
(0.0206857 0.342129 0)
(-0.0206399 0.303018 0)
(-0.0659769 0.264173 0)
(-0.111823 0.228306 0)
(-0.155988 0.196398 0)
(-0.197218 0.168546 0)
(-0.234892 0.144436 0)
(-0.268784 0.123604 0)
(-0.298902 0.105563 0)
(-0.32538 0.0898579 0)
(-0.348416 0.0760876 0)
(-0.368224 0.0639079 0)
(-0.385018 0.0530271 0)
(-0.398997 0.0431992 0)
(-0.410337 0.0342153 0)
(-0.419188 0.0258974 0)
(-0.425678 0.0180916 0)
(-0.429905 0.0106627 0)
(-0.431946 0.00349001 0)
(-0.431853 -0.00353694 0)
(-0.429657 -0.0105217 0)
(-0.425366 -0.0175642 0)
(-0.418969 -0.0247635 0)
(-0.410435 -0.0322211 0)
(-0.399714 -0.040044 0)
(-0.38674 -0.0483483 0)
(-0.371429 -0.0572629 0)
(-0.353684 -0.0669341 0)
(-0.333397 -0.0775306 0)
(-0.310454 -0.0892488 0)
(-0.284744 -0.102319 0)
(-0.256176 -0.117008 0)
(-0.2247 -0.133626 0)
(-0.190347 -0.152512 0)
(-0.153289 -0.174022 0)
(-0.113929 -0.19847 0)
(-0.0730367 -0.226023 0)
(-0.0319385 -0.256479 0)
(0.00724525 -0.288867 0)
(0.0413614 -0.32075 0)
(0.0661257 -0.347098 0)
(0.0763639 -0.358672 0)
(0.067322 -0.340156 0)
(0.0401843 -0.269207 0)
(0.011447 -0.120263 0)
(0.00792494 0.113651 0)
(0.0314249 0.269784 0)
(0.058345 0.357398 0)
(0.0725445 0.392143 0)
(0.0700997 0.391787 0)
(0.0533298 0.370875 0)
(0.0261617 0.339654 0)
(-0.00747053 0.304665 0)
(-0.0442775 0.26968 0)
(-0.0818248 0.236669 0)
(-0.118448 0.206498 0)
(-0.153089 0.179396 0)
(-0.185128 0.155262 0)
(-0.214247 0.133835 0)
(-0.240321 0.114791 0)
(-0.263349 0.0978024 0)
(-0.283398 0.082558 0)
(-0.300571 0.068775 0)
(-0.314989 0.0562015 0)
(-0.326769 0.0446149 0)
(-0.336023 0.0338189 0)
(-0.34285 0.0236391 0)
(-0.347332 0.0139193 0)
(-0.349535 0.00451772 0)
(-0.349508 -0.0046966 0)
(-0.347283 -0.0138468 0)
(-0.342877 -0.0230514 0)
(-0.336289 -0.0324272 0)
(-0.327507 -0.0420918 0)
(-0.316505 -0.0521671 0)
(-0.30325 -0.0627816 0)
(-0.2877 -0.0740739 0)
(-0.269814 -0.0861957 0)
(-0.249555 -0.0993142 0)
(-0.226901 -0.113615 0)
(-0.201861 -0.129299 0)
(-0.174491 -0.146586 0)
(-0.144932 -0.165695 0)
(-0.113444 -0.186829 0)
(-0.0804756 -0.210125 0)
(-0.0467381 -0.235572 0)
(-0.013314 -0.262873 0)
(0.0182253 -0.291198 0)
(0.0457119 -0.318803 0)
(0.0663621 -0.342465 0)
(0.0769839 -0.356708 0)
(0.0745498 -0.352951 0)
(0.0575623 -0.318925 0)
(0.0301506 -0.239334 0)
(0.00745716 -0.100338 0)
(0.00548306 0.0983544 0)
(0.0244415 0.2435 0)
(0.0501942 0.335307 0)
(0.0691224 0.381963 0)
(0.0759936 0.395254 0)
(0.0707346 0.386302 0)
(0.0553163 0.363992 0)
(0.0324387 0.334723 0)
(0.00478618 0.302728 0)
(-0.0253632 0.270607 0)
(-0.0562469 0.23983 0)
(-0.086588 0.211124 0)
(-0.115511 0.184764 0)
(-0.14245 0.160756 0)
(-0.167063 0.138958 0)
(-0.189165 0.119162 0)
(-0.208676 0.101129 0)
(-0.225586 0.0846169 0)
(-0.239924 0.0693957 0)
(-0.251742 0.055249 0)
(-0.2611 0.0419779 0)
(-0.268063 0.0294002 0)
(-0.272689 0.0173483 0)
(-0.275028 0.00566746 0)
(-0.275123 -0.00578674 0)
(-0.273005 -0.0171509 0)
(-0.268696 -0.0285563 0)
(-0.262211 -0.0401308 0)
(-0.253556 -0.0520016 0)
(-0.242733 -0.0642971 0)
(-0.229745 -0.077149 0)
(-0.214597 -0.0906937 0)
(-0.197306 -0.105074 0)
(-0.177908 -0.120437 0)
(-0.156473 -0.136937 0)
(-0.133117 -0.154723 0)
(-0.10803 -0.173932 0)
(-0.0815033 -0.19467 0)
(-0.0539697 -0.216971 0)
(-0.0260535 -0.240742 0)
(0.00137126 -0.265664 0)
(0.0271191 -0.291048 0)
(0.0496454 -0.315612 0)
(0.0670471 -0.337171 0)
(0.0771816 -0.352241 0)
(0.0780062 -0.355592 0)
(0.0681924 -0.339932 0)
(0.0482036 -0.296003 0)
(0.0230198 -0.213725 0)
(0.00508316 -0.0858623 0)
(0.00400143 0.0866295 0)
(0.0195008 0.220766 0)
(0.0430263 0.312785 0)
(0.0636355 0.366771 0)
(0.0760212 0.390348 0)
(0.0787941 0.391696 0)
(0.0725121 0.378084 0)
(0.0587629 0.355292 0)
(0.0395113 0.327547 0)
(0.0166659 0.297744 0)
(-0.00812925 0.267748 0)
(-0.0335594 0.238676 0)
(-0.0586286 0.211134 0)
(-0.082616 0.185391 0)
(-0.105021 0.161508 0)
(-0.125512 0.139417 0)
(-0.143882 0.11898 0)
(-0.160011 0.100023 0)
(-0.173843 0.0823572 0)
(-0.18536 0.0657919 0)
(-0.19457 0.0501415 0)
(-0.201496 0.0352286 0)
(-0.206169 0.0208853 0)
(-0.20862 0.00695294 0)
(-0.208883 -0.00671837 0)
(-0.206985 -0.0202714 0)
(-0.202955 -0.0338429 0)
(-0.196819 -0.047565 0)
(-0.188603 -0.0615667 0)
(-0.178336 -0.0759747 0)
(-0.166055 -0.0909144 0)
(-0.151812 -0.106509 0)
(-0.135678 -0.122881 0)
(-0.117755 -0.140144 0)
(-0.0981914 -0.158403 0)
(-0.0771934 -0.17774 0)
(-0.0550506 -0.1982 0)
(-0.0321602 -0.21976 0)
(-0.00905814 -0.24229 0)
(0.0135474 -0.265487 0)
(0.034743 -0.288781 0)
(0.0533896 -0.311206 0)
(0.0681298 -0.331215 0)
(0.077457 -0.346463 0)
(0.079897 -0.353562 0)
(0.074362 -0.347884 0)
(0.0606695 -0.32355 0)
(0.0402765 -0.273809 0)
(0.0180034 -0.19216 0)
(0.00364583 -0.0749669 0)
(0.00306359 0.0773104 0)
(0.0159506 0.201152 0)
(0.0370576 0.291166 0)
(0.0577243 0.349224 0)
(0.0731069 0.380173 0)
(0.08122 0.38989 0)
(0.0817146 0.384111 0)
(0.0753099 0.367795 0)
(0.0632954 0.344877 0)
(0.0471381 0.318285 0)
(0.0282438 0.29008 0)
(0.00783968 0.261641 0)
(-0.0130672 0.233832 0)
(-0.0336877 0.207155 0)
(-0.053426 0.181859 0)
(-0.0718473 0.158025 0)
(-0.0886447 0.13563 0)
(-0.10361 0.11458 0)
(-0.116608 0.0947455 0)
(-0.127557 0.0759771 0)
(-0.136413 0.0581156 0)
(-0.14316 0.0410005 0)
(-0.147798 0.0244739 0)
(-0.150339 0.00838277 0)
(-0.150803 -0.00742022 0)
(-0.149215 -0.0230762 0)
(-0.145605 -0.0387201 0)
(-0.140011 -0.0544811 0)
(-0.132474 -0.0704826 0)
(-0.123048 -0.0868419 0)
(-0.111803 -0.10367 0)
(-0.098828 -0.121068 0)
(-0.0842407 -0.139128 0)
(-0.0681979 -0.157922 0)
(-0.0509067 -0.177498 0)
(-0.0326394 -0.197864 0)
(-0.013751 -0.218969 0)
(0.00530193 -0.24067 0)
(0.0239408 -0.262692 0)
(0.0414476 -0.284564 0)
(0.0569558 -0.305539 0)
(0.0694593 -0.324482 0)
(0.0778566 -0.339745 0)
(0.0810516 -0.34902 0)
(0.0781459 -0.349221 0)
(0.0687485 -0.336439 0)
(0.0533611 -0.306082 0)
(0.0338281 -0.253325 0)
(0.014415 -0.174023 0)
(0.00273753 -0.0664797 0)
(0.00243759 0.0696792 0)
(0.0133263 0.18415 0)
(0.0321515 0.270992 0)
(0.052051 0.330889 0)
(0.0688167 0.366881 0)
(0.0802935 0.383127 0)
(0.085612 0.38405 0)
(0.0848747 0.373761 0)
(0.0788127 0.355759 0)
(0.0684653 0.332827 0)
(0.0549541 0.30707 0)
(0.0393469 0.280004 0)
(0.0225855 0.252673 0)
(0.00545832 0.225758 0)
(-0.0114001 0.199673 0)
(-0.0274955 0.17464 0)
(-0.0424531 0.150745 0)
(-0.0559973 0.127988 0)
(-0.0679304 0.106306 0)
(-0.0781161 0.0855992 0)
(-0.0864646 0.0657468 0)
(-0.0929213 0.0466152 0)
(-0.0974577 0.0280656 0)
(-0.100065 0.00995904 0)
(-0.100751 -0.00784111 0)
(-0.0995341 -0.025467 0)
(-0.0964461 -0.0430451 0)
(-0.0915299 -0.0606947 0)
(-0.0848421 -0.0785269 0)
(-0.0764559 -0.0966431 0)
(-0.0664648 -0.115133 0)
(-0.054989 -0.13407 0)
(-0.042182 -0.15351 0)
(-0.0282394 -0.173477 0)
(-0.0134092 -0.193962 0)
(0.00199675 -0.214899 0)
(0.0175902 -0.236147 0)
(0.0328945 -0.257461 0)
(0.0473348 -0.278449 0)
(0.0602346 -0.298522 0)
(0.0708237 -0.316821 0)
(0.0782673 -0.332144 0)
(0.0817269 -0.342855 0)
(0.0804696 -0.346805 0)
(0.0740412 -0.341298 0)
(0.0625128 -0.323127 0)
(0.0467425 -0.288779 0)
(0.0286248 -0.234841 0)
(0.0117776 -0.158693 0)
(0.00213324 -0.0596782 0)
(0.00199649 0.0632866 0)
(0.0113219 0.169315 0)
(0.0280956 0.25243 0)
(0.0468337 0.312679 0)
(0.0639649 0.351934 0)
(0.0773932 0.37311 0)
(0.0859935 0.379564 0)
(0.0894649 0.374629 0)
(0.0881128 0.361317 0)
(0.0826065 0.342168 0)
(0.0737865 0.319218 0)
(0.0625309 0.294024 0)
(0.0496709 0.267732 0)
(0.0359455 0.241149 0)
(0.0219832 0.214819 0)
(0.00829982 0.189083 0)
(-0.00469301 0.164135 0)
(-0.0166751 0.140059 0)
(-0.0274034 0.116866 0)
(-0.0366987 0.0945132 0)
(-0.0444329 0.0729225 0)
(-0.050519 0.0519952 0)
(-0.0549026 0.0316195 0)
(-0.0575554 0.0116775 0)
(-0.0584711 -0.00794987 0)
(-0.0576618 -0.0273795 0)
(-0.0551574 -0.0467228 0)
(-0.0510046 -0.0660836 0)
(-0.0452692 -0.0855552 0)
(-0.0380375 -0.105218 0)
(-0.0294212 -0.125136 0)
(-0.0195615 -0.145351 0)
(-0.00863512 -0.165878 0)
(0.00313809 -0.186696 0)
(0.0154879 -0.207736 0)
(0.0280853 -0.228868 0)
(0.0405354 -0.249873 0)
(0.0523714 -0.270424 0)
(0.0630541 -0.290045 0)
(0.0719782 -0.308071 0)
(0.0784918 -0.323595 0)
(0.0819354 -0.335414 0)
(0.0817077 -0.34198 0)
(0.0773675 -0.341367 0)
(0.0687776 -0.331282 0)
(0.0562879 -0.309145 0)
(0.0409019 -0.272299 0)
(0.0243965 -0.218345 0)
(0.0097789 -0.145649 0)
(0.00170992 -0.054107 0)
(0.00166976 0.0578416 0)
(0.00973954 0.156293 0)
(0.0246935 0.23548 0)
(0.0420997 0.295114 0)
(0.0589589 0.336313 0)
(0.0733426 0.361101 0)
(0.084038 0.371998 0)
(0.0905031 0.371664 0)
(0.0927397 0.362638 0)
(0.0911202 0.347172 0)
(0.0862334 0.327161 0)
(0.0787661 0.304132 0)
(0.0694186 0.279268 0)
(0.058851 0.253453 0)
(0.0476534 0.227325 0)
(0.0363331 0.20132 0)
(0.0253128 0.175724 0)
(0.0149353 0.150701 0)
(0.00547202 0.126332 0)
(-0.00286742 0.102631 0)
(-0.00992605 0.0795688 0)
(-0.0155908 0.0570862 0)
(-0.0197852 0.0351033 0)
(-0.0224635 0.0135288 0)
(-0.0236066 -0.00773344 0)
(-0.0232186 -0.0287795 0)
(-0.0213254 -0.0497012 0)
(-0.0179747 -0.0705819 0)
(-0.0132363 -0.0914932 0)
(-0.00720453 -0.11249 0)
(-9.96288e-07 -0.133609 0)
(0.00822133 -0.154857 0)
(0.0172735 -0.17621 0)
(0.0269254 -0.197602 0)
(0.0369004 -0.218912 0)
(0.046871 -0.239951 0)
(0.0564551 -0.260439 0)
(0.0652166 -0.279989 0)
(0.0726702 -0.298068 0)
(0.0782953 -0.313975 0)
(0.0815606 -0.326797 0)
(0.0819669 -0.335381 0)
(0.0791098 -0.338309 0)
(0.0727667 -0.333894 0)
(0.0630106 -0.320222 0)
(0.0503397 -0.295245 0)
(0.0357764 -0.256967 0)
(0.0209097 -0.203713 0)
(0.00821669 -0.134483 0)
(0.00139893 -0.0494696 0)
(0.00141693 0.0531492 0)
(0.00845052 0.14481 0)
(0.0217867 0.220077 0)
(0.0378032 0.278492 0)
(0.0539909 0.320679 0)
(0.0686294 0.348027 0)
(0.080519 0.362414 0)
(0.0889916 0.365941 0)
(0.0938461 0.360714 0)
(0.0952299 0.348689 0)
(0.0935217 0.331585 0)
(0.0892327 0.31085 0)
(0.082929 0.287656 0)
(0.0751777 0.262921 0)
(0.0665107 0.237342 0)
(0.0574049 0.211428 0)
(0.0482732 0.185536 0)
(0.039463 0.159903 0)
(0.0312587 0.134671 0)
(0.0238877 0.109913 0)
(0.0175266 0.0856473 0)
(0.0123075 0.0618555 0)
(0.00832437 0.0384933 0)
(0.00563753 0.0155 0)
(0.00427798 -0.00719392 0)
(0.00425002 -0.0296598 0)
(0.005533 -0.051966 0)
(0.00808181 -0.0741722 0)
(0.0118265 -0.0963251 0)
(0.0166707 -0.118453 0)
(0.0224897 -0.140562 0)
(0.0291272 -0.162626 0)
(0.0363922 -0.184583 0)
(0.0440559 -0.206325 0)
(0.0518481 -0.227686 0)
(0.059456 -0.248427 0)
(0.0665245 -0.268225 0)
(0.0726599 -0.286647 0)
(0.0774395 -0.303134 0)
(0.0804286 -0.316974 0)
(0.081208 -0.32728 0)
(0.0794144 -0.332977 0)
(0.0747966 -0.332794 0)
(0.0672867 -0.325279 0)
(0.0570852 -0.308852 0)
(0.0447515 -0.2819 0)
(0.0312558 -0.242933 0)
(0.0179803 -0.190788 0)
(0.00695839 -0.124883 0)
(0.00116056 -0.0455662 0)
(0.00121376 0.0490746 0)
(0.00736973 0.134657 0)
(0.0192539 0.20614 0)
(0.0338772 0.262978 0)
(0.0491414 0.305474 0)
(0.0635406 0.334566 0)
(0.0759441 0.351641 0)
(0.0856357 0.358346 0)
(0.0922891 0.35641 0)
(0.0958901 0.347507 0)
(0.0966507 0.333168 0)
(0.0949306 0.314733 0)
(0.0911707 0.29333 0)
(0.0858413 0.269878 0)
(0.0794061 0.245102 0)
(0.0722978 0.219562 0)
(0.0649047 0.193669 0)
(0.0575638 0.167718 0)
(0.0505598 0.141909 0)
(0.044127 0.116364 0)
(0.0384525 0.0911502 0)
(0.0336808 0.0662895 0)
(0.0299182 0.0417742 0)
(0.0272367 0.0175759 0)
(0.0256775 -0.00634533 0)
(0.0252532 -0.0300341 0)
(0.0259499 -0.0535327 0)
(0.0277274 -0.0768753 0)
(0.0305194 -0.100082 0)
(0.0342324 -0.123154 0)
(0.0387446 -0.146066 0)
(0.0439039 -0.168761 0)
(0.0495255 -0.191141 0)
(0.0553906 -0.213061 0)
(0.0612452 -0.234316 0)
(0.0668008 -0.254632 0)
(0.071737 -0.273649 0)
(0.0757084 -0.290911 0)
(0.0783559 -0.305845 0)
(0.0793254 -0.317753 0)
(0.0782946 -0.325793 0)
(0.0750097 -0.328979 0)
(0.0693325 -0.32619 0)
(0.0612969 -0.316188 0)
(0.0511715 -0.297681 0)
(0.0395202 -0.269404 0)
(0.0272255 -0.23025 0)
(0.0154681 -0.179423 0)
(0.00591537 -0.116616 0)
(0.000970842 -0.0422589 0)
(0.0010451 0.0455224 0)
(0.00643956 0.125677 0)
(0.0170041 0.193586 0)
(0.0302544 0.248665 0)
(0.0444352 0.291003 0)
(0.0582443 0.321216 0)
(0.0706483 0.340321 0)
(0.0809339 0.349601 0)
(0.0887069 0.350466 0)
(0.0938435 0.344334 0)
(0.0964297 0.332551 0)
(0.0967008 0.316336 0)
(0.0949865 0.29675 0)
(0.0916655 0.27469 0)
(0.0871298 0.250889 0)
(0.0817609 0.225932 0)
(0.0759122 0.200273 0)
(0.0699003 0.17425 0)
(0.0639997 0.14811 0)
(0.0584422 0.122022 0)
(0.0534176 0.0960946 0)
(0.0490765 0.0703907 0)
(0.0455328 0.0449381 0)
(0.0428671 0.0197411 0)
(0.0411287 -0.00521017 0)
(0.0403384 -0.0299321 0)
(0.0404893 -0.0544401 0)
(0.0415484 -0.0787418 0)
(0.0434559 -0.102831 0)
(0.0461255 -0.126679 0)
(0.0494433 -0.150235 0)
(0.0532668 -0.173408 0)
(0.0574241 -0.196072 0)
(0.0617133 -0.218048 0)
(0.0659029 -0.239099 0)
(0.0697342 -0.258923 0)
(0.0729258 -0.277138 0)
(0.0751813 -0.293272 0)
(0.076202 -0.306758 0)
(0.0757051 -0.31692 0)
(0.0734481 -0.322972 0)
(0.0692609 -0.324022 0)
(0.0630843 -0.319086 0)
(0.0550135 -0.30712 0)
(0.0453429 -0.287068 0)
(0.0346061 -0.257943 0)
(0.0235828 -0.218927 0)
(0.013268 -0.169488 0)
(0.00502696 -0.109506 0)
(0.000814649 -0.0394502 0)
(0.000901056 0.0424234 0)
(0.00562009 0.117751 0)
(0.0149696 0.182342 0)
(0.0268756 0.235601 0)
(0.0398704 0.277474 0)
(0.0528383 0.308344 0)
(0.064855 0.328951 0)
(0.0752419 0.34029 0)
(0.0835776 0.343504 0)
(0.0896699 0.339788 0)
(0.0935141 0.330316 0)
(0.0952475 0.316181 0)
(0.0951058 0.29837 0)
(0.0933845 0.277738 0)
(0.0904067 0.25501 0)
(0.0864998 0.230782 0)
(0.0819771 0.205531 0)
(0.0771275 0.179632 0)
(0.0722077 0.153368 0)
(0.0674398 0.126947 0)
(0.0630099 0.100517 0)
(0.0590689 0.0741748 0)
(0.0557341 0.047984 0)
(0.0530912 0.0219803 0)
(0.0511961 -0.0038165 0)
(0.0500764 -0.0293948 0)
(0.0497333 -0.054743 0)
(0.0501417 -0.0798423 0)
(0.0512509 -0.10466 0)
(0.0529849 -0.129142 0)
(0.0552414 -0.153209 0)
(0.0578922 -0.176743 0)
(0.0607827 -0.19959 0)
(0.0637323 -0.221542 0)
(0.0665364 -0.24234 0)
(0.0689689 -0.261659 0)
(0.0707881 -0.279101 0)
(0.0717447 -0.294192 0)
(0.0715946 -0.306375 0)
(0.0701152 -0.315004 0)
(0.0671273 -0.319354 0)
(0.0625218 -0.31862 0)
(0.0562908 -0.311945 0)
(0.04856 -0.298447 0)
(0.0396212 -0.277267 0)
(0.0299575 -0.247635 0)
(0.0202412 -0.208952 0)
(0.011301 -0.160879 0)
(0.00425068 -0.103421 0)
(0.00068204 -0.0370702 0)
(0.000774957 0.0397267 0)
(0.0048831 0.110788 0)
(0.0130996 0.172348 0)
(0.0236916 0.223812 0)
(0.0354343 0.265032 0)
(0.0473796 0.296223 0)
(0.0587153 0.317916 0)
(0.068816 0.33088 0)
(0.0772621 0.33604 0)
(0.0838243 0.3344 0)
(0.088436 0.326977 0)
(0.0911605 0.314748 0)
(0.0921572 0.298617 0)
(0.091649 0.279392 0)
(0.089896 0.257776 0)
(0.0871719 0.234364 0)
(0.0837482 0.209647 0)
(0.0798817 0.184021 0)
(0.0758064 0.157798 0)
(0.0717291 0.13122 0)
(0.0678268 0.104466 0)
(0.0642462 0.0776669 0)
(0.061104 0.050916 0)
(0.0584883 0.0242793 0)
(0.0564592 -0.00219542 0)
(0.0550507 -0.0284696 0)
(0.0542714 -0.0545058 0)
(0.0541052 -0.08026 0)
(0.0545122 -0.105675 0)
(0.0554286 -0.130671 0)
(0.0567667 -0.155143 0)
(0.0584154 -0.178951 0)
(0.0602408 -0.201914 0)
(0.0620864 -0.223804 0)
(0.0637764 -0.244339 0)
(0.0651184 -0.263178 0)
(0.065909 -0.279918 0)
(0.0659428 -0.294083 0)
(0.0650229 -0.305133 0)
(0.062976 -0.312457 0)
(0.059671 -0.315382 0)
(0.0550412 -0.313188 0)
(0.0491077 -0.305126 0)
(0.0420049 -0.29045 0)
(0.0340025 -0.268459 0)
(0.0255222 -0.238555 0)
(0.0171303 -0.200305 0)
(0.00950763 -0.15351 0)
(0.00355623 -0.0982643 0)
(0.00056626 -0.0350685 0)
(0.000662145 0.0373942 0)
(0.00420826 0.104717 0)
(0.011356 0.163551 0)
(0.0206624 0.213309 0)
(0.0311102 0.253779 0)
(0.0419013 0.285056 0)
(0.052333 0.307514 0)
(0.0618443 0.321744 0)
(0.0700365 0.328497 0)
(0.0766665 0.328617 0)
(0.0816294 0.322982 0)
(0.084935 0.312462 0)
(0.0866825 0.297884 0)
(0.0870344 0.280001 0)
(0.0861938 0.259489 0)
(0.0843851 0.236931 0)
(0.0818376 0.212823 0)
(0.0787742 0.187575 0)
(0.0754031 0.161522 0)
(0.0719118 0.134928 0)
(0.0684645 0.108 0)
(0.0651998 0.0808979 0)
(0.0622305 0.053742 0)
(0.0596443 0.0266251 0)
(0.0575039 -0.000379109 0)
(0.0558482 -0.0272073 0)
(0.0546929 -0.053798 0)
(0.0540314 -0.0800838 0)
(0.0538351 -0.105984 0)
(0.054054 -0.131398 0)
(0.0546169 -0.156197 0)
(0.0554319 -0.180219 0)
(0.0563872 -0.203262 0)
(0.0573525 -0.22508 0)
(0.0581811 -0.245375 0)
(0.0587138 -0.263794 0)
(0.0587837 -0.279929 0)
(0.0582244 -0.293309 0)
(0.0568791 -0.303411 0)
(0.054614 -0.309656 0)
(0.0513333 -0.311421 0)
(0.0469966 -0.308058 0)
(0.0416382 -0.298909 0)
(0.0353846 -0.283341 0)
(0.0284713 -0.260778 0)
(0.0212528 -0.230756 0)
(0.0141937 -0.192967 0)
(0.00784307 -0.147316 0)
(0.00292154 -0.0939617 0)
(0.00046258 -0.033408 0)
(0.000559283 0.0353971 0)
(0.0035806 0.0994843 0)
(0.0097101 0.15591 0)
(0.0177561 0.204096 0)
(0.0268814 0.243787 0)
(0.0364224 0.274995 0)
(0.0457815 0.297972 0)
(0.0544671 0.313177 0)
(0.0621147 0.321219 0)
(0.0684844 0.322809 0)
(0.0734512 0.31871 0)
(0.0769887 0.309696 0)
(0.07915 0.296519 0)
(0.0800486 0.279882 0)
(0.0798386 0.260427 0)
(0.0786988 0.238722 0)
(0.0768186 0.215259 0)
(0.0743868 0.190456 0)
(0.0715839 0.164661 0)
(0.068576 0.138159 0)
(0.0655111 0.111179 0)
(0.062517 0.0839011 0)
(0.0597 0.0564715 0)
(0.0571449 0.0290058 0)
(0.0549152 0.00160044 0)
(0.0530533 -0.025659 0)
(0.0515816 -0.0526895 0)
(0.0505025 -0.0794029 0)
(0.0497994 -0.105698 0)
(0.0494368 -0.131454 0)
(0.0493609 -0.156522 0)
(0.0495001 -0.180723 0)
(0.049766 -0.203837 0)
(0.0500545 -0.2256 0)
(0.0502482 -0.245702 0)
(0.0502197 -0.263784 0)
(0.0498359 -0.279431 0)
(0.0489647 -0.292181 0)
(0.0474833 -0.301525 0)
(0.0452884 -0.306913 0)
(0.0423087 -0.307766 0)
(0.0385185 -0.303494 0)
(0.0339521 -0.293514 0)
(0.0287176 -0.277281 0)
(0.0230081 -0.254322 0)
(0.0171083 -0.224272 0)
(0.0113866 -0.18692 0)
(0.00627308 -0.142247 0)
(0.00233032 -0.0904598 0)
(0.00036761 -0.032062 0)
(0.000463916 0.0337135 0)
(0.00298889 0.0950488 0)
(0.00813961 0.14939 0)
(0.0149469 0.196171 0)
(0.0227325 0.235108 0)
(0.0309538 0.266152 0)
(0.0391133 0.289468 0)
(0.0467912 0.305411 0)
(0.0536652 0.31448 0)
(0.0595111 0.317281 0)
(0.0641977 0.314479 0)
(0.0676761 0.306765 0)
(0.0699663 0.294825 0)
(0.0711421 0.279314 0)
(0.0713163 0.26084 0)
(0.0706272 0.239952 0)
(0.0692267 0.217136 0)
(0.0672706 0.192811 0)
(0.0649112 0.167333 0)
(0.0622915 0.141001 0)
(0.0595415 0.114059 0)
(0.0567758 0.086709 0)
(0.0540919 0.059114 0)
(0.0515699 0.0314098 0)
(0.0492721 0.00371222 0)
(0.0472435 -0.0238741 0)
(0.045512 -0.0512477 0)
(0.0440887 -0.0783023 0)
(0.0429689 -0.104919 0)
(0.0421317 -0.13096 0)
(0.0415413 -0.156261 0)
(0.0411466 -0.180625 0)
(0.040883 -0.203818 0)
(0.0406726 -0.225564 0)
(0.0404266 -0.245542 0)
(0.0400478 -0.263384 0)
(0.0394341 -0.278676 0)
(0.0384839 -0.290959 0)
(0.0371024 -0.299737 0)
(0.0352099 -0.304483 0)
(0.032751 -0.304652 0)
(0.0297055 -0.299702 0)
(0.0260991 -0.289108 0)
(0.0220132 -0.272395 0)
(0.0175936 -0.249165 0)
(0.0130548 -0.21913 0)
(0.00867327 -0.182152 0)
(0.00477131 -0.138268 0)
(0.00177031 -0.0877191 0)
(0.000278856 -0.0310112 0)
(0.000374188 0.0323269 0)
(0.0024245 0.0913779 0)
(0.00662717 0.143964 0)
(0.0122142 0.18953 0)
(0.0186496 0.227777 0)
(0.0255017 0.25861 0)
(0.0323674 0.282134 0)
(0.0388993 0.298625 0)
(0.0448227 0.308499 0)
(0.0499377 0.312277 0)
(0.0541175 0.310546 0)
(0.0573015 0.303929 0)
(0.0594865 0.293054 0)
(0.0607156 0.278533 0)
(0.0610669 0.260943 0)
(0.0606432 0.240812 0)
(0.0595617 0.218616 0)
(0.0579468 0.194772 0)
(0.0559226 0.169641 0)
(0.0536083 0.143529 0)
(0.0511148 0.116694 0)
(0.0485415 0.0893506 0)
(0.0459755 0.0616773 0)
(0.0434903 0.0338254 0)
(0.0411456 0.00592653 0)
(0.0389875 -0.0218992 0)
(0.0370483 -0.0495352 0)
(0.0353475 -0.0768604 0)
(0.0338915 -0.103742 0)
(0.0326742 -0.130027 0)
(0.0316772 -0.155538 0)
(0.0308705 -0.180066 0)
(0.0302128 -0.203364 0)
(0.029652 -0.225145 0)
(0.0291271 -0.245079 0)
(0.0285696 -0.262793 0)
(0.0279059 -0.277869 0)
(0.0270615 -0.289851 0)
(0.0259653 -0.298253 0)
(0.0245554 -0.302563 0)
(0.0227864 -0.302263 0)
(0.0206366 -0.296842 0)
(0.0181166 -0.285821 0)
(0.0152761 -0.268775 0)
(0.0122104 -0.24536 0)
(0.00906383 -0.215349 0)
(0.00602539 -0.178652 0)
(0.00331724 -0.135351 0)
(0.0012321 -0.0857118 0)
(0.000194434 -0.0302417 0)
(0.000288648 0.0312246 0)
(0.00188061 0.0884469 0)
(0.00515881 0.13961 0)
(0.00954063 0.184171 0)
(0.0146205 0.221818 0)
(0.0200689 0.252431 0)
(0.0255728 0.27607 0)
(0.030857 0.292955 0)
(0.0356971 0.303442 0)
(0.0399239 0.307986 0)
(0.0434224 0.307115 0)
(0.0461287 0.301396 0)
(0.0480244 0.291411 0)
(0.0491288 0.277734 0)
(0.0494914 0.260913 0)
(0.0491836 0.241458 0)
(0.0482912 0.219833 0)
(0.0469083 0.19645 0)
(0.0451317 0.171672 0)
(0.0430567 0.145809 0)
(0.0407737 0.119126 0)
(0.038366 0.0918482 0)
(0.0359087 0.0641651 0)
(0.0334671 0.0362395 0)
(0.031097 0.00821478 0)
(0.0288442 -0.0197772 0)
(0.0267446 -0.0476082 0)
(0.0248248 -0.0751461 0)
(0.0231019 -0.102247 0)
(0.0215838 -0.128747 0)
(0.0202697 -0.154459 0)
(0.0191498 -0.179162 0)
(0.0182059 -0.202601 0)
(0.0174115 -0.22448 0)
(0.0167323 -0.244461 0)
(0.0161271 -0.262164 0)
(0.0155492 -0.277169 0)
(0.0149486 -0.289019 0)
(0.0142746 -0.297232 0)
(0.0134795 -0.301304 0)
(0.0125231 -0.300734 0)
(0.0113781 -0.295032 0)
(0.0100354 -0.283747 0)
(0.00850956 -0.266488 0)
(0.00684373 -0.24295 0)
(0.00511246 -0.212943 0)
(0.00342011 -0.176416 0)
(0.00189455 -0.133479 0)
(0.000708287 -0.0844188 0)
(0.000112881 -0.0297442 0)
(0.000206118 0.0303974 0)
(0.0013516 0.0862373 0)
(0.00372285 0.136312 0)
(0.00691159 0.180086 0)
(0.0106339 0.217247 0)
(0.0146562 0.247656 0)
(0.018752 0.271346 0)
(0.0227171 0.288501 0)
(0.02638 0.299432 0)
(0.0296054 0.304552 0)
(0.0322959 0.304341 0)
(0.0343901 0.299327 0)
(0.0358604 0.290054 0)
(0.0367081 0.277066 0)
(0.0369583 0.260888 0)
(0.0366549 0.242012 0)
(0.0358548 0.220891 0)
(0.0346235 0.197931 0)
(0.033031 0.173492 0)
(0.0311484 0.147887 0)
(0.0290454 0.121385 0)
(0.0267881 0.0942155 0)
(0.0244381 0.066576 0)
(0.0220516 0.0386368 0)
(0.0196789 0.0105492 0)
(0.0173642 -0.0175471 0)
(0.0151459 -0.0455162 0)
(0.0130568 -0.0732181 0)
(0.0111237 -0.100501 0)
(0.00936801 -0.127195 0)
(0.0078057 -0.153105 0)
(0.00644695 -0.178003 0)
(0.00529617 -0.201626 0)
(0.00435162 -0.223672 0)
(0.00360526 -0.243796 0)
(0.00304251 -0.261611 0)
(0.00264237 -0.276691 0)
(0.00237778 -0.288578 0)
(0.00221652 -0.296784 0)
(0.00212273 -0.300812 0)
(0.00205907 -0.300161 0)
(0.0019896 -0.294354 0)
(0.0018832 -0.282952 0)
(0.00171735 -0.265582 0)
(0.00148181 -0.241961 0)
(0.0011817 -0.211923 0)
(0.000838693 -0.17544 0)
(0.0004899 -0.132642 0)
(0.000192871 -0.0838282 0)
(3.30115e-05 -0.0295128 0)
(0.000125597 0.0298388 0)
(0.000832623 0.0847359 0)
(0.00230908 0.134056 0)
(0.00431381 0.177273 0)
(0.00667882 0.214073 0)
(0.00926237 0.244312 0)
(0.0119219 0.268009 0)
(0.0145234 0.285328 0)
(0.0169489 0.296554 0)
(0.0191 0.302071 0)
(0.0208999 0.302331 0)
(0.022294 0.297832 0)
(0.0232495 0.289093 0)
(0.0237536 0.276636 0)
(0.0238107 0.260966 0)
(0.0234395 0.242561 0)
(0.0226701 0.221864 0)
(0.0215407 0.199274 0)
(0.020095 0.175147 0)
(0.01838 0.149794 0)
(0.0164439 0.123486 0)
(0.0143352 0.0964553 0)
(0.0121009 0.0689013 0)
(0.00978667 0.0409985 0)
(0.00743616 0.0129019 0)
(0.00509095 -0.0152446 0)
(0.00279063 -0.0433012 0)
(0.000572879 -0.0711242 0)
(-0.00152646 -0.0985583 0)
(-0.00347341 -0.125429 0)
(-0.005236 -0.151538 0)
(-0.00678466 -0.176653 0)
(-0.00809284 -0.200506 0)
(-0.00913779 -0.22279 0)
(-0.00990168 -0.243153 0)
(-0.0103728 -0.261202 0)
(-0.0105469 -0.276505 0)
(-0.0104284 -0.288594 0)
(-0.0100316 -0.296977 0)
(-0.00938129 -0.301147 0)
(-0.00851289 -0.300601 0)
(-0.00747195 -0.294856 0)
(-0.00631263 -0.283474 0)
(-0.0050955 -0.266085 0)
(-0.00388461 -0.242413 0)
(-0.00274424 -0.212298 0)
(-0.00173465 -0.175725 0)
(-0.000907969 -0.132834 0)
(-0.000319246 -0.0839342 0)
(-4.61771e-05 -0.0295445 0)
(4.61781e-05 0.0295445 0)
(0.000319249 0.0839342 0)
(0.000907975 0.132834 0)
(0.00173467 0.175725 0)
(0.00274425 0.212298 0)
(0.00388463 0.242413 0)
(0.00509552 0.266085 0)
(0.00631265 0.283474 0)
(0.00747198 0.294856 0)
(0.00851292 0.300601 0)
(0.00938132 0.301147 0)
(0.0100316 0.296977 0)
(0.0104284 0.288594 0)
(0.0105469 0.276505 0)
(0.0103728 0.261202 0)
(0.00990173 0.243153 0)
(0.00913784 0.22279 0)
(0.00809289 0.200506 0)
(0.00678471 0.176653 0)
(0.00523605 0.151538 0)
(0.00347346 0.125429 0)
(0.00152652 0.0985582 0)
(-0.000572821 0.0711242 0)
(-0.00279057 0.0433012 0)
(-0.00509089 0.0152446 0)
(-0.0074361 -0.0129019 0)
(-0.00978661 -0.0409985 0)
(-0.0121008 -0.0689013 0)
(-0.0143351 -0.0964553 0)
(-0.0164439 -0.123486 0)
(-0.0183799 -0.149794 0)
(-0.0200949 -0.175147 0)
(-0.0215406 -0.199274 0)
(-0.0226701 -0.221864 0)
(-0.0234395 -0.242561 0)
(-0.0238106 -0.260966 0)
(-0.0237536 -0.276636 0)
(-0.0232495 -0.289093 0)
(-0.0222939 -0.297832 0)
(-0.0208999 -0.302331 0)
(-0.0191 -0.302071 0)
(-0.0169489 -0.296554 0)
(-0.0145234 -0.285328 0)
(-0.0119219 -0.268009 0)
(-0.00926236 -0.244312 0)
(-0.0066788 -0.214073 0)
(-0.0043138 -0.177273 0)
(-0.00230907 -0.134056 0)
(-0.00083262 -0.0847359 0)
(-0.000125596 -0.0298387 0)
(-3.30103e-05 0.0295128 0)
(-0.000192867 0.0838283 0)
(-0.000489892 0.132642 0)
(-0.000838681 0.17544 0)
(-0.00118168 0.211923 0)
(-0.00148179 0.241961 0)
(-0.00171733 0.265582 0)
(-0.00188318 0.282952 0)
(-0.00198958 0.294354 0)
(-0.00205904 0.300161 0)
(-0.0021227 0.300812 0)
(-0.00221648 0.296784 0)
(-0.00237774 0.288578 0)
(-0.00264233 0.276691 0)
(-0.00304247 0.261611 0)
(-0.00360521 0.243796 0)
(-0.00435157 0.223672 0)
(-0.00529612 0.201626 0)
(-0.0064469 0.178003 0)
(-0.00780565 0.153105 0)
(-0.00936796 0.127195 0)
(-0.0111236 0.100501 0)
(-0.0130567 0.0732181 0)
(-0.0151459 0.0455162 0)
(-0.0173641 0.0175471 0)
(-0.0196788 -0.0105492 0)
(-0.0220515 -0.0386368 0)
(-0.024438 -0.066576 0)
(-0.026788 -0.0942155 0)
(-0.0290453 -0.121385 0)
(-0.0311484 -0.147887 0)
(-0.033031 -0.173492 0)
(-0.0346235 -0.197931 0)
(-0.0358548 -0.220891 0)
(-0.0366549 -0.242012 0)
(-0.0369583 -0.260888 0)
(-0.036708 -0.277066 0)
(-0.0358604 -0.290054 0)
(-0.0343901 -0.299327 0)
(-0.0322958 -0.304341 0)
(-0.0296054 -0.304552 0)
(-0.0263799 -0.299432 0)
(-0.0227171 -0.288501 0)
(-0.018752 -0.271346 0)
(-0.0146562 -0.247656 0)
(-0.0106339 -0.217247 0)
(-0.00691159 -0.180086 0)
(-0.00372285 -0.136312 0)
(-0.0013516 -0.0862372 0)
(-0.000206118 -0.0303974 0)
(-0.000112879 0.0297443 0)
(-0.000708283 0.0844189 0)
(-0.00189454 0.133479 0)
(-0.0034201 0.176416 0)
(-0.00511245 0.212943 0)
(-0.00684371 0.24295 0)
(-0.00850954 0.266488 0)
(-0.0100353 0.283747 0)
(-0.0113781 0.295032 0)
(-0.0125231 0.300734 0)
(-0.0134795 0.301304 0)
(-0.0142746 0.297232 0)
(-0.0149486 0.289019 0)
(-0.0155492 0.277169 0)
(-0.016127 0.262164 0)
(-0.0167322 0.244461 0)
(-0.0174115 0.22448 0)
(-0.0182059 0.202601 0)
(-0.0191497 0.179162 0)
(-0.0202696 0.154459 0)
(-0.0215837 0.128747 0)
(-0.0231018 0.102247 0)
(-0.0248248 0.0751461 0)
(-0.0267446 0.0476082 0)
(-0.0288441 0.0197772 0)
(-0.031097 -0.00821478 0)
(-0.0334671 -0.0362395 0)
(-0.0359086 -0.0641651 0)
(-0.038366 -0.0918482 0)
(-0.0407736 -0.119126 0)
(-0.0430566 -0.145809 0)
(-0.0451317 -0.171672 0)
(-0.0469082 -0.19645 0)
(-0.0482911 -0.219833 0)
(-0.0491835 -0.241458 0)
(-0.0494914 -0.260913 0)
(-0.0491288 -0.277734 0)
(-0.0480244 -0.291411 0)
(-0.0461287 -0.301396 0)
(-0.0434224 -0.307115 0)
(-0.0399239 -0.307986 0)
(-0.0356971 -0.303442 0)
(-0.0308569 -0.292955 0)
(-0.0255728 -0.27607 0)
(-0.0200689 -0.252431 0)
(-0.0146205 -0.221818 0)
(-0.00954063 -0.184171 0)
(-0.00515881 -0.13961 0)
(-0.00188061 -0.0884468 0)
(-0.000288648 -0.0312246 0)
(-0.000194433 0.0302418 0)
(-0.00123209 0.0857119 0)
(-0.00331723 0.135351 0)
(-0.00602538 0.178652 0)
(-0.00906381 0.215349 0)
(-0.0122104 0.24536 0)
(-0.015276 0.268775 0)
(-0.0181166 0.285821 0)
(-0.0206366 0.296842 0)
(-0.0227863 0.302263 0)
(-0.0245554 0.302563 0)
(-0.0259653 0.298253 0)
(-0.0270615 0.289851 0)
(-0.0279059 0.277869 0)
(-0.0285695 0.262793 0)
(-0.0291271 0.245079 0)
(-0.0296519 0.225145 0)
(-0.0302127 0.203364 0)
(-0.0308705 0.180066 0)
(-0.0316772 0.155538 0)
(-0.0326741 0.130027 0)
(-0.0338915 0.103742 0)
(-0.0353475 0.0768604 0)
(-0.0370483 0.0495352 0)
(-0.0389874 0.0218992 0)
(-0.0411456 -0.00592653 0)
(-0.0434903 -0.0338254 0)
(-0.0459755 -0.0616773 0)
(-0.0485415 -0.0893506 0)
(-0.0511147 -0.116694 0)
(-0.0536083 -0.143529 0)
(-0.0559225 -0.169641 0)
(-0.0579468 -0.194772 0)
(-0.0595617 -0.218616 0)
(-0.0606431 -0.240812 0)
(-0.0610669 -0.260943 0)
(-0.0607156 -0.278533 0)
(-0.0594865 -0.293054 0)
(-0.0573015 -0.303929 0)
(-0.0541175 -0.310546 0)
(-0.0499377 -0.312277 0)
(-0.0448226 -0.308499 0)
(-0.0388993 -0.298625 0)
(-0.0323674 -0.282134 0)
(-0.0255017 -0.25861 0)
(-0.0186496 -0.227777 0)
(-0.0122142 -0.18953 0)
(-0.00662717 -0.143964 0)
(-0.0024245 -0.0913778 0)
(-0.000374188 -0.0323268 0)
(-0.000278854 0.0310112 0)
(-0.0017703 0.0877192 0)
(-0.0047713 0.138268 0)
(-0.00867325 0.182152 0)
(-0.0130547 0.21913 0)
(-0.0175936 0.249165 0)
(-0.0220132 0.272395 0)
(-0.0260991 0.289108 0)
(-0.0297055 0.299702 0)
(-0.032751 0.304652 0)
(-0.0352098 0.304483 0)
(-0.0371024 0.299737 0)
(-0.0384839 0.290959 0)
(-0.0394341 0.278676 0)
(-0.0400477 0.263384 0)
(-0.0404266 0.245542 0)
(-0.0406725 0.225564 0)
(-0.0408829 0.203818 0)
(-0.0411466 0.180625 0)
(-0.0415412 0.156261 0)
(-0.0421317 0.13096 0)
(-0.0429688 0.104919 0)
(-0.0440887 0.0783023 0)
(-0.0455119 0.0512477 0)
(-0.0472435 0.0238741 0)
(-0.0492721 -0.00371222 0)
(-0.0515699 -0.0314098 0)
(-0.0540919 -0.059114 0)
(-0.0567757 -0.086709 0)
(-0.0595415 -0.114059 0)
(-0.0622914 -0.141001 0)
(-0.0649112 -0.167333 0)
(-0.0672706 -0.192811 0)
(-0.0692267 -0.217136 0)
(-0.0706272 -0.239952 0)
(-0.0713163 -0.26084 0)
(-0.071142 -0.279314 0)
(-0.0699663 -0.294825 0)
(-0.0676761 -0.306765 0)
(-0.0641977 -0.314479 0)
(-0.059511 -0.317281 0)
(-0.0536651 -0.31448 0)
(-0.0467912 -0.305411 0)
(-0.0391133 -0.289468 0)
(-0.0309538 -0.266152 0)
(-0.0227325 -0.235108 0)
(-0.0149469 -0.196171 0)
(-0.00813961 -0.14939 0)
(-0.00298889 -0.0950487 0)
(-0.000463917 -0.0337134 0)
(-0.000367609 0.0320621 0)
(-0.00233031 0.0904598 0)
(-0.00627307 0.142247 0)
(-0.0113866 0.18692 0)
(-0.0171083 0.224272 0)
(-0.0230081 0.254322 0)
(-0.0287176 0.277281 0)
(-0.0339521 0.293514 0)
(-0.0385184 0.303494 0)
(-0.0423087 0.307766 0)
(-0.0452884 0.306913 0)
(-0.0474833 0.301525 0)
(-0.0489647 0.292181 0)
(-0.0498358 0.279431 0)
(-0.0502196 0.263783 0)
(-0.0502482 0.245702 0)
(-0.0500544 0.2256 0)
(-0.0497659 0.203837 0)
(-0.0495001 0.180723 0)
(-0.0493609 0.156522 0)
(-0.0494368 0.131454 0)
(-0.0497994 0.105698 0)
(-0.0505025 0.0794029 0)
(-0.0515815 0.0526895 0)
(-0.0530533 0.025659 0)
(-0.0549151 -0.00160044 0)
(-0.0571449 -0.0290058 0)
(-0.0597 -0.0564715 0)
(-0.0625169 -0.0839011 0)
(-0.0655111 -0.111178 0)
(-0.0685759 -0.138159 0)
(-0.0715838 -0.164661 0)
(-0.0743867 -0.190456 0)
(-0.0768185 -0.215259 0)
(-0.0786988 -0.238722 0)
(-0.0798386 -0.260427 0)
(-0.0800486 -0.279882 0)
(-0.07915 -0.296519 0)
(-0.0769886 -0.309696 0)
(-0.0734512 -0.31871 0)
(-0.0684844 -0.322809 0)
(-0.0621147 -0.321219 0)
(-0.0544671 -0.313177 0)
(-0.0457815 -0.297972 0)
(-0.0364224 -0.274995 0)
(-0.0268814 -0.243787 0)
(-0.0177561 -0.204096 0)
(-0.0097101 -0.155909 0)
(-0.0035806 -0.0994843 0)
(-0.000559283 -0.035397 0)
(-0.000462578 0.033408 0)
(-0.00292153 0.0939618 0)
(-0.00784306 0.147316 0)
(-0.0141937 0.192967 0)
(-0.0212527 0.230756 0)
(-0.0284713 0.260778 0)
(-0.0353846 0.283341 0)
(-0.0416381 0.298909 0)
(-0.0469966 0.308058 0)
(-0.0513333 0.311421 0)
(-0.054614 0.309655 0)
(-0.0568791 0.303411 0)
(-0.0582243 0.293309 0)
(-0.0587837 0.279928 0)
(-0.0587137 0.263794 0)
(-0.0581811 0.245375 0)
(-0.0573524 0.22508 0)
(-0.0563871 0.203262 0)
(-0.0554318 0.180219 0)
(-0.0546168 0.156197 0)
(-0.0540539 0.131398 0)
(-0.0538351 0.105984 0)
(-0.0540314 0.0800838 0)
(-0.0546929 0.053798 0)
(-0.0558482 0.0272073 0)
(-0.0575039 0.000379111 0)
(-0.0596443 -0.0266251 0)
(-0.0622305 -0.053742 0)
(-0.0651997 -0.0808979 0)
(-0.0684645 -0.108 0)
(-0.0719118 -0.134928 0)
(-0.075403 -0.161522 0)
(-0.0787741 -0.187575 0)
(-0.0818375 -0.212823 0)
(-0.0843851 -0.236931 0)
(-0.0861938 -0.259489 0)
(-0.0870343 -0.280001 0)
(-0.0866825 -0.297884 0)
(-0.084935 -0.312462 0)
(-0.0816294 -0.322982 0)
(-0.0766665 -0.328617 0)
(-0.0700365 -0.328497 0)
(-0.0618443 -0.321744 0)
(-0.052333 -0.307514 0)
(-0.0419013 -0.285056 0)
(-0.0311102 -0.253779 0)
(-0.0206624 -0.213309 0)
(-0.011356 -0.163551 0)
(-0.00420826 -0.104717 0)
(-0.000662145 -0.0373941 0)
(-0.000566258 0.0350685 0)
(-0.00355622 0.0982643 0)
(-0.00950761 0.15351 0)
(-0.0171303 0.200305 0)
(-0.0255222 0.238555 0)
(-0.0340025 0.268459 0)
(-0.0420049 0.29045 0)
(-0.0491077 0.305126 0)
(-0.0550411 0.313188 0)
(-0.059671 0.315382 0)
(-0.0629759 0.312457 0)
(-0.0650229 0.305133 0)
(-0.0659428 0.294083 0)
(-0.065909 0.279917 0)
(-0.0651183 0.263178 0)
(-0.0637764 0.244339 0)
(-0.0620864 0.223804 0)
(-0.0602407 0.201914 0)
(-0.0584154 0.178951 0)
(-0.0567666 0.155143 0)
(-0.0554285 0.130671 0)
(-0.0545122 0.105675 0)
(-0.0541052 0.08026 0)
(-0.0542713 0.0545058 0)
(-0.0550506 0.0284696 0)
(-0.0564591 0.00219542 0)
(-0.0584882 -0.0242793 0)
(-0.061104 -0.050916 0)
(-0.0642461 -0.0776669 0)
(-0.0678267 -0.104466 0)
(-0.071729 -0.13122 0)
(-0.0758064 -0.157798 0)
(-0.0798817 -0.184021 0)
(-0.0837482 -0.209647 0)
(-0.0871718 -0.234364 0)
(-0.0898959 -0.257776 0)
(-0.091649 -0.279392 0)
(-0.0921571 -0.298617 0)
(-0.0911605 -0.314748 0)
(-0.088436 -0.326977 0)
(-0.0838243 -0.3344 0)
(-0.077262 -0.33604 0)
(-0.0688159 -0.33088 0)
(-0.0587153 -0.317916 0)
(-0.0473796 -0.296223 0)
(-0.0354343 -0.265032 0)
(-0.0236916 -0.223812 0)
(-0.0130996 -0.172348 0)
(-0.00488311 -0.110788 0)
(-0.000774957 -0.0397267 0)
(-0.000682038 0.0370702 0)
(-0.00425068 0.103421 0)
(-0.011301 0.160879 0)
(-0.0202411 0.208952 0)
(-0.0299575 0.247635 0)
(-0.0396212 0.277267 0)
(-0.04856 0.298447 0)
(-0.0562908 0.311945 0)
(-0.0625218 0.31862 0)
(-0.0671272 0.319354 0)
(-0.0701152 0.315004 0)
(-0.0715946 0.306374 0)
(-0.0717447 0.294192 0)
(-0.070788 0.279101 0)
(-0.0689689 0.261659 0)
(-0.0665364 0.24234 0)
(-0.0637323 0.221542 0)
(-0.0607826 0.199589 0)
(-0.0578922 0.176743 0)
(-0.0552414 0.153209 0)
(-0.0529848 0.129142 0)
(-0.0512509 0.10466 0)
(-0.0501416 0.0798423 0)
(-0.0497332 0.0547429 0)
(-0.0500763 0.0293948 0)
(-0.051196 0.0038165 0)
(-0.0530912 -0.0219803 0)
(-0.0557341 -0.047984 0)
(-0.0590689 -0.0741748 0)
(-0.0630099 -0.100517 0)
(-0.0674398 -0.126947 0)
(-0.0722077 -0.153368 0)
(-0.0771274 -0.179632 0)
(-0.0819771 -0.205531 0)
(-0.0864997 -0.230782 0)
(-0.0904067 -0.25501 0)
(-0.0933844 -0.277738 0)
(-0.0951058 -0.29837 0)
(-0.0952475 -0.316181 0)
(-0.0935141 -0.330316 0)
(-0.0896699 -0.339788 0)
(-0.0835775 -0.343504 0)
(-0.0752418 -0.34029 0)
(-0.064855 -0.328951 0)
(-0.0528383 -0.308344 0)
(-0.0398704 -0.277474 0)
(-0.0268756 -0.235601 0)
(-0.0149696 -0.182342 0)
(-0.00562009 -0.117751 0)
(-0.000901056 -0.0424234 0)
(-0.000814647 0.0394502 0)
(-0.00502695 0.109506 0)
(-0.013268 0.169488 0)
(-0.0235827 0.218927 0)
(-0.0346061 0.257943 0)
(-0.0453429 0.287068 0)
(-0.0550135 0.30712 0)
(-0.0630843 0.319086 0)
(-0.0692608 0.324022 0)
(-0.073448 0.322972 0)
(-0.075705 0.31692 0)
(-0.076202 0.306758 0)
(-0.0751812 0.293272 0)
(-0.0729258 0.277138 0)
(-0.0697342 0.258923 0)
(-0.0659028 0.239099 0)
(-0.0617132 0.218048 0)
(-0.0574241 0.196072 0)
(-0.0532668 0.173408 0)
(-0.0494432 0.150235 0)
(-0.0461254 0.126679 0)
(-0.0434558 0.10283 0)
(-0.0415483 0.0787418 0)
(-0.0404893 0.0544401 0)
(-0.0403383 0.0299321 0)
(-0.0411287 0.00521017 0)
(-0.042867 -0.0197411 0)
(-0.0455328 -0.0449381 0)
(-0.0490764 -0.0703907 0)
(-0.0534175 -0.0960945 0)
(-0.0584421 -0.122022 0)
(-0.0639996 -0.14811 0)
(-0.0699002 -0.17425 0)
(-0.0759122 -0.200273 0)
(-0.0817608 -0.225932 0)
(-0.0871298 -0.250889 0)
(-0.0916654 -0.27469 0)
(-0.0949865 -0.29675 0)
(-0.0967008 -0.316336 0)
(-0.0964296 -0.332551 0)
(-0.0938435 -0.344334 0)
(-0.0887069 -0.350466 0)
(-0.0809339 -0.349601 0)
(-0.0706483 -0.340321 0)
(-0.0582443 -0.321216 0)
(-0.0444352 -0.291003 0)
(-0.0302544 -0.248665 0)
(-0.0170041 -0.193586 0)
(-0.00643956 -0.125677 0)
(-0.0010451 -0.0455224 0)
(-0.00097084 0.0422589 0)
(-0.00591536 0.116616 0)
(-0.0154681 0.179423 0)
(-0.0272255 0.23025 0)
(-0.0395202 0.269404 0)
(-0.0511715 0.297681 0)
(-0.0612968 0.316188 0)
(-0.0693324 0.32619 0)
(-0.0750097 0.328979 0)
(-0.0782946 0.325793 0)
(-0.0793254 0.317753 0)
(-0.0783559 0.305845 0)
(-0.0757084 0.290911 0)
(-0.071737 0.273649 0)
(-0.0668008 0.254632 0)
(-0.0612452 0.234316 0)
(-0.0553905 0.213061 0)
(-0.0495254 0.191141 0)
(-0.0439038 0.168761 0)
(-0.0387446 0.146066 0)
(-0.0342323 0.123154 0)
(-0.0305193 0.100082 0)
(-0.0277274 0.0768753 0)
(-0.0259499 0.0535327 0)
(-0.0252532 0.0300341 0)
(-0.0256774 0.00634533 0)
(-0.0272366 -0.0175759 0)
(-0.0299181 -0.0417742 0)
(-0.0336807 -0.0662894 0)
(-0.0384524 -0.0911502 0)
(-0.044127 -0.116364 0)
(-0.0505598 -0.141909 0)
(-0.0575637 -0.167718 0)
(-0.0649046 -0.193669 0)
(-0.0722978 -0.219562 0)
(-0.0794061 -0.245102 0)
(-0.0858413 -0.269877 0)
(-0.0911706 -0.29333 0)
(-0.0949306 -0.314733 0)
(-0.0966507 -0.333168 0)
(-0.0958901 -0.347507 0)
(-0.0922891 -0.35641 0)
(-0.0856357 -0.358346 0)
(-0.0759441 -0.351641 0)
(-0.0635406 -0.334566 0)
(-0.0491414 -0.305474 0)
(-0.0338772 -0.262978 0)
(-0.0192539 -0.20614 0)
(-0.00736974 -0.134657 0)
(-0.00121376 -0.0490745 0)
(-0.00116056 0.0455662 0)
(-0.00695838 0.124883 0)
(-0.0179802 0.190788 0)
(-0.0312558 0.242933 0)
(-0.0447514 0.2819 0)
(-0.0570852 0.308852 0)
(-0.0672866 0.325279 0)
(-0.0747966 0.332794 0)
(-0.0794144 0.332977 0)
(-0.0812079 0.32728 0)
(-0.0804286 0.316974 0)
(-0.0774395 0.303134 0)
(-0.0726599 0.286647 0)
(-0.0665245 0.268225 0)
(-0.059456 0.248427 0)
(-0.051848 0.227686 0)
(-0.0440558 0.206325 0)
(-0.0363922 0.184583 0)
(-0.0291271 0.162626 0)
(-0.0224896 0.140562 0)
(-0.0166707 0.118453 0)
(-0.0118264 0.0963251 0)
(-0.00808176 0.0741721 0)
(-0.00553294 0.051966 0)
(-0.00424997 0.0296598 0)
(-0.00427792 0.00719393 0)
(-0.00563748 -0.0155 0)
(-0.00832431 -0.0384933 0)
(-0.0123075 -0.0618555 0)
(-0.0175265 -0.0856473 0)
(-0.0238876 -0.109913 0)
(-0.0312586 -0.134671 0)
(-0.0394629 -0.159903 0)
(-0.0482732 -0.185536 0)
(-0.0574049 -0.211428 0)
(-0.0665107 -0.237342 0)
(-0.0751777 -0.262921 0)
(-0.082929 -0.287656 0)
(-0.0892326 -0.31085 0)
(-0.0935217 -0.331585 0)
(-0.0952299 -0.348689 0)
(-0.0938461 -0.360714 0)
(-0.0889916 -0.365941 0)
(-0.080519 -0.362414 0)
(-0.0686294 -0.348027 0)
(-0.0539909 -0.320679 0)
(-0.0378033 -0.278492 0)
(-0.0217867 -0.220077 0)
(-0.00845052 -0.14481 0)
(-0.00141693 -0.0531491 0)
(-0.00139893 0.0494696 0)
(-0.00821668 0.134483 0)
(-0.0209097 0.203713 0)
(-0.0357764 0.256967 0)
(-0.0503397 0.295245 0)
(-0.0630105 0.320222 0)
(-0.0727667 0.333894 0)
(-0.0791098 0.338308 0)
(-0.0819669 0.335381 0)
(-0.0815605 0.326797 0)
(-0.0782952 0.313975 0)
(-0.0726702 0.298068 0)
(-0.0652165 0.279988 0)
(-0.056455 0.260439 0)
(-0.0468709 0.239951 0)
(-0.0369004 0.218912 0)
(-0.0269253 0.197602 0)
(-0.0172735 0.17621 0)
(-0.00822129 0.154857 0)
(1.03921e-06 0.133609 0)
(0.00720458 0.11249 0)
(0.0132364 0.0914931 0)
(0.0179748 0.0705819 0)
(0.0213255 0.0497012 0)
(0.0232186 0.0287795 0)
(0.0236066 0.00773344 0)
(0.0224636 -0.0135288 0)
(0.0197852 -0.0351033 0)
(0.0155908 -0.0570862 0)
(0.0099261 -0.0795687 0)
(0.00286747 -0.102631 0)
(-0.00547197 -0.126332 0)
(-0.0149352 -0.150701 0)
(-0.0253127 -0.175724 0)
(-0.0363331 -0.20132 0)
(-0.0476534 -0.227325 0)
(-0.0588509 -0.253453 0)
(-0.0694186 -0.279268 0)
(-0.0787661 -0.304132 0)
(-0.0862334 -0.327161 0)
(-0.0911201 -0.347172 0)
(-0.0927397 -0.362638 0)
(-0.0905031 -0.371664 0)
(-0.084038 -0.371998 0)
(-0.0733426 -0.361101 0)
(-0.0589589 -0.336313 0)
(-0.0420997 -0.295114 0)
(-0.0246935 -0.23548 0)
(-0.00973955 -0.156293 0)
(-0.00166977 -0.0578416 0)
(-0.00170992 0.054107 0)
(-0.00977889 0.145649 0)
(-0.0243965 0.218345 0)
(-0.0409019 0.272299 0)
(-0.0562879 0.309145 0)
(-0.0687776 0.331282 0)
(-0.0773675 0.341367 0)
(-0.0817077 0.34198 0)
(-0.0819353 0.335414 0)
(-0.0784918 0.323595 0)
(-0.0719782 0.308071 0)
(-0.0630541 0.290045 0)
(-0.0523714 0.270424 0)
(-0.0405353 0.249873 0)
(-0.0280853 0.228868 0)
(-0.0154878 0.207736 0)
(-0.00313806 0.186696 0)
(0.00863515 0.165878 0)
(0.0195615 0.145351 0)
(0.0294213 0.125136 0)
(0.0380376 0.105218 0)
(0.0452692 0.0855552 0)
(0.0510047 0.0660835 0)
(0.0551574 0.0467228 0)
(0.0576619 0.0273795 0)
(0.0584711 0.00794988 0)
(0.0575554 -0.0116775 0)
(0.0549026 -0.0316195 0)
(0.0505191 -0.0519951 0)
(0.044433 -0.0729225 0)
(0.0366988 -0.0945132 0)
(0.0274034 -0.116866 0)
(0.0166751 -0.140059 0)
(0.00469305 -0.164135 0)
(-0.00829978 -0.189083 0)
(-0.0219832 -0.214819 0)
(-0.0359455 -0.241149 0)
(-0.0496708 -0.267732 0)
(-0.0625309 -0.294024 0)
(-0.0737865 -0.319218 0)
(-0.0826065 -0.342168 0)
(-0.0881128 -0.361317 0)
(-0.0894649 -0.374629 0)
(-0.0859935 -0.379564 0)
(-0.0773932 -0.37311 0)
(-0.0639649 -0.351934 0)
(-0.0468337 -0.312678 0)
(-0.0280956 -0.25243 0)
(-0.0113219 -0.169315 0)
(-0.00199649 -0.0632866 0)
(-0.00213324 0.0596782 0)
(-0.0117775 0.158693 0)
(-0.0286247 0.234841 0)
(-0.0467425 0.288779 0)
(-0.0625128 0.323127 0)
(-0.0740412 0.341298 0)
(-0.0804695 0.346805 0)
(-0.0817269 0.342854 0)
(-0.0782673 0.332144 0)
(-0.0708237 0.316821 0)
(-0.0602346 0.298522 0)
(-0.0473348 0.278449 0)
(-0.0328944 0.257461 0)
(-0.0175902 0.236147 0)
(-0.00199673 0.214899 0)
(0.0134092 0.193962 0)
(0.0282394 0.173477 0)
(0.042182 0.15351 0)
(0.0549891 0.13407 0)
(0.0664648 0.115133 0)
(0.0764559 0.0966431 0)
(0.0848422 0.0785268 0)
(0.0915299 0.0606947 0)
(0.0964461 0.0430451 0)
(0.0995342 0.025467 0)
(0.100751 0.00784111 0)
(0.100065 -0.00995903 0)
(0.0974577 -0.0280656 0)
(0.0929213 -0.0466151 0)
(0.0864646 -0.0657468 0)
(0.0781161 -0.0855992 0)
(0.0679304 -0.106306 0)
(0.0559973 -0.127988 0)
(0.0424532 -0.150745 0)
(0.0274955 -0.17464 0)
(0.0114002 -0.199673 0)
(-0.00545829 -0.225758 0)
(-0.0225855 -0.252673 0)
(-0.0393469 -0.280004 0)
(-0.0549541 -0.30707 0)
(-0.0684653 -0.332827 0)
(-0.0788127 -0.355759 0)
(-0.0848747 -0.373761 0)
(-0.085612 -0.38405 0)
(-0.0802935 -0.383127 0)
(-0.0688167 -0.366881 0)
(-0.052051 -0.330889 0)
(-0.0321515 -0.270992 0)
(-0.0133263 -0.18415 0)
(-0.00243759 -0.0696792 0)
(-0.00273753 0.0664797 0)
(-0.014415 0.174023 0)
(-0.0338281 0.253325 0)
(-0.053361 0.306082 0)
(-0.0687485 0.336439 0)
(-0.0781459 0.349221 0)
(-0.0810516 0.34902 0)
(-0.0778566 0.339745 0)
(-0.0694593 0.324482 0)
(-0.0569557 0.305539 0)
(-0.0414476 0.284564 0)
(-0.0239408 0.262692 0)
(-0.00530192 0.24067 0)
(0.013751 0.218969 0)
(0.0326394 0.197864 0)
(0.0509067 0.177498 0)
(0.0681979 0.157922 0)
(0.0842407 0.139128 0)
(0.098828 0.121068 0)
(0.111803 0.10367 0)
(0.123048 0.0868419 0)
(0.132474 0.0704826 0)
(0.140011 0.0544811 0)
(0.145605 0.0387201 0)
(0.149215 0.0230761 0)
(0.150803 0.00742022 0)
(0.150339 -0.00838277 0)
(0.147798 -0.0244739 0)
(0.14316 -0.0410005 0)
(0.136413 -0.0581156 0)
(0.127557 -0.0759771 0)
(0.116608 -0.0947455 0)
(0.10361 -0.11458 0)
(0.0886447 -0.13563 0)
(0.0718473 -0.158025 0)
(0.0534261 -0.181859 0)
(0.0336878 -0.207155 0)
(0.0130672 -0.233832 0)
(-0.00783967 -0.261641 0)
(-0.0282438 -0.29008 0)
(-0.0471381 -0.318285 0)
(-0.0632954 -0.344877 0)
(-0.0753099 -0.367795 0)
(-0.0817146 -0.384111 0)
(-0.08122 -0.389889 0)
(-0.0731069 -0.380172 0)
(-0.0577243 -0.349224 0)
(-0.0370576 -0.291166 0)
(-0.0159506 -0.201152 0)
(-0.00306359 -0.0773104 0)
(-0.00364583 0.0749669 0)
(-0.0180034 0.19216 0)
(-0.0402765 0.273809 0)
(-0.0606695 0.32355 0)
(-0.074362 0.347884 0)
(-0.079897 0.353562 0)
(-0.077457 0.346463 0)
(-0.0681298 0.331215 0)
(-0.0533896 0.311206 0)
(-0.034743 0.288781 0)
(-0.0135473 0.265486 0)
(0.00905814 0.24229 0)
(0.0321602 0.21976 0)
(0.0550506 0.1982 0)
(0.0771934 0.17774 0)
(0.0981914 0.158403 0)
(0.117755 0.140144 0)
(0.135678 0.122881 0)
(0.151812 0.106509 0)
(0.166055 0.0909143 0)
(0.178336 0.0759747 0)
(0.188603 0.0615667 0)
(0.196819 0.047565 0)
(0.202955 0.0338429 0)
(0.206985 0.0202714 0)
(0.208883 0.00671837 0)
(0.20862 -0.00695294 0)
(0.206169 -0.0208852 0)
(0.201496 -0.0352286 0)
(0.19457 -0.0501415 0)
(0.18536 -0.0657919 0)
(0.173843 -0.0823572 0)
(0.160011 -0.100023 0)
(0.143882 -0.11898 0)
(0.125512 -0.139417 0)
(0.105021 -0.161508 0)
(0.082616 -0.185391 0)
(0.0586286 -0.211134 0)
(0.0335594 -0.238676 0)
(0.00812926 -0.267748 0)
(-0.0166659 -0.297744 0)
(-0.0395113 -0.327547 0)
(-0.0587629 -0.355292 0)
(-0.0725121 -0.378084 0)
(-0.0787941 -0.391696 0)
(-0.0760212 -0.390348 0)
(-0.0636355 -0.366771 0)
(-0.0430263 -0.312785 0)
(-0.0195008 -0.220766 0)
(-0.00400143 -0.0866295 0)
(-0.00508316 0.0858623 0)
(-0.0230198 0.213725 0)
(-0.0482036 0.296003 0)
(-0.0681924 0.339932 0)
(-0.0780062 0.355592 0)
(-0.0771816 0.352241 0)
(-0.0670471 0.337171 0)
(-0.0496454 0.315612 0)
(-0.0271191 0.291048 0)
(-0.00137126 0.265664 0)
(0.0260535 0.240742 0)
(0.0539697 0.216971 0)
(0.0815033 0.19467 0)
(0.10803 0.173932 0)
(0.133117 0.154723 0)
(0.156473 0.136937 0)
(0.177908 0.120437 0)
(0.197306 0.105074 0)
(0.214597 0.0906937 0)
(0.229745 0.077149 0)
(0.242733 0.0642971 0)
(0.253556 0.0520016 0)
(0.262211 0.0401308 0)
(0.268696 0.0285563 0)
(0.273005 0.0171509 0)
(0.275123 0.00578674 0)
(0.275028 -0.00566746 0)
(0.272689 -0.0173483 0)
(0.268063 -0.0294001 0)
(0.2611 -0.0419779 0)
(0.251742 -0.0552489 0)
(0.239924 -0.0693956 0)
(0.225586 -0.0846168 0)
(0.208676 -0.101128 0)
(0.189165 -0.119162 0)
(0.167063 -0.138958 0)
(0.14245 -0.160755 0)
(0.115511 -0.184764 0)
(0.086588 -0.211124 0)
(0.0562469 -0.239829 0)
(0.0253632 -0.270607 0)
(-0.00478619 -0.302728 0)
(-0.0324387 -0.334723 0)
(-0.0553163 -0.363992 0)
(-0.0707346 -0.386302 0)
(-0.0759936 -0.395253 0)
(-0.0691224 -0.381962 0)
(-0.0501942 -0.335307 0)
(-0.0244415 -0.2435 0)
(-0.00548307 -0.0983544 0)
(-0.00745716 0.100338 0)
(-0.0301506 0.239334 0)
(-0.0575623 0.318925 0)
(-0.0745498 0.352951 0)
(-0.0769839 0.356708 0)
(-0.0663621 0.342465 0)
(-0.0457119 0.318803 0)
(-0.0182253 0.291198 0)
(0.013314 0.262873 0)
(0.0467381 0.235572 0)
(0.0804756 0.210124 0)
(0.113444 0.186829 0)
(0.144932 0.165695 0)
(0.174491 0.146586 0)
(0.201861 0.129299 0)
(0.226901 0.113614 0)
(0.249555 0.0993142 0)
(0.269814 0.0861957 0)
(0.2877 0.0740739 0)
(0.30325 0.0627815 0)
(0.316505 0.052167 0)
(0.327507 0.0420918 0)
(0.336289 0.0324271 0)
(0.342877 0.0230514 0)
(0.347283 0.0138468 0)
(0.349508 0.00469659 0)
(0.349535 -0.00451771 0)
(0.347332 -0.0139193 0)
(0.34285 -0.0236391 0)
(0.336023 -0.0338189 0)
(0.326769 -0.0446149 0)
(0.314989 -0.0562015 0)
(0.300571 -0.068775 0)
(0.283397 -0.082558 0)
(0.263349 -0.0978024 0)
(0.240321 -0.114791 0)
(0.214247 -0.133834 0)
(0.185128 -0.155262 0)
(0.153089 -0.179396 0)
(0.118448 -0.206498 0)
(0.0818248 -0.236669 0)
(0.0442774 -0.26968 0)
(0.00747053 -0.304665 0)
(-0.0261617 -0.339654 0)
(-0.0533298 -0.370875 0)
(-0.0700997 -0.391787 0)
(-0.0725445 -0.392143 0)
(-0.058345 -0.357398 0)
(-0.0314249 -0.269783 0)
(-0.00792494 -0.113651 0)
(-0.011447 0.120263 0)
(-0.0401843 0.269207 0)
(-0.067322 0.340156 0)
(-0.0763639 0.358672 0)
(-0.0661257 0.347098 0)
(-0.0413614 0.32075 0)
(-0.00724525 0.288867 0)
(0.0319385 0.256479 0)
(0.0730367 0.226023 0)
(0.113929 0.19847 0)
(0.153289 0.174022 0)
(0.190347 0.152512 0)
(0.2247 0.133626 0)
(0.256176 0.117008 0)
(0.284744 0.102319 0)
(0.310453 0.0892488 0)
(0.333397 0.0775305 0)
(0.353684 0.0669341 0)
(0.371429 0.0572629 0)
(0.38674 0.0483483 0)
(0.399714 0.040044 0)
(0.410435 0.0322211 0)
(0.418969 0.0247635 0)
(0.425366 0.0175642 0)
(0.429657 0.0105217 0)
(0.431853 0.00353693 0)
(0.431946 -0.00349001 0)
(0.429905 -0.0106627 0)
(0.425678 -0.0180916 0)
(0.419188 -0.0258974 0)
(0.410337 -0.0342153 0)
(0.398997 -0.0431992 0)
(0.385018 -0.0530271 0)
(0.368224 -0.0639078 0)
(0.348416 -0.0760875 0)
(0.32538 -0.0898579 0)
(0.298902 -0.105563 0)
(0.268784 -0.123604 0)
(0.234892 -0.144436 0)
(0.197218 -0.168546 0)
(0.155988 -0.196398 0)
(0.111823 -0.228306 0)
(0.0659768 -0.264173 0)
(0.0206399 -0.303018 0)
(-0.0206857 -0.342128 0)
(-0.0530381 -0.375715 0)
(-0.0702056 -0.393004 0)
(-0.0661538 -0.376163 0)
(-0.0411336 -0.299526 0)
(-0.0120028 -0.134358 0)
(-0.0178985 0.148547 0)
(-0.0532041 0.302049 0)
(-0.0735733 0.354428 0)
(-0.066048 0.350712 0)
(-0.0359495 0.321274 0)
(0.00756272 0.283328 0)
(0.0573021 0.245341 0)
(0.1085 0.210838 0)
(0.158286 0.180858 0)
(0.205108 0.155323 0)
(0.248251 0.133722 0)
(0.287488 0.115439 0)
(0.322859 0.0998887 0)
(0.35454 0.0865628 0)
(0.382761 0.0750401 0)
(0.40777 0.0649774 0)
(0.429803 0.0560972 0)
(0.449079 0.048175 0)
(0.46579 0.0410277 0)
(0.480104 0.0345044 0)
(0.492161 0.0284785 0)
(0.502076 0.022842 0)
(0.509941 0.0174998 0)
(0.515821 0.0123663 0)
(0.519762 0.00736162 0)
(0.521784 0.00240883 0)
(0.521884 -0.00256908 0)
(0.520036 -0.00765181 0)
(0.516189 -0.0129245 0)
(0.510263 -0.0184812 0)
(0.502149 -0.0244282 0)
(0.491708 -0.0308889 0)
(0.478764 -0.0380092 0)
(0.463102 -0.0459648 0)
(0.444467 -0.0549702 0)
(0.42256 -0.06529 0)
(0.397038 -0.0772531 0)
(0.367525 -0.0912691 0)
(0.333628 -0.107846 0)
(0.294976 -0.127603 0)
(0.251304 -0.151268 0)
(0.202593 -0.179633 0)
(0.149326 -0.213403 0)
(0.0928933 -0.252831 0)
(0.0362094 -0.296907 0)
(-0.0155548 -0.341803 0)
(-0.0542739 -0.37795 0)
(-0.0692524 -0.385763 0)
(-0.0533581 -0.330901 0)
(-0.0184931 -0.163301 0)
(-0.026845 0.1901 0)
(-0.0656604 0.332185 0)
(-0.0648596 0.350888 0)
(-0.0276262 0.319202 0)
(0.0300395 0.272746 0)
(0.0951182 0.22713 0)
(0.15995 0.187745 0)
(0.220732 0.155434 0)
(0.275925 0.129418 0)
(0.325193 0.108533 0)
(0.368779 0.0916765 0)
(0.40716 0.0779375 0)
(0.440875 0.066604 0)
(0.470446 0.0571321 0)
(0.49634 0.0491098 0)
(0.518963 0.042224 0)
(0.538662 0.0362352 0)
(0.555727 0.0309579 0)
(0.5704 0.0262464 0)
(0.582881 0.0219845 0)
(0.593332 0.0180773 0)
(0.601883 0.0144457 0)
(0.608634 0.0110218 0)
(0.613661 0.00774516 0)
(0.617014 0.0045606 0)
(0.618717 0.00141528 0)
(0.618775 -0.00174322 0)
(0.617164 -0.00496904 0)
(0.613838 -0.00832021 0)
(0.608722 -0.0118611 0)
(0.601711 -0.0156655 0)
(0.592665 -0.0198201 0)
(0.581407 -0.0244292 0)
(0.567711 -0.0296217 0)
(0.551298 -0.0355587 0)
(0.531827 -0.0424459 0)
(0.508882 -0.0505497 0)
(0.481963 -0.0602188 0)
(0.450475 -0.0719144 0)
(0.413736 -0.0862489 0)
(0.370992 -0.104032 0)
(0.321499 -0.126316 0)
(0.264691 -0.154398 0)
(0.200551 -0.189697 0)
(0.130321 -0.233266 0)
(0.0577516 -0.284422 0)
(-0.00902924 -0.337399 0)
(-0.055713 -0.374914 0)
(-0.0639384 -0.357461 0)
(-0.0271756 -0.205195 0)
(-0.033002 0.250039 0)
(-0.061904 0.343443 0)
(-0.0120449 0.310069 0)
(0.0702047 0.251311 0)
(0.158537 0.196231 0)
(0.241624 0.152182 0)
(0.315142 0.119023 0)
(0.378399 0.0944479 0)
(0.432274 0.0761341 0)
(0.478081 0.0622839 0)
(0.517112 0.0516124 0)
(0.550488 0.043225 0)
(0.579133 0.0365021 0)
(0.603792 0.0310112 0)
(0.625061 0.0264465 0)
(0.643413 0.0225882 0)
(0.659229 0.0192749 0)
(0.67281 0.0163863 0)
(0.684401 0.0138307 0)
(0.694196 0.0115367 0)
(0.702351 0.00944723 0)
(0.708986 0.00751569 0)
(0.714198 0.00570271 0)
(0.718053 0.00397389 0)
(0.7206 0.00229801 0)
(0.721863 0.000645551 0)
(0.721847 -0.00101266 0)
(0.720537 -0.00270667 0)
(0.717893 -0.00446875 0)
(0.713854 -0.00633494 0)
(0.70833 -0.00834678 0)
(0.701201 -0.0105538 0)
(0.692309 -0.0130163 0)
(0.681452 -0.0158103 0)
(0.668373 -0.0190329 0)
(0.652747 -0.0228112 0)
(0.634162 -0.027315 0)
(0.612095 -0.0327762 0)
(0.585884 -0.0395167 0)
(0.554684 -0.0479931 0)
(0.517435 -0.0588633 0)
(0.472816 -0.0730859 0)
(0.419257 -0.0920573 0)
(0.355057 -0.117767 0)
(0.278843 -0.152851 0)
(0.190808 -0.200064 0)
(0.0950483 -0.259932 0)
(0.00324352 -0.324605 0)
(-0.0564786 -0.362198 0)
(-0.0321184 -0.264074 0)
(0.00101374 0.294735 0)
(0.0165546 0.298307 0)
(0.151726 0.212718 0)
(0.282073 0.145143 0)
(0.387252 0.0996407 0)
(0.47073 0.0700299 0)
(0.536685 0.0509012 0)
(0.588969 0.0383149 0)
(0.630907 0.029748 0)
(0.665031 0.0236917 0)
(0.693168 0.0192518 0)
(0.716635 0.0158882 0)
(0.736389 0.0132653 0)
(0.753137 0.0111678 0)
(0.767404 0.00945266 0)
(0.77959 0.00802206 0)
(0.790001 0.00680688 0)
(0.798876 0.00575705 0)
(0.806401 0.0048353 0)
(0.812722 0.0040132 0)
(0.817954 0.00326849 0)
(0.822186 0.00258319 0)
(0.825487 0.00194234 0)
(0.827907 0.001333 0)
(0.82948 0.000743547 0)
(0.830224 0.000163058 0)
(0.830145 -0.000419211 0)
(0.829231 -0.00101434 0)
(0.827458 -0.00163424 0)
(0.824783 -0.00229224 0)
(0.821145 -0.00300389 0)
(0.816459 -0.0037878 0)
(0.810615 -0.00466706 0)
(0.803468 -0.00567096 0)
(0.794832 -0.00683774 0)
(0.784466 -0.00821845 0)
(0.772055 -0.00988311 0)
(0.757189 -0.0119304 0)
(0.739322 -0.0145034 0)
(0.717718 -0.017817 0)
(0.691377 -0.0222055 0)
(0.658909 -0.0282087 0)
(0.618367 -0.0367289 0)
(0.567013 -0.0493147 0)
(0.501154 -0.0686208 0)
(0.41637 -0.0989458 0)
(0.307807 -0.146395 0)
(0.171185 -0.217695 0)
(0.027052 -0.307336 0)
(0.00517415 -0.302949 0)
(0.290219 0.152383 0)
(0.389377 0.128157 0)
(0.565078 0.0746498 0)
(0.682753 0.0421709 0)
(0.752283 0.0245055 0)
(0.797347 0.0149065 0)
(0.828686 0.00964111 0)
(0.85145 0.00665676 0)
(0.868658 0.00486676 0)
(0.882118 0.0037202 0)
(0.892921 0.00293843 0)
(0.90176 0.00237599 0)
(0.909094 0.0019532 0)
(0.915242 0.00162396 0)
(0.92043 0.0013601 0)
(0.924828 0.00114343 0)
(0.928558 0.000961717 0)
(0.931718 0.000806379 0)
(0.934381 0.0006712 0)
(0.936604 0.00055154 0)
(0.938431 0.000443828 0)
(0.939897 0.000345228 0)
(0.941029 0.00025341 0)
(0.941845 0.000166382 0)
(0.942358 8.23689e-05 0)
(0.942576 -2.87066e-07 0)
(0.9425 -8.32001e-05 0)
(0.942128 -0.000168069 0)
(0.941448 -0.000256699 0)
(0.940446 -0.000351131 0)
(0.939098 -0.000453764 0)
(0.937374 -0.00056751 0)
(0.935229 -0.000696021 0)
(0.932611 -0.000844013 0)
(0.929445 -0.00101775 0)
(0.925638 -0.00122579 0)
(0.921064 -0.0014802 0)
(0.915558 -0.00179862 0)
(0.908891 -0.00220799 0)
(0.900746 -0.00275157 0)
(0.890666 -0.00350319 0)
(0.877965 -0.00459686 0)
(0.861569 -0.00629078 0)
(0.839687 -0.00910503 0)
(0.80928 -0.0140986 0)
(0.765097 -0.0233621 0)
(0.696225 -0.0408558 0)
(0.578001 -0.0737894 0)
(0.397981 -0.128735 0)
(0.293821 -0.153742 0)
)
;

boundaryField
{
    movingWallTop
    {
        type            fixedValue;
        value           uniform (1 0 0);
    }
    movingWallBottom
    {
        type            fixedValue;
        value           uniform (-1 0 0);
    }
    fixedWalls
    {
        type            noSlip;
    }
    frontAndBack
    {
        type            empty;
    }
}


// ************************************************************************* //
