/*--------------------------------*- C++ -*----------------------------------*\
  =========                 |
  \\      /  F ield         | OpenFOAM: The Open Source CFD Toolbox
   \\    /   O peration     | Website:  https://openfoam.org
    \\  /    A nd           | Version:  7
     \\/     M anipulation  |
\*---------------------------------------------------------------------------*/
FoamFile
{
    version     2.0;
    format      ascii;
    class       surfaceScalarField;
    location    "0.0056";
    object      phi;
}
// * * * * * * * * * * * * * * * * * * * * * * * * * * * * * * * * * * * * * //

dimensions      [0 3 -1 0 0 0 0];

internalField   nonuniform List<scalar> 
4900
(
-5.56293e-06
5.56293e-06
-1.01619e-05
4.59894e-06
-1.29251e-05
2.7632e-06
-1.46056e-05
1.68055e-06
-1.56571e-05
1.05151e-06
-1.63373e-05
6.80128e-07
-1.67946e-05
4.57326e-07
-1.71137e-05
3.19148e-07
-1.73435e-05
2.29784e-07
-1.75132e-05
1.69705e-07
-1.76412e-05
1.28018e-07
-1.77396e-05
9.83449e-08
-1.78163e-05
7.67577e-08
-1.78771e-05
6.07292e-08
-1.79256e-05
4.85788e-08
-1.79648e-05
3.91625e-08
-1.79965e-05
3.16895e-08
-1.80221e-05
2.56071e-08
-1.80426e-05
2.05251e-08
-1.80588e-05
1.61647e-08
-1.80711e-05
1.23238e-08
-1.808e-05
8.85208e-09
-1.80856e-05
5.63447e-09
-1.80882e-05
2.57931e-09
-1.80878e-05
-3.9206e-10
-1.80844e-05
-3.34663e-09
-1.80781e-05
-6.35416e-09
-1.80686e-05
-9.48412e-09
-1.80558e-05
-1.28156e-08
-1.80394e-05
-1.64432e-08
-1.80189e-05
-2.04863e-08
-1.79938e-05
-2.51015e-08
-1.79633e-05
-3.05004e-08
-1.79263e-05
-3.69753e-08
-1.78814e-05
-4.49352e-08
-1.78264e-05
-5.49591e-08
-1.77585e-05
-6.78737e-08
-1.76736e-05
-8.48726e-08
-1.75659e-05
-1.07706e-07
-1.74269e-05
-1.39e-07
-1.72441e-05
-1.82827e-07
-1.69984e-05
-2.45755e-07
-1.66595e-05
-3.38874e-07
-1.61778e-05
-4.81694e-07
-1.54688e-05
-7.09028e-07
-1.43882e-05
-1.08059e-06
-1.2694e-05
-1.69421e-06
-9.96363e-06
-2.73033e-06
-5.46268e-06
-4.50095e-06
-5.46268e-06
-3.26238e-09
5.56619e-06
-2.07763e-06
6.6733e-06
-4.72201e-06
5.40758e-06
-7.02271e-06
3.98124e-06
-8.81792e-06
2.84673e-06
-1.01682e-05
2.03042e-06
-1.11743e-05
1.46342e-06
-1.19258e-05
1.07063e-06
-1.24916e-05
7.95579e-07
-1.29221e-05
6.0019e-07
-1.32534e-05
4.59349e-07
-1.35114e-05
3.5637e-07
-1.37147e-05
2.79988e-07
-1.38764e-05
2.22463e-07
-1.40062e-05
1.78397e-07
-1.4111e-05
1.43992e-07
-1.41959e-05
1.16549e-07
-1.42644e-05
9.41439e-08
-1.43193e-05
7.53942e-08
-1.43624e-05
5.92978e-08
-1.43952e-05
4.51188e-08
-1.44187e-05
3.23052e-08
-1.44335e-05
2.04308e-08
-1.444e-05
9.15318e-09
-1.44386e-05
-1.8177e-09
-1.44292e-05
-1.27426e-08
-1.44117e-05
-2.38771e-08
-1.43857e-05
-3.54869e-08
-1.43506e-05
-4.7871e-08
-1.43057e-05
-6.13867e-08
-1.42497e-05
-7.64816e-08
-1.41811e-05
-9.37371e-08
-1.40976e-05
-1.13929e-07
-1.39965e-05
-1.38108e-07
-1.38737e-05
-1.67719e-07
-1.37239e-05
-2.04757e-07
-1.35398e-05
-2.51995e-07
-1.33114e-05
-3.13301e-07
-1.3025e-05
-3.94113e-07
-1.26618e-05
-5.02141e-07
-1.21962e-05
-6.48467e-07
-1.15927e-05
-8.49256e-07
-1.08032e-05
-1.12839e-06
-9.76355e-06
-1.52131e-06
-8.39345e-06
-2.07913e-06
-6.6068e-06
-2.86724e-06
-4.35967e-06
-3.94134e-06
-1.81943e-06
-5.27057e-06
1.1672e-07
-6.4371e-06
-5.34596e-06
1.06189e-06
4.50431e-06
6.61783e-07
7.0734e-06
-7.37861e-07
6.80723e-06
-2.44711e-06
5.69049e-06
-4.08225e-06
4.48187e-06
-5.49318e-06
3.44135e-06
-6.6507e-06
2.62093e-06
-7.5771e-06
1.99703e-06
-8.31067e-06
1.52915e-06
-8.89002e-06
1.17955e-06
-9.34856e-06
9.17882e-07
-9.71322e-06
7.21037e-07
-1.0005e-05
5.71799e-07
-1.024e-05
4.57464e-07
-1.04303e-05
3.68698e-07
-1.0585e-05
2.9866e-07
-1.07108e-05
2.42343e-07
-1.08127e-05
1.96085e-07
-1.08945e-05
1.57204e-07
-1.0959e-05
1.23721e-07
-1.1008e-05
9.41644e-08
-1.10431e-05
6.7416e-08
-1.10653e-05
4.26046e-08
-1.10752e-05
1.90248e-08
-1.10731e-05
-3.92411e-09
-1.1059e-05
-2.67853e-08
-1.10328e-05
-5.00896e-08
-1.09939e-05
-7.43898e-08
-1.09415e-05
-1.00305e-07
-1.08743e-05
-1.28571e-07
-1.07907e-05
-1.60097e-07
-1.06884e-05
-1.96053e-07
-1.05643e-05
-2.37973e-07
-1.04145e-05
-2.87903e-07
-1.02336e-05
-3.4859e-07
-1.00147e-05
-4.2374e-07
-9.74831e-06
-5.18352e-07
-9.42246e-06
-6.39153e-07
-9.0214e-06
-7.95172e-07
-8.52506e-06
-9.98478e-07
-7.90843e-06
-1.2651e-06
-7.14159e-06
-1.61609e-06
-6.19165e-06
-2.07833e-06
-5.02885e-06
-2.68411e-06
-3.64187e-06
-3.46611e-06
-2.07047e-06
-4.43864e-06
-4.66849e-07
-5.54496e-06
8.02846e-07
-6.54026e-06
1.09218e-06
-6.72643e-06
-4.25379e-06
9.50265e-07
3.55404e-06
1.39233e-06
6.63134e-06
9.91884e-07
7.20767e-06
6.48563e-08
6.61752e-06
-1.07084e-06
5.61757e-06
-2.20949e-06
4.58e-06
-3.24598e-06
3.65742e-06
-4.14143e-06
2.89248e-06
-4.89279e-06
2.2805e-06
-5.51331e-06
1.80007e-06
-6.02185e-06
1.42641e-06
-6.43748e-06
1.13667e-06
-6.7773e-06
9.11619e-07
-7.05562e-06
7.35783e-07
-7.284e-06
5.97071e-07
-7.47153e-06
4.86191e-07
-7.62528e-06
3.96094e-07
-7.75066e-06
3.2147e-07
-7.8518e-06
2.58338e-07
-7.93178e-06
2.03704e-07
-7.99292e-06
1.553e-07
-8.03688e-06
1.1138e-07
-8.06484e-06
7.05694e-08
-8.07756e-06
3.17429e-08
-8.07542e-06
-6.06352e-09
-8.05848e-06
-4.37261e-08
-8.02647e-06
-8.20987e-08
-7.97879e-06
-1.2207e-07
-7.91447e-06
-1.64628e-07
-7.83211e-06
-2.10934e-07
-7.7298e-06
-2.62408e-07
-7.605e-06
-3.20847e-07
-7.45441e-06
-3.88567e-07
-7.27372e-06
-4.68593e-07
-7.05741e-06
-5.64895e-07
-6.79847e-06
-6.82679e-07
-6.48809e-06
-8.28739e-07
-6.11539e-06
-1.01185e-06
-5.66737e-06
-1.24319e-06
-5.12915e-06
-1.5367e-06
-4.48502e-06
-1.90923e-06
-3.72103e-06
-2.38008e-06
-2.83029e-06
-2.96908e-06
-1.82299e-06
-3.6914e-06
-7.4386e-07
-4.54524e-06
3.02026e-07
-5.48453e-06
1.12108e-06
-6.36401e-06
1.42437e-06
-6.84355e-06
9.3402e-07
-6.23609e-06
-3.31977e-06
7.25545e-07
2.8285e-06
1.43724e-06
5.91964e-06
1.62982e-06
7.0151e-06
1.3321e-06
6.91524e-06
7.18796e-07
6.23087e-06
-4.05693e-08
5.33936e-06
-8.26344e-07
4.44319e-06
-1.569e-06
3.63514e-06
-2.2355e-06
2.947e-06
-2.81539e-06
2.37997e-06
-3.3106e-06
1.92162e-06
-3.72887e-06
1.55495e-06
-4.07998e-06
1.26273e-06
-4.3737e-06
1.0295e-06
-4.61884e-06
8.42207e-07
-4.8229e-06
6.90247e-07
-4.99203e-06
5.65233e-07
-5.1312e-06
4.60635e-07
-5.24428e-06
3.71419e-07
-5.33429e-06
2.93715e-07
-5.40352e-06
2.24532e-07
-5.45368e-06
1.61534e-07
-5.48596e-06
1.0285e-07
-5.50115e-06
4.69376e-08
-5.49968e-06
-7.53836e-09
-5.48161e-06
-6.17958e-08
-5.44669e-06
-1.1702e-07
-5.39432e-06
-1.7444e-07
-5.32353e-06
-2.35411e-07
-5.23296e-06
-3.01505e-07
-5.12075e-06
-3.74619e-07
-4.98449e-06
-4.57109e-07
-4.8211e-06
-5.51956e-07
-4.62673e-06
-6.62962e-07
-4.39664e-06
-7.9499e-07
-4.12509e-06
-9.54225e-07
-3.80539e-06
-1.14844e-06
-3.43002e-06
-1.38722e-06
-2.99119e-06
-1.68203e-06
-2.48189e-06
-2.046e-06
-1.89801e-06
-2.49311e-06
-1.24194e-06
-3.03615e-06
-5.285e-07
-3.68252e-06
2.06347e-07
-4.42625e-06
8.94077e-07
-5.23297e-06
1.42338e-06
-6.01383e-06
1.64306e-06
-6.58369e-06
1.40356e-06
-6.60405e-06
6.94239e-07
-5.52677e-06
-2.62553e-06
5.3702e-07
2.29148e-06
1.27962e-06
5.17704e-06
1.76743e-06
6.5273e-06
1.88759e-06
6.79508e-06
1.69525e-06
6.42321e-06
1.29624e-06
5.73838e-06
7.89937e-07
4.94949e-06
2.49795e-07
4.17528e-06
-2.7745e-07
3.47425e-06
-7.65936e-07
2.86845e-06
-1.20399e-06
2.35968e-06
-1.58868e-06
1.93963e-06
-1.92186e-06
1.59592e-06
-2.20774e-06
1.31538e-06
-2.45129e-06
1.08576e-06
-2.65744e-06
8.96396e-07
-2.83066e-06
7.38452e-07
-2.97479e-06
6.04768e-07
-3.09303e-06
4.89655e-07
-3.18794e-06
3.88624e-07
-3.26154e-06
2.98136e-07
-3.31538e-06
2.15369e-07
-3.35056e-06
1.38031e-07
-3.36783e-06
6.42082e-08
-3.3676e-06
-7.77059e-09
-3.34996e-06
-7.9437e-08
-3.3147e-06
-1.5228e-07
-3.2613e-06
-2.27837e-07
-3.18893e-06
-3.07785e-07
-3.09639e-06
-3.94043e-07
-2.98212e-06
-4.88891e-07
-2.84412e-06
-5.95106e-07
-2.67995e-06
-7.16123e-07
-2.48669e-06
-8.5622e-07
-2.26097e-06
-1.02071e-06
-1.99907e-06
-1.21613e-06
-1.69717e-06
-1.45034e-06
-1.35185e-06
-1.73253e-06
-9.61005e-07
-2.07287e-06
-5.25254e-07
-2.48175e-06
-5.0302e-08
-2.96806e-06
4.49648e-07
-3.5361e-06
9.47501e-07
-4.18037e-06
1.39792e-06
-4.87667e-06
1.73335e-06
-5.5684e-06
1.86613e-06
-6.14661e-06
1.70689e-06
-6.42446e-06
1.21524e-06
-6.1124e-06
5.03796e-07
-4.81532e-06
-2.12173e-06
4.0217e-07
1.88931e-06
1.08676e-06
4.49244e-06
1.68903e-06
5.92503e-06
2.0502e-06
6.4339e-06
2.15131e-06
6.3221e-06
2.04076e-06
5.84893e-06
1.78602e-06
5.20423e-06
1.44904e-06
4.51226e-06
1.0773e-06
3.84599e-06
7.03184e-07
3.24257e-06
3.46606e-07
2.71626e-06
1.83928e-08
2.26784e-06
-2.76679e-07
1.89099e-06
-5.37551e-07
1.57625e-06
-7.65255e-07
1.31346e-06
-9.61845e-07
1.09299e-06
-1.12974e-06
9.06345e-07
-1.27134e-06
7.46368e-07
-1.38884e-06
6.07153e-07
-1.48412e-06
4.83907e-07
-1.55875e-06
3.72768e-07
-1.61396e-06
2.70583e-07
-1.65068e-06
1.74752e-07
-1.66955e-06
8.30722e-08
-1.67092e-06
-6.39752e-09
-1.65491e-06
-9.54461e-08
-1.62138e-06
-1.85811e-07
-1.56994e-06
-2.79277e-07
-1.49996e-06
-3.77769e-07
-1.41054e-06
-4.83459e-07
-1.30055e-06
-5.98881e-07
-1.1686e-06
-7.27056e-07
-1.01309e-06
-8.71636e-07
-8.3226e-07
-1.03705e-06
-6.24354e-07
-1.22862e-06
-3.8784e-07
-1.45264e-06
-1.2183e-07
-1.71635e-06
1.73259e-07
-2.02762e-06
4.94714e-07
-2.39433e-06
8.36073e-07
-2.82311e-06
1.18518e-06
-3.31716e-06
1.52177e-06
-3.87269e-06
1.81492e-06
-4.47353e-06
2.02145e-06
-5.08319e-06
2.08724e-06
-5.6342e-06
1.95574e-06
-6.01512e-06
1.5896e-06
-6.05832e-06
1.01234e-06
-5.53514e-06
3.71781e-07
-4.17476e-06
-1.74995e-06
3.08484e-07
1.58082e-06
9.08083e-07
3.89284e-06
1.52544e-06
5.30768e-06
2.00317e-06
5.95617e-06
2.28564e-06
6.03963e-06
2.38056e-06
5.754e-06
2.32531e-06
5.25948e-06
2.16471e-06
4.67286e-06
1.9395e-06
4.0712e-06
1.68185e-06
3.50022e-06
1.41487e-06
2.98323e-06
1.15392e-06
2.5288e-06
9.08356e-07
2.13655e-06
6.83351e-07
1.80126e-06
4.81258e-07
1.51555e-06
3.02695e-07
1.27155e-06
1.4728e-07
1.06176e-06
1.4127e-08
8.7952e-07
-9.78457e-08
7.19126e-07
-1.8974e-07
5.75802e-07
-2.62543e-07
4.45571e-07
-3.17101e-07
3.25141e-07
-3.54083e-07
2.11735e-07
-3.73973e-07
1.02962e-07
-3.77069e-07
-3.30176e-09
-3.63485e-07
-1.0903e-07
-3.33162e-07
-2.16134e-07
-2.8587e-07
-3.2657e-07
-2.21218e-07
-4.42421e-07
-1.38674e-07
-5.66003e-07
-3.75889e-08
-6.99966e-07
8.27538e-08
-8.47399e-07
2.23061e-07
-1.01194e-06
3.83894e-07
-1.19788e-06
5.65465e-07
-1.41019e-06
7.67313e-07
-1.65449e-06
9.87839e-07
-1.93688e-06
1.22363e-06
-2.26341e-06
1.46855e-06
-2.63925e-06
1.71258e-06
-3.06714e-06
1.94049e-06
-3.54508e-06
2.13055e-06
-4.06275e-06
2.25379e-06
-4.59676e-06
2.27491e-06
-5.10431e-06
2.15654e-06
-5.51583e-06
1.86935e-06
-5.72793e-06
1.41089e-06
-5.59986e-06
8.34316e-07
-4.95856e-06
2.82069e-07
-3.62251e-06
-1.46788e-06
2.41525e-07
1.3393e-06
7.53742e-07
3.38063e-06
1.33587e-06
4.72555e-06
1.85045e-06
5.44159e-06
2.22913e-06
5.66096e-06
2.45532e-06
5.52781e-06
2.54326e-06
5.17154e-06
2.52108e-06
4.69504e-06
2.41982e-06
4.17247e-06
2.26747e-06
3.65256e-06
2.08668e-06
3.16403e-06
1.89432e-06
2.72116e-06
1.70225e-06
2.32862e-06
1.51831e-06
1.9852e-06
1.34734e-06
1.68652e-06
1.19212e-06
1.42677e-06
1.05401e-06
1.19986e-06
9.33523e-07
1.00001e-06
8.30634e-07
8.22015e-07
7.45057e-07
6.61378e-07
6.76383e-07
5.14245e-07
6.24189e-07
3.77335e-07
5.88095e-07
2.47829e-07
5.67797e-07
1.2326e-07
5.63084e-07
1.41081e-09
5.73845e-07
-1.1979e-07
6.00063e-07
-2.42353e-07
6.41809e-07
-3.68316e-07
6.99221e-07
-4.99833e-07
7.72473e-07
-6.39255e-07
8.61726e-07
-7.89218e-07
9.67054e-07
-9.52727e-07
1.08833e-06
-1.13322e-06
1.22506e-06
-1.33461e-06
1.37616e-06
-1.56128e-06
1.53957e-06
-1.81791e-06
1.71189e-06
-2.10919e-06
1.88771e-06
-2.43923e-06
2.05895e-06
-2.81049e-06
2.21407e-06
-3.22227e-06
2.33738e-06
-3.66839e-06
2.4087e-06
-4.13406e-06
2.4039e-06
-4.59196e-06
2.2972e-06
-4.99762e-06
2.06633e-06
-5.28495e-06
1.70176e-06
-5.36336e-06
1.22089e-06
-5.11899e-06
6.85846e-07
-4.42352e-06
2.19117e-07
-3.15578e-06
-1.24876e-06
1.91665e-07
1.14763e-06
6.23041e-07
2.94925e-06
1.14723e-06
4.20136e-06
1.65116e-06
4.93766e-06
2.06693e-06
5.24519e-06
2.36587e-06
5.22887e-06
2.54676e-06
4.99066e-06
2.62412e-06
4.61767e-06
2.61925e-06
4.17734e-06
2.55433e-06
3.71748e-06
2.44928e-06
3.26908e-06
2.32043e-06
2.85001e-06
2.18031e-06
2.46873e-06
2.0381e-06
2.12741e-06
1.90018e-06
1.82444e-06
1.7708e-06
1.55615e-06
1.65268e-06
1.31798e-06
1.54746e-06
1.10523e-06
1.45602e-06
9.13452e-07
1.3788e-06
7.38594e-07
1.31596e-06
5.77093e-07
1.26746e-06
4.25829e-07
1.23323e-06
2.8206e-07
1.21314e-06
1.43348e-07
1.20708e-06
7.46902e-09
1.21496e-06
-1.27663e-07
1.23668e-06
-2.64077e-07
1.27218e-06
-4.03818e-07
1.32137e-06
-5.49019e-07
1.38409e-06
-7.01975e-07
1.46007e-06
-8.652e-07
1.54883e-06
-1.04149e-06
1.64956e-06
-1.23394e-06
1.76092e-06
-1.44598e-06
1.88084e-06
-1.68121e-06
2.00621e-06
-1.94327e-06
2.13245e-06
-2.23544e-06
2.25314e-06
-2.55991e-06
2.35948e-06
-2.91683e-06
2.43993e-06
-3.30272e-06
2.48e-06
-3.70846e-06
2.46262e-06
-4.11668e-06
2.36937e-06
-4.49871e-06
2.18327e-06
-4.81152e-06
1.89369e-06
-4.99537e-06
1.50378e-06
-4.97345e-06
1.04021e-06
-4.65542e-06
5.6331e-07
-3.94662e-06
1.72991e-07
-2.76546e-06
-1.07577e-06
1.53257e-07
9.94375e-07
5.13119e-07
2.58939e-06
9.71807e-07
3.74267e-06
1.43915e-06
4.47031e-06
1.85391e-06
4.83044e-06
2.18325e-06
4.89953e-06
2.41684e-06
4.75707e-06
2.55938e-06
4.47514e-06
2.62384e-06
4.11288e-06
2.62645e-06
3.71487e-06
2.58344e-06
3.31208e-06
2.5093e-06
2.92415e-06
2.41601e-06
2.56202e-06
2.31297e-06
2.23046e-06
2.20724e-06
1.93018e-06
2.10394e-06
1.65945e-06
2.00666e-06
1.41526e-06
1.91785e-06
1.19404e-06
1.83912e-06
9.92184e-07
1.77148e-06
8.06227e-07
1.71557e-06
6.33008e-07
1.67172e-06
4.69678e-07
1.64011e-06
3.13672e-07
1.62079e-06
1.62664e-07
1.61375e-06
1.45067e-08
1.61892e-06
-1.32829e-07
1.63616e-06
-2.81317e-07
1.66528e-06
-4.32941e-07
1.706e-06
-5.89741e-07
1.7579e-06
-7.53875e-07
1.82036e-06
-9.27657e-07
1.89246e-06
-1.11359e-06
1.97287e-06
-1.31435e-06
2.05967e-06
-1.53278e-06
2.15016e-06
-1.77169e-06
2.24059e-06
-2.0337e-06
2.32586e-06
-2.32071e-06
2.39927e-06
-2.63332e-06
2.4522e-06
-2.96976e-06
2.47405e-06
-3.32457e-06
2.45243e-06
-3.68683e-06
2.37382e-06
-4.03808e-06
2.2252e-06
-4.35009e-06
1.99671e-06
-4.58303e-06
1.68579e-06
-4.68445e-06
1.30275e-06
-4.5904e-06
8.76961e-07
-4.22963e-06
4.62237e-07
-3.5319e-06
1.37949e-07
-2.44118e-06
-9.37824e-07
1.23022e-07
8.71353e-07
4.2116e-07
2.29125e-06
8.1491e-07
3.34892e-06
1.23357e-06
4.05165e-06
1.62471e-06
4.4393e-06
1.95596e-06
4.56828e-06
2.21248e-06
4.50054e-06
2.39252e-06
4.2951e-06
2.50266e-06
4.00274e-06
2.55386e-06
3.66367e-06
2.55856e-06
3.30739e-06
2.5288e-06
2.95391e-06
2.47525e-06
2.61557e-06
2.40679e-06
2.29891e-06
2.33051e-06
2.00646e-06
2.25183e-06
1.73813e-06
2.17481e-06
1.49228e-06
2.10238e-06
1.26647e-06
2.03666e-06
1.05791e-06
1.9791e-06
8.63793e-07
1.93067e-06
6.81436e-07
1.89202e-06
5.08325e-07
1.86355e-06
3.42143e-07
1.84547e-06
1.80747e-07
1.83784e-06
2.21306e-08
1.84063e-06
-1.35618e-07
1.85368e-06
-2.94362e-07
1.8767e-06
-4.5596e-07
1.90926e-06
-6.22306e-07
1.95075e-06
-7.95367e-07
2.0003e-06
-9.77199e-07
2.05667e-06
-1.16996e-06
2.1182e-06
-1.37589e-06
2.18263e-06
-1.5972e-06
2.24691e-06
-1.83597e-06
2.30705e-06
-2.09384e-06
2.3579e-06
-2.37157e-06
2.393e-06
-2.66842e-06
2.40449e-06
-2.98124e-06
2.38319e-06
-3.30327e-06
2.31905e-06
-3.62269e-06
2.20199e-06
-3.92103e-06
2.02351e-06
-4.17161e-06
1.77898e-06
-4.3385e-06
1.47096e-06
-4.37643e-06
1.11306e-06
-4.2325e-06
7.3377e-07
-3.85034e-06
3.78897e-07
-3.17703e-06
1.10672e-07
-2.17295e-06
-8.27152e-07
9.89583e-08
7.72395e-07
3.44711e-07
2.0455e-06
6.78243e-07
3.01539e-06
1.0446e-06
3.6853e-06
1.40028e-06
4.08361e-06
1.71572e-06
4.25284e-06
1.9746e-06
4.24167e-06
2.17136e-06
4.09834e-06
2.30807e-06
3.86603e-06
2.39146e-06
3.58027e-06
2.43051e-06
3.26834e-06
2.43475e-06
2.94968e-06
2.41318e-06
2.63714e-06
2.37372e-06
2.33836e-06
2.32301e-06
2.05717e-06
2.26638e-06
1.79476e-06
2.208e-06
1.55067e-06
2.15104e-06
1.32342e-06
2.09788e-06
1.11107e-06
2.05025e-06
9.11425e-07
2.00939e-06
7.223e-07
1.97615e-06
5.41563e-07
1.9511e-06
3.6719e-07
1.93458e-06
1.97267e-07
1.92674e-06
2.99751e-08
1.92755e-06
-1.36434e-07
1.93686e-06
-3.03667e-07
1.95432e-06
-4.73417e-07
1.9794e-06
-6.47392e-07
2.01136e-06
-8.27327e-07
2.04916e-06
-1.015e-06
2.0914e-06
-1.2122e-06
2.13622e-06
-1.42071e-06
2.1812e-06
-1.64219e-06
2.22323e-06
-1.878e-06
2.25836e-06
-2.12896e-06
2.28169e-06
-2.3949e-06
2.28735e-06
-2.67408e-06
2.26849e-06
-2.96238e-06
2.21754e-06
-3.25232e-06
2.12669e-06
-3.53184e-06
1.98883e-06
-3.78317e-06
1.79892e-06
-3.9817e-06
1.55596e-06
-4.09553e-06
1.26536e-06
-4.08584e-06
9.41662e-07
-3.9088e-06
6.10653e-07
-3.51933e-06
3.10314e-07
-2.87669e-06
8.91419e-08
-1.95178e-06
-7.3801e-07
7.97262e-08
6.92669e-07
2.81579e-07
1.84365e-06
5.61454e-07
2.73551e-06
8.76806e-07
3.36995e-06
1.19224e-06
3.76818e-06
1.48195e-06
3.96313e-06
1.72993e-06
3.99369e-06
1.92874e-06
3.89953e-06
2.07751e-06
3.71727e-06
2.17978e-06
3.478e-06
2.24166e-06
3.20645e-06
2.27037e-06
2.92097e-06
2.27319e-06
2.63432e-06
2.25688e-06
2.35467e-06
2.22736e-06
2.08669e-06
2.18959e-06
1.83253e-06
2.1476e-06
1.59266e-06
2.10457e-06
1.36645e-06
2.06297e-06
1.15266e-06
2.02468e-06
9.49722e-07
1.99107e-06
7.5591e-07
1.96314e-06
5.6949e-07
1.94158e-06
3.8875e-07
1.92681e-06
2.12033e-07
1.91905e-06
3.77377e-08
1.91831e-06
-1.35689e-07
1.92441e-06
-3.09769e-07
1.93699e-06
-4.86002e-07
1.95548e-06
-6.65881e-07
1.97905e-06
-8.50898e-07
2.00659e-06
-1.04253e-06
2.03662e-06
-1.24223e-06
2.06724e-06
-1.45133e-06
2.09602e-06
-1.67097e-06
2.11996e-06
-1.90194e-06
2.13533e-06
-2.14434e-06
2.13772e-06
-2.39729e-06
2.12197e-06
-2.65833e-06
2.08235e-06
-2.92276e-06
2.01281e-06
-3.18278e-06
1.90756e-06
-3.42659e-06
1.76183e-06
-3.63744e-06
1.57312e-06
-3.79299e-06
1.34269e-06
-3.86509e-06
1.07731e-06
-3.82047e-06
7.91022e-07
-3.62251e-06
5.06272e-07
-3.23458e-06
2.54029e-07
-2.62445e-06
7.20207e-08
-1.76977e-06
-6.65989e-07
6.43329e-08
6.28336e-07
2.29729e-07
1.67825e-06
4.6299e-07
2.50225e-06
7.31208e-07
3.10173e-06
1.00593e-06
3.49345e-06
1.26528e-06
3.70378e-06
1.49454e-06
3.76443e-06
1.68565e-06
3.70842e-06
1.83599e-06
3.56693e-06
1.94688e-06
3.36711e-06
2.0222e-06
3.13113e-06
2.06717e-06
2.876e-06
2.08749e-06
2.614e-06
2.08872e-06
2.35343e-06
2.07596e-06
2.09945e-06
2.05363e-06
1.85487e-06
2.02544e-06
1.62085e-06
1.99444e-06
1.39745e-06
1.96305e-06
1.18406e-06
1.93315e-06
9.79615e-07
1.9062e-06
7.82863e-07
1.88325e-06
5.92438e-07
1.86506e-06
4.06942e-07
1.85211e-06
2.24984e-07
1.84465e-06
4.51954e-08
1.84273e-06
-1.33767e-07
1.84618e-06
-3.13219e-07
1.85464e-06
-4.94457e-07
1.8675e-06
-6.7875e-07
1.88395e-06
-8.6734e-07
1.90283e-06
-1.06142e-06
1.9227e-06
-1.2621e-06
1.94169e-06
-1.47032e-06
1.95751e-06
-1.68679e-06
1.96734e-06
-1.91177e-06
1.96784e-06
-2.14484e-06
1.95514e-06
-2.38458e-06
1.92486e-06
-2.62805e-06
1.87234e-06
-2.87024e-06
1.79292e-06
-3.10336e-06
1.68241e-06
-3.31608e-06
1.53785e-06
-3.49289e-06
1.35848e-06
-3.61361e-06
1.14684e-06
-3.65345e-06
9.10066e-07
-3.5837e-06
6.60965e-07
-3.37341e-06
4.18582e-07
-2.9922e-06
2.07919e-07
-2.41378e-06
5.83402e-08
-1.62019e-06
-6.07649e-07
5.19879e-08
5.76348e-07
1.87267e-07
1.54297e-06
3.80657e-07
2.30886e-06
6.06685e-07
2.8757e-06
8.42655e-07
3.25748e-06
1.07037e-06
3.47607e-06
1.27686e-06
3.55794e-06
1.45421e-06
3.53107e-06
1.59893e-06
3.42221e-06
1.71088e-06
3.25517e-06
1.79227e-06
3.04974e-06
1.84674e-06
2.82153e-06
1.87861e-06
2.58213e-06
1.89233e-06
2.33971e-06
1.89215e-06
2.09964e-06
1.88188e-06
1.86514e-06
1.86483e-06
1.63789e-06
1.8438e-06
1.41848e-06
1.82107e-06
1.20679e-06
1.79845e-06
1.00223e-06
1.77737e-06
8.03944e-07
1.7589e-06
6.10907e-07
1.74381e-06
4.22025e-07
1.73263e-06
2.3617e-07
1.72562e-06
5.22057e-08
1.72285e-06
-1.30995e-07
1.72417e-06
-3.14543e-07
1.72923e-06
-4.99521e-07
1.73746e-06
-6.8698e-07
1.74804e-06
-8.77918e-07
1.75988e-06
-1.07326e-06
1.77158e-06
-1.2738e-06
1.78142e-06
-1.48016e-06
1.78729e-06
-1.69265e-06
1.78665e-06
-1.91113e-06
1.77658e-06
-2.13478e-06
1.75377e-06
-2.36178e-06
1.71463e-06
-2.58891e-06
1.65545e-06
-2.81105e-06
1.57269e-06
-3.0206e-06
1.46348e-06
-3.20687e-06
1.32615e-06
-3.35555e-06
1.16102e-06
-3.44849e-06
9.71267e-07
-3.4637e-06
7.63778e-07
-3.37621e-06
5.49809e-07
-3.15944e-06
3.45237e-07
-2.78762e-06
1.70118e-07
-2.23866e-06
4.73505e-08
-1.49742e-06
-5.60298e-07
4.20416e-08
5.34306e-07
1.52457e-07
1.43256e-06
3.12012e-07
2.1493e-06
5.00953e-07
2.68676e-06
7.01273e-07
3.05716e-06
8.98057e-07
3.27928e-06
1.08017e-06
3.37582e-06
1.24034e-06
3.3709e-06
1.37474e-06
3.28781e-06
1.48237e-06
3.14754e-06
1.56428e-06
2.96783e-06
1.62289e-06
2.76292e-06
1.66137e-06
2.54364e-06
1.68321e-06
2.31787e-06
1.69184e-06
2.091e-06
1.69049e-06
1.86649e-06
1.68202e-06
1.64636e-06
1.66891e-06
1.4316e-06
1.65322e-06
1.22248e-06
1.63666e-06
1.0188e-06
1.62057e-06
8.2004e-07
1.60597e-06
6.25499e-07
1.59364e-06
4.34356e-07
1.58409e-06
2.45726e-07
1.5776e-06
5.86979e-08
1.57425e-06
-1.27646e-07
1.57392e-06
-3.14214e-07
1.57628e-06
-5.01886e-07
1.5808e-06
-6.91501e-07
1.58672e-06
-8.83833e-07
1.59302e-06
-1.07956e-06
1.59843e-06
-1.27921e-06
1.60137e-06
-1.48311e-06
1.59998e-06
-1.69126e-06
1.59204e-06
-1.9032e-06
1.57507e-06
-2.1178e-06
1.54629e-06
-2.333e-06
1.50281e-06
-2.54542e-06
1.44173e-06
-2.74998e-06
1.36047e-06
-2.93934e-06
1.25709e-06
-3.10349e-06
1.13083e-06
-3.22929e-06
9.82653e-07
-3.30031e-06
8.15892e-07
-3.29694e-06
6.36838e-07
-3.19715e-06
4.5514e-07
-2.97774e-06
2.83855e-07
-2.61634e-06
1.38996e-07
-2.09381e-06
3.84524e-08
-1.39688e-06
-5.21846e-07
3.3958e-08
5.00348e-07
1.23763e-07
1.34275e-06
2.54635e-07
2.01843e-06
4.11246e-07
2.53015e-06
5.7937e-07
2.88904e-06
7.46928e-07
3.11172e-06
9.04577e-07
3.21818e-06
1.04587e-06
3.2296e-06
1.16706e-06
3.16662e-06
1.26669e-06
3.04791e-06
1.34505e-06
2.88948e-06
1.40365e-06
2.70432e-06
1.44477e-06
2.50252e-06
1.47107e-06
2.29158e-06
1.48528e-06
2.07679e-06
1.49005e-06
1.86172e-06
1.48779e-06
1.64861e-06
1.48066e-06
1.43873e-06
1.47047e-06
1.23267e-06
1.45874e-06
1.03052e-06
1.44672e-06
8.32065e-07
1.43535e-06
6.36864e-07
1.42537e-06
4.44342e-07
1.41725e-06
2.53842e-07
1.41129e-06
6.46588e-08
1.40757e-06
-1.23931e-07
1.406e-06
-3.12644e-07
1.40629e-06
-5.02173e-07
1.40795e-06
-6.93162e-07
1.4103e-06
-8.8618e-07
1.41243e-06
-1.08169e-06
1.41321e-06
-1.27999e-06
1.41126e-06
-1.48116e-06
1.40495e-06
-1.68495e-06
1.39241e-06
-1.89066e-06
1.37155e-06
-2.09694e-06
1.34013e-06
-2.30157e-06
1.29583e-06
-2.50113e-06
1.23646e-06
-2.6906e-06
1.16014e-06
-2.86302e-06
1.06564e-06
-3.009e-06
9.52781e-07
-3.11643e-06
8.22825e-07
-3.17035e-06
6.7898e-07
-3.1531e-06
5.26779e-07
-3.04495e-06
3.74314e-07
-2.82528e-06
2.32199e-07
-2.47422e-06
1.13154e-07
-1.97476e-06
3.11637e-08
-1.31489e-06
-4.90682e-07
2.73004e-08
4.73048e-07
9.98617e-08
1.27019e-06
2.063e-07
1.91199e-06
3.34738e-07
2.40171e-06
4.74007e-07
2.74977e-06
6.14434e-07
2.9713e-06
7.48329e-07
3.08428e-06
8.70168e-07
3.10776e-06
9.76506e-07
3.06028e-06
1.06571e-06
2.9587e-06
1.13761e-06
2.81758e-06
1.19309e-06
2.64884e-06
1.23373e-06
2.46188e-06
1.26151e-06
2.2638e-06
1.27858e-06
2.05973e-06
1.28705e-06
1.85325e-06
1.28893e-06
1.64673e-06
1.28601e-06
1.44165e-06
1.27987e-06
1.23881e-06
1.27183e-06
1.03856e-06
1.26298e-06
8.40909e-07
1.2542e-06
6.45647e-07
1.24613e-06
4.52412e-07
1.23923e-06
2.60742e-07
1.23377e-06
7.01174e-08
1.22985e-06
-1.20008e-07
1.22739e-06
-3.10182e-07
1.22614e-06
-5.00925e-07
1.22569e-06
-6.92708e-07
1.22543e-06
-8.85924e-07
1.22459e-06
-1.08085e-06
1.22218e-06
-1.27758e-06
1.21704e-06
-1.47601e-06
1.20779e-06
-1.6757e-06
1.19288e-06
-1.87574e-06
1.1706e-06
-2.07466e-06
1.13915e-06
-2.27013e-06
1.09675e-06
-2.45872e-06
1.04173e-06
-2.63558e-06
9.72771e-07
-2.79407e-06
8.89141e-07
-2.92537e-06
7.90979e-07
-3.01827e-06
6.79643e-07
-3.05901e-06
5.58032e-07
-3.03149e-06
4.30855e-07
-2.91778e-06
3.04763e-07
-2.69919e-06
1.88273e-07
-2.35773e-06
9.1418e-08
-1.87791e-06
2.50988e-08
-1.24857e-06
-4.65583e-07
2.17191e-08
4.51329e-07
7.9651e-08
1.21226e-06
1.65058e-07
1.82659e-06
2.68799e-07
2.29797e-06
3.82191e-07
2.63638e-06
4.976e-07
2.85589e-06
6.08825e-07
2.97306e-06
7.11268e-07
3.00532e-06
8.01915e-07
2.96963e-06
8.79166e-07
2.88145e-06
9.42592e-07
2.75415e-06
9.92648e-07
2.59878e-06
1.03041e-06
2.42412e-06
1.05732e-06
2.23689e-06
1.07502e-06
2.04203e-06
1.08518e-06
1.84309e-06
1.0894e-06
1.64251e-06
1.08916e-06
1.44189e-06
1.08578e-06
1.24219e-06
1.08038e-06
1.04396e-06
1.0739e-06
8.47393e-07
1.06708e-06
6.52462e-07
1.06051e-06
4.58981e-07
1.0546e-06
2.66658e-07
1.04958e-06
7.51309e-08
1.04557e-06
-1.15993e-07
1.0425e-06
-3.07111e-07
1.04017e-06
-4.98598e-07
1.03824e-06
-6.90777e-07
1.0362e-06
-8.83889e-07
1.03341e-06
-1.07805e-06
1.02904e-06
-1.27322e-06
1.02214e-06
-1.46911e-06
1.01157e-06
-1.66513e-06
9.96082e-07
-1.86026e-06
9.74326e-07
-2.05291e-06
9.44895e-07
-2.2407e-06
9.06418e-07
-2.42025e-06
8.57676e-07
-2.58684e-06
7.97752e-07
-2.73414e-06
7.26232e-07
-2.85385e-06
6.43427e-07
-2.93547e-06
5.50624e-07
-2.96621e-06
4.50314e-07
-2.93118e-06
3.46377e-07
-2.81384e-06
2.44154e-07
-2.59696e-06
1.50364e-07
-2.26394e-06
7.28215e-08
-1.80036e-06
1.99524e-08
-1.1957e-06
-4.45631e-07
1.69377e-08
4.34391e-07
6.22302e-08
1.16697e-06
1.29263e-07
1.75955e-06
2.11107e-07
2.21612e-06
3.01134e-07
2.54635e-06
3.93447e-07
2.76358e-06
4.83172e-07
2.88333e-06
5.66607e-07
2.92189e-06
6.41229e-07
2.89501e-06
7.05595e-07
2.81709e-06
7.59176e-07
2.70057e-06
8.02157e-07
2.5558e-06
8.35239e-07
2.39104e-06
8.59454e-07
2.21267e-06
8.7602e-07
2.02546e-06
8.86216e-07
1.83289e-06
8.91301e-07
1.63743e-06
8.92451e-07
1.44074e-06
8.90726e-07
1.24392e-06
8.87048e-07
1.04764e-06
8.82195e-07
8.52246e-07
8.76798e-07
6.57859e-07
8.71345e-07
4.64434e-07
8.66188e-07
2.71814e-07
8.61547e-07
7.97721e-08
8.57514e-07
-1.1196e-07
8.54058e-07
-3.03655e-07
8.51026e-07
-4.95566e-07
8.48141e-07
-6.87893e-07
8.45006e-07
-8.80753e-07
8.41097e-07
-1.07414e-06
8.35767e-07
-1.26789e-06
8.28249e-07
-1.46159e-06
8.17663e-07
-1.65454e-06
8.03032e-07
-1.84563e-06
7.83312e-07
-2.03319e-06
7.57441e-07
-2.21483e-06
7.244e-07
-2.38721e-06
6.83309e-07
-2.54575e-06
6.33546e-07
-2.68438e-06
5.74896e-07
-2.7952e-06
5.07718e-07
-2.86829e-06
4.33128e-07
-2.89162e-06
3.53158e-07
-2.85121e-06
2.70881e-07
-2.73156e-06
1.90453e-07
-2.51654e-06
1.17035e-07
-2.19053e-06
5.65821e-08
-1.73991e-06
1.5485e-08
-1.1546e-06
-4.30146e-07
1.27398e-08
4.21651e-07
4.68736e-08
1.13283e-06
9.75477e-08
1.70888e-06
1.59675e-07
2.154e-06
2.2836e-07
2.47766e-06
2.99206e-07
2.69273e-06
3.68524e-07
2.81401e-06
4.3346e-07
2.85695e-06
4.92009e-07
2.83646e-06
5.42962e-07
2.76613e-06
5.85796e-07
2.65774e-06
6.20536e-07
2.52106e-06
6.4762e-07
2.36396e-06
6.67758e-07
2.19253e-06
6.81824e-07
2.0114e-06
6.90763e-07
1.82395e-06
6.95522e-07
1.63267e-06
6.97001e-07
1.43926e-06
6.96019e-07
1.2449e-06
6.933e-07
1.05036e-06
6.8946e-07
8.56086e-07
6.85004e-07
6.62315e-07
6.8033e-07
4.69109e-07
6.75725e-07
2.76419e-07
6.71376e-07
8.41206e-08
6.6737e-07
-1.07954e-07
6.63696e-07
-2.99981e-07
6.60247e-07
-4.92117e-07
6.56822e-07
-6.84467e-07
6.53124e-07
-8.77055e-07
6.48762e-07
-1.06978e-06
6.43254e-07
-1.26238e-06
6.36027e-07
-1.45436e-06
6.26429e-07
-1.64494e-06
6.13738e-07
-1.83294e-06
5.97195e-07
-2.01664e-06
5.76027e-07
-2.19366e-06
5.49511e-07
-2.36069e-06
5.17032e-07
-2.51327e-06
4.78179e-07
-2.64553e-06
4.32846e-07
-2.74987e-06
3.81359e-07
-2.8168e-06
3.24596e-07
-2.83486e-06
2.64107e-07
-2.79072e-06
2.0219e-07
-2.66964e-06
1.41922e-07
-2.45627e-06
8.70957e-08
-2.1357e-06
4.20683e-08
-1.69488e-06
1.15085e-08
-1.12404e-06
-4.18637e-07
8.95545e-09
4.12696e-07
3.29973e-08
1.10879e-06
6.8789e-08
1.67309e-06
1.12827e-07
2.10996e-06
1.6172e-07
2.42877e-06
2.12391e-07
2.64206e-06
2.62227e-07
2.76418e-06
3.0917e-07
2.81001e-06
3.51739e-07
2.79389e-06
3.89003e-07
2.72887e-06
4.20513e-07
2.62623e-06
4.46219e-07
2.49536e-06
4.66368e-07
2.34381e-06
4.81423e-07
2.17748e-06
4.91973e-07
2.00085e-06
4.98674e-07
1.81725e-06
5.02194e-07
1.62915e-06
5.03178e-07
1.43827e-06
5.0222e-07
1.24586e-06
4.9985e-07
1.05273e-06
4.96524e-07
8.59412e-07
4.92621e-07
6.66218e-07
4.88441e-07
4.73289e-07
4.84209e-07
2.80652e-07
4.80074e-07
8.82558e-08
4.76113e-07
-1.03993e-07
4.72335e-07
-2.96203e-07
4.68679e-07
-4.8846e-07
4.65016e-07
-6.80805e-07
4.61154e-07
-8.73193e-07
4.56831e-07
-1.06546e-06
4.51726e-07
-1.25727e-06
4.45455e-07
-1.44809e-06
4.3758e-07
-1.63707e-06
4.27621e-07
-1.82298e-06
4.15071e-07
-2.00409e-06
3.99418e-07
-2.17801e-06
3.80184e-07
-2.34146e-06
3.5697e-07
-2.49006e-06
3.29511e-07
-2.61807e-06
2.97751e-07
-2.71811e-06
2.61925e-07
-2.78097e-06
2.22638e-07
-2.79557e-06
1.80944e-07
-2.74902e-06
1.384e-07
-2.6271e-06
9.7084e-08
-2.41495e-06
5.95581e-08
-2.09817e-06
2.87672e-08
-1.66409e-06
7.87401e-09
-1.10315e-06
-4.10763e-07
5.44909e-09
4.07247e-07
2.01255e-08
1.09411e-06
4.20535e-08
1.65116e-06
6.91439e-08
2.08287e-06
9.93524e-08
2.39856e-06
1.30799e-07
2.61061e-06
1.61862e-07
2.73311e-06
1.91239e-07
2.78063e-06
2.17967e-07
2.76717e-06
2.41417e-07
2.70542e-06
2.61259e-07
2.60638e-06
2.77416e-07
2.4792e-06
2.90005e-07
2.33122e-06
2.99286e-07
2.1682e-06
3.05609e-07
1.99452e-06
3.09374e-07
1.81349e-06
3.10998e-07
1.62752e-06
3.10888e-07
1.43838e-06
3.09424e-07
1.24732e-06
3.06949e-07
1.0552e-06
3.03762e-07
8.62599e-07
3.00115e-07
6.69865e-07
2.9621e-07
4.77193e-07
2.92204e-07
2.84657e-07
2.88208e-07
9.22517e-08
2.84289e-07
-1.00074e-07
2.80472e-07
-2.92385e-07
2.7674e-07
-4.84728e-07
2.73039e-07
-6.77104e-07
2.69275e-07
-8.69429e-07
2.65319e-07
-1.0615e-06
2.61004e-07
-1.25296e-06
2.5613e-07
-1.44322e-06
2.50468e-07
-1.6314e-06
2.43763e-07
-1.81627e-06
2.35743e-07
-1.99607e-06
2.26133e-07
-2.1684e-06
2.14672e-07
-2.32999e-06
2.01135e-07
-2.47652e-06
1.85369e-07
-2.6023e-06
1.67327e-07
-2.70006e-06
1.47116e-07
-2.76076e-06
1.25046e-07
-2.7735e-06
1.01671e-07
-2.72565e-06
7.78313e-08
-2.60326e-06
5.46627e-08
-2.39178e-06
3.35855e-08
-2.0771e-06
1.62528e-08
-1.64676e-06
4.46015e-09
-1.09136e-06
-4.06303e-07
2.10862e-09
4.05138e-07
7.85842e-09
1.08836e-06
1.65455e-08
1.64247e-06
2.7396e-08
2.07202e-06
3.96195e-08
2.38634e-06
5.24565e-08
2.59778e-06
6.52213e-08
2.72035e-06
7.73361e-08
2.76852e-06
8.83505e-08
2.75615e-06
9.79487e-08
2.69582e-06
1.05943e-07
2.59839e-06
1.12258e-07
2.47288e-06
1.16914e-07
2.32657e-06
1.2e-07
2.16511e-06
1.21655e-07
1.99287e-06
1.22047e-07
1.8131e-06
1.21358e-07
1.62821e-06
1.19769e-07
1.43997e-06
1.17456e-07
1.24964e-06
1.14579e-07
1.05808e-06
1.11281e-07
8.65897e-07
1.07687e-07
6.73459e-07
1.03903e-07
4.80978e-07
1.00015e-07
2.88545e-07
9.60932e-08
9.61734e-08
9.21924e-08
-9.61734e-08
8.83529e-08
-2.88545e-07
8.46025e-08
-4.80978e-07
8.09577e-08
-6.73459e-07
7.74254e-08
-8.65897e-07
7.40029e-08
-1.05808e-06
7.06792e-08
-1.24964e-06
6.7435e-08
-1.43997e-06
6.42428e-08
-1.62821e-06
6.10664e-08
-1.8131e-06
5.78614e-08
-1.99287e-06
5.45745e-08
-2.16511e-06
5.11453e-08
-2.32657e-06
4.75078e-08
-2.47288e-06
4.35962e-08
-2.59839e-06
3.93525e-08
-2.69582e-06
3.47389e-08
-2.75615e-06
2.97543e-08
-2.76852e-06
2.44537e-08
-2.72035e-06
1.89683e-08
-2.59778e-06
1.35228e-08
-2.38634e-06
8.4439e-09
-2.07202e-06
4.15677e-09
-1.64247e-06
1.1638e-09
-1.08836e-06
-4.05139e-07
-1.16386e-09
4.06302e-07
-4.15683e-09
1.09136e-06
-8.44391e-09
1.64676e-06
-1.35227e-08
2.0771e-06
-1.89682e-08
2.39178e-06
-2.44534e-08
2.60326e-06
-2.97539e-08
2.72565e-06
-3.47383e-08
2.7735e-06
-3.93518e-08
2.76076e-06
-4.35955e-08
2.70006e-06
-4.7507e-08
2.6023e-06
-5.11444e-08
2.47652e-06
-5.45736e-08
2.32999e-06
-5.78603e-08
2.1684e-06
-6.10653e-08
1.99607e-06
-6.42416e-08
1.81627e-06
-6.74338e-08
1.6314e-06
-7.0678e-08
1.44322e-06
-7.40016e-08
1.25296e-06
-7.7424e-08
1.0615e-06
-8.09564e-08
8.69429e-07
-8.46011e-08
6.77104e-07
-8.83515e-08
4.84728e-07
-9.2191e-08
2.92385e-07
-9.60917e-08
1.00074e-07
-1.00013e-07
-9.22518e-08
-1.03901e-07
-2.84657e-07
-1.07686e-07
-4.77193e-07
-1.1128e-07
-6.69865e-07
-1.14578e-07
-8.62599e-07
-1.17455e-07
-1.0552e-06
-1.19768e-07
-1.24732e-06
-1.21357e-07
-1.43838e-06
-1.22046e-07
-1.62752e-06
-1.21654e-07
-1.81349e-06
-1.19999e-07
-1.99452e-06
-1.16913e-07
-2.1682e-06
-1.12257e-07
-2.33122e-06
-1.05942e-07
-2.4792e-06
-9.7948e-08
-2.60638e-06
-8.83499e-08
-2.70542e-06
-7.73356e-08
-2.76717e-06
-6.5221e-08
-2.78063e-06
-5.24562e-08
-2.73311e-06
-3.96193e-08
-2.61061e-06
-2.73959e-08
-2.39856e-06
-1.65456e-08
-2.08287e-06
-7.85848e-09
-1.65116e-06
-2.10868e-09
-1.09411e-06
-4.07248e-07
-4.46023e-09
4.10762e-07
-1.62528e-08
1.10315e-06
-3.35855e-08
1.66409e-06
-5.46626e-08
2.09817e-06
-7.78311e-08
2.41495e-06
-1.01671e-07
2.6271e-06
-1.25045e-07
2.74902e-06
-1.47115e-07
2.79557e-06
-1.67326e-07
2.78097e-06
-1.85368e-07
2.71811e-06
-2.01134e-07
2.61807e-06
-2.14671e-07
2.49006e-06
-2.26132e-07
2.34146e-06
-2.35742e-07
2.17801e-06
-2.43762e-07
2.00409e-06
-2.50467e-07
1.82298e-06
-2.56129e-07
1.63707e-06
-2.61003e-07
1.44809e-06
-2.65318e-07
1.25727e-06
-2.69274e-07
1.06546e-06
-2.73037e-07
8.73192e-07
-2.76738e-07
6.80805e-07
-2.8047e-07
4.8846e-07
-2.84288e-07
2.96203e-07
-2.88207e-07
1.03993e-07
-2.92203e-07
-8.82559e-08
-2.96209e-07
-2.80652e-07
-3.00113e-07
-4.73289e-07
-3.03761e-07
-6.66218e-07
-3.06948e-07
-8.59412e-07
-3.09423e-07
-1.05273e-06
-3.10887e-07
-1.24586e-06
-3.10997e-07
-1.43827e-06
-3.09373e-07
-1.62915e-06
-3.05608e-07
-1.81725e-06
-2.99285e-07
-2.00085e-06
-2.90005e-07
-2.17748e-06
-2.77416e-07
-2.34381e-06
-2.61259e-07
-2.49536e-06
-2.41416e-07
-2.62623e-06
-2.17966e-07
-2.72887e-06
-1.91238e-07
-2.79389e-06
-1.61862e-07
-2.81001e-06
-1.30799e-07
-2.76418e-06
-9.93523e-08
-2.64206e-06
-6.91439e-08
-2.42877e-06
-4.20536e-08
-2.10996e-06
-2.01256e-08
-1.67309e-06
-5.44916e-09
-1.10879e-06
-4.12697e-07
-7.87411e-09
4.18636e-07
-2.87672e-08
1.12404e-06
-5.95582e-08
1.69488e-06
-9.70839e-08
2.1357e-06
-1.38399e-07
2.45627e-06
-1.80943e-07
2.66964e-06
-2.22638e-07
2.79072e-06
-2.61925e-07
2.83486e-06
-2.97751e-07
2.8168e-06
-3.2951e-07
2.74987e-06
-3.56969e-07
2.64553e-06
-3.80184e-07
2.51327e-06
-3.99417e-07
2.36069e-06
-4.15069e-07
2.19366e-06
-4.2762e-07
2.01664e-06
-4.37579e-07
1.83294e-06
-4.45454e-07
1.64494e-06
-4.51725e-07
1.45436e-06
-4.5683e-07
1.26238e-06
-4.61152e-07
1.06978e-06
-4.65015e-07
8.77055e-07
-4.68677e-07
6.84467e-07
-4.72334e-07
4.92116e-07
-4.76112e-07
2.99981e-07
-4.80072e-07
1.07954e-07
-4.84208e-07
-8.41207e-08
-4.8844e-07
-2.76419e-07
-4.92619e-07
-4.69109e-07
-4.96522e-07
-6.62315e-07
-4.99848e-07
-8.56086e-07
-5.02218e-07
-1.05036e-06
-5.03177e-07
-1.2449e-06
-5.02193e-07
-1.43926e-06
-4.98673e-07
-1.63267e-06
-4.91972e-07
-1.82395e-06
-4.81422e-07
-2.0114e-06
-4.66368e-07
-2.19253e-06
-4.46218e-07
-2.36396e-06
-4.20513e-07
-2.52106e-06
-3.89002e-07
-2.65774e-06
-3.51739e-07
-2.76613e-06
-3.0917e-07
-2.83646e-06
-2.62227e-07
-2.85695e-06
-2.12391e-07
-2.81401e-06
-1.6172e-07
-2.69273e-06
-1.12827e-07
-2.47766e-06
-6.87891e-08
-2.154e-06
-3.29974e-08
-1.70888e-06
-8.95555e-09
-1.13283e-06
-4.21653e-07
-1.15087e-08
4.30145e-07
-4.20684e-08
1.1546e-06
-8.70957e-08
1.73991e-06
-1.41922e-07
2.19053e-06
-2.0219e-07
2.51654e-06
-2.64107e-07
2.73156e-06
-3.24596e-07
2.85121e-06
-3.81358e-07
2.89162e-06
-4.32845e-07
2.86829e-06
-4.78178e-07
2.7952e-06
-5.17031e-07
2.68438e-06
-5.4951e-07
2.54575e-06
-5.76026e-07
2.38721e-06
-5.97193e-07
2.21483e-06
-6.13737e-07
2.03319e-06
-6.26427e-07
1.84563e-06
-6.36026e-07
1.65454e-06
-6.43253e-07
1.46159e-06
-6.48761e-07
1.26789e-06
-6.53122e-07
1.07414e-06
-6.5682e-07
8.80753e-07
-6.60246e-07
6.87893e-07
-6.63695e-07
4.95566e-07
-6.67369e-07
3.03655e-07
-6.71375e-07
1.1196e-07
-6.75723e-07
-7.97721e-08
-6.80328e-07
-2.71815e-07
-6.85003e-07
-4.64434e-07
-6.89459e-07
-6.57859e-07
-6.93299e-07
-8.52246e-07
-6.96018e-07
-1.04764e-06
-6.96999e-07
-1.24392e-06
-6.95521e-07
-1.44074e-06
-6.90762e-07
-1.63743e-06
-6.81823e-07
-1.83289e-06
-6.67757e-07
-2.02546e-06
-6.47619e-07
-2.21267e-06
-6.20535e-07
-2.39104e-06
-5.85795e-07
-2.5558e-06
-5.42962e-07
-2.70057e-06
-4.92009e-07
-2.81708e-06
-4.3346e-07
-2.89501e-06
-3.68524e-07
-2.92189e-06
-2.99205e-07
-2.88333e-06
-2.2836e-07
-2.76357e-06
-1.59675e-07
-2.54635e-06
-9.75477e-08
-2.21612e-06
-4.68737e-08
-1.75955e-06
-1.27399e-08
-1.16697e-06
-4.34393e-07
-1.54851e-08
4.4563e-07
-5.65822e-08
1.1957e-06
-1.17035e-07
1.80036e-06
-1.90453e-07
2.26394e-06
-2.70881e-07
2.59696e-06
-3.53158e-07
2.81384e-06
-4.33128e-07
2.93118e-06
-5.07718e-07
2.96621e-06
-5.74895e-07
2.93546e-06
-6.33545e-07
2.85385e-06
-6.83308e-07
2.73414e-06
-7.24399e-07
2.58684e-06
-7.5744e-07
2.42025e-06
-7.83311e-07
2.2407e-06
-8.0303e-07
2.05291e-06
-8.17662e-07
1.86026e-06
-8.28248e-07
1.66513e-06
-8.35766e-07
1.46911e-06
-8.41095e-07
1.27322e-06
-8.45004e-07
1.07805e-06
-8.4814e-07
8.83889e-07
-8.51024e-07
6.90777e-07
-8.54057e-07
4.98598e-07
-8.57513e-07
3.07111e-07
-8.61546e-07
1.15993e-07
-8.66187e-07
-7.51309e-08
-8.71344e-07
-2.66658e-07
-8.76796e-07
-4.58981e-07
-8.82194e-07
-6.52462e-07
-8.87047e-07
-8.47393e-07
-8.90725e-07
-1.04396e-06
-8.9245e-07
-1.24219e-06
-8.913e-07
-1.44189e-06
-8.86215e-07
-1.64251e-06
-8.76019e-07
-1.84309e-06
-8.59453e-07
-2.04203e-06
-8.35238e-07
-2.23689e-06
-8.02157e-07
-2.42412e-06
-7.59176e-07
-2.59878e-06
-7.05594e-07
-2.75415e-06
-6.41228e-07
-2.88145e-06
-5.66607e-07
-2.96963e-06
-4.83172e-07
-3.00532e-06
-3.93447e-07
-2.97306e-06
-3.01134e-07
-2.85589e-06
-2.11107e-07
-2.63638e-06
-1.29263e-07
-2.29797e-06
-6.22303e-08
-1.82659e-06
-1.69378e-08
-1.21226e-06
-4.5133e-07
-1.99525e-08
4.65582e-07
-7.28216e-08
1.24857e-06
-1.50364e-07
1.87791e-06
-2.44154e-07
2.35773e-06
-3.46376e-07
2.69919e-06
-4.50313e-07
2.91777e-06
-5.50623e-07
3.03149e-06
-6.43427e-07
3.05901e-06
-7.26231e-07
3.01827e-06
-7.97751e-07
2.92537e-06
-8.57675e-07
2.79407e-06
-9.06417e-07
2.63558e-06
-9.44893e-07
2.45872e-06
-9.74324e-07
2.27013e-06
-9.9608e-07
2.07466e-06
-1.01156e-06
1.87574e-06
-1.02213e-06
1.6757e-06
-1.02904e-06
1.47601e-06
-1.03341e-06
1.27758e-06
-1.0362e-06
1.08085e-06
-1.03824e-06
8.85924e-07
-1.04017e-06
6.92708e-07
-1.0425e-06
5.00925e-07
-1.04557e-06
3.10182e-07
-1.04958e-06
1.20008e-07
-1.0546e-06
-7.01175e-08
-1.06051e-06
-2.60742e-07
-1.06708e-06
-4.52412e-07
-1.07389e-06
-6.45647e-07
-1.08038e-06
-8.40909e-07
-1.08578e-06
-1.03856e-06
-1.08916e-06
-1.23881e-06
-1.0894e-06
-1.44165e-06
-1.08517e-06
-1.64673e-06
-1.07502e-06
-1.85325e-06
-1.05732e-06
-2.05973e-06
-1.03041e-06
-2.2638e-06
-9.92647e-07
-2.46188e-06
-9.42591e-07
-2.64884e-06
-8.79166e-07
-2.81758e-06
-8.01914e-07
-2.9587e-06
-7.11267e-07
-3.06028e-06
-6.08824e-07
-3.10776e-06
-4.976e-07
-3.08428e-06
-3.82191e-07
-2.9713e-06
-2.68799e-07
-2.74977e-06
-1.65058e-07
-2.40171e-06
-7.96511e-08
-1.91199e-06
-2.17192e-08
-1.27019e-06
-4.7305e-07
-2.50989e-08
4.90681e-07
-9.1418e-08
1.31489e-06
-1.88273e-07
1.97476e-06
-3.04763e-07
2.47422e-06
-4.30855e-07
2.82528e-06
-5.58032e-07
3.04495e-06
-6.79643e-07
3.1531e-06
-7.90978e-07
3.17035e-06
-8.8914e-07
3.11643e-06
-9.7277e-07
3.009e-06
-1.04173e-06
2.86302e-06
-1.09675e-06
2.6906e-06
-1.13915e-06
2.50113e-06
-1.17059e-06
2.30157e-06
-1.19288e-06
2.09694e-06
-1.20779e-06
1.89066e-06
-1.21704e-06
1.68495e-06
-1.22218e-06
1.48116e-06
-1.22459e-06
1.27999e-06
-1.22543e-06
1.08169e-06
-1.22569e-06
8.8618e-07
-1.22614e-06
6.93161e-07
-1.22739e-06
5.02173e-07
-1.22985e-06
3.12644e-07
-1.23377e-06
1.23931e-07
-1.23923e-06
-6.46588e-08
-1.24613e-06
-2.53842e-07
-1.2542e-06
-4.44342e-07
-1.26298e-06
-6.36864e-07
-1.27183e-06
-8.32065e-07
-1.27987e-06
-1.03052e-06
-1.28601e-06
-1.23267e-06
-1.28893e-06
-1.43873e-06
-1.28705e-06
-1.64861e-06
-1.27858e-06
-1.86172e-06
-1.26151e-06
-2.07679e-06
-1.23373e-06
-2.29158e-06
-1.19309e-06
-2.50252e-06
-1.13761e-06
-2.70432e-06
-1.06571e-06
-2.88948e-06
-9.76505e-07
-3.04791e-06
-8.70167e-07
-3.16662e-06
-7.48329e-07
-3.2296e-06
-6.14434e-07
-3.21818e-06
-4.74007e-07
-3.11172e-06
-3.34738e-07
-2.88904e-06
-2.063e-07
-2.53015e-06
-9.98618e-08
-2.01843e-06
-2.73005e-08
-1.34275e-06
-5.0035e-07
-3.11638e-08
5.21845e-07
-1.13154e-07
1.39688e-06
-2.32199e-07
2.09381e-06
-3.74314e-07
2.61634e-06
-5.26779e-07
2.97774e-06
-6.7898e-07
3.19715e-06
-8.22824e-07
3.29694e-06
-9.52781e-07
3.30031e-06
-1.06564e-06
3.22929e-06
-1.16014e-06
3.10349e-06
-1.23646e-06
2.93934e-06
-1.29583e-06
2.74998e-06
-1.34013e-06
2.54542e-06
-1.37155e-06
2.333e-06
-1.39241e-06
2.1178e-06
-1.40494e-06
1.9032e-06
-1.41125e-06
1.69126e-06
-1.41321e-06
1.48311e-06
-1.41243e-06
1.27921e-06
-1.4103e-06
1.07956e-06
-1.40795e-06
8.83832e-07
-1.40629e-06
6.91501e-07
-1.406e-06
5.01886e-07
-1.40757e-06
3.14213e-07
-1.41129e-06
1.27646e-07
-1.41725e-06
-5.86979e-08
-1.42537e-06
-2.45726e-07
-1.43535e-06
-4.34356e-07
-1.44672e-06
-6.25499e-07
-1.45874e-06
-8.2004e-07
-1.47047e-06
-1.0188e-06
-1.48066e-06
-1.22248e-06
-1.48779e-06
-1.4316e-06
-1.49004e-06
-1.64636e-06
-1.48528e-06
-1.86649e-06
-1.47107e-06
-2.091e-06
-1.44477e-06
-2.31787e-06
-1.40365e-06
-2.54364e-06
-1.34505e-06
-2.76292e-06
-1.26669e-06
-2.96783e-06
-1.16706e-06
-3.14754e-06
-1.04587e-06
-3.28781e-06
-9.04576e-07
-3.3709e-06
-7.46928e-07
-3.37582e-06
-5.7937e-07
-3.27928e-06
-4.11246e-07
-3.05716e-06
-2.54635e-07
-2.68676e-06
-1.23763e-07
-2.1493e-06
-3.39581e-08
-1.43256e-06
-5.34308e-07
-3.84525e-08
5.60297e-07
-1.38997e-07
1.49742e-06
-2.83855e-07
2.23866e-06
-4.5514e-07
2.78762e-06
-6.36838e-07
3.15944e-06
-8.15891e-07
3.37621e-06
-9.82652e-07
3.4637e-06
-1.13083e-06
3.44848e-06
-1.25709e-06
3.35555e-06
-1.36047e-06
3.20687e-06
-1.44173e-06
3.0206e-06
-1.5028e-06
2.81105e-06
-1.54629e-06
2.58891e-06
-1.57507e-06
2.36178e-06
-1.59204e-06
2.13478e-06
-1.59998e-06
1.91113e-06
-1.60137e-06
1.69265e-06
-1.59842e-06
1.48016e-06
-1.59302e-06
1.2738e-06
-1.58672e-06
1.07326e-06
-1.5808e-06
8.77918e-07
-1.57628e-06
6.86979e-07
-1.57392e-06
4.99521e-07
-1.57424e-06
3.14543e-07
-1.57759e-06
1.30995e-07
-1.58409e-06
-5.22057e-08
-1.59364e-06
-2.3617e-07
-1.60597e-06
-4.22025e-07
-1.62057e-06
-6.10907e-07
-1.63666e-06
-8.03944e-07
-1.65322e-06
-1.00223e-06
-1.66891e-06
-1.20679e-06
-1.68202e-06
-1.41848e-06
-1.69049e-06
-1.63789e-06
-1.69184e-06
-1.86514e-06
-1.68321e-06
-2.09964e-06
-1.66137e-06
-2.33971e-06
-1.62289e-06
-2.58213e-06
-1.56428e-06
-2.82152e-06
-1.48237e-06
-3.04974e-06
-1.37474e-06
-3.25517e-06
-1.24034e-06
-3.42221e-06
-1.08017e-06
-3.53106e-06
-8.98057e-07
-3.55794e-06
-7.01272e-07
-3.47607e-06
-5.00953e-07
-3.25748e-06
-3.12012e-07
-2.8757e-06
-1.52457e-07
-2.30886e-06
-4.20417e-08
-1.54297e-06
-5.7635e-07
-4.73506e-08
6.07648e-07
-1.70118e-07
1.62019e-06
-3.45237e-07
2.41378e-06
-5.49809e-07
2.9922e-06
-7.63778e-07
3.37341e-06
-9.71267e-07
3.5837e-06
-1.16102e-06
3.65345e-06
-1.32615e-06
3.61361e-06
-1.46348e-06
3.49289e-06
-1.57269e-06
3.31608e-06
-1.65544e-06
3.10336e-06
-1.71463e-06
2.87024e-06
-1.75377e-06
2.62805e-06
-1.77658e-06
2.38458e-06
-1.78665e-06
2.14484e-06
-1.78728e-06
1.91177e-06
-1.78142e-06
1.68679e-06
-1.77158e-06
1.47032e-06
-1.75988e-06
1.26209e-06
-1.74804e-06
1.06142e-06
-1.73746e-06
8.6734e-07
-1.72923e-06
6.7875e-07
-1.72417e-06
4.94457e-07
-1.72284e-06
3.13219e-07
-1.72562e-06
1.33767e-07
-1.73263e-06
-4.51954e-08
-1.74381e-06
-2.24984e-07
-1.75889e-06
-4.06942e-07
-1.77736e-06
-5.92438e-07
-1.79844e-06
-7.82863e-07
-1.82106e-06
-9.79615e-07
-1.8438e-06
-1.18406e-06
-1.86483e-06
-1.39745e-06
-1.88188e-06
-1.62085e-06
-1.89215e-06
-1.85487e-06
-1.89233e-06
-2.09945e-06
-1.87861e-06
-2.35343e-06
-1.84674e-06
-2.614e-06
-1.79227e-06
-2.876e-06
-1.71088e-06
-3.13113e-06
-1.59893e-06
-3.36711e-06
-1.45421e-06
-3.56693e-06
-1.27686e-06
-3.70842e-06
-1.07037e-06
-3.76442e-06
-8.42654e-07
-3.70378e-06
-6.06685e-07
-3.49345e-06
-3.80657e-07
-3.10173e-06
-1.87267e-07
-2.50225e-06
-5.1988e-08
-1.67825e-06
-6.28338e-07
-5.83403e-08
6.65988e-07
-2.07919e-07
1.76977e-06
-4.18582e-07
2.62445e-06
-6.60965e-07
3.23458e-06
-9.10066e-07
3.62251e-06
-1.14684e-06
3.82047e-06
-1.35848e-06
3.86509e-06
-1.53785e-06
3.79299e-06
-1.68241e-06
3.63744e-06
-1.79292e-06
3.42659e-06
-1.87234e-06
3.18278e-06
-1.92486e-06
2.92276e-06
-1.95514e-06
2.65833e-06
-1.96784e-06
2.39729e-06
-1.96734e-06
2.14434e-06
-1.95751e-06
1.90194e-06
-1.94169e-06
1.67097e-06
-1.9227e-06
1.45133e-06
-1.90283e-06
1.24223e-06
-1.88394e-06
1.04253e-06
-1.8675e-06
8.50898e-07
-1.85463e-06
6.65881e-07
-1.84618e-06
4.86001e-07
-1.84273e-06
3.09769e-07
-1.84465e-06
1.35689e-07
-1.85211e-06
-3.77378e-08
-1.86506e-06
-2.12033e-07
-1.88325e-06
-3.8875e-07
-1.9062e-06
-5.6949e-07
-1.93315e-06
-7.5591e-07
-1.96305e-06
-9.49722e-07
-1.99444e-06
-1.15266e-06
-2.02544e-06
-1.36645e-06
-2.05363e-06
-1.59266e-06
-2.07596e-06
-1.83253e-06
-2.08872e-06
-2.08669e-06
-2.08749e-06
-2.35467e-06
-2.06717e-06
-2.63432e-06
-2.0222e-06
-2.92097e-06
-1.94688e-06
-3.20645e-06
-1.83599e-06
-3.478e-06
-1.68565e-06
-3.71727e-06
-1.49454e-06
-3.89953e-06
-1.26528e-06
-3.99368e-06
-1.00593e-06
-3.96313e-06
-7.31208e-07
-3.76818e-06
-4.6299e-07
-3.36994e-06
-2.29729e-07
-2.73551e-06
-6.43329e-08
-1.84365e-06
-6.92671e-07
-7.20208e-08
7.38009e-07
-2.5403e-07
1.95178e-06
-5.06272e-07
2.87669e-06
-7.91023e-07
3.51933e-06
-1.07731e-06
3.9088e-06
-1.34269e-06
4.08584e-06
-1.57312e-06
4.09553e-06
-1.76183e-06
3.9817e-06
-1.90756e-06
3.78317e-06
-2.01281e-06
3.53184e-06
-2.08235e-06
3.25231e-06
-2.12197e-06
2.96238e-06
-2.13772e-06
2.67408e-06
-2.13533e-06
2.3949e-06
-2.11996e-06
2.12896e-06
-2.09602e-06
1.878e-06
-2.06724e-06
1.64219e-06
-2.03662e-06
1.42071e-06
-2.00659e-06
1.2122e-06
-1.97905e-06
1.015e-06
-1.95548e-06
8.27326e-07
-1.93699e-06
6.47392e-07
-1.92441e-06
4.73417e-07
-1.9183e-06
3.03667e-07
-1.91905e-06
1.36434e-07
-1.92681e-06
-2.99751e-08
-1.94158e-06
-1.97267e-07
-1.96314e-06
-3.6719e-07
-1.99106e-06
-5.41563e-07
-2.02467e-06
-7.223e-07
-2.06297e-06
-9.11424e-07
-2.10457e-06
-1.11107e-06
-2.1476e-06
-1.32342e-06
-2.18959e-06
-1.55067e-06
-2.22736e-06
-1.79476e-06
-2.25688e-06
-2.05717e-06
-2.27319e-06
-2.33836e-06
-2.27037e-06
-2.63714e-06
-2.24166e-06
-2.94968e-06
-2.17977e-06
-3.26833e-06
-2.0775e-06
-3.58027e-06
-1.92874e-06
-3.86603e-06
-1.72993e-06
-4.09834e-06
-1.48195e-06
-4.24166e-06
-1.19224e-06
-4.25284e-06
-8.76805e-07
-4.08361e-06
-5.61454e-07
-3.6853e-06
-2.81579e-07
-3.01538e-06
-7.97263e-08
-2.0455e-06
-7.72397e-07
-8.91419e-08
8.27151e-07
-3.10315e-07
2.17295e-06
-6.10653e-07
3.17703e-06
-9.41662e-07
3.85034e-06
-1.26536e-06
4.2325e-06
-1.55596e-06
4.37643e-06
-1.79892e-06
4.3385e-06
-1.98883e-06
4.17161e-06
-2.12669e-06
3.92103e-06
-2.21753e-06
3.62269e-06
-2.26849e-06
3.30327e-06
-2.28735e-06
2.98124e-06
-2.28169e-06
2.66842e-06
-2.25836e-06
2.37156e-06
-2.22323e-06
2.09384e-06
-2.1812e-06
1.83597e-06
-2.13622e-06
1.5972e-06
-2.09139e-06
1.37589e-06
-2.04916e-06
1.16996e-06
-2.01136e-06
9.77199e-07
-1.9794e-06
7.95366e-07
-1.95431e-06
6.22306e-07
-1.93686e-06
4.5596e-07
-1.92755e-06
2.94362e-07
-1.92674e-06
1.35618e-07
-1.93458e-06
-2.21306e-08
-1.9511e-06
-1.80747e-07
-1.97615e-06
-3.42143e-07
-2.00939e-06
-5.08325e-07
-2.05025e-06
-6.81436e-07
-2.09788e-06
-8.63793e-07
-2.15104e-06
-1.05791e-06
-2.208e-06
-1.26647e-06
-2.26638e-06
-1.49228e-06
-2.32301e-06
-1.73813e-06
-2.37372e-06
-2.00646e-06
-2.41317e-06
-2.29891e-06
-2.43475e-06
-2.61557e-06
-2.43051e-06
-2.95391e-06
-2.39146e-06
-3.30739e-06
-2.30807e-06
-3.66366e-06
-2.17136e-06
-4.00274e-06
-1.9746e-06
-4.2951e-06
-1.71572e-06
-4.50054e-06
-1.40028e-06
-4.56828e-06
-1.0446e-06
-4.4393e-06
-6.78243e-07
-4.05165e-06
-3.44712e-07
-3.34892e-06
-9.89584e-08
-2.29125e-06
-8.71356e-07
-1.10673e-07
9.37824e-07
-3.78897e-07
2.44117e-06
-7.3377e-07
3.5319e-06
-1.11306e-06
4.22963e-06
-1.47096e-06
4.5904e-06
-1.77898e-06
4.68445e-06
-2.02351e-06
4.58303e-06
-2.20199e-06
4.35009e-06
-2.31904e-06
4.03808e-06
-2.38319e-06
3.68683e-06
-2.40449e-06
3.32457e-06
-2.393e-06
2.96976e-06
-2.3579e-06
2.63332e-06
-2.30705e-06
2.32071e-06
-2.24691e-06
2.0337e-06
-2.18263e-06
1.77169e-06
-2.1182e-06
1.53278e-06
-2.05667e-06
1.31435e-06
-2.00029e-06
1.11359e-06
-1.95075e-06
9.27657e-07
-1.90926e-06
7.53875e-07
-1.87669e-06
5.89741e-07
-1.85368e-06
4.3294e-07
-1.84063e-06
2.81317e-07
-1.83784e-06
1.32829e-07
-1.84547e-06
-1.45068e-08
-1.86355e-06
-1.62664e-07
-1.89202e-06
-3.13672e-07
-1.93067e-06
-4.69678e-07
-1.97909e-06
-6.33008e-07
-2.03666e-06
-8.06226e-07
-2.10238e-06
-9.92184e-07
-2.1748e-06
-1.19404e-06
-2.25183e-06
-1.41526e-06
-2.33051e-06
-1.65945e-06
-2.40679e-06
-1.93018e-06
-2.47525e-06
-2.23046e-06
-2.5288e-06
-2.56202e-06
-2.55856e-06
-2.92415e-06
-2.55386e-06
-3.31208e-06
-2.50265e-06
-3.71487e-06
-2.39252e-06
-4.11288e-06
-2.21248e-06
-4.47513e-06
-1.95596e-06
-4.75706e-06
-1.62471e-06
-4.89953e-06
-1.23357e-06
-4.83044e-06
-8.1491e-07
-4.47031e-06
-4.2116e-07
-3.74267e-06
-1.23022e-07
-2.58939e-06
-9.94378e-07
-1.37949e-07
1.07577e-06
-4.62238e-07
2.76546e-06
-8.76961e-07
3.94662e-06
-1.30275e-06
4.65542e-06
-1.68579e-06
4.97345e-06
-1.99671e-06
4.99536e-06
-2.2252e-06
4.81152e-06
-2.37382e-06
4.49871e-06
-2.45243e-06
4.11668e-06
-2.47405e-06
3.70846e-06
-2.4522e-06
3.30271e-06
-2.39927e-06
2.91683e-06
-2.32586e-06
2.55991e-06
-2.24059e-06
2.23544e-06
-2.15016e-06
1.94327e-06
-2.05967e-06
1.6812e-06
-1.97287e-06
1.44598e-06
-1.89246e-06
1.23394e-06
-1.82036e-06
1.04149e-06
-1.7579e-06
8.652e-07
-1.706e-06
7.01975e-07
-1.66528e-06
5.49019e-07
-1.63616e-06
4.03818e-07
-1.61892e-06
2.64077e-07
-1.61375e-06
1.27663e-07
-1.62079e-06
-7.469e-09
-1.64011e-06
-1.43348e-07
-1.67172e-06
-2.8206e-07
-1.71557e-06
-4.25829e-07
-1.77148e-06
-5.77093e-07
-1.83912e-06
-7.38594e-07
-1.91785e-06
-9.13452e-07
-2.00666e-06
-1.10523e-06
-2.10393e-06
-1.31798e-06
-2.20724e-06
-1.55615e-06
-2.31297e-06
-1.82444e-06
-2.41601e-06
-2.12741e-06
-2.5093e-06
-2.46873e-06
-2.58344e-06
-2.85001e-06
-2.62644e-06
-3.26908e-06
-2.62384e-06
-3.71748e-06
-2.55938e-06
-4.17734e-06
-2.41684e-06
-4.61767e-06
-2.18325e-06
-4.99066e-06
-1.85391e-06
-5.22887e-06
-1.43915e-06
-5.24519e-06
-9.71807e-07
-4.93766e-06
-5.13119e-07
-4.20135e-06
-1.53257e-07
-2.94925e-06
-1.14763e-06
-1.72991e-07
1.24876e-06
-5.6331e-07
3.15578e-06
-1.04021e-06
4.42352e-06
-1.50378e-06
5.11899e-06
-1.89369e-06
5.36335e-06
-2.18327e-06
5.28495e-06
-2.36937e-06
4.99762e-06
-2.46262e-06
4.59196e-06
-2.48e-06
4.13406e-06
-2.43993e-06
3.66838e-06
-2.35948e-06
3.22226e-06
-2.25314e-06
2.81048e-06
-2.13245e-06
2.43922e-06
-2.00621e-06
2.10919e-06
-1.88084e-06
1.81791e-06
-1.76092e-06
1.56128e-06
-1.64956e-06
1.33461e-06
-1.54883e-06
1.13322e-06
-1.46007e-06
9.52726e-07
-1.38409e-06
7.89218e-07
-1.32137e-06
6.39255e-07
-1.27218e-06
4.99833e-07
-1.23668e-06
3.68316e-07
-1.21496e-06
2.42352e-07
-1.20708e-06
1.1979e-07
-1.21314e-06
-1.41084e-09
-1.23323e-06
-1.2326e-07
-1.26746e-06
-2.47829e-07
-1.31596e-06
-3.77335e-07
-1.3788e-06
-5.14245e-07
-1.45602e-06
-6.61378e-07
-1.54746e-06
-8.22015e-07
-1.65268e-06
-1.00001e-06
-1.7708e-06
-1.19986e-06
-1.90017e-06
-1.42677e-06
-2.0381e-06
-1.68652e-06
-2.18031e-06
-1.9852e-06
-2.32042e-06
-2.32862e-06
-2.44928e-06
-2.72116e-06
-2.55433e-06
-3.16403e-06
-2.61925e-06
-3.65256e-06
-2.62412e-06
-4.17246e-06
-2.54675e-06
-4.69504e-06
-2.36587e-06
-5.17154e-06
-2.06693e-06
-5.52781e-06
-1.65116e-06
-5.66096e-06
-1.14723e-06
-5.44159e-06
-6.23041e-07
-4.72555e-06
-1.91666e-07
-3.38063e-06
-1.3393e-06
-2.19117e-07
1.46788e-06
-6.85847e-07
3.62251e-06
-1.22089e-06
4.95856e-06
-1.70176e-06
5.59985e-06
-2.06633e-06
5.72792e-06
-2.2972e-06
5.51582e-06
-2.4039e-06
5.10431e-06
-2.4087e-06
4.59676e-06
-2.33738e-06
4.06275e-06
-2.21407e-06
3.54507e-06
-2.05895e-06
3.06714e-06
-1.88771e-06
2.63925e-06
-1.71189e-06
2.26341e-06
-1.53957e-06
1.93688e-06
-1.37616e-06
1.65449e-06
-1.22506e-06
1.41019e-06
-1.08833e-06
1.19788e-06
-9.67053e-07
1.01194e-06
-8.61725e-07
8.47398e-07
-7.72472e-07
6.99965e-07
-6.9922e-07
5.66003e-07
-6.41808e-07
4.42421e-07
-6.00062e-07
3.2657e-07
-5.73844e-07
2.16134e-07
-5.63084e-07
1.0903e-07
-5.67796e-07
3.30177e-09
-5.88094e-07
-1.02962e-07
-6.24188e-07
-2.11735e-07
-6.76382e-07
-3.25141e-07
-7.45057e-07
-4.45571e-07
-8.30633e-07
-5.75801e-07
-9.33522e-07
-7.19126e-07
-1.05401e-06
-8.7952e-07
-1.19212e-06
-1.06176e-06
-1.34734e-06
-1.27155e-06
-1.51831e-06
-1.51555e-06
-1.70225e-06
-1.80126e-06
-1.89432e-06
-2.13655e-06
-2.08667e-06
-2.5288e-06
-2.26747e-06
-2.98323e-06
-2.41982e-06
-3.50022e-06
-2.52108e-06
-4.0712e-06
-2.54325e-06
-4.67286e-06
-2.45531e-06
-5.25948e-06
-2.22912e-06
-5.754e-06
-1.85045e-06
-6.03963e-06
-1.33587e-06
-5.95617e-06
-7.53742e-07
-5.30767e-06
-2.41525e-07
-3.89284e-06
-1.58083e-06
-2.82069e-07
1.74995e-06
-8.34316e-07
4.17476e-06
-1.41089e-06
5.53514e-06
-1.86935e-06
6.05832e-06
-2.15654e-06
6.01511e-06
-2.27491e-06
5.63419e-06
-2.25379e-06
5.08319e-06
-2.13055e-06
4.47353e-06
-1.94049e-06
3.87269e-06
-1.71258e-06
3.31716e-06
-1.46855e-06
2.82311e-06
-1.22363e-06
2.39433e-06
-9.87839e-07
2.02762e-06
-7.67313e-07
1.71635e-06
-5.65464e-07
1.45264e-06
-3.83894e-07
1.22862e-06
-2.2306e-07
1.03705e-06
-8.27536e-08
8.71636e-07
3.75891e-08
7.27056e-07
1.38674e-07
5.9888e-07
2.21218e-07
4.83459e-07
2.8587e-07
3.77769e-07
3.33162e-07
2.79277e-07
3.63486e-07
1.85811e-07
3.77069e-07
9.54461e-08
3.73973e-07
6.39748e-09
3.54083e-07
-8.30722e-08
3.17101e-07
-1.74752e-07
2.62543e-07
-2.70583e-07
1.8974e-07
-3.72768e-07
9.7846e-08
-4.83907e-07
-1.41266e-08
-6.07153e-07
-1.47279e-07
-7.46368e-07
-3.02694e-07
-9.06345e-07
-4.81257e-07
-1.09299e-06
-6.8335e-07
-1.31346e-06
-9.08355e-07
-1.57625e-06
-1.15391e-06
-1.89099e-06
-1.41487e-06
-2.26784e-06
-1.68184e-06
-2.71626e-06
-1.9395e-06
-3.24256e-06
-2.16471e-06
-3.84599e-06
-2.32531e-06
-4.51226e-06
-2.38056e-06
-5.20423e-06
-2.28563e-06
-5.84893e-06
-2.00317e-06
-6.32209e-06
-1.52544e-06
-6.4339e-06
-9.08083e-07
-5.92503e-06
-3.08484e-07
-4.49244e-06
-1.88931e-06
-3.71781e-07
2.12173e-06
-1.01234e-06
4.81532e-06
-1.5896e-06
6.1124e-06
-1.95574e-06
6.42445e-06
-2.08724e-06
6.14661e-06
-2.02145e-06
5.5684e-06
-1.81492e-06
4.87667e-06
-1.52177e-06
4.18037e-06
-1.18518e-06
3.5361e-06
-8.36074e-07
2.96806e-06
-4.94714e-07
2.48175e-06
-1.7326e-07
2.07287e-06
1.21829e-07
1.73253e-06
3.87839e-07
1.45034e-06
6.24354e-07
1.21613e-06
8.3226e-07
1.02071e-06
1.01309e-06
8.56219e-07
1.1686e-06
7.16122e-07
1.30055e-06
5.95106e-07
1.41054e-06
4.88891e-07
1.49996e-06
3.94043e-07
1.56994e-06
3.07785e-07
1.62138e-06
2.27837e-07
1.65491e-06
1.5228e-07
1.67092e-06
7.9437e-08
1.66955e-06
7.77054e-09
1.65068e-06
-6.42083e-08
1.61396e-06
-1.38031e-07
1.55875e-06
-2.15369e-07
1.48412e-06
-2.98136e-07
1.38883e-06
-3.88624e-07
1.27134e-06
-4.89655e-07
1.12974e-06
-6.04768e-07
9.61845e-07
-7.38452e-07
7.65255e-07
-8.96395e-07
5.37551e-07
-1.08576e-06
2.76679e-07
-1.31538e-06
-1.83927e-08
-1.59592e-06
-3.46606e-07
-1.93963e-06
-7.03184e-07
-2.35968e-06
-1.0773e-06
-2.86845e-06
-1.44904e-06
-3.47425e-06
-1.78602e-06
-4.17528e-06
-2.04076e-06
-4.94949e-06
-2.15131e-06
-5.73838e-06
-2.0502e-06
-6.42321e-06
-1.68903e-06
-6.79507e-06
-1.08676e-06
-6.52729e-06
-4.0217e-07
-5.17704e-06
-2.29148e-06
-5.03796e-07
2.62553e-06
-1.21524e-06
5.52677e-06
-1.70689e-06
6.60405e-06
-1.86613e-06
6.58369e-06
-1.73335e-06
6.01383e-06
-1.39792e-06
5.23297e-06
-9.47501e-07
4.42625e-06
-4.49649e-07
3.68252e-06
5.0301e-08
3.03615e-06
5.25253e-07
2.4931e-06
9.61004e-07
2.046e-06
1.35185e-06
1.68202e-06
1.69717e-06
1.38722e-06
1.99907e-06
1.14844e-06
2.26097e-06
9.54224e-07
2.48669e-06
7.94989e-07
2.67995e-06
6.62961e-07
2.84412e-06
5.51955e-07
2.98211e-06
4.57109e-07
3.09639e-06
3.74619e-07
3.18892e-06
3.01505e-07
3.2613e-06
2.35411e-07
3.31469e-06
1.7444e-07
3.34996e-06
1.1702e-07
3.3676e-06
6.17957e-08
3.36783e-06
7.53829e-09
3.35056e-06
-4.69376e-08
3.31538e-06
-1.0285e-07
3.26154e-06
-1.61534e-07
3.18794e-06
-2.24532e-07
3.09303e-06
-2.93715e-07
2.97479e-06
-3.71419e-07
2.83066e-06
-4.60635e-07
2.65744e-06
-5.65233e-07
2.45129e-06
-6.90247e-07
2.20774e-06
-8.42207e-07
1.92186e-06
-1.0295e-06
1.58868e-06
-1.26273e-06
1.20399e-06
-1.55495e-06
7.65935e-07
-1.92162e-06
2.77449e-07
-2.37997e-06
-2.49795e-07
-2.947e-06
-7.89937e-07
-3.63513e-06
-1.29624e-06
-4.44319e-06
-1.69525e-06
-5.33936e-06
-1.88759e-06
-6.23087e-06
-1.76743e-06
-6.91524e-06
-1.27962e-06
-7.0151e-06
-5.3702e-07
-5.91964e-06
-2.8285e-06
-6.94239e-07
3.31977e-06
-1.40356e-06
6.23609e-06
-1.64306e-06
6.84355e-06
-1.42338e-06
6.36401e-06
-8.94077e-07
5.48453e-06
-2.06348e-07
4.54524e-06
5.28499e-07
3.6914e-06
1.24194e-06
2.96908e-06
1.89801e-06
2.38008e-06
2.48188e-06
1.90923e-06
2.99119e-06
1.5367e-06
3.43002e-06
1.24319e-06
3.80539e-06
1.01185e-06
4.12509e-06
8.28738e-07
4.39663e-06
6.82678e-07
4.62673e-06
5.64894e-07
4.8211e-06
4.68592e-07
4.98449e-06
3.88567e-07
5.12075e-06
3.20847e-07
5.23296e-06
2.62408e-07
5.32353e-06
2.10934e-07
5.39431e-06
1.64628e-07
5.44668e-06
1.2207e-07
5.4816e-06
8.20986e-08
5.49967e-06
4.3726e-08
5.50115e-06
6.06342e-09
5.48595e-06
-3.1743e-08
5.45367e-06
-7.05694e-08
5.40352e-06
-1.1138e-07
5.33429e-06
-1.553e-07
5.24428e-06
-2.03704e-07
5.1312e-06
-2.58339e-07
4.99203e-06
-3.2147e-07
4.82289e-06
-3.96094e-07
4.61884e-06
-4.86191e-07
4.3737e-06
-5.97071e-07
4.07998e-06
-7.35783e-07
3.72887e-06
-9.11619e-07
3.3106e-06
-1.13667e-06
2.81539e-06
-1.42641e-06
2.2355e-06
-1.80007e-06
1.569e-06
-2.2805e-06
8.26344e-07
-2.89248e-06
4.05695e-08
-3.65742e-06
-7.18796e-07
-4.58e-06
-1.33209e-06
-5.61757e-06
-1.62981e-06
-6.61752e-06
-1.43724e-06
-7.20767e-06
-7.25546e-07
-6.63134e-06
-3.55405e-06
-9.3402e-07
4.25379e-06
-1.42437e-06
6.72643e-06
-1.12108e-06
6.54026e-06
-3.02027e-07
5.54496e-06
7.43859e-07
4.43864e-06
1.82299e-06
3.46611e-06
2.83028e-06
2.68411e-06
3.72103e-06
2.07833e-06
4.48502e-06
1.61609e-06
5.12914e-06
1.2651e-06
5.66737e-06
9.98477e-07
6.11539e-06
7.95171e-07
6.48808e-06
6.39152e-07
6.79847e-06
5.18351e-07
7.05741e-06
4.2374e-07
7.27371e-06
3.4859e-07
7.4544e-06
2.87902e-07
7.605e-06
2.37973e-07
7.72979e-06
1.96052e-07
7.8321e-06
1.60096e-07
7.91447e-06
1.2857e-07
7.97879e-06
1.00305e-07
8.02647e-06
7.43897e-08
8.05848e-06
5.00895e-08
8.07542e-06
2.67852e-08
8.07756e-06
3.92399e-09
8.06484e-06
-1.90249e-08
8.03688e-06
-4.26047e-08
7.99291e-06
-6.74161e-08
7.93178e-06
-9.41645e-08
7.85179e-06
-1.23721e-07
7.75066e-06
-1.57204e-07
7.62527e-06
-1.96085e-07
7.47152e-06
-2.42343e-07
7.28399e-06
-2.9866e-07
7.05562e-06
-3.68698e-07
6.7773e-06
-4.57464e-07
6.43748e-06
-5.71799e-07
6.02184e-06
-7.21037e-07
5.51331e-06
-9.17882e-07
4.89278e-06
-1.17955e-06
4.14143e-06
-1.52915e-06
3.24598e-06
-1.99703e-06
2.20949e-06
-2.62093e-06
1.07084e-06
-3.44135e-06
-6.48552e-08
-4.48187e-06
-9.91882e-07
-5.69049e-06
-1.39233e-06
-6.80722e-06
-9.50265e-07
-7.0734e-06
-4.50431e-06
-1.09218e-06
5.34596e-06
-8.02847e-07
6.4371e-06
4.66849e-07
5.27057e-06
2.07047e-06
3.94134e-06
3.64187e-06
2.86724e-06
5.02885e-06
2.07913e-06
6.19165e-06
1.52131e-06
7.14159e-06
1.12839e-06
7.90842e-06
8.49255e-07
8.52506e-06
6.48466e-07
9.0214e-06
5.02141e-07
9.42245e-06
3.94113e-07
9.7483e-06
3.13301e-07
1.00147e-05
2.51995e-07
1.02336e-05
2.04757e-07
1.04145e-05
1.67719e-07
1.05643e-05
1.38108e-07
1.06884e-05
1.13928e-07
1.07907e-05
9.3737e-08
1.08743e-05
7.64814e-08
1.09415e-05
6.13866e-08
1.09939e-05
4.78709e-08
1.10328e-05
3.54868e-08
1.1059e-05
2.3877e-08
1.10731e-05
1.27425e-08
1.10752e-05
1.8176e-09
1.10653e-05
-9.15329e-09
1.10431e-05
-2.04309e-08
1.1008e-05
-3.23053e-08
1.0959e-05
-4.5119e-08
1.08945e-05
-5.9298e-08
1.08127e-05
-7.53943e-08
1.07108e-05
-9.4144e-08
1.0585e-05
-1.16549e-07
1.04303e-05
-1.43992e-07
1.024e-05
-1.78398e-07
1.0005e-05
-2.22463e-07
9.71322e-06
-2.79988e-07
9.34855e-06
-3.5637e-07
8.89002e-06
-4.59349e-07
8.31066e-06
-6.0019e-07
7.57709e-06
-7.95578e-07
6.65069e-06
-1.07063e-06
5.49318e-06
-1.46342e-06
4.08225e-06
-2.03042e-06
2.44711e-06
-2.84673e-06
7.37863e-07
-3.98124e-06
-6.61781e-07
-5.40758e-06
-1.06188e-06
-6.6733e-06
-5.5662e-06
-1.1672e-07
5.46268e-06
1.81943e-06
4.50095e-06
4.35967e-06
2.73033e-06
6.6068e-06
1.69421e-06
8.39345e-06
1.08059e-06
9.76355e-06
7.09028e-07
1.08032e-05
4.81694e-07
1.15927e-05
3.38873e-07
1.21962e-05
2.45755e-07
1.26618e-05
1.82826e-07
1.3025e-05
1.39e-07
1.33114e-05
1.07706e-07
1.35398e-05
8.48724e-08
1.37239e-05
6.78735e-08
1.38737e-05
5.49589e-08
1.39965e-05
4.49351e-08
1.40976e-05
3.69752e-08
1.41811e-05
3.05003e-08
1.42497e-05
2.51014e-08
1.43057e-05
2.04862e-08
1.43506e-05
1.64432e-08
1.43857e-05
1.28155e-08
1.44117e-05
9.48405e-09
1.44292e-05
6.35409e-09
1.44386e-05
3.34656e-09
1.444e-05
3.91982e-10
1.44335e-05
-2.5794e-09
1.44187e-05
-5.63456e-09
1.43952e-05
-8.85216e-09
1.43624e-05
-1.23239e-08
1.43193e-05
-1.61648e-08
1.42644e-05
-2.05252e-08
1.41959e-05
-2.56072e-08
1.4111e-05
-3.16897e-08
1.40062e-05
-3.91626e-08
1.38764e-05
-4.85789e-08
1.37146e-05
-6.07293e-08
1.35114e-05
-7.67578e-08
1.32534e-05
-9.8345e-08
1.29221e-05
-1.28018e-07
1.24916e-05
-1.69705e-07
1.19258e-05
-2.29784e-07
1.11743e-05
-3.19149e-07
1.01682e-05
-4.57326e-07
8.81792e-06
-6.80128e-07
7.02271e-06
-1.05151e-06
4.72201e-06
-1.68055e-06
2.07763e-06
-2.7632e-06
3.2678e-09
-4.59893e-06
-5.56293e-06
5.46268e-06
9.96363e-06
1.2694e-05
1.43882e-05
1.54688e-05
1.61778e-05
1.66595e-05
1.69984e-05
1.72441e-05
1.74269e-05
1.75659e-05
1.76736e-05
1.77585e-05
1.78264e-05
1.78813e-05
1.79263e-05
1.79633e-05
1.79938e-05
1.80189e-05
1.80393e-05
1.80558e-05
1.80686e-05
1.80781e-05
1.80844e-05
1.80878e-05
1.80882e-05
1.80856e-05
1.808e-05
1.80711e-05
1.80588e-05
1.80426e-05
1.80221e-05
1.79965e-05
1.79648e-05
1.79256e-05
1.78771e-05
1.78163e-05
1.77396e-05
1.76412e-05
1.75132e-05
1.73435e-05
1.71137e-05
1.67946e-05
1.63373e-05
1.56571e-05
1.46056e-05
1.29251e-05
1.01619e-05
5.56293e-06
)
;

boundaryField
{
    movingWallTop
    {
        type            calculated;
        value           uniform 0;
    }
    movingWallBottom
    {
        type            calculated;
        value           uniform 0;
    }
    fixedWalls
    {
        type            calculated;
        value           uniform 0;
    }
    frontAndBack
    {
        type            empty;
        value           nonuniform 0();
    }
}


// ************************************************************************* //
