/*--------------------------------*- C++ -*----------------------------------*\
  =========                 |
  \\      /  F ield         | OpenFOAM: The Open Source CFD Toolbox
   \\    /   O peration     | Website:  https://openfoam.org
    \\  /    A nd           | Version:  7
     \\/     M anipulation  |
\*---------------------------------------------------------------------------*/
FoamFile
{
    version     2.0;
    format      ascii;
    class       volVectorField;
    location    "0.0352";
    object      U;
}
// * * * * * * * * * * * * * * * * * * * * * * * * * * * * * * * * * * * * * //

dimensions      [0 1 -1 0 0 0 0];

internalField   nonuniform List<vector> 
2500
(
(2.62259e-05 -2.63026e-05 0)
(7.64244e-05 -3.00643e-05 0)
(9.84185e-05 -1.27962e-05 0)
(6.02892e-05 1.08181e-05 0)
(-4.70626e-05 3.42663e-05 0)
(-0.00022093 5.56625e-05 0)
(-0.000453905 7.39156e-05 0)
(-0.000737618 8.88206e-05 0)
(-0.00106281 0.000100479 0)
(-0.00142013 0.000109076 0)
(-0.0018005 0.000114827 0)
(-0.00219526 0.00011795 0)
(-0.00259627 0.000118664 0)
(-0.00299596 0.000117179 0)
(-0.00338736 0.0001137 0)
(-0.00376405 0.000108423 0)
(-0.00412027 0.000101533 0)
(-0.00445079 9.32093e-05 0)
(-0.00475099 8.36227e-05 0)
(-0.00501679 7.29368e-05 0)
(-0.00524468 6.13101e-05 0)
(-0.00543166 4.88967e-05 0)
(-0.00557531 3.58487e-05 0)
(-0.0056737 2.23179e-05 0)
(-0.00572545 8.45738e-06 0)
(-0.00572974 -5.57639e-06 0)
(-0.00568629 -1.9622e-05 0)
(-0.0055954 -3.35116e-05 0)
(-0.00545795 -4.70699e-05 0)
(-0.00527547 -6.01133e-05 0)
(-0.00505009 -7.24498e-05 0)
(-0.00478464 -8.38792e-05 0)
(-0.00448261 -9.41936e-05 0)
(-0.00414819 -0.000103179 0)
(-0.00378628 -0.000110618 0)
(-0.00340249 -0.00011629 0)
(-0.00300312 -0.000119974 0)
(-0.00259513 -0.000121453 0)
(-0.00218615 -0.000120518 0)
(-0.00178436 -0.000116965 0)
(-0.00139847 -0.000110604 0)
(-0.00103759 -0.000101261 0)
(-0.000711082 -8.87875e-05 0)
(-0.000428376 -7.30816e-05 0)
(-0.000198572 -5.41505e-05 0)
(-2.9758e-05 -3.22964e-05 0)
(7.1691e-05 -8.55121e-06 0)
(0.000104213 1.47901e-05 0)
(7.7924e-05 3.1052e-05 0)
(2.61625e-05 2.61031e-05 0)
(3.04404e-05 -7.67626e-05 0)
(6.13005e-05 -6.03869e-05 0)
(-5.71014e-07 3.366e-05 0)
(-0.000202849 0.000156023 0)
(-0.000563049 0.000282335 0)
(-0.00107919 0.00040112 0)
(-0.00173881 0.000506046 0)
(-0.00252402 0.00059438 0)
(-0.0034138 0.000665202 0)
(-0.00438584 0.00071851 0)
(-0.0054176 0.000754817 0)
(-0.00648702 0.00077493 0)
(-0.00757291 0.000779826 0)
(-0.00865529 0.000770579 0)
(-0.00971549 0.00074831 0)
(-0.0107363 0.000714158 0)
(-0.0117019 0.000669261 0)
(-0.0125982 0.000614742 0)
(-0.0134125 0.000551706 0)
(-0.0141335 0.000481239 0)
(-0.0147516 0.000404407 0)
(-0.0152586 0.000322264 0)
(-0.0156478 0.000235858 0)
(-0.0159139 0.000146238 0)
(-0.0160532 5.4467e-05 0)
(-0.0160635 -3.83742e-05 0)
(-0.0159442 -0.000131175 0)
(-0.0156961 -0.00022279 0)
(-0.0153219 -0.000312033 0)
(-0.0148258 -0.000397675 0)
(-0.0142138 -0.000478444 0)
(-0.0134938 -0.000553031 0)
(-0.0126753 -0.000620094 0)
(-0.0117699 -0.000678272 0)
(-0.0107908 -0.000726198 0)
(-0.00975331 -0.000762521 0)
(-0.00867425 -0.000785926 0)
(-0.00757227 -0.000795164 0)
(-0.00646748 -0.000789084 0)
(-0.00538134 -0.000766673 0)
(-0.00433632 -0.000727112 0)
(-0.00335551 -0.00066985 0)
(-0.00246213 -0.000594726 0)
(-0.00167864 -0.000502181 0)
(-0.00102567 -0.000393646 0)
(-0.000520168 -0.000272365 0)
(-0.00017282 -0.000144977 0)
(1.63721e-05 -2.38313e-05 0)
(6.7584e-05 6.6531e-05 0)
(3.14423e-05 7.79644e-05 0)
(1.42062e-05 -0.000100133 0)
(-2.95608e-05 3.62522e-07 0)
(-0.000242276 0.000247387 0)
(-0.000661708 0.00055428 0)
(-0.00130395 0.000873497 0)
(-0.00216655 0.00117728 0)
(-0.0032337 0.00144955 0)
(-0.00448126 0.00168177 0)
(-0.00588021 0.00186992 0)
(-0.00739895 0.00201269 0)
(-0.00900487 0.00211047 0)
(-0.0106655 0.00216472 0)
(-0.0123494 0.00217758 0)
(-0.0140265 0.00215159 0)
(-0.0156684 0.00208959 0)
(-0.0172488 0.00199452 0)
(-0.0187436 0.00186943 0)
(-0.020131 0.00171735 0)
(-0.0213912 0.00154134 0)
(-0.022507 0.00134441 0)
(-0.0234633 0.00112955 0)
(-0.0242475 0.00089975 0)
(-0.0248491 0.000657974 0)
(-0.02526 0.00040721 0)
(-0.0254746 0.000150478 0)
(-0.0254894 -0.000109146 0)
(-0.0253036 -0.000368512 0)
(-0.0249186 -0.000624381 0)
(-0.0243386 -0.000873411 0)
(-0.0235702 -0.00111216 0)
(-0.0226229 -0.00133708 0)
(-0.0215089 -0.00154453 0)
(-0.020243 -0.00173084 0)
(-0.018843 -0.00189226 0)
(-0.0173294 -0.00202509 0)
(-0.0157254 -0.00212571 0)
(-0.0140569 -0.00219065 0)
(-0.0123521 -0.00221668 0)
(-0.0106413 -0.0022009 0)
(-0.00895661 -0.00214092 0)
(-0.00733147 -0.00203502 0)
(-0.00579973 -0.0018824 0)
(-0.00439493 -0.00168354 0)
(-0.00314893 -0.00144082 0)
(-0.00209028 -0.00115947 0)
(-0.00124178 -0.0008493 0)
(-0.000617142 -0.000527506 0)
(-0.000216124 -0.000222942 0)
(-1.89344e-05 1.66375e-05 0)
(1.62851e-05 0.000105649 0)
(-8.14162e-06 -6.55281e-05 0)
(-0.000148577 0.000198937 0)
(-0.000545182 0.000665639 0)
(-0.00121164 0.00121896 0)
(-0.0021549 0.00178979 0)
(-0.00336892 0.00233406 0)
(-0.0048336 0.00282441 0)
(-0.00651944 0.00324495 0)
(-0.00839109 0.00358722 0)
(-0.0104098 0.00384768 0)
(-0.0125351 0.00402603 0)
(-0.0147264 0.00412414 0)
(-0.0169439 0.00414537 0)
(-0.0191493 0.00409398 0)
(-0.0213064 0.00397493 0)
(-0.0233814 0.0037935 0)
(-0.025343 0.00355524 0)
(-0.0271629 0.00326578 0)
(-0.0288156 0.00293084 0)
(-0.0302785 0.00255608 0)
(-0.031532 0.00214721 0)
(-0.0325595 0.00170988 0)
(-0.0333476 0.00124978 0)
(-0.0338856 0.000772631 0)
(-0.0341661 0.000284219 0)
(-0.0341847 -0.000209566 0)
(-0.0339404 -0.000702701 0)
(-0.0334352 -0.001189 0)
(-0.0326746 -0.0016621 0)
(-0.0316673 -0.00211547 0)
(-0.0304257 -0.0025424 0)
(-0.0289657 -0.00293604 0)
(-0.0273068 -0.00328946 0)
(-0.0254718 -0.00359571 0)
(-0.0234875 -0.00384792 0)
(-0.0213838 -0.00403941 0)
(-0.019194 -0.00416387 0)
(-0.0169542 -0.0042155 0)
(-0.0147033 -0.00418926 0)
(-0.0124819 -0.00408114 0)
(-0.0103321 -0.00388855 0)
(-0.00829634 -0.00361074 0)
(-0.00641625 -0.00324956 0)
(-0.00473102 -0.00281042 0)
(-0.00327553 -0.00230386 0)
(-0.00207779 -0.00174793 0)
(-0.00115551 -0.00117199 0)
(-0.000511579 -0.00062173 0)
(-0.000134722 -0.000166971 0)
(-5.48125e-06 7.74017e-05 0)
(-3.06581e-05 3.62275e-05 0)
(-0.000274188 0.000555105 0)
(-0.0008688 0.00130914 0)
(-0.00179669 0.00216412 0)
(-0.00305093 0.00303403 0)
(-0.00461895 0.00386063 0)
(-0.00647482 0.00460578 0)
(-0.00858328 0.00524591 0)
(-0.0109032 0.00576761 0)
(-0.0133895 0.00616452 0)
(-0.0159955 0.00643526 0)
(-0.0186737 0.00658188 0)
(-0.0213775 0.00660885 0)
(-0.024062 0.00652233 0)
(-0.0266843 0.0063296 0)
(-0.0292044 0.00603866 0)
(-0.031585 0.005658 0)
(-0.0337923 0.00519637 0)
(-0.035796 0.00466266 0)
(-0.0375689 0.00406583 0)
(-0.0390876 0.00341485 0)
(-0.0403323 0.00271872 0)
(-0.0412866 0.00198649 0)
(-0.0419381 0.00122726 0)
(-0.0422777 0.000450257 0)
(-0.0423002 -0.000335139 0)
(-0.0420044 -0.00111934 0)
(-0.0413928 -0.0018925 0)
(-0.0404719 -0.00264455 0)
(-0.0392524 -0.00336512 0)
(-0.0377491 -0.00404362 0)
(-0.0359809 -0.00466929 0)
(-0.0339712 -0.00523124 0)
(-0.0317473 -0.00571862 0)
(-0.0293411 -0.00612074 0)
(-0.0267882 -0.0064273 0)
(-0.0241279 -0.00662862 0)
(-0.0214032 -0.00671593 0)
(-0.0186597 -0.00668179 0)
(-0.0159454 -0.00652045 0)
(-0.0133094 -0.00622852 0)
(-0.0108014 -0.00580563 0)
(-0.00846973 -0.00525548 0)
(-0.00635993 -0.00458717 0)
(-0.00451281 -0.00381722 0)
(-0.00296213 -0.00297238 0)
(-0.00173122 -0.00209381 0)
(-0.000829132 -0.00124221 0)
(-0.000257761 -0.000505048 0)
(-2.75563e-05 -1.62506e-05 0)
(-5.16876e-05 0.000204411 0)
(-0.000397355 0.00107289 0)
(-0.0011925 0.00218566 0)
(-0.00238599 0.00339813 0)
(-0.00395447 0.0046122 0)
(-0.00587659 0.00575834 0)
(-0.00811896 0.00678903 0)
(-0.0106397 0.00767361 0)
(-0.0133917 0.00839377 0)
(-0.0163241 0.00894027 0)
(-0.0193842 0.00931043 0)
(-0.0225188 0.00950643 0)
(-0.0256754 0.00953389 0)
(-0.0288034 0.00940092 0)
(-0.0318543 0.00911735 0)
(-0.0347828 0.0086942 0)
(-0.0375468 0.00814326 0)
(-0.0401078 0.00747681 0)
(-0.0424311 0.0067074 0)
(-0.0444861 0.00584774 0)
(-0.0462459 0.00491063 0)
(-0.047688 0.00390894 0)
(-0.0487937 0.0028556 0)
(-0.0495486 0.00176368 0)
(-0.0499426 0.0006464 0)
(-0.0499697 -0.000482764 0)
(-0.0496285 -0.00161007 0)
(-0.0489218 -0.00272144 0)
(-0.0478571 -0.00380244 0)
(-0.0464464 -0.0048383 0)
(-0.0447067 -0.00581391 0)
(-0.0426594 -0.00671397 0)
(-0.0403312 -0.00752305 0)
(-0.0377532 -0.00822579 0)
(-0.0349613 -0.00880716 0)
(-0.0319961 -0.00925272 0)
(-0.0289021 -0.00954899 0)
(-0.0257279 -0.00968391 0)
(-0.022525 -0.00964733 0)
(-0.0193475 -0.0094317 0)
(-0.016251 -0.0090328 0)
(-0.0132912 -0.00845077 0)
(-0.0105227 -0.00769136 0)
(-0.00799718 -0.00676759 0)
(-0.00576179 -0.00570198 0)
(-0.00385684 -0.0045296 0)
(-0.002313 -0.00330215 0)
(-0.00114772 -0.00209276 0)
(-0.000378592 -0.00100197 0)
(-4.80963e-05 -0.000174971 0)
(-7.07514e-05 0.000435282 0)
(-0.000514547 0.0017495 0)
(-0.00150704 0.00329474 0)
(-0.00296457 0.00492176 0)
(-0.00484646 0.00652458 0)
(-0.00712109 0.0080253 0)
(-0.00974633 0.00936889 0)
(-0.0126728 0.0105186 0)
(-0.0158468 0.0114519 0)
(-0.0192114 0.0121569 0)
(-0.0227084 0.0126298 0)
(-0.026279 0.012873 0)
(-0.0298656 0.0128933 0)
(-0.0334125 0.0127011 0)
(-0.0368664 0.0123088 0)
(-0.0401774 0.0117309 0)
(-0.0432992 0.0109828 0)
(-0.0461894 0.0100805 0)
(-0.0488098 0.0090408 0)
(-0.0511265 0.00788048 0)
(-0.0531099 0.0066166 0)
(-0.054735 0.00526636 0)
(-0.0559814 0.00384706 0)
(-0.0568331 0.00237617 0)
(-0.0572787 0.000871425 0)
(-0.0573118 -0.000649162 0)
(-0.0569305 -0.00216719 0)
(-0.056138 -0.00366383 0)
(-0.0549424 -0.00511979 0)
(-0.053357 -0.00651536 0)
(-0.0514004 -0.00783041 0)
(-0.0490961 -0.00904455 0)
(-0.0464734 -0.0101373 0)
(-0.0435665 -0.0110883 0)
(-0.0404151 -0.0118776 0)
(-0.0370637 -0.0124863 0)
(-0.0335613 -0.0128966 0)
(-0.0299614 -0.0130929 0)
(-0.0263208 -0.013062 0)
(-0.0226991 -0.0127944 0)
(-0.0191574 -0.0122849 0)
(-0.0157577 -0.011534 0)
(-0.0125605 -0.0105494 0)
(-0.00962409 -0.00934797 0)
(-0.00700227 -0.00795769 0)
(-0.00474309 -0.00642107 0)
(-0.00288588 -0.00479875 0)
(-0.00145802 -0.00317362 0)
(-0.000493699 -0.00165544 0)
(-6.66831e-05 -0.000395266 0)
(-8.80413e-05 0.000724991 0)
(-0.000625317 0.00257967 0)
(-0.00180986 0.00463218 0)
(-0.00352741 0.00673211 0)
(-0.00572004 0.00876884 0)
(-0.00834509 0.0106587 0)
(-0.0113507 0.012341 0)
(-0.0146792 0.0137743 0)
(-0.0182695 0.0149327 0)
(-0.0220585 0.0158022 0)
(-0.0259822 0.0163784 0)
(-0.0299765 0.0166641 0)
(-0.0339788 0.0166678 0)
(-0.0379287 0.016402 0)
(-0.0417686 0.0158826 0)
(-0.0454448 0.0151273 0)
(-0.048907 0.0141555 0)
(-0.0521096 0.0129877 0)
(-0.0550114 0.0116447 0)
(-0.0575757 0.010148 0)
(-0.0597707 0.00851939 0)
(-0.0615693 0.00678061 0)
(-0.0629494 0.00495373 0)
(-0.0638936 0.00306106 0)
(-0.0643898 0.00112516 0)
(-0.0644307 -0.000830959 0)
(-0.0640142 -0.00278386 0)
(-0.0631437 -0.00470954 0)
(-0.0618277 -0.00658345 0)
(-0.0600803 -0.00838046 0)
(-0.0579214 -0.010075 0)
(-0.0553764 -0.0116411 0)
(-0.0524766 -0.0130528 0)
(-0.0492588 -0.0142843 0)
(-0.0457658 -0.0153103 0)
(-0.0420454 -0.0161069 0)
(-0.0381509 -0.0166516 0)
(-0.03414 -0.0169248 0)
(-0.0300743 -0.0169101 0)
(-0.0260186 -0.0165955 0)
(-0.0220397 -0.0159746 0)
(-0.0182052 -0.0150481 0)
(-0.0145824 -0.0138252 0)
(-0.0112362 -0.012326 0)
(-0.00822816 -0.0105834 0)
(-0.00561483 -0.00864606 0)
(-0.00344528 -0.00658195 0)
(-0.00175764 -0.00448147 0)
(-0.000602674 -0.00246067 0)
(-8.35116e-05 -0.000673314 0)
(-0.000103952 0.00107002 0)
(-0.000730602 0.00355786 0)
(-0.00210195 0.00619288 0)
(-0.00407529 0.00882541 0)
(-0.00657595 0.0113424 0)
(-0.00954988 0.0136565 0)
(-0.0129349 0.0157031 0)
(-0.0166642 0.0174376 0)
(-0.020669 0.0188316 0)
(-0.0248793 0.01987 0)
(-0.0292251 0.0205481 0)
(-0.0336368 0.0208699 0)
(-0.0380471 0.0208458 0)
(-0.042391 0.0204912 0)
(-0.046607 0.0198252 0)
(-0.0506376 0.0188696 0)
(-0.0544295 0.0176479 0)
(-0.057934 0.0161852 0)
(-0.0611072 0.0145071 0)
(-0.0639102 0.01264 0)
(-0.0663092 0.0106104 0)
(-0.0682754 0.00844518 0)
(-0.0697851 0.00617148 0)
(-0.0708201 0.00381667 0)
(-0.071367 0.00140852 0)
(-0.0714182 -0.0010247 0)
(-0.0709712 -0.00345418 0)
(-0.0700292 -0.00585041 0)
(-0.0686011 -0.00818321 0)
(-0.0667017 -0.0104217 0)
(-0.0643516 -0.0125345 0)
(-0.0615776 -0.0144896 0)
(-0.0584128 -0.0162551 0)
(-0.0548961 -0.0177994 0)
(-0.0510729 -0.0190913 0)
(-0.0469942 -0.0201015 0)
(-0.0427167 -0.0208024 0)
(-0.0383022 -0.0211699 0)
(-0.0338169 -0.0211839 0)
(-0.0293307 -0.0208294 0)
(-0.0249161 -0.0200986 0)
(-0.0206469 -0.0189915 0)
(-0.016597 -0.0175187 0)
(-0.012839 -0.0157024 0)
(-0.00944263 -0.0135796 0)
(-0.00647406 -0.0112041 0)
(-0.00399273 -0.00864961 0)
(-0.00204796 -0.0060123 0)
(-0.000706574 -0.00341269 0)
(-9.89883e-05 -0.00100574 0)
(-0.000118899 0.00146766 0)
(-0.000831894 0.00467943 0)
(-0.00238609 0.00797248 0)
(-0.00461215 0.0111986 0)
(-0.00741935 0.0142436 0)
(-0.0107421 0.0170182 0)
(-0.0145075 0.0194554 0)
(-0.0186391 0.0215086 0)
(-0.0230596 0.0231481 0)
(-0.027692 0.0243585 0)
(-0.0324596 0.0251361 0)
(-0.0372875 0.0254863 0)
(-0.0421032 0.0254222 0)
(-0.0468375 0.0249623 0)
(-0.0514251 0.0241295 0)
(-0.0558049 0.02295 0)
(-0.0599207 0.0214521 0)
(-0.0637213 0.0196655 0)
(-0.0671604 0.0176211 0)
(-0.0701973 0.0153502 0)
(-0.0727963 0.0128847 0)
(-0.0749272 0.0102567 0)
(-0.0765651 0.00749856 0)
(-0.0776907 0.00464305 0)
(-0.07829 0.00172336 0)
(-0.0783545 -0.00122676 0)
(-0.0778814 -0.00417283 0)
(-0.0768738 -0.00707962 0)
(-0.0753406 -0.00991101 0)
(-0.0732968 -0.0126301 0)
(-0.0707637 -0.0151992 0)
(-0.0677692 -0.0175801 0)
(-0.0643475 -0.0197345 0)
(-0.0605395 -0.0216244 0)
(-0.0563927 -0.0232125 0)
(-0.0519608 -0.0244633 0)
(-0.0473039 -0.0253439 0)
(-0.0424876 -0.0258249 0)
(-0.0375827 -0.0258819 0)
(-0.0326642 -0.0254966 0)
(-0.0278104 -0.0246587 0)
(-0.0231017 -0.0233674 0)
(-0.0186193 -0.0216333 0)
(-0.014444 -0.0194805 0)
(-0.0106547 -0.0169488 0)
(-0.00732761 -0.0140961 0)
(-0.00453324 -0.0110007 0)
(-0.00233228 -0.00776328 0)
(-0.000807084 -0.00450774 0)
(-0.000113559 -0.00139006 0)
(-0.000133269 0.0019161 0)
(-0.000930862 0.00594136 0)
(-0.00266584 0.00996834 0)
(-0.00514362 0.0138502 0)
(-0.00825787 0.0174726 0)
(-0.0119315 0.0207452 0)
(-0.0160806 0.0236001 0)
(-0.0206184 0.0259899 0)
(-0.0254591 0.0278848 0)
(-0.0305175 0.0292702 0)
(-0.0357104 0.0301438 0)
(-0.040957 0.0305137 0)
(-0.0461797 0.0303961 0)
(-0.0513049 0.0298133 0)
(-0.0562635 0.0287929 0)
(-0.0609913 0.0273655 0)
(-0.0654293 0.0255645 0)
(-0.0695239 0.0234251 0)
(-0.0732269 0.0209833 0)
(-0.0764958 0.018276 0)
(-0.0792935 0.0153404 0)
(-0.0815886 0.0122142 0)
(-0.0833551 0.00893516 0)
(-0.0845728 0.00554163 0)
(-0.0852269 0.00207236 0)
(-0.0853083 -0.00143322 0)
(-0.0848138 -0.00493482 0)
(-0.0837459 -0.00839125 0)
(-0.0821136 -0.0117603 0)
(-0.0799318 -0.0149986 0)
(-0.0772222 -0.0180621 0)
(-0.0740131 -0.0209059 0)
(-0.0703399 -0.023485 0)
(-0.0662449 -0.0257544 0)
(-0.0617773 -0.0276703 0)
(-0.0569936 -0.0291905 0)
(-0.0519567 -0.0302758 0)
(-0.0467362 -0.0308914 0)
(-0.0414072 -0.0310075 0)
(-0.0360502 -0.030602 0)
(-0.0307495 -0.0296614 0)
(-0.0255925 -0.0281828 0)
(-0.0206686 -0.0261765 0)
(-0.0160671 -0.0236671 0)
(-0.0118769 -0.0206966 0)
(-0.00818513 -0.0173258 0)
(-0.00507371 -0.0136367 0)
(-0.0026149 -0.0097337 0)
(-0.000906126 -0.00574394 0)
(-0.000127649 -0.00182485 0)
(-0.00014741 0.00241452 0)
(-0.00102918 0.00734248 0)
(-0.00294509 0.01218 0)
(-0.00567601 0.0167812 0)
(-0.00910037 0.0210319 0)
(-0.0131295 0.0248416 0)
(-0.0176681 0.0281423 0)
(-0.0226188 0.0308872 0)
(-0.0278865 0.0330474 0)
(-0.0333779 0.0346101 0)
(-0.0390025 0.0355758 0)
(-0.0446733 0.0359558 0)
(-0.0503075 0.0357703 0)
(-0.0558271 0.0350463 0)
(-0.0611593 0.0338161 0)
(-0.0662369 0.0321161 0)
(-0.0709981 0.0299849 0)
(-0.0753872 0.0274633 0)
(-0.0793545 0.0245931 0)
(-0.0828558 0.0214169 0)
(-0.0858529 0.0179776 0)
(-0.0883134 0.0143185 0)
(-0.0902104 0.0104829 0)
(-0.0915228 0.00651494 0)
(-0.092235 0.00245894 0)
(-0.0923375 -0.00163982 0)
(-0.0918263 -0.00573518 0)
(-0.0907035 -0.00977982 0)
(-0.0889776 -0.0137252 0)
(-0.0866633 -0.0175215 0)
(-0.0837824 -0.0211179 0)
(-0.0803635 -0.0244624 0)
(-0.0764423 -0.0275029 0)
(-0.0720624 -0.0301872 0)
(-0.0672747 -0.032464 0)
(-0.0621377 -0.0342842 0)
(-0.0567173 -0.0356016 0)
(-0.0510868 -0.0363747 0)
(-0.045326 -0.0365681 0)
(-0.0395207 -0.0361546 0)
(-0.0337618 -0.0351166 0)
(-0.0281444 -0.0334486 0)
(-0.0227661 -0.0311589 0)
(-0.0177261 -0.0282723 0)
(-0.0131238 -0.0248315 0)
(-0.00905774 -0.0208997 0)
(-0.00562196 -0.0165618 0)
(-0.00290046 -0.0119257 0)
(-0.00100567 -0.00712164 0)
(-0.000141655 -0.00230974 0)
(-0.000161627 0.00296296 0)
(-0.00112845 0.00888354 0)
(-0.00322771 0.0146095 0)
(-0.00621586 0.0199952 0)
(-0.0099561 0.0249266 0)
(-0.014348 0.0293138 0)
(-0.0192845 0.0330896 0)
(-0.0246575 0.0362085 0)
(-0.0303617 0.038644 0)
(-0.0362952 0.0403863 0)
(-0.0423601 0.0414393 0)
(-0.048463 0.0418189 0)
(-0.0545155 0.0415501 0)
(-0.0604353 0.0406654 0)
(-0.0661457 0.0392028 0)
(-0.0715765 0.0372044 0)
(-0.0766637 0.0347151 0)
(-0.0813497 0.0317817 0)
(-0.085583 0.028452 0)
(-0.0893186 0.0247746 0)
(-0.0925171 0.0207981 0)
(-0.0951452 0.0165718 0)
(-0.0971754 0.0121446 0)
(-0.0985858 0.00756639 0)
(-0.0993603 0.00288719 0)
(-0.0994885 -0.00184191 0)
(-0.0989657 -0.00656877 0)
(-0.0977935 -0.0112399 0)
(-0.0959797 -0.0158004 0)
(-0.0935384 -0.0201937 0)
(-0.0904911 -0.024362 0)
(-0.0868662 -0.0282461 0)
(-0.0826999 -0.0317861 0)
(-0.0780363 -0.0349222 0)
(-0.0729275 -0.0375952 0)
(-0.0674341 -0.0397481 0)
(-0.0616249 -0.0413269 0)
(-0.0555765 -0.0422829 0)
(-0.0493736 -0.0425739 0)
(-0.0431077 -0.0421664 0)
(-0.0368765 -0.0410379 0)
(-0.0307832 -0.0391788 0)
(-0.0249346 -0.0365949 0)
(-0.0194402 -0.0333096 0)
(-0.0144108 -0.0293659 0)
(-0.00995724 -0.0248281 0)
(-0.00618615 -0.0197839 0)
(-0.00319374 -0.0143444 0)
(-0.00110765 -0.00864356 0)
(-0.000155933 -0.00284544 0)
(-0.000176193 0.00356227 0)
(-0.00123017 0.0105672 0)
(-0.0035174 0.0172613 0)
(-0.00676953 0.0234984 0)
(-0.0108342 0.0291646 0)
(-0.015599 0.034171 0)
(-0.0209445 0.0384519 0)
(-0.0267512 0.0419644 0)
(-0.0329036 0.0446853 0)
(-0.0392905 0.0466087 0)
(-0.0458062 0.0477437 0)
(-0.0523505 0.0481114 0)
(-0.0588296 0.0477427 0)
(-0.0651564 0.0466766 0)
(-0.0712506 0.0449575 0)
(-0.0770392 0.0426342 0)
(-0.082456 0.0397582 0)
(-0.0874417 0.0363828 0)
(-0.0919437 0.0325622 0)
(-0.0959158 0.0283511 0)
(-0.0993181 0.0238044 0)
(-0.102117 0.0189769 0)
(-0.104283 0.0139237 0)
(-0.105796 0.00869999 0)
(-0.106637 0.00336171 0)
(-0.106796 -0.00203433 0)
(-0.106267 -0.00743006 0)
(-0.105052 -0.0127658 0)
(-0.103156 -0.0179803 0)
(-0.100593 -0.0230101 0)
(-0.0973849 -0.0277901 0)
(-0.0935583 -0.0322536 0)
(-0.0891497 -0.0363329 0)
(-0.0842034 -0.0399597 0)
(-0.0787725 -0.0430663 0)
(-0.0729192 -0.045587 0)
(-0.0667147 -0.0474594 0)
(-0.0602395 -0.0486262 0)
(-0.0535827 -0.0490373 0)
(-0.0468418 -0.048652 0)
(-0.0401219 -0.0474414 0)
(-0.0335345 -0.0453908 0)
(-0.0271966 -0.0425021 0)
(-0.0212286 -0.0387963 0)
(-0.0157536 -0.0343155 0)
(-0.0108955 -0.0291249 0)
(-0.00677445 -0.0233143 0)
(-0.00349944 -0.0169981 0)
(-0.00121391 -0.0103147 0)
(-0.000170815 -0.00343364 0)
(-0.000191349 0.00421408 0)
(-0.00133571 0.0123978 0)
(-0.00381767 0.0201423 0)
(-0.0073431 0.0272998 0)
(-0.0117435 0.0337567 0)
(-0.0168938 0.0394251 0)
(-0.0226618 0.0442419 0)
(-0.0289161 0.0481677 0)
(-0.0355301 0.0511835 0)
(-0.0423833 0.0532892 0)
(-0.0493614 0.0544995 0)
(-0.0563574 0.0548424 0)
(-0.0632717 0.0543561 0)
(-0.0700127 0.0530866 0)
(-0.0764965 0.0510858 0)
(-0.0826474 0.0484099 0)
(-0.0883973 0.0451177 0)
(-0.0936854 0.0412695 0)
(-0.0984581 0.0369262 0)
(-0.102669 0.032149 0)
(-0.106277 0.0269991 0)
(-0.109249 0.0215371 0)
(-0.111555 0.0158238 0)
(-0.113173 0.00992008 0)
(-0.114086 0.00388752 0)
(-0.114281 -0.00221146 0)
(-0.113753 -0.00831296 0)
(-0.112501 -0.0143513 0)
(-0.11053 -0.0202585 0)
(-0.107853 -0.0259646 0)
(-0.10449 -0.031397 0)
(-0.100467 -0.0364813 0)
(-0.0958198 -0.0411411 0)
(-0.0905928 -0.0452995 0)
(-0.0848394 -0.0488795 0)
(-0.0786231 -0.051806 0)
(-0.0720173 -0.0540068 0)
(-0.0651059 -0.0554152 0)
(-0.0579828 -0.0559719 0)
(-0.0507515 -0.0556275 0)
(-0.0435247 -0.0543454 0)
(-0.0364231 -0.0521044 0)
(-0.0295741 -0.0489011 0)
(-0.0231102 -0.0447529 0)
(-0.0171675 -0.0397001 0)
(-0.0118843 -0.033808 0)
(-0.00739488 -0.027168 0)
(-0.0038221 -0.0198983 0)
(-0.00132624 -0.0121425 0)
(-0.000186604 -0.00407699 0)
(-0.000207311 0.00492069 0)
(-0.00144634 0.0143815 0)
(-0.00413175 0.0232617 0)
(-0.00794222 0.031411 0)
(-0.0126921 0.0387161 0)
(-0.018243 0.0450905 0)
(-0.0244494 0.0504744 0)
(-0.0311668 0.0548328 0)
(-0.0382574 0.0581526 0)
(-0.0455904 0.0604402 0)
(-0.0530431 0.061718 0)
(-0.0605011 0.0620218 0)
(-0.0678592 0.0613982 0)
(-0.0750209 0.0599016 0)
(-0.0818993 0.0575924 0)
(-0.0884159 0.0545351 0)
(-0.094501 0.0507963 0)
(-0.100093 0.0464438 0)
(-0.105138 0.0415458 0)
(-0.109588 0.0361702 0)
(-0.113403 0.0303843 0)
(-0.11655 0.0242549 0)
(-0.118998 0.0178483 0)
(-0.120726 0.011231 0)
(-0.121715 0.00446988 0)
(-0.121953 -0.00236718 0)
(-0.121431 -0.00921064 0)
(-0.12015 -0.0159889 0)
(-0.118113 -0.0226277 0)
(-0.11533 -0.0290502 0)
(-0.11182 -0.0351763 0)
(-0.107607 -0.0409236 0)
(-0.102728 -0.046207 0)
(-0.097224 -0.0509401 0)
(-0.0911496 -0.0550361 0)
(-0.0845688 -0.0584092 0)
(-0.0775569 -0.0609767 0)
(-0.0702011 -0.0626609 0)
(-0.0625995 -0.0633919 0)
(-0.0548622 -0.0631103 0)
(-0.0471096 -0.0617701 0)
(-0.0394719 -0.0593417 0)
(-0.0320879 -0.0558153 0)
(-0.025103 -0.0512031 0)
(-0.0186675 -0.0455427 0)
(-0.0129348 -0.0388985 0)
(-0.00805513 -0.0313635 0)
(-0.00416611 -0.0230596 0)
(-0.00144631 -0.0141364 0)
(-0.000203584 -0.00477904 0)
(-0.000224276 0.00568505 0)
(-0.00156321 0.016526 0)
(-0.00446265 0.0266306 0)
(-0.00857213 0.035846 0)
(-0.0136877 0.0440584 0)
(-0.0196566 0.0511837 0)
(-0.0263188 0.0571659 0)
(-0.0335163 0.0619758 0)
(-0.0410992 0.0656073 0)
(-0.0489261 0.0680751 0)
(-0.0568653 0.0694104 0)
(-0.0647949 0.0696587 0)
(-0.0726039 0.0688761 0)
(-0.0801915 0.0671268 0)
(-0.0874673 0.0644809 0)
(-0.094351 0.0610118 0)
(-0.100771 0.0567949 0)
(-0.106666 0.0519061 0)
(-0.111982 0.0464212 0)
(-0.11667 0.0404149 0)
(-0.120693 0.033961 0)
(-0.124014 0.0271322 0)
(-0.126607 0.0200002 0)
(-0.128447 0.0126369 0)
(-0.129516 0.00511416 0)
(-0.129802 -0.00249488 0)
(-0.129296 -0.0101154 0)
(-0.127994 -0.0176701 0)
(-0.1259 -0.0250788 0)
(-0.123021 -0.0322576 0)
(-0.119375 -0.0391193 0)
(-0.114983 -0.045573 0)
(-0.10988 -0.0515246 0)
(-0.104106 -0.0568777 0)
(-0.097715 -0.0615349 0)
(-0.090771 -0.0653988 0)
(-0.0833508 -0.0683747 0)
(-0.0755441 -0.0703728 0)
(-0.0674536 -0.071311 0)
(-0.0591953 -0.0711178 0)
(-0.0508979 -0.0697361 0)
(-0.0427016 -0.0671264 0)
(-0.0347572 -0.0632703 0)
(-0.0272239 -0.0581737 0)
(-0.0202674 -0.0518697 0)
(-0.0140579 -0.0444213 0)
(-0.00876259 -0.0359225 0)
(-0.00453564 -0.0264994 0)
(-0.00157574 -0.0163082 0)
(-0.000222024 -0.00554419 0)
(-0.000242423 0.00651066 0)
(-0.0016874 0.0188402 0)
(-0.00481311 0.0302624 0)
(-0.0092376 0.0406207 0)
(-0.014737 0.0498015 0)
(-0.021143 0.057723 0)
(-0.02828 0.0643344 0)
(-0.0359757 0.0696134 0)
(-0.0440669 0.0735627 0)
(-0.0524013 0.0762065 0)
(-0.0608377 0.077587 0)
(-0.0692468 0.0777606 0)
(-0.0775117 0.0767949 0)
(-0.0855274 0.0747651 0)
(-0.0932007 0.071752 0)
(-0.100449 0.0678393 0)
(-0.107202 0.0631117 0)
(-0.113396 0.0576541 0)
(-0.118977 0.05155 0)
(-0.1239 0.0448812 0)
(-0.128126 0.0377281 0)
(-0.131621 0.030169 0)
(-0.134357 0.0222811 0)
(-0.136311 0.014141 0)
(-0.137466 0.00582554 0)
(-0.137806 -0.00258757 0)
(-0.137322 -0.0110186 0)
(-0.136011 -0.0193849 0)
(-0.133871 -0.0276006 0)
(-0.13091 -0.0355753 0)
(-0.12714 -0.0432143 0)
(-0.122583 -0.0504184 0)
(-0.117268 -0.0570843 0)
(-0.111235 -0.0631049 0)
(-0.104536 -0.0683712 0)
(-0.0972346 -0.0727735 0)
(-0.0894075 -0.0762038 0)
(-0.0811468 -0.0785583 0)
(-0.0725595 -0.0797409 0)
(-0.0637674 -0.0796663 0)
(-0.0549073 -0.0782641 0)
(-0.04613 -0.0754828 0)
(-0.037599 -0.0712933 0)
(-0.0294883 -0.0656934 0)
(-0.0219803 -0.0587104 0)
(-0.0152636 -0.0504044 0)
(-0.00952427 -0.0408703 0)
(-0.00493471 -0.0302381 0)
(-0.00171606 -0.0186715 0)
(-0.000242185 -0.00637766 0)
(-0.00026192 0.00740159 0)
(-0.00181989 0.0213345 0)
(-0.00518568 0.0341721 0)
(-0.00994304 0.0457533 0)
(-0.0158463 0.0559649 0)
(-0.02271 0.0647283 0)
(-0.0303419 0.0719988 0)
(-0.0385537 0.0777628 0)
(-0.0471688 0.0820332 0)
(-0.056023 0.084846 0)
(-0.0649653 0.0862561 0)
(-0.0738591 0.0863329 0)
(-0.0825815 0.0851568 0)
(-0.0910236 0.0828159 0)
(-0.09909 0.079403 0)
(-0.106697 0.075013 0)
(-0.113774 0.0697412 0)
(-0.120258 0.0636816 0)
(-0.126097 0.056926 0)
(-0.131247 0.0495638 0)
(-0.135669 0.0416815 0)
(-0.139332 0.0333631 0)
(-0.142209 0.0246908 0)
(-0.144277 0.0157457 0)
(-0.145519 0.0066088 0)
(-0.14592 -0.00263794 0)
(-0.145468 -0.0119105 0)
(-0.144158 -0.0211215 0)
(-0.141987 -0.0301796 0)
(-0.138959 -0.0389884 0)
(-0.135084 -0.047446 0)
(-0.130379 -0.0554449 0)
(-0.12487 -0.062872 0)
(-0.118595 -0.0696095 0)
(-0.111602 -0.0755358 0)
(-0.103953 -0.0805278 0)
(-0.0957255 -0.0844626 0)
(-0.0870128 -0.087221 0)
(-0.0779249 -0.0886907 0)
(-0.0685893 -0.0887703 0)
(-0.059151 -0.0873738 0)
(-0.0497716 -0.0844351 0)
(-0.0406279 -0.0799124 0)
(-0.0319099 -0.0737928 0)
(-0.0238182 -0.0660962 0)
(-0.0165615 -0.0568786 0)
(-0.0103468 -0.0462348 0)
(-0.00536714 -0.0342986 0)
(-0.00186878 -0.021242 0)
(-0.000264319 -0.00728547 0)
(-0.000282929 0.00836237 0)
(-0.00196163 0.0240206 0)
(-0.00558275 0.0383762 0)
(-0.0106925 0.0512635 0)
(-0.017021 0.0625696 0)
(-0.0243642 0.0722203 0)
(-0.0325113 0.0801784 0)
(-0.0412571 0.0864405 0)
(-0.0504103 0.0910321 0)
(-0.0597942 0.0940032 0)
(-0.0692481 0.0954232 0)
(-0.0786275 0.0953769 0)
(-0.0878042 0.0939595 0)
(-0.0966659 0.0912737 0)
(-0.105115 0.0874258 0)
(-0.113069 0.0825232 0)
(-0.120456 0.0766723 0)
(-0.127215 0.0699773 0)
(-0.133298 0.0625387 0)
(-0.13866 0.0544531 0)
(-0.143268 0.0458134 0)
(-0.14709 0.0367091 0)
(-0.150102 0.0272268 0)
(-0.152283 0.0174516 0)
(-0.153613 0.00746797 0)
(-0.15408 -0.00263853 0)
(-0.153669 -0.0127802 0)
(-0.152374 -0.0228659 0)
(-0.150188 -0.0327993 0)
(-0.147113 -0.0424784 0)
(-0.143154 -0.0517946 0)
(-0.138324 -0.0606321 0)
(-0.132645 -0.0688681 0)
(-0.12615 -0.0763733 0)
(-0.118884 -0.0830132 0)
(-0.110906 -0.0886498 0)
(-0.102292 -0.093144 0)
(-0.0931353 -0.0963592 0)
(-0.0835488 -0.0981647 0)
(-0.0736651 -0.0984405 0)
(-0.0636369 -0.0970823 0)
(-0.0536367 -0.0940064 0)
(-0.0438556 -0.0891555 0)
(-0.0345004 -0.0825036 0)
(-0.0257918 -0.0740607 0)
(-0.0179603 -0.0638772 0)
(-0.0112366 -0.0520465 0)
(-0.00583664 -0.0387063 0)
(-0.00203534 -0.0240372 0)
(-0.000288677 -0.00827437 0)
(-0.000305608 0.00939803 0)
(-0.00211354 0.0269112 0)
(-0.00600659 0.0428928 0)
(-0.0114896 0.0571724 0)
(-0.0182662 0.0696379 0)
(-0.0261112 0.0802204 0)
(-0.0347937 0.0888921 0)
(-0.0440902 0.095662 0)
(-0.0537934 0.100571 0)
(-0.0637137 0.103684 0)
(-0.0736802 0.10509 0)
(-0.0835409 0.104889 0)
(-0.0931625 0.103195 0)
(-0.10243 0.100127 0)
(-0.111245 0.095806 0)
(-0.119525 0.0903532 0)
(-0.127201 0.0838876 0)
(-0.134214 0.0765236 0)
(-0.140518 0.068371 0)
(-0.146074 0.0595339 0)
(-0.15085 0.0501113 0)
(-0.154818 0.0401976 0)
(-0.157955 0.0298834 0)
(-0.160242 0.0192571 0)
(-0.161661 0.00840594 0)
(-0.162198 -0.00258193 0)
(-0.161839 -0.0136161 0)
(-0.160573 -0.0246021 0)
(-0.158392 -0.0354399 0)
(-0.155294 -0.0460226 0)
(-0.151278 -0.056235 0)
(-0.146352 -0.0659536 0)
(-0.140534 -0.0750459 0)
(-0.13385 -0.0833708 0)
(-0.12634 -0.0907801 0)
(-0.118059 -0.0971199 0)
(-0.10908 -0.102233 0)
(-0.0994963 -0.105964 0)
(-0.0894209 -0.108161 0)
(-0.078991 -0.108683 0)
(-0.0683666 -0.107403 0)
(-0.0577314 -0.104217 0)
(-0.0472906 -0.0990493 0)
(-0.0372696 -0.0918573 0)
(-0.0279104 -0.0826385 0)
(-0.0194681 -0.0714354 0)
(-0.0121995 -0.0583387 0)
(-0.00634679 -0.0434892 0)
(-0.0022172 -0.0270765 0)
(-0.000315515 -0.0093519 0)
(-0.000330121 0.0105141 0)
(-0.00227653 0.0300201 0)
(-0.00645944 0.0477414 0)
(-0.0123381 0.0635025 0)
(-0.0195864 0.0771926 0)
(-0.0279558 0.0887499 0)
(-0.0371931 0.0981578 0)
(-0.0470547 0.10544 0)
(-0.0573165 0.110656 0)
(-0.0677752 0.11389 0)
(-0.0782495 0.11525 0)
(-0.08858 0.114859 0)
(-0.0986293 0.112849 0)
(-0.10828 0.109356 0)
(-0.117435 0.104521 0)
(-0.126012 0.0984785 0)
(-0.133946 0.0913613 0)
(-0.141183 0.0832951 0)
(-0.14768 0.074399 0)
(-0.153402 0.0647845 0)
(-0.158321 0.0545566 0)
(-0.162414 0.0438142 0)
(-0.165662 0.032651 0)
(-0.168046 0.0211579 0)
(-0.169551 0.00942401 0)
(-0.170162 -0.00246107 0)
(-0.169864 -0.0144052 0)
(-0.168644 -0.0263119 0)
(-0.166491 -0.0380782 0)
(-0.163397 -0.049593 0)
(-0.159357 -0.0607359 0)
(-0.154373 -0.0713757 0)
(-0.148454 -0.0813706 0)
(-0.14162 -0.0905676 0)
(-0.133906 -0.098804 0)
(-0.125359 -0.105909 0)
(-0.116049 -0.111707 0)
(-0.106064 -0.116019 0)
(-0.0955197 -0.11867 0)
(-0.0845543 -0.119495 0)
(-0.0733351 -0.118342 0)
(-0.0620561 -0.115083 0)
(-0.0509378 -0.109618 0)
(-0.0402247 -0.101885 0)
(-0.0301821 -0.0918647 0)
(-0.0210922 -0.0795899 0)
(-0.0132413 -0.0651464 0)
(-0.00690115 -0.0486771 0)
(-0.0024158 -0.0303808 0)
(-0.000345095 -0.0105263 0)
(-0.000356645 0.0117165 0)
(-0.00245157 0.0333622 0)
(-0.00694362 0.0529428 0)
(-0.0132416 0.0702772 0)
(-0.0209859 0.0852571 0)
(-0.029902 0.0978294 0)
(-0.039712 0.107991 0)
(-0.0501503 0.115786 0)
(-0.0609746 0.121291 0)
(-0.0719674 0.124617 0)
(-0.082937 0.125894 0)
(-0.0937173 0.125269 0)
(-0.104167 0.122896 0)
(-0.114169 0.118933 0)
(-0.123626 0.113538 0)
(-0.132461 0.106864 0)
(-0.140612 0.099058 0)
(-0.14803 0.090257 0)
(-0.15468 0.0805897 0)
(-0.160532 0.0701752 0)
(-0.165563 0.059124 0)
(-0.169755 0.0475386 0)
(-0.173092 0.0355153 0)
(-0.17556 0.0231463 0)
(-0.177144 0.0105214 0)
(-0.177831 -0.00226953 0)
(-0.177604 -0.0151339 0)
(-0.176448 -0.0279745 0)
(-0.174348 -0.0406867 0)
(-0.171292 -0.0531566 0)
(-0.167267 -0.0652591 0)
(-0.162269 -0.0768566 0)
(-0.156298 -0.087798 0)
(-0.149366 -0.0979187 0)
(-0.141498 -0.107041 0)
(-0.132735 -0.114977 0)
(-0.123138 -0.121528 0)
(-0.112793 -0.126494 0)
(-0.101811 -0.129672 0)
(-0.0903319 -0.130868 0)
(-0.0785289 -0.129901 0)
(-0.0666057 -0.126615 0)
(-0.054798 -0.120881 0)
(-0.0433703 -0.112614 0)
(-0.0326135 -0.101774 0)
(-0.0228395 -0.0883782 0)
(-0.0143675 -0.0725065 0)
(-0.00750323 -0.0543022 0)
(-0.00263266 -0.0339731 0)
(-0.000377698 -0.0118067 0)
(-0.000385378 0.0130118 0)
(-0.00263975 0.0369537 0)
(-0.00746166 0.0585191 0)
(-0.0142038 0.0775209 0)
(-0.0224691 0.0938548 0)
(-0.0319535 0.107478 0)
(-0.0423517 0.118406 0)
(-0.0533739 0.126703 0)
(-0.0647585 0.132473 0)
(-0.0762734 0.135853 0)
(-0.0877164 0.137 0)
(-0.0989154 0.136089 0)
(-0.109727 0.1333 0)
(-0.120034 0.128815 0)
(-0.129744 0.122812 0)
(-0.138783 0.115464 0)
(-0.147096 0.106931 0)
(-0.154644 0.0973634 0)
(-0.161396 0.0869001 0)
(-0.16733 0.0756671 0)
(-0.172431 0.0637797 0)
(-0.176687 0.0513435 0)
(-0.180086 0.0384563 0)
(-0.182619 0.0252102 0)
(-0.184273 0.0116946 0)
(-0.185035 -0.00200192 0)
(-0.184888 -0.0157879 0)
(-0.183816 -0.0295669 0)
(-0.181799 -0.0432341 0)
(-0.178818 -0.0566742 0)
(-0.174855 -0.0697589 0)
(-0.169895 -0.082345 0)
(-0.163931 -0.0942731 0)
(-0.156964 -0.105367 0)
(-0.149007 -0.115435 0)
(-0.140092 -0.124269 0)
(-0.13027 -0.131648 0)
(-0.119619 -0.137346 0)
(-0.108245 -0.141132 0)
(-0.0962887 -0.142777 0)
(-0.0839254 -0.142069 0)
(-0.0713681 -0.138815 0)
(-0.0588672 -0.132854 0)
(-0.0467084 -0.12407 0)
(-0.0352096 -0.112399 0)
(-0.024716 -0.0978381 0)
(-0.0155835 -0.0804573 0)
(-0.00815669 -0.0603984 0)
(-0.00286934 -0.0378778 0)
(-0.000413628 -0.0132029 0)
(-0.000416558 0.0144071 0)
(-0.00284232 0.0408121 0)
(-0.00801646 0.0644937 0)
(-0.0152291 0.085259 0)
(-0.0240405 0.103009 0)
(-0.0341136 0.117715 0)
(-0.0451121 0.129412 0)
(-0.0567202 0.138193 0)
(-0.0686554 0.144191 0)
(-0.0806703 0.147575 0)
(-0.0925531 0.148536 0)
(-0.104127 0.147279 0)
(-0.115247 0.144014 0)
(-0.125799 0.138949 0)
(-0.135695 0.132286 0)
(-0.144871 0.124217 0)
(-0.153279 0.114919 0)
(-0.160888 0.104556 0)
(-0.167678 0.0932753 0)
(-0.173635 0.0812104 0)
(-0.178754 0.0684806 0)
(-0.183029 0.0551936 0)
(-0.186456 0.0414474 0)
(-0.189028 0.0273328 0)
(-0.190737 0.0129369 0)
(-0.191571 -0.00165439 0)
(-0.191514 -0.0163526 0)
(-0.190546 -0.0310637 0)
(-0.188643 -0.0456848 0)
(-0.185781 -0.0601006 0)
(-0.181933 -0.0741813 0)
(-0.177076 -0.0877796 0)
(-0.17119 -0.100729 0)
(-0.164263 -0.112843 0)
(-0.156298 -0.123913 0)
(-0.14731 -0.133714 0)
(-0.137341 -0.142001 0)
(-0.126457 -0.148518 0)
(-0.114757 -0.153002 0)
(-0.102376 -0.155187 0)
(-0.0894914 -0.154823 0)
(-0.0763234 -0.151674 0)
(-0.0631363 -0.145542 0)
(-0.0502375 -0.136272 0)
(-0.0379741 -0.123769 0)
(-0.0267273 -0.108007 0)
(-0.0168948 -0.0890382 0)
(-0.00886537 -0.0670018 0)
(-0.00312758 -0.0421214 0)
(-0.00045323 -0.0147257 0)
(-0.000450479 0.0159102 0)
(-0.00306083 0.0449564 0)
(-0.00861155 0.0708917 0)
(-0.0163225 0.0935175 0)
(-0.0257056 0.112742 0)
(-0.0363859 0.128553 0)
(-0.0479927 0.141014 0)
(-0.0601814 0.150247 0)
(-0.0726476 0.156424 0)
(-0.0851285 0.159751 0)
(-0.0974033 0.160457 0)
(-0.109291 0.158783 0)
(-0.12065 0.154972 0)
(-0.131369 0.149263 0)
(-0.14137 0.141884 0)
(-0.150596 0.133047 0)
(-0.159013 0.122947 0)
(-0.1666 0.111762 0)
(-0.173349 0.0996472 0)
(-0.179259 0.0867435 0)
(-0.184331 0.0731732 0)
(-0.188571 0.0590447 0)
(-0.19198 0.0444547 0)
(-0.19456 0.0294914 0)
(-0.196305 0.0142377 0)
(-0.197205 -0.00122508 0)
(-0.197245 -0.0168134 0)
(-0.196402 -0.0324377 0)
(-0.194649 -0.0479988 0)
(-0.191954 -0.063384 0)
(-0.188283 -0.0784637 0)
(-0.183601 -0.0930882 0)
(-0.177875 -0.107086 0)
(-0.171081 -0.120259 0)
(-0.163203 -0.132388 0)
(-0.154243 -0.143225 0)
(-0.144225 -0.152502 0)
(-0.133202 -0.159931 0)
(-0.121261 -0.165213 0)
(-0.108529 -0.168043 0)
(-0.0951814 -0.168122 0)
(-0.0814428 -0.165171 0)
(-0.0675903 -0.158941 0)
(-0.053953 -0.149233 0)
(-0.0409088 -0.135913 0)
(-0.0288787 -0.11892 0)
(-0.0183072 -0.0982893 0)
(-0.00963349 -0.07415 0)
(-0.00340933 -0.0467322 0)
(-0.000496902 -0.0163867 0)
(-0.000487518 0.0175299 0)
(-0.00329725 0.0494074 0)
(-0.00925135 0.0777403 0)
(-0.0174903 0.102324 0)
(-0.0274707 0.123075 0)
(-0.0387744 0.140005 0)
(-0.050992 0.153208 0)
(-0.0637474 0.162848 0)
(-0.076713 0.169138 0)
(-0.0896109 0.172331 0)
(-0.102213 0.172699 0)
(-0.114336 0.170525 0)
(-0.125843 0.166091 0)
(-0.136631 0.159668 0)
(-0.146632 0.151513 0)
(-0.155804 0.14186 0)
(-0.164126 0.130923 0)
(-0.171591 0.118892 0)
(-0.178205 0.105933 0)
(-0.183979 0.0921917 0)
(-0.188928 0.0777923 0)
(-0.193066 0.0628425 0)
(-0.196406 0.0474362 0)
(-0.198953 0.031657 0)
(-0.200708 0.0155818 0)
(-0.201664 -0.000714691 0)
(-0.201806 -0.0171561 0)
(-0.20111 -0.0336597 0)
(-0.199544 -0.0501324 0)
(-0.197071 -0.0664662 0)
(-0.193645 -0.0825343 0)
(-0.189221 -0.098187 0)
(-0.183753 -0.113249 0)
(-0.177198 -0.127515 0)
(-0.169523 -0.140751 0)
(-0.160711 -0.152691 0)
(-0.150766 -0.163042 0)
(-0.139722 -0.171483 0)
(-0.12765 -0.177675 0)
(-0.114665 -0.181267 0)
(-0.100935 -0.181909 0)
(-0.0866868 -0.179266 0)
(-0.0722072 -0.173033 0)
(-0.0578462 -0.162955 0)
(-0.0440141 -0.148848 0)
(-0.0311753 -0.130612 0)
(-0.0198268 -0.108251 0)
(-0.0104659 -0.0818827 0)
(-0.00371688 -0.0517407 0)
(-0.000545119 -0.0181987 0)
(-0.000528169 0.0192761 0)
(-0.00355415 0.0541885 0)
(-0.00994163 0.0850688 0)
(-0.0187407 0.111705 0)
(-0.0293443 0.134028 0)
(-0.0412843 0.152078 0)
(-0.054108 0.165987 0)
(-0.0674051 0.175968 0)
(-0.0808237 0.182287 0)
(-0.0940715 0.18525 0)
(-0.106914 0.185182 0)
(-0.119172 0.182412 0)
(-0.130713 0.177266 0)
(-0.141449 0.170052 0)
(-0.151325 0.161057 0)
(-0.160316 0.15054 0)
(-0.168417 0.138733 0)
(-0.17564 0.12584 0)
(-0.182006 0.112034 0)
(-0.187543 0.097466 0)
(-0.192278 0.0822601 0)
(-0.196237 0.0665221 0)
(-0.199443 0.050341 0)
(-0.20191 0.0337936 0)
(-0.203645 0.0169491 0)
(-0.204642 -0.000127067 0)
(-0.20489 -0.0173677 0)
(-0.204362 -0.0346996 0)
(-0.203023 -0.0520382 0)
(-0.200828 -0.069283 0)
(-0.197725 -0.0863127 0)
(-0.193653 -0.10298 0)
(-0.18855 -0.119109 0)
(-0.182358 -0.134489 0)
(-0.175021 -0.148874 0)
(-0.1665 -0.161981 0)
(-0.156774 -0.17349 0)
(-0.145855 -0.183047 0)
(-0.133791 -0.19027 0)
(-0.120679 -0.194758 0)
(-0.106676 -0.196101 0)
(-0.0920041 -0.1939 0)
(-0.0769568 -0.187783 0)
(-0.0619039 -0.177428 0)
(-0.0472885 -0.162588 0)
(-0.0336222 -0.143111 0)
(-0.0214608 -0.118964 0)
(-0.0113682 -0.0902417 0)
(-0.004053 -0.0571799 0)
(-0.000598467 -0.0201759 0)
(-0.000573092 0.0211603 0)
(-0.00383491 0.0593264 0)
(-0.01069 0.0929099 0)
(-0.0200844 0.121692 0)
(-0.0313371 0.145621 0)
(-0.0439223 0.164773 0)
(-0.0573387 0.17933 0)
(-0.0711385 0.189564 0)
(-0.0849452 0.195805 0)
(-0.0984537 0.198421 0)
(-0.111427 0.197799 0)
(-0.123692 0.194324 0)
(-0.135127 0.188367 0)
(-0.145662 0.180279 0)
(-0.155261 0.170378 0)
(-0.163919 0.158951 0)
(-0.171652 0.146246 0)
(-0.178493 0.13248 0)
(-0.184482 0.117835 0)
(-0.189663 0.102462 0)
(-0.194079 0.0864861 0)
(-0.19777 0.0700075 0)
(-0.200769 0.0531087 0)
(-0.2031 0.0358578 0)
(-0.204775 0.0183136 0)
(-0.205795 0.000530269 0)
(-0.206148 -0.0174369 0)
(-0.205808 -0.0355265 0)
(-0.204737 -0.0536658 0)
(-0.202883 -0.0717645 0)
(-0.200184 -0.0897098 0)
(-0.196566 -0.107361 0)
(-0.191953 -0.124543 0)
(-0.186263 -0.141044 0)
(-0.179419 -0.156608 0)
(-0.171356 -0.170937 0)
(-0.162024 -0.183686 0)
(-0.151406 -0.194466 0)
(-0.139521 -0.202851 0)
(-0.126443 -0.208382 0)
(-0.112308 -0.210585 0)
(-0.0973282 -0.208987 0)
(-0.0817996 -0.203134 0)
(-0.0661077 -0.192625 0)
(-0.0507289 -0.177135 0)
(-0.0362249 -0.156444 0)
(-0.0232176 -0.130467 0)
(-0.0123475 -0.099271 0)
(-0.00442113 -0.063086 0)
(-0.000657683 -0.022334 0)
(-0.000623176 0.0231959 0)
(-0.00414408 0.064852 0)
(-0.0115064 0.101301 0)
(-0.0215356 0.132316 0)
(-0.0334633 0.15787 0)
(-0.0466974 0.178084 0)
(-0.0606813 0.193204 0)
(-0.0749273 0.203575 0)
(-0.0890345 0.209602 0)
(-0.102688 0.211732 0)
(-0.115652 0.210419 0)
(-0.127764 0.206111 0)
(-0.138923 0.199236 0)
(-0.149078 0.190185 0)
(-0.15822 0.179313 0)
(-0.166367 0.166931 0)
(-0.173563 0.153307 0)
(-0.179861 0.138669 0)
(-0.185324 0.123203 0)
(-0.190014 0.107062 0)
(-0.193993 0.0903666 0)
(-0.197314 0.0732115 0)
(-0.200023 0.0556699 0)
(-0.202152 0.0377985 0)
(-0.203723 0.0196436 0)
(-0.204741 0.00124562 0)
(-0.205196 -0.0173545 0)
(-0.205063 -0.0361102 0)
(-0.204301 -0.054963 0)
(-0.202852 -0.0738362 0)
(-0.200644 -0.0926293 0)
(-0.197593 -0.111211 0)
(-0.193602 -0.129412 0)
(-0.188571 -0.147022 0)
(-0.182396 -0.16378 0)
(-0.174982 -0.179375 0)
(-0.166248 -0.193439 0)
(-0.156139 -0.20555 0)
(-0.144642 -0.215233 0)
(-0.131796 -0.221971 0)
(-0.117709 -0.225216 0)
(-0.102575 -0.224409 0)
(-0.0866838 -0.219004 0)
(-0.0704329 -0.208501 0)
(-0.0543298 -0.192477 0)
(-0.0389896 -0.170628 0)
(-0.0251075 -0.1428 0)
(-0.0134126 -0.109017 0)
(-0.00482567 -0.0694988 0)
(-0.000723719 -0.024691 0)
(-0.000679635 0.0253992 0)
(-0.00448779 0.0708017 0)
(-0.0124045 0.110283 0)
(-0.0231128 0.14361 0)
(-0.0357416 0.170787 0)
(-0.0496208 0.191995 0)
(-0.0641321 0.207561 0)
(-0.0787454 0.217917 0)
(-0.0930371 0.223565 0)
(-0.106686 0.225038 0)
(-0.119466 0.222874 0)
(-0.131232 0.217593 0)
(-0.141908 0.20968 0)
(-0.151472 0.199574 0)
(-0.159945 0.187666 0)
(-0.167377 0.174292 0)
(-0.173839 0.159738 0)
(-0.179412 0.14424 0)
(-0.184182 0.127987 0)
(-0.188232 0.111131 0)
(-0.191642 0.0937853 0)
(-0.194482 0.0760366 0)
(-0.196807 0.0579461 0)
(-0.198664 0.0395573 0)
(-0.200079 0.0209014 0)
(-0.201064 0.00200275 0)
(-0.201614 -0.0171147 0)
(-0.201704 -0.0364216 0)
(-0.20129 -0.0558768 0)
(-0.200311 -0.0754209 0)
(-0.198687 -0.0949686 0)
(-0.196318 -0.114402 0)
(-0.193095 -0.133564 0)
(-0.188892 -0.152249 0)
(-0.183582 -0.170196 0)
(-0.177034 -0.187084 0)
(-0.169131 -0.202527 0)
(-0.159777 -0.216071 0)
(-0.148916 -0.227193 0)
(-0.136543 -0.235315 0)
(-0.122729 -0.239807 0)
(-0.107637 -0.240013 0)
(-0.0915429 -0.235277 0)
(-0.0748465 -0.224982 0)
(-0.0580833 -0.208585 0)
(-0.0419236 -0.185672 0)
(-0.0271436 -0.155999 0)
(-0.0145749 -0.119531 0)
(-0.00527237 -0.076463 0)
(-0.000797826 -0.0272672 0)
(-0.000744134 0.0277902 0)
(-0.00487435 0.0772197 0)
(-0.0134021 0.119906 0)
(-0.0248408 0.155612 0)
(-0.0381958 0.184383 0)
(-0.0527063 0.206479 0)
(-0.067685 0.22233 0)
(-0.082558 0.232479 0)
(-0.0968826 0.237543 0)
(-0.110339 0.23816 0)
(-0.122718 0.234963 0)
(-0.133901 0.228551 0)
(-0.143847 0.219473 0)
(-0.152572 0.20822 0)
(-0.160133 0.195216 0)
(-0.166617 0.180823 0)
(-0.172126 0.16534 0)
(-0.176772 0.14901 0)
(-0.180666 0.132022 0)
(-0.183913 0.114522 0)
(-0.186612 0.0966149 0)
(-0.188848 0.0783756 0)
(-0.190691 0.0598512 0)
(-0.192195 0.0410692 0)
(-0.193398 0.0220437 0)
(-0.194317 0.0027807 0)
(-0.19495 -0.016715 0)
(-0.195274 -0.0364341 0)
(-0.195246 -0.0563555 0)
(-0.194801 -0.0764399 0)
(-0.19385 -0.0966218 0)
(-0.192286 -0.116802 0)
(-0.189981 -0.136837 0)
(-0.186789 -0.156534 0)
(-0.182554 -0.175638 0)
(-0.177112 -0.193825 0)
(-0.170304 -0.210694 0)
(-0.161988 -0.225763 0)
(-0.152053 -0.238466 0)
(-0.140444 -0.248157 0)
(-0.12718 -0.254122 0)
(-0.11238 -0.255596 0)
(-0.0962905 -0.251796 0)
(-0.0793043 -0.241963 0)
(-0.0619777 -0.225407 0)
(-0.0450354 -0.201574 0)
(-0.0293427 -0.1701 0)
(-0.0158492 -0.130865 0)
(-0.00576883 -0.0840298 0)
(-0.000881682 -0.0300868 0)
(-0.000818981 0.030394 0)
(-0.00531503 0.0841603 0)
(-0.0145235 0.130229 0)
(-0.0267517 0.16836 0)
(-0.0408562 0.198659 0)
(-0.0559696 0.22149 0)
(-0.0713288 0.237413 0)
(-0.0863167 0.247114 0)
(-0.100478 0.251345 0)
(-0.113505 0.250872 0)
(-0.125215 0.246434 0)
(-0.135532 0.238721 0)
(-0.144459 0.228349 0)
(-0.152057 0.215858 0)
(-0.15843 0.201709 0)
(-0.163704 0.186284 0)
(-0.168019 0.169892 0)
(-0.171518 0.152777 0)
(-0.174339 0.135127 0)
(-0.17661 0.117076 0)
(-0.178448 0.0987191 0)
(-0.179953 0.0801143 0)
(-0.181208 0.0612927 0)
(-0.182278 0.0422638 0)
(-0.183207 0.0230222 0)
(-0.18402 0.00355385 0)
(-0.184719 -0.0161577 0)
(-0.185285 -0.0361251 0)
(-0.185676 -0.0563501 0)
(-0.185824 -0.0768165 0)
(-0.185636 -0.0974824 0)
(-0.184997 -0.118271 0)
(-0.183764 -0.13906 0)
(-0.181772 -0.159674 0)
(-0.178837 -0.179872 0)
(-0.174761 -0.199333 0)
(-0.16934 -0.21765 0)
(-0.162379 -0.234319 0)
(-0.153709 -0.248735 0)
(-0.143208 -0.260187 0)
(-0.130829 -0.26787 0)
(-0.116631 -0.270902 0)
(-0.100814 -0.268354 0)
(-0.0837472 -0.259297 0)
(-0.0659954 -0.242862 0)
(-0.0483349 -0.218315 0)
(-0.0317264 -0.185133 0)
(-0.0172553 -0.143081 0)
(-0.00632531 -0.0922582 0)
(-0.000977574 -0.0331785 0)
(-0.000907406 0.0332427 0)
(-0.00582531 0.0916915 0)
(-0.0158008 0.141323 0)
(-0.0288873 0.181897 0)
(-0.0437599 0.213607 0)
(-0.0594268 0.236958 0)
(-0.0750427 0.252677 0)
(-0.0899517 0.261628 0)
(-0.103697 0.264729 0)
(-0.115997 0.262894 0)
(-0.126714 0.256988 0)
(-0.135827 0.247792 0)
(-0.143397 0.235995 0)
(-0.149542 0.222188 0)
(-0.154417 0.20686 0)
(-0.158195 0.19041 0)
(-0.161056 0.173152 0)
(-0.163175 0.155327 0)
(-0.164717 0.137112 0)
(-0.165833 0.118629 0)
(-0.166657 0.0999566 0)
(-0.167302 0.0811346 0)
(-0.167863 0.062175 0)
(-0.168413 0.0430672 0)
(-0.169005 0.023785 0)
(-0.16967 0.00429243 0)
(-0.170415 -0.0154495 0)
(-0.171225 -0.0354771 0)
(-0.17206 -0.055817 0)
(-0.172854 -0.0764789 0)
(-0.173512 -0.0974474 0)
(-0.173913 -0.118673 0)
(-0.173903 -0.140061 0)
(-0.173301 -0.161459 0)
(-0.171897 -0.182648 0)
(-0.16946 -0.20332 0)
(-0.165742 -0.223073 0)
(-0.16049 -0.241391 0)
(-0.153467 -0.257635 0)
(-0.144474 -0.271035 0)
(-0.133382 -0.280697 0)
(-0.12017 -0.28561 0)
(-0.104966 -0.284681 0)
(-0.0880938 -0.276784 0)
(-0.0701102 -0.260829 0)
(-0.0518329 -0.235853 0)
(-0.0343223 -0.201124 0)
(-0.0188195 -0.156242 0)
(-0.00695579 -0.101219 0)
(-0.00108867 -0.0365774 0)
(-0.001014 0.0363778 0)
(-0.00642648 0.0998993 0)
(-0.0172772 0.153271 0)
(-0.0313014 0.196268 0)
(-0.0469512 0.229206 0)
(-0.0630901 0.25278 0)
(-0.078788 0.267938 0)
(-0.0933595 0.275766 0)
(-0.106364 0.277387 0)
(-0.117568 0.273885 0)
(-0.1269 0.266261 0)
(-0.134412 0.255399 0)
(-0.140236 0.242059 0)
(-0.14456 0.226874 0)
(-0.147598 0.210359 0)
(-0.149574 0.19292 0)
(-0.150708 0.174869 0)
(-0.151208 0.156437 0)
(-0.151264 0.137784 0)
(-0.151048 0.119015 0)
(-0.150707 0.100187 0)
(-0.150368 0.0813194 0)
(-0.150132 0.0624032 0)
(-0.150081 0.0434057 0)
(-0.150274 0.0242785 0)
(-0.150747 0.00496334 0)
(-0.151513 -0.0146025 0)
(-0.152563 -0.0344797 0)
(-0.15386 -0.054721 0)
(-0.155342 -0.075364 0)
(-0.156916 -0.0964229 0)
(-0.158459 -0.117879 0)
(-0.159812 -0.139671 0)
(-0.160782 -0.161678 0)
(-0.16114 -0.183709 0)
(-0.160623 -0.205485 0)
(-0.158938 -0.226617 0)
(-0.155776 -0.246591 0)
(-0.150826 -0.264747 0)
(-0.1438 -0.280268 0)
(-0.13447 -0.292172 0)
(-0.122708 -0.299317 0)
(-0.108547 -0.30043 0)
(-0.0922304 -0.294155 0)
(-0.0742806 -0.279134 0)
(-0.0555393 -0.254114 0)
(-0.0371657 -0.218086 0)
(-0.0205773 -0.170422 0)
(-0.00767964 -0.110996 0)
(-0.00121948 -0.0403274 0)
(-0.00114539 0.0398545 0)
(-0.00714824 0.108894 0)
(-0.0190106 0.166178 0)
(-0.0340621 0.211516 0)
(-0.0504791 0.245405 0)
(-0.0669607 0.268802 0)
(-0.0824941 0.282946 0)
(-0.0963837 0.2892 0)
(-0.108233 0.288933 0)
(-0.117885 0.283425 0)
(-0.125361 0.273826 0)
(-0.130809 0.261122 0)
(-0.134451 0.24614 0)
(-0.136552 0.229547 0)
(-0.137392 0.211871 0)
(-0.137247 0.193517 0)
(-0.136377 0.174783 0)
(-0.135022 0.155882 0)
(-0.133395 0.136951 0)
(-0.131679 0.118071 0)
(-0.130036 0.0992749 0)
(-0.128597 0.0805582 0)
(-0.127472 0.0618879 0)
(-0.126746 0.043209 0)
(-0.126482 0.0244505 0)
(-0.126721 0.00553166 0)
(-0.127481 -0.0136335 0)
(-0.128759 -0.0331302 0)
(-0.130525 -0.0530377 0)
(-0.132723 -0.0734221 0)
(-0.135266 -0.0943294 0)
(-0.138035 -0.115775 0)
(-0.140872 -0.137735 0)
(-0.143579 -0.160129 0)
(-0.145913 -0.182805 0)
(-0.147588 -0.205519 0)
(-0.148272 -0.227916 0)
(-0.147601 -0.249499 0)
(-0.145186 -0.269606 0)
(-0.140643 -0.287386 0)
(-0.133624 -0.301784 0)
(-0.123873 -0.31153 0)
(-0.111287 -0.315157 0)
(-0.0959945 -0.311051 0)
(-0.07844 -0.297531 0)
(-0.0594597 -0.27298 0)
(-0.0403011 -0.23602 0)
(-0.0225766 -0.185704 0)
(-0.00852398 -0.121696 0)
(-0.00137649 -0.044485 0)
(-0.00131141 0.0437467 0)
(-0.00803249 0.118819 0)
(-0.0210787 0.180168 0)
(-0.0372538 0.227677 0)
(-0.0543932 0.262115 0)
(-0.071014 0.284802 0)
(-0.0860354 0.297358 0)
(-0.0987848 0.301499 0)
(-0.10895 0.298881 0)
(-0.116492 0.291007 0)
(-0.121558 0.279179 0)
(-0.124414 0.264483 0)
(-0.125391 0.247797 0)
(-0.124839 0.22981 0)
(-0.123108 0.21105 0)
(-0.120524 0.191902 0)
(-0.117387 0.172642 0)
(-0.113958 0.153452 0)
(-0.110468 0.134439 0)
(-0.107109 0.115655 0)
(-0.104048 0.0971038 0)
(-0.101417 0.0787553 0)
(-0.0993283 0.0605518 0)
(-0.0978668 0.0424154 0)
(-0.0970972 0.0242532 0)
(-0.0970637 0.00596263 0)
(-0.0977895 -0.0125641 0)
(-0.099277 -0.0314358 0)
(-0.101505 -0.0507568 0)
(-0.104428 -0.0706221 0)
(-0.10797 -0.0911095 0)
(-0.112021 -0.112272 0)
(-0.116432 -0.134124 0)
(-0.121009 -0.156634 0)
(-0.125506 -0.179697 0)
(-0.129622 -0.203122 0)
(-0.132999 -0.226599 0)
(-0.13522 -0.249672 0)
(-0.135826 -0.271699 0)
(-0.134328 -0.291824 0)
(-0.130247 -0.308935 0)
(-0.123169 -0.321648 0)
(-0.112816 -0.328304 0)
(-0.099149 -0.327001 0)
(-0.0824795 -0.315679 0)
(-0.0635875 -0.292267 0)
(-0.0437818 -0.254899 0)
(-0.024882 -0.202177 0)
(-0.00952756 -0.13345 0)
(-0.00156941 -0.0491241 0)
(-0.00152709 0.0481557 0)
(-0.00913941 0.12986 0)
(-0.0235856 0.195386 0)
(-0.0409775 0.244765 0)
(-0.058731 0.279176 0)
(-0.0751748 0.30045 0)
(-0.0891944 0.31071 0)
(-0.100195 0.312106 0)
(-0.108009 0.30663 0)
(-0.112765 0.296023 0)
(-0.114775 0.28174 0)
(-0.114453 0.264948 0)
(-0.112247 0.246558 0)
(-0.108602 0.227258 0)
(-0.103934 0.207552 0)
(-0.098616 0.187793 0)
(-0.0929749 0.168215 0)
(-0.0872896 0.148961 0)
(-0.0817951 0.130101 0)
(-0.076687 0.11165 0)
(-0.0721258 0.0935822 0)
(-0.0682422 0.0758387 0)
(-0.0651411 0.0583372 0)
(-0.0629048 0.0409779 0)
(-0.0615963 0.0236476 0)
(-0.0612601 0.00622429 0)
(-0.0619236 -0.0114197 0)
(-0.0635957 -0.0294137 0)
(-0.0662659 -0.0478855 0)
(-0.0699009 -0.0669563 0)
(-0.0744405 -0.0867353 0)
(-0.0797923 -0.107312 0)
(-0.0858242 -0.128745 0)
(-0.0923571 -0.151052 0)
(-0.0991555 -0.174187 0)
(-0.105919 -0.198022 0)
(-0.112274 -0.222312 0)
(-0.11777 -0.246664 0)
(-0.121881 -0.27049 0)
(-0.124022 -0.292956 0)
(-0.123573 -0.312933 0)
(-0.119935 -0.328951 0)
(-0.112616 -0.339169 0)
(-0.101343 -0.341384 0)
(-0.0862181 -0.333102 0)
(-0.0678883 -0.311693 0)
(-0.0476686 -0.274648 0)
(-0.027581 -0.21994 0)
(-0.0107467 -0.146426 0)
(-0.0018132 -0.0543442 0)
(-0.00181631 0.0532231 0)
(-0.0105572 0.142263 0)
(-0.0266705 0.211999 0)
(-0.0453464 0.262748 0)
(-0.063494 0.296322 0)
(-0.0792716 0.315268 0)
(-0.0916004 0.322368 0)
(-0.100051 0.3203 0)
(-0.104679 0.311436 0)
(-0.105845 0.29776 0)
(-0.10407 0.280855 0)
(-0.0999359 0.261945 0)
(-0.0940198 0.241938 0)
(-0.086857 0.221492 0)
(-0.0789215 0.20106 0)
(-0.0706204 0.18094 0)
(-0.0622951 0.161314 0)
(-0.054227 0.142271 0)
(-0.0466452 0.123836 0)
(-0.0397344 0.105985 0)
(-0.0336427 0.0886589 0)
(-0.0284877 0.0717707 0)
(-0.0243628 0.0552147 0)
(-0.0213417 0.038871 0)
(-0.0194814 0.022609 0)
(-0.0188247 0.00629059 0)
(-0.0194011 -0.0102278 0)
(-0.0212265 -0.0270926 0)
(-0.0243015 -0.0444507 0)
(-0.0286091 -0.0624462 0)
(-0.0341095 -0.0812165 0)
(-0.0407343 -0.100886 0)
(-0.0483782 -0.121557 0)
(-0.0568895 -0.143299 0)
(-0.0660581 -0.166131 0)
(-0.0756022 -0.189999 0)
(-0.0851549 -0.214742 0)
(-0.0942521 -0.240055 0)
(-0.102324 -0.265436 0)
(-0.1087 -0.29012 0)
(-0.112621 -0.313008 0)
(-0.113292 -0.33259 0)
(-0.10996 -0.346883 0)
(-0.102051 -0.35339 0)
(-0.0893542 -0.34914 0)
(-0.0722708 -0.33083 0)
(-0.0520217 -0.295119 0)
(-0.0307909 -0.239087 0)
(-0.0122651 -0.16084 0)
(-0.00213184 -0.0602836 0)
(-0.00221868 0.0591521 0)
(-0.0124181 0.156348 0)
(-0.0305168 0.230176 0)
(-0.0504699 0.2815 0)
(-0.0685981 0.313107 0)
(-0.0829584 0.328552 0)
(-0.0926337 0.33147 0)
(-0.0974883 0.325162 0)
(-0.0979082 0.312404 0)
(-0.0945571 0.295397 0)
(-0.088203 0.275816 0)
(-0.0796115 0.254886 0)
(-0.0694847 0.23347 0)
(-0.0584345 0.212154 0)
(-0.0469742 0.191311 0)
(-0.0355239 0.171164 0)
(-0.02442 0.15182 0)
(-0.0139282 0.13331 0)
(-0.00425558 0.115608 0)
(0.00443694 0.098648 0)
(0.0120253 0.0823359 0)
(0.0184136 0.0665594 0)
(0.0235268 0.0511921 0)
(0.0273059 0.0360974 0)
(0.0297037 0.0211316 0)
(0.0306823 0.00614495 0)
(0.0302117 -0.00901696 0)
(0.0282699 -0.0245122 0)
(0.0248438 -0.0405017 0)
(0.0199323 -0.057147 0)
(0.0135507 -0.0746085 0)
(0.00573662 -0.093041 0)
(-0.00344089 -0.112587 0)
(-0.0138705 -0.133369 0)
(-0.0253844 -0.15547 0)
(-0.0377413 -0.178919 0)
(-0.0506073 -0.203654 0)
(-0.0635344 -0.229485 0)
(-0.0759414 -0.256029 0)
(-0.0871002 -0.282644 0)
(-0.0961364 -0.308322 0)
(-0.102057 -0.33159 0)
(-0.103821 -0.350388 0)
(-0.100477 -0.361971 0)
(-0.0913833 -0.362881 0)
(-0.0765303 -0.349035 0)
(-0.0568783 -0.316026 0)
(-0.0346655 -0.259694 0)
(-0.0142095 -0.176974 0)
(-0.00256556 -0.0671398 0)
(-0.00280277 0.0662424 0)
(-0.0149241 0.172534 0)
(-0.0353578 0.250061 0)
(-0.0564107 0.300717 0)
(-0.0737772 0.328805 0)
(-0.0855801 0.339286 0)
(-0.0912736 0.336865 0)
(-0.0911976 0.325542 0)
(-0.0861946 0.308477 0)
(-0.0773015 0.288032 0)
(-0.0655585 0.265893 0)
(-0.0519092 0.243214 0)
(-0.0371584 0.220753 0)
(-0.0219639 0.198975 0)
(-0.00684644 0.178146 0)
(0.00779117 0.158384 0)
(0.0216439 0.139717 0)
(0.0344845 0.122106 0)
(0.0461458 0.105471 0)
(0.0565059 0.0897052 0)
(0.0654758 0.0746833 0)
(0.0729904 0.0602704 0)
(0.0790003 0.0463236 0)
(0.0834661 0.0326954 0)
(0.0863547 0.0192339 0)
(0.0876359 0.00578382 0)
(0.0872812 -0.00781416 0)
(0.0852634 -0.0217234 0)
(0.0815574 -0.0361118 0)
(0.0761423 -0.0511517 0)
(0.0690058 -0.0670192 0)
(0.0601497 -0.0838924 0)
(0.0495988 -0.101947 0)
(0.0374116 -0.121353 0)
(0.0236965 -0.142256 0)
(0.00863059 -0.16477 0)
(-0.00751541 -0.18894 0)
(-0.0243483 -0.214709 0)
(-0.0413198 -0.241855 0)
(-0.0576946 -0.269905 0)
(-0.0725263 -0.298026 0)
(-0.084655 -0.324875 0)
(-0.0927485 -0.348428 0)
(-0.0954197 -0.365794 0)
(-0.0914627 -0.373073 0)
(-0.0802452 -0.365333 0)
(-0.0622015 -0.336856 0)
(-0.0393959 -0.281764 0)
(-0.0167759 -0.195186 0)
(-0.00318454 -0.0752055 0)
(-0.00369157 0.0749523 0)
(-0.0183875 0.191351 0)
(-0.0414637 0.271681 0)
(-0.0630812 0.319763 0)
(-0.0783996 0.342247 0)
(-0.0859436 0.346009 0)
(-0.0858654 0.337035 0)
(-0.0792139 0.320036 0)
(-0.0674181 0.298471 0)
(-0.0519344 0.274733 0)
(-0.0340663 0.250404 0)
(-0.0148972 0.226473 0)
(0.00471656 0.203517 0)
(0.0241227 0.181837 0)
(0.0428398 0.161554 0)
(0.060522 0.142673 0)
(0.0769278 0.125127 0)
(0.0918934 0.10881 0)
(0.105311 0.0935888 0)
(0.117111 0.0793198 0)
(0.127252 0.0658532 0)
(0.135707 0.0530368 0)
(0.142458 0.0407182 0)
(0.147489 0.0287447 0)
(0.150784 0.0169634 0)
(0.152325 0.00521989 0)
(0.152085 -0.00664314 0)
(0.150035 -0.0187871 0)
(0.146136 -0.0313793 0)
(0.14035 -0.0445942 0)
(0.132635 -0.0586146 0)
(0.122954 -0.0736324 0)
(0.111281 -0.0898472 0)
(0.0976128 -0.107464 0)
(0.0819835 -0.126685 0)
(0.0644833 -0.147701 0)
(0.0452874 -0.170667 0)
(0.0246905 -0.195668 0)
(0.0031511 -0.222666 0)
(-0.0186575 -0.251414 0)
(-0.039793 -0.28133 0)
(-0.0590009 -0.311327 0)
(-0.0747029 -0.339572 0)
(-0.0850624 -0.363201 0)
(-0.0881923 -0.378017 0)
(-0.0825851 -0.378269 0)
(-0.0677624 -0.356702 0)
(-0.0451884 -0.305134 0)
(-0.0202679 -0.215923 0)
(-0.00411531 -0.0849307 0)
(-0.00511009 0.0860077 0)
(-0.0232855 0.21343 0)
(-0.0490692 0.294763 0)
(-0.070008 0.337412 0)
(-0.0811211 0.351591 0)
(-0.0819397 0.346676 0)
(-0.0737742 0.330053 0)
(-0.0586394 0.307029 0)
(-0.0386418 0.281151 0)
(-0.0156422 0.254648 0)
(0.00886239 0.228835 0)
(0.033737 0.204419 0)
(0.0581597 0.181726 0)
(0.0815586 0.16085 0)
(0.103552 0.141746 0)
(0.123898 0.124298 0)
(0.142452 0.108348 0)
(0.159138 0.0937261 0)
(0.173927 0.0802563 0)
(0.186813 0.0677665 0)
(0.197809 0.0560904 0)
(0.206931 0.0450678 0)
(0.214197 0.0345445 0)
(0.219619 0.0243707 0)
(0.223199 0.0143995 0)
(0.22493 0.00448439 0)
(0.224793 -0.00552256 0)
(0.222754 -0.0157733 0)
(0.218766 -0.0264264 0)
(0.212773 -0.0376494 0)
(0.204705 -0.0496218 0)
(0.194487 -0.0625372 0)
(0.182041 -0.0766054 0)
(0.167296 -0.0920535 0)
(0.150201 -0.109124 0)
(0.130743 -0.128069 0)
(0.108972 -0.14914 0)
(0.085041 -0.172562 0)
(0.0592539 -0.19849 0)
(0.032136 -0.226935 0)
(0.00451546 -0.257644 0)
(-0.0223833 -0.289912 0)
(-0.0468562 -0.322295 0)
(-0.0666885 -0.352218 0)
(-0.0792674 -0.375471 0)
(-0.0819663 -0.385687 0)
(-0.0728866 -0.373991 0)
(-0.0521723 -0.329262 0)
(-0.0251473 -0.23969 0)
(-0.00558933 -0.0970322 0)
(-0.00746605 0.100584 0)
(-0.0303054 0.239399 0)
(-0.0581296 0.318344 0)
(-0.0758155 0.351409 0)
(-0.0792499 0.354012 0)
(-0.0699369 0.338525 0)
(-0.0508963 0.313611 0)
(-0.0253014 0.284816 0)
(0.00409255 0.255416 0)
(0.0351536 0.227194 0)
(0.0663522 0.201005 0)
(0.0966522 0.177166 0)
(0.125389 0.155692 0)
(0.152165 0.136446 0)
(0.176766 0.119218 0)
(0.1991 0.103777 0)
(0.219151 0.0898906 0)
(0.236952 0.0773387 0)
(0.252559 0.0659179 0)
(0.26604 0.0554415 0)
(0.277465 0.0457384 0)
(0.286896 0.0366512 0)
(0.294385 0.0280331 0)
(0.29997 0.0197452 0)
(0.303675 0.0116538 0)
(0.305504 0.00362768 0)
(0.305443 -0.00446509 0)
(0.30346 -0.0127598 0)
(0.299501 -0.0213984 0)
(0.293495 -0.0305327 0)
(0.285348 -0.040328 0)
(0.27495 -0.0509675 0)
(0.262175 -0.0626559 0)
(0.246887 -0.0756238 0)
(0.228949 -0.0901313 0)
(0.208233 -0.10647 0)
(0.184647 -0.12496 0)
(0.158165 -0.145941 0)
(0.128878 -0.169745 0)
(0.0970685 -0.196649 0)
(0.0633159 -0.226768 0)
(0.0286326 -0.25989 0)
(-0.00536709 -0.29517 0)
(-0.0363019 -0.330657 0)
(-0.060951 -0.362594 0)
(-0.0754459 -0.384477 0)
(-0.0759205 -0.386062 0)
(-0.0601233 -0.352804 0)
(-0.0320626 -0.266911 0)
(-0.00802239 -0.112673 0)
(-0.011439 0.120554 0)
(-0.0402376 0.269491 0)
(-0.0676189 0.340025 0)
(-0.0771329 0.357848 0)
(-0.0676261 0.345406 0)
(-0.0438683 0.318104 0)
(-0.0110352 0.285251 0)
(0.0266005 0.251935 0)
(0.0659078 0.220637 0)
(0.104797 0.192359 0)
(0.141979 0.167324 0)
(0.176726 0.14538 0)
(0.208679 0.126217 0)
(0.237712 0.109479 0)
(0.263837 0.0948188 0)
(0.287148 0.0819202 0)
(0.307777 0.0705032 0)
(0.325871 0.0603245 0)
(0.341577 0.0511728 0)
(0.355031 0.0428647 0)
(0.366357 0.0352387 0)
(0.375657 0.0281514 0)
(0.383016 0.0214728 0)
(0.388494 0.0150828 0)
(0.392131 0.00886773 0)
(0.393945 0.00271743 0)
(0.393926 -0.00347807 0)
(0.392045 -0.00983145 0)
(0.388246 -0.0164614 0)
(0.382444 -0.0234961 0)
(0.374533 -0.0310774 0)
(0.364375 -0.0393657 0)
(0.351805 -0.0485448 0)
(0.336631 -0.0588294 0)
(0.318639 -0.0704716 0)
(0.297595 -0.083769 0)
(0.273261 -0.0990722 0)
(0.245416 -0.11679 0)
(0.213898 -0.137384 0)
(0.178668 -0.161353 0)
(0.139917 -0.18917 0)
(0.098226 -0.22116 0)
(0.0548077 -0.257244 0)
(0.0118142 -0.296454 0)
(-0.0273246 -0.336097 0)
(-0.0577042 -0.370398 0)
(-0.073154 -0.388596 0)
(-0.067708 -0.372855 0)
(-0.0416928 -0.297487 0)
(-0.0120894 -0.133689 0)
(-0.0178754 0.148832 0)
(-0.0531688 0.302426 0)
(-0.0736356 0.354561 0)
(-0.0663855 0.350373 0)
(-0.0367816 0.320316 0)
(0.0059931 0.281678 0)
(0.054744 0.242982 0)
(0.104709 0.207796 0)
(0.153034 0.177197 0)
(0.198195 0.151127 0)
(0.239508 0.129093 0)
(0.276786 0.110488 0)
(0.310109 0.0947298 0)
(0.339692 0.081309 0)
(0.365807 0.0698002 0)
(0.388741 0.0598531 0)
(0.408767 0.0511815 0)
(0.426136 0.0435508 0)
(0.441072 0.0367673 0)
(0.453766 0.030669 0)
(0.464382 0.0251186 0)
(0.473053 0.0199973 0)
(0.479884 0.0152002 0)
(0.484953 0.0106323 0)
(0.488311 0.00620512 0)
(0.489983 0.00183369 0)
(0.489969 -0.00256604 0)
(0.48824 -0.00708014 0)
(0.48474 -0.0117995 0)
(0.479384 -0.0168233 0)
(0.472056 -0.0222625 0)
(0.462606 -0.0282447 0)
(0.450846 -0.03492 0)
(0.436548 -0.0424677 0)
(0.419441 -0.0511064 0)
(0.399209 -0.0611046 0)
(0.375492 -0.0727954 0)
(0.347891 -0.0865933 0)
(0.315989 -0.103011 0)
(0.279391 -0.122675 0)
(0.237802 -0.14632 0)
(0.191171 -0.174746 0)
(0.139946 -0.208667 0)
(0.0854796 -0.248348 0)
(0.0306348 -0.292801 0)
(-0.0194656 -0.338194 0)
(-0.0567406 -0.374974 0)
(-0.0705491 -0.383558 0)
(-0.0538238 -0.329576 0)
(-0.0185656 -0.162896 0)
(-0.0268104 0.190339 0)
(-0.065556 0.332548 0)
(-0.0647355 0.351128 0)
(-0.0276151 0.319147 0)
(0.0297564 0.272287 0)
(0.0943325 0.226212 0)
(0.15844 0.186353 0)
(0.218279 0.153586 0)
(0.272325 0.127155 0)
(0.320263 0.105914 0)
(0.362367 0.0887688 0)
(0.399147 0.0748154 0)
(0.431177 0.0633428 0)
(0.459015 0.0538065 0)
(0.483164 0.0457908 0)
(0.504064 0.0389779 0)
(0.522093 0.0331221 0)
(0.537571 0.028031 0)
(0.550765 0.023552 0)
(0.561895 0.0195614 0)
(0.571144 0.0159573 0)
(0.578657 0.0126536 0)
(0.584546 0.00957581 0)
(0.588895 0.00665765 0)
(0.591759 0.00383824 0)
(0.593167 0.00105973 0)
(0.593123 -0.00173481 0)
(0.591602 -0.00460356 0)
(0.588554 -0.00760814 0)
(0.5839 -0.0108161 0)
(0.577526 -0.0143041 0)
(0.569284 -0.0181614 0)
(0.558986 -0.0224949 0)
(0.546396 -0.0274354 0)
(0.531222 -0.0331467 0)
(0.513107 -0.0398369 0)
(0.491621 -0.0477746 0)
(0.466245 -0.0573114 0)
(0.436368 -0.0689118 0)
(0.401284 -0.0831918 0)
(0.360217 -0.100966 0)
(0.312398 -0.123291 0)
(0.25723 -0.151471 0)
(0.194667 -0.186933 0)
(0.125911 -0.230741 0)
(0.0546745 -0.282214 0)
(-0.0109559 -0.335598 0)
(-0.0567141 -0.373607 0)
(-0.0642914 -0.356714 0)
(-0.0272288 -0.205001 0)
(-0.0329634 0.2502 0)
(-0.0617611 0.343714 0)
(-0.0118016 0.310293 0)
(0.0704557 0.251378 0)
(0.158653 0.196072 0)
(0.241436 0.151763 0)
(0.314465 0.118335 0)
(0.377051 0.0935025 0)
(0.430084 0.0749557 0)
(0.474897 0.060906 0)
(0.512806 0.0500741 0)
(0.54496 0.041568 0)
(0.572313 0.0347687 0)
(0.59564 0.0292426 0)
(0.615565 0.0246819 0)
(0.632589 0.0208636 0)
(0.647117 0.0176228 0)
(0.659475 0.0148354 0)
(0.669926 0.0124055 0)
(0.678683 0.0102577 0)
(0.685914 0.008331 0)
(0.691753 0.00657499 0)
(0.696304 0.00494676 0)
(0.699641 0.00340865 0)
(0.701816 0.00192645 0)
(0.702855 0.000467967 0)
(0.702764 -0.000998361 0)
(0.701525 -0.00250469 0)
(0.699095 -0.00408516 0)
(0.695409 -0.00577744 0)
(0.69037 -0.00762454 0)
(0.683851 -0.00967725 0)
(0.675686 -0.0119973 0)
(0.665665 -0.0146615 0)
(0.653521 -0.0177682 0)
(0.638917 -0.0214458 0)
(0.621428 -0.0258653 0)
(0.60052 -0.0312597 0)
(0.575514 -0.0379529 0)
(0.545553 -0.0464031 0)
(0.509555 -0.0572707 0)
(0.466183 -0.0715171 0)
(0.413845 -0.0905421 0)
(0.350815 -0.11634 0)
(0.275691 -0.151552 0)
(0.188636 -0.198938 0)
(0.0937146 -0.259029 0)
(0.00257268 -0.323974 0)
(-0.0566974 -0.361874 0)
(-0.0321439 -0.264027 0)
(0.00104664 0.294807 0)
(0.0166923 0.298447 0)
(0.151994 0.212851 0)
(0.282416 0.145216 0)
(0.387571 0.099623 0)
(0.470903 0.0699071 0)
(0.53658 0.0506709 0)
(0.588455 0.0379828 0)
(0.629861 0.029325 0)
(0.663345 0.0231919 0)
(0.690752 0.018691 0)
(0.71342 0.015283 0)
(0.732328 0.0126321 0)
(0.7482 0.0105224 0)
(0.761584 0.00880984 0)
(0.772899 0.00739528 0)
(0.782466 0.00620813 0)
(0.790541 0.00519674 0)
(0.797322 0.00432227 0)
(0.802967 0.00355473 0)
(0.807601 0.00287034 0)
(0.811319 0.0022497 0)
(0.814195 0.00167653 0)
(0.816285 0.0011367 0)
(0.817622 0.000617493 0)
(0.818229 0.00010703 0)
(0.818107 -0.000406282 0)
(0.817247 -0.000934268 0)
(0.815619 -0.00148948 0)
(0.813178 -0.00208583 0)
(0.809858 -0.00273933 0)
(0.80557 -0.00346906 0)
(0.800199 -0.00429846 0)
(0.793592 -0.00525723 0)
(0.785559 -0.00638394 0)
(0.775848 -0.00773001 0)
(0.76414 -0.00936588 0)
(0.750015 -0.0113906 0)
(0.732916 -0.0139479 0)
(0.712101 -0.0172532 0)
(0.686555 -0.0216417 0)
(0.654877 -0.0276541 0)
(0.615106 -0.0361942 0)
(0.564489 -0.0488125 0)
(0.499314 -0.068166 0)
(0.41514 -0.0985559 0)
(0.30709 -0.146091 0)
(0.170859 -0.217497 0)
(0.026975 -0.307262 0)
(0.0051782 -0.302974 0)
(0.290234 0.152396 0)
(0.389449 0.128192 0)
(0.565234 0.0746874 0)
(0.682976 0.0421974 0)
(0.75253 0.0245143 0)
(0.797562 0.0148951 0)
(0.828812 0.00960959 0)
(0.851431 0.0066067 0)
(0.868442 0.00480063 0)
(0.881661 0.00364089 0)
(0.892187 0.002849 0)
(0.900722 0.00227945 0)
(0.907733 0.00185247 0)
(0.913548 0.00152174 0)
(0.918402 0.00125885 0)
(0.92247 0.00104534 0)
(0.925883 0.000868681 0)
(0.928744 0.000720009 0)
(0.931129 0.000592824 0)
(0.933102 0.000482214 0)
(0.934709 0.000384354 0)
(0.935988 0.000296175 0)
(0.936966 0.000215136 0)
(0.937665 0.000139055 0)
(0.938097 6.59898e-05 0)
(0.938269 -5.8628e-06 0)
(0.938184 -7.82384e-05 0)
(0.937837 -0.000152945 0)
(0.937217 -0.000231878 0)
(0.936307 -0.000317155 0)
(0.935081 -0.000411237 0)
(0.933508 -0.000517092 0)
(0.931541 -0.000638419 0)
(0.929124 -0.000779976 0)
(0.926182 -0.000948066 0)
(0.922618 -0.00115129 0)
(0.918303 -0.00140176 0)
(0.913068 -0.00171716 0)
(0.906682 -0.0021245 0)
(0.898824 -0.00266713 0)
(0.889033 -0.00341897 0)
(0.87662 -0.00451419 0)
(0.860502 -0.00621124 0)
(0.838886 -0.00903052 0)
(0.808725 -0.0140316 0)
(0.764758 -0.0233056 0)
(0.696064 -0.0408139 0)
(0.577966 -0.0737675 0)
(0.39801 -0.128738 0)
(0.293843 -0.153762 0)
)
;

boundaryField
{
    movingWall
    {
        type            fixedValue;
        value           uniform (1 0 0);
    }
    fixedWalls
    {
        type            noSlip;
    }
    frontAndBack
    {
        type            empty;
    }
}


// ************************************************************************* //
