/*--------------------------------*- C++ -*----------------------------------*\
  =========                 |
  \\      /  F ield         | OpenFOAM: The Open Source CFD Toolbox
   \\    /   O peration     | Website:  https://openfoam.org
    \\  /    A nd           | Version:  7
     \\/     M anipulation  |
\*---------------------------------------------------------------------------*/
FoamFile
{
    version     2.0;
    format      ascii;
    class       volVectorField;
    location    "0.0412";
    object      U;
}
// * * * * * * * * * * * * * * * * * * * * * * * * * * * * * * * * * * * * * //

dimensions      [0 1 -1 0 0 0 0];

internalField   nonuniform List<vector> 
2500
(
(-0.293808 0.153729 0)
(-0.397953 0.128726 0)
(-0.577985 0.0737915 0)
(-0.696252 0.0408682 0)
(-0.765196 0.0233831 0)
(-0.809477 0.0141266 0)
(-0.840001 0.00913857 0)
(-0.862017 0.00632886 0)
(-0.878561 0.00463859 0)
(-0.891418 0.00354779 0)
(-0.901664 0.0027983 0)
(-0.909979 0.00225612 0)
(-0.916818 0.00184743 0)
(-0.922496 0.00152895 0)
(-0.927238 0.00127373 0)
(-0.931208 0.00106413 0)
(-0.934528 0.000888063 0)
(-0.937291 0.000736993 0)
(-0.939566 0.000604679 0)
(-0.941405 0.000486439 0)
(-0.94285 0.00037867 0)
(-0.94393 0.000278522 0)
(-0.944666 0.000183671 0)
(-0.945073 9.21624e-05 0)
(-0.945159 2.28826e-06 0)
(-0.944927 -8.75448e-05 0)
(-0.944375 -0.000178832 0)
(-0.943495 -0.000273103 0)
(-0.942277 -0.000372002 0)
(-0.9407 -0.000477378 0)
(-0.938742 -0.000591417 0)
(-0.936368 -0.000716803 0)
(-0.933537 -0.000856956 0)
(-0.930195 -0.00101636 0)
(-0.926272 -0.00120109 0)
(-0.921675 -0.00141958 0)
(-0.916284 -0.00168393 0)
(-0.909935 -0.00201218 0)
(-0.902407 -0.00243243 0)
(-0.893386 -0.00299068 0)
(-0.882416 -0.00376656 0)
(-0.868811 -0.00490555 0)
(-0.851484 -0.00668638 0)
(-0.828631 -0.00966018 0)
(-0.797236 -0.0149141 0)
(-0.752149 -0.0245015 0)
(-0.682629 -0.0421565 0)
(-0.564988 -0.0746286 0)
(-0.389335 -0.128136 0)
(-0.29021 -0.152375 0)
(-0.00516564 0.302923 0)
(-0.0270606 0.307343 0)
(-0.171283 0.217758 0)
(-0.30807 0.146516 0)
(-0.416868 0.0991178 0)
(-0.501948 0.0688357 0)
(-0.568155 0.0495649 0)
(-0.619901 0.0370079 0)
(-0.660869 0.0285103 0)
(-0.693789 0.0225242 0)
(-0.7206 0.0181473 0)
(-0.742683 0.0148401 0)
(-0.761034 0.0122682 0)
(-0.776379 0.010217 0)
(-0.789256 0.00854319 0)
(-0.80007 0.00714826 0)
(-0.809128 0.00596227 0)
(-0.816663 0.00493433 0)
(-0.822857 0.00402644 0)
(-0.827847 0.00320962 0)
(-0.831739 0.0024612 0)
(-0.834612 0.00176299 0)
(-0.836523 0.00110003 0)
(-0.837512 0.000459569 0)
(-0.837602 -0.000169612 0)
(-0.836802 -0.000797864 0)
(-0.835107 -0.00143514 0)
(-0.832498 -0.00209154 0)
(-0.828945 -0.00277782 0)
(-0.8244 -0.00350602 0)
(-0.8188 -0.00429019 0)
(-0.81206 -0.00514739 0)
(-0.804073 -0.00609898 0)
(-0.7947 -0.00717252 0)
(-0.783765 -0.00840442 0)
(-0.771039 -0.009844 0)
(-0.756227 -0.0115597 0)
(-0.738941 -0.0136488 0)
(-0.718666 -0.0162539 0)
(-0.69471 -0.0195903 0)
(-0.666127 -0.0239936 0)
(-0.631612 -0.0300043 0)
(-0.589347 -0.0385177 0)
(-0.536809 -0.0510446 0)
(-0.470677 -0.0701105 0)
(-0.3871 -0.0996598 0)
(-0.281895 -0.145108 0)
(-0.151581 -0.212647 0)
(-0.0164777 -0.298228 0)
(-0.00099472 -0.294694 0)
(0.0321131 0.264064 0)
(0.0564012 0.362297 0)
(-0.00351269 0.324851 0)
(-0.0956214 0.260327 0)
(-0.191787 0.200593 0)
(-0.28032 0.153495 0)
(-0.357108 0.118507 0)
(-0.421945 0.0928747 0)
(-0.476192 0.073964 0)
(-0.521537 0.0597858 0)
(-0.559536 0.0489445 0)
(-0.591498 0.0404818 0)
(-0.618473 0.03374 0)
(-0.641292 0.0282628 0)
(-0.660608 0.0237284 0)
(-0.67693 0.0199053 0)
(-0.690662 0.016624 0)
(-0.702117 0.0137581 0)
(-0.711543 0.0112111 0)
(-0.719134 0.00890818 0)
(-0.725039 0.00679008 0)
(-0.729371 0.00480869 0)
(-0.732214 0.00292404 0)
(-0.733625 0.00110187 0)
(-0.733641 -0.000688209 0)
(-0.732276 -0.00247415 0)
(-0.729525 -0.00428294 0)
(-0.725364 -0.00614181 0)
(-0.719752 -0.00807959 0)
(-0.712624 -0.0101282 0)
(-0.703893 -0.0123247 0)
(-0.693446 -0.0147131 0)
(-0.68114 -0.0173482 0)
(-0.66679 -0.020299 0)
(-0.65017 -0.0236552 0)
(-0.630989 -0.0275353 0)
(-0.608886 -0.0320989 0)
(-0.583403 -0.0375648 0)
(-0.553963 -0.0442382 0)
(-0.519838 -0.0525514 0)
(-0.480121 -0.0631249 0)
(-0.433705 -0.0768551 0)
(-0.379313 -0.0950303 0)
(-0.315642 -0.119453 0)
(-0.241818 -0.152454 0)
(-0.158532 -0.196349 0)
(-0.0701013 -0.251296 0)
(0.0121622 -0.309958 0)
(0.0619776 -0.343297 0)
(0.0330229 -0.249948 0)
(0.0271555 0.205241 0)
(0.0637886 0.357741 0)
(0.0552653 0.375471 0)
(0.00813582 0.338229 0)
(-0.0592216 0.285497 0)
(-0.132483 0.234554 0)
(-0.203502 0.191159 0)
(-0.26851 0.156004 0)
(-0.326249 0.128032 0)
(-0.376718 0.105828 0)
(-0.420466 0.0880936 0)
(-0.458222 0.073779 0)
(-0.490723 0.0620745 0)
(-0.518638 0.0523683 0)
(-0.542545 0.0441997 0)
(-0.562929 0.0372206 0)
(-0.580194 0.0311658 0)
(-0.594668 0.0258308 0)
(-0.606618 0.0210559 0)
(-0.616256 0.0167144 0)
(-0.623753 0.0127043 0)
(-0.629238 0.00894156 0)
(-0.63281 0.00535552 0)
(-0.634539 0.00188514 0)
(-0.634469 -0.00152393 0)
(-0.632619 -0.00492192 0)
(-0.628989 -0.00835712 0)
(-0.623555 -0.011878 0)
(-0.616273 -0.0155355 0)
(-0.607075 -0.0193854 0)
(-0.595871 -0.0234911 0)
(-0.582543 -0.0279274 0)
(-0.566941 -0.0327848 0)
(-0.548882 -0.0381756 0)
(-0.528143 -0.0442418 0)
(-0.504451 -0.0511656 0)
(-0.477481 -0.0591841 0)
(-0.446848 -0.0686085 0)
(-0.412104 -0.0798502 0)
(-0.372751 -0.0934533 0)
(-0.328268 -0.110132 0)
(-0.278198 -0.130801 0)
(-0.222312 -0.15657 0)
(-0.160958 -0.188611 0)
(-0.0956831 -0.227717 0)
(-0.0302895 -0.273063 0)
(0.0275706 -0.31928 0)
(0.0648938 -0.350788 0)
(0.0657044 -0.332001 0)
(0.0268616 -0.189971 0)
(0.0184616 0.163439 0)
(0.0531447 0.33145 0)
(0.0686409 0.386754 0)
(0.0530852 0.379365 0)
(0.0136325 0.343601 0)
(-0.0390053 0.299035 0)
(-0.0966746 0.255227 0)
(-0.154182 0.216021 0)
(-0.2086 0.18242 0)
(-0.258511 0.154173 0)
(-0.303415 0.130578 0)
(-0.343308 0.110844 0)
(-0.378439 0.0942445 0)
(-0.409159 0.0801607 0)
(-0.435843 0.0680859 0)
(-0.458852 0.057612 0)
(-0.478511 0.0484117 0)
(-0.495104 0.0402226 0)
(-0.508872 0.032833 0)
(-0.520017 0.0260705 0)
(-0.528704 0.019793 0)
(-0.535063 0.0138815 0)
(-0.539195 0.00823447 0)
(-0.541174 0.00276346 0)
(-0.541049 -0.00261098 0)
(-0.538844 -0.00796236 0)
(-0.534564 -0.0133612 0)
(-0.528192 -0.0188778 0)
(-0.519691 -0.0245851 0)
(-0.509003 -0.030562 0)
(-0.496048 -0.0368964 0)
(-0.480726 -0.0436898 0)
(-0.462913 -0.0510624 0)
(-0.44246 -0.0591591 0)
(-0.419194 -0.0681576 0)
(-0.39292 -0.078278 0)
(-0.363423 -0.0897942 0)
(-0.330481 -0.103047 0)
(-0.293886 -0.118458 0)
(-0.253487 -0.136534 0)
(-0.209264 -0.157867 0)
(-0.161465 -0.183079 0)
(-0.110823 -0.212688 0)
(-0.0589009 -0.246789 0)
(-0.00857757 -0.284362 0)
(0.0353767 -0.321904 0)
(0.0657814 -0.35098 0)
(0.0734901 -0.354415 0)
(0.0532022 -0.301879 0)
(0.0179067 -0.148402 0)
(0.0119628 0.134621 0)
(0.0408683 0.300417 0)
(0.0654048 0.377696 0)
(0.068766 0.395141 0)
(0.0507296 0.378392 0)
(0.0173427 0.34527 0)
(-0.0251395 0.306544 0)
(-0.0717294 0.268007 0)
(-0.118918 0.232372 0)
(-0.16448 0.200625 0)
(-0.207138 0.172863 0)
(-0.246247 0.148775 0)
(-0.281562 0.1279 0)
(-0.313069 0.109751 0)
(-0.340882 0.0938753 0)
(-0.365178 0.0798743 0)
(-0.386156 0.0674064 0)
(-0.404011 0.0561834 0)
(-0.418926 0.0459631 0)
(-0.431063 0.0365417 0)
(-0.440562 0.0277468 0)
(-0.447539 0.0194307 0)
(-0.452085 0.0114655 0)
(-0.454271 0.00373796 0)
(-0.454145 -0.00385402 0)
(-0.451739 -0.0114053 0)
(-0.447062 -0.0190066 0)
(-0.440109 -0.0267478 0)
(-0.430856 -0.0347207 0)
(-0.419264 -0.0430228 0)
(-0.40528 -0.0517606 0)
(-0.388836 -0.061054 0)
(-0.369853 -0.0710406 0)
(-0.348244 -0.081881 0)
(-0.323916 -0.0937647 0)
(-0.296784 -0.106916 0)
(-0.266781 -0.121598 0)
(-0.233882 -0.138116 0)
(-0.198143 -0.156812 0)
(-0.159761 -0.178042 0)
(-0.119163 -0.202127 0)
(-0.0771396 -0.229241 0)
(-0.0350339 -0.259197 0)
(0.00501964 -0.291043 0)
(0.0398589 -0.322365 0)
(0.0651959 -0.348164 0)
(0.0758594 -0.359239 0)
(0.0671044 -0.340319 0)
(0.040129 -0.269114 0)
(0.0114453 -0.120129 0)
(0.00787883 0.114061 0)
(0.0311201 0.271078 0)
(0.0574885 0.359563 0)
(0.0709052 0.395115 0)
(0.0674796 0.395477 0)
(0.0495533 0.375178 0)
(0.0210878 0.344473 0)
(-0.0139537 0.309887 0)
(-0.0522602 0.275203 0)
(-0.0913664 0.242397 0)
(-0.129581 0.212335 0)
(-0.16582 0.185253 0)
(-0.19944 0.161049 0)
(-0.230099 0.139465 0)
(-0.25765 0.120182 0)
(-0.282072 0.102874 0)
(-0.303411 0.0872342 0)
(-0.321753 0.0729848 0)
(-0.3372 0.0598797 0)
(-0.349857 0.0477028 0)
(-0.359823 0.0362655 0)
(-0.367184 0.0254019 0)
(-0.372016 0.0149653 0)
(-0.374379 0.00482415 0)
(-0.374319 -0.00514157 0)
(-0.371868 -0.0150435 0)
(-0.367045 -0.0249883 0)
(-0.359857 -0.0350803 0)
(-0.350297 -0.0454249 0)
(-0.338355 -0.0561314 0)
(-0.324008 -0.0673164 0)
(-0.307234 -0.0791068 0)
(-0.28801 -0.091643 0)
(-0.266321 -0.105082 0)
(-0.242169 -0.119601 0)
(-0.215586 -0.135395 0)
(-0.186656 -0.152677 0)
(-0.155545 -0.171663 0)
(-0.122541 -0.192557 0)
(-0.0881157 -0.215499 0)
(-0.0530052 -0.240487 0)
(-0.0183134 -0.267234 0)
(0.0143699 -0.294926 0)
(0.0428619 -0.321845 0)
(0.0643683 -0.344795 0)
(0.075691 -0.358336 0)
(0.0738016 -0.35393 0)
(0.0572067 -0.31936 0)
(0.0300406 -0.239385 0)
(0.00744542 -0.100244 0)
(0.00543301 0.0989293 0)
(0.0241095 0.245244 0)
(0.0492614 0.338173 0)
(0.0673391 0.38586 0)
(0.0731468 0.400064 0)
(0.0666379 0.391892 0)
(0.049815 0.370229 0)
(0.0254095 0.341469 0)
(-0.00386528 0.309851 0)
(-0.0357003 0.277982 0)
(-0.068304 0.247335 0)
(-0.100371 0.218642 0)
(-0.131001 0.192181 0)
(-0.159601 0.16796 0)
(-0.185805 0.145846 0)
(-0.209407 0.125632 0)
(-0.230306 0.107085 0)
(-0.248471 0.0899715 0)
(-0.263916 0.0740665 0)
(-0.276676 0.0591634 0)
(-0.2868 0.0450731 0)
(-0.294339 0.0316241 0)
(-0.299345 0.0186612 0)
(-0.301863 0.00604238 0)
(-0.301931 -0.00636299 0)
(-0.299583 -0.0186771 0)
(-0.294843 -0.0310162 0)
(-0.287732 -0.0434931 0)
(-0.278265 -0.0562195 0)
(-0.266457 -0.0693086 0)
(-0.252326 -0.0828771 0)
(-0.235894 -0.0970473 0)
(-0.217198 -0.111948 0)
(-0.196296 -0.127717 0)
(-0.173282 -0.144494 0)
(-0.148298 -0.162422 0)
(-0.12156 -0.181634 0)
(-0.0933853 -0.20223 0)
(-0.0642331 -0.224245 0)
(-0.0347532 -0.247592 0)
(-0.00584381 -0.271961 0)
(0.0212878 -0.296678 0)
(0.0450779 -0.32048 0)
(0.0636073 -0.341209 0)
(0.0747208 -0.355413 0)
(0.0763666 -0.357903 0)
(0.0672108 -0.341435 0)
(0.0477159 -0.296803 0)
(0.0228579 -0.21399 0)
(0.00506211 -0.0858365 0)
(0.0039493 0.0873798 0)
(0.0191528 0.22299 0)
(0.0420471 0.3164 0)
(0.0617627 0.371656 0)
(0.0730312 0.396352 0)
(0.0744913 0.398656 0)
(0.0667323 0.385834 0)
(0.0513748 0.363663 0)
(0.0304151 0.336377 0)
(0.00579379 0.306877 0)
(-0.0208139 0.277032 0)
(-0.0480635 0.247965 0)
(-0.074931 0.220287 0)
(-0.100668 0.194273 0)
(-0.12475 0.16999 0)
(-0.146821 0.147376 0)
(-0.166652 0.126299 0)
(-0.184105 0.106595 0)
(-0.199104 0.0880844 0)
(-0.211616 0.070587 0)
(-0.221636 0.0539297 0)
(-0.229176 0.0379485 0)
(-0.234259 0.0224901 0)
(-0.236911 0.00741191 0)
(-0.237161 -0.00741958 0)
(-0.235041 -0.0221296 0)
(-0.23058 -0.036837 0)
(-0.223811 -0.0516557 0)
(-0.214771 -0.0666964 0)
(-0.2035 -0.0820676 0)
(-0.190051 -0.097877 0)
(-0.174493 -0.114232 0)
(-0.156917 -0.131237 0)
(-0.137449 -0.148995 0)
(-0.116258 -0.167597 0)
(-0.0935775 -0.187116 0)
(-0.0697226 -0.207591 0)
(-0.0451169 -0.228995 0)
(-0.0203221 -0.251201 0)
(0.00392825 -0.27391 0)
(0.0266968 -0.296565 0)
(0.0468223 -0.318214 0)
(0.0629273 -0.337335 0)
(0.0734879 -0.351612 0)
(0.0770151 -0.357692 0)
(0.0724088 -0.350991 0)
(0.0594769 -0.325679 0)
(0.0396697 -0.275061 0)
(0.017795 -0.1927 0)
(0.00361659 -0.0750358 0)
(0.003011 0.0782413 0)
(0.0155969 0.203872 0)
(0.0360596 0.295556 0)
(0.055813 0.355129 0)
(0.0700528 0.387413 0)
(0.0768215 0.39827 0)
(0.0758014 0.393432 0)
(0.0677445 0.377857 0)
(0.0539733 0.355485 0)
(0.0359874 0.329248 0)
(0.0152247 0.301218 0)
(-0.00705666 0.272776 0)
(-0.0298201 0.244796 0)
(-0.0522486 0.217787 0)
(-0.0737201 0.192004 0)
(-0.0937755 0.167537 0)
(-0.112086 0.144371 0)
(-0.128422 0.122424 0)
(-0.142631 0.101578 0)
(-0.154615 0.0816966 0)
(-0.164318 0.0626347 0)
(-0.171712 0.0442484 0)
(-0.176788 0.0263972 0)
(-0.179554 0.00894665 0)
(-0.180028 -0.0082309 0)
(-0.178234 -0.0252562 0)
(-0.174208 -0.0422432 0)
(-0.167992 -0.0593 0)
(-0.159638 -0.0765286 0)
(-0.149213 -0.0940256 0)
(-0.136799 -0.111881 0)
(-0.122505 -0.130179 0)
(-0.106467 -0.14899 0)
(-0.0888644 -0.168374 0)
(-0.0699273 -0.188365 0)
(-0.0499524 -0.208959 0)
(-0.0293199 -0.230098 0)
(-0.00851209 -0.251638 0)
(0.011867 -0.273304 0)
(0.0310745 -0.294633 0)
(0.0482199 -0.314889 0)
(0.062275 -0.332956 0)
(0.0721174 -0.347211 0)
(0.0766324 -0.355378 0)
(0.0749044 -0.354409 0)
(0.0665269 -0.340439 0)
(0.0519877 -0.308928 0)
(0.0331194 -0.255107 0)
(0.0141671 -0.174894 0)
(0.00270148 -0.0666661 0)
(0.0023859 0.070791 0)
(0.0129759 0.187369 0)
(0.0311595 0.276164 0)
(0.0501478 0.337826 0)
(0.0657712 0.375372 0)
(0.0759019 0.392947 0)
(0.0797009 0.394966 0)
(0.077303 0.385542 0)
(0.0694719 0.368175 0)
(0.0572796 0.345657 0)
(0.0418804 0.320099 0)
(0.0243734 0.293026 0)
(0.00573051 0.26549 0)
(-0.0132312 0.238181 0)
(-0.0318506 0.211522 0)
(-0.0496084 0.185745 0)
(-0.0661073 0.160948 0)
(-0.0810508 0.137142 0)
(-0.0942233 0.11428 0)
(-0.105472 0.0922762 0)
(-0.114695 0.071028 0)
(-0.121826 0.0504202 0)
(-0.126828 0.0303345 0)
(-0.129688 0.0106532 0)
(-0.130411 -0.00873768 0)
(-0.129015 -0.0279471 0)
(-0.125537 -0.0470774 0)
(-0.120026 -0.0662239 0)
(-0.112546 -0.0854737 0)
(-0.103183 -0.104904 0)
(-0.0920461 -0.124583 0)
(-0.0792709 -0.144562 0)
(-0.0650301 -0.164876 0)
(-0.0495401 -0.185534 0)
(-0.0330714 -0.20651 0)
(-0.0159593 -0.227726 0)
(0.00138358 -0.249036 0)
(0.0184559 -0.270191 0)
(0.0346583 -0.290801 0)
(0.0492897 -0.310284 0)
(0.0615565 -0.327794 0)
(0.0706012 -0.342149 0)
(0.0755642 -0.35174 0)
(0.075692 -0.354451 0)
(0.0705117 -0.347625 0)
(0.0600753 -0.328101 0)
(0.0452235 -0.292417 0)
(0.0278342 -0.237217 0)
(0.0114983 -0.159941 0)
(0.00209184 -0.0600005 0)
(0.00194684 0.0645754 0)
(0.0109826 0.173025 0)
(0.0271314 0.258372 0)
(0.0449798 0.320635 0)
(0.0609932 0.361663 0)
(0.0731013 0.384357 0)
(0.0802079 0.392065 0)
(0.0820431 0.38812 0)
(0.0789438 0.375538 0)
(0.0716115 0.356865 0)
(0.0609185 0.334143 0)
(0.0477742 0.308941 0)
(0.0330401 0.282412 0)
(0.017484 0.255376 0)
(0.00176102 0.228387 0)
(-0.0135878 0.201798 0)
(-0.0281281 0.175817 0)
(-0.0415189 0.150543 0)
(-0.0534991 0.126002 0)
(-0.0638733 0.10217 0)
(-0.0725004 0.0789898 0)
(-0.0792825 0.0563831 0)
(-0.0841572 0.0342613 0)
(-0.087091 0.0125309 0)
(-0.088075 -0.00890195 0)
(-0.0871219 -0.0301278 0)
(-0.0842644 -0.0512315 0)
(-0.0795554 -0.0722897 0)
(-0.0730689 -0.0933692 0)
(-0.0649028 -0.114524 0)
(-0.0551821 -0.135793 0)
(-0.0440637 -0.157194 0)
(-0.0317426 -0.178721 0)
(-0.018458 -0.200334 0)
(-0.00450137 -0.221948 0)
(0.00977609 -0.243418 0)
(0.0239562 -0.26452 0)
(0.0375488 -0.284922 0)
(0.0499907 -0.304151 0)
(0.060653 -0.321549 0)
(0.0688606 -0.336223 0)
(0.0739314 -0.346992 0)
(0.075242 -0.352334 0)
(0.0723299 -0.350358 0)
(0.0650366 -0.338809 0)
(0.0536908 -0.315155 0)
(0.0392748 -0.276787 0)
(0.0235451 -0.221365 0)
(0.00947631 -0.147309 0)
(0.00166463 -0.0545796 0)
(0.00162308 0.0592997 0)
(0.00941777 0.160474 0)
(0.0237759 0.242164 0)
(0.0403311 0.304056 0)
(0.0561182 0.347243 0)
(0.0692324 0.373736 0)
(0.0784877 0.386044 0)
(0.0833709 0.386828 0)
(0.0839137 0.378628 0)
(0.080519 0.363701 0)
(0.0738066 0.343952 0)
(0.0644937 0.320917 0)
(0.0533101 0.295791 0)
(0.0409444 0.269468 0)
(0.0280133 0.2426 0)
(0.0150489 0.215639 0)
(0.00249659 0.188883 0)
(-0.00928032 0.162516 0)
(-0.0199922 0.136636 0)
(-0.0294137 0.11128 0)
(-0.0373746 0.0864389 0)
(-0.0437513 0.0620786 0)
(-0.0484591 0.0381445 0)
(-0.051447 0.0145726 0)
(-0.0526932 -0.00870534 0)
(-0.0522017 -0.0317563 0)
(-0.0500011 -0.0546427 0)
(-0.0461444 -0.0774183 0)
(-0.0407092 -0.100125 0)
(-0.0338 -0.122791 0)
(-0.0255509 -0.145422 0)
(-0.0161297 -0.168002 0)
(-0.0057417 -0.190483 0)
(0.00536462 -0.212777 0)
(0.0168931 -0.234747 0)
(0.028495 -0.256189 0)
(0.0397669 -0.276816 0)
(0.05025 -0.296235 0)
(0.0594366 -0.313918 0)
(0.0667829 -0.329169 0)
(0.071735 -0.34109 0)
(0.0737711 -0.348551 0)
(0.0724641 -0.35016 0)
(0.067569 -0.344265 0)
(0.059136 -0.32899 0)
(0.0476399 -0.302333 0)
(0.0340789 -0.262347 0)
(0.0200184 -0.20741 0)
(0.00789883 -0.136579 0)
(0.00135111 -0.0501023 0)
(0.00137396 0.0547659 0)
(0.00815179 0.149435 0)
(0.0209314 0.227464 0)
(0.0361505 0.288368 0)
(0.0513301 0.33275 0)
(0.0647713 0.361984 0)
(0.0752986 0.377937 0)
(0.0822702 0.382709 0)
(0.0855124 0.378404 0)
(0.0852011 0.366985 0)
(0.0817442 0.350181 0)
(0.0756817 0.329448 0)
(0.0676085 0.30597 0)
(0.0581188 0.28068 0)
(0.0477706 0.254288 0)
(0.0370651 0.227319 0)
(0.0264376 0.20015 0)
(0.0162553 0.173035 0)
(0.00682091 0.146138 0)
(-0.00162281 0.119555 0)
(-0.00888619 0.093329 0)
(-0.0148264 0.067469 0)
(-0.0193415 0.0419584 0)
(-0.0223655 0.0167662 0)
(-0.0238645 -0.00814625 0)
(-0.0238336 -0.0328189 0)
(-0.0222956 -0.0572879 0)
(-0.0193 -0.081581 0)
(-0.0149237 -0.105713 0)
(-0.00927203 -0.129682 0)
(-0.00248112 -0.153463 0)
(0.00527957 -0.177004 0)
(0.013804 -0.200217 0)
(0.0228466 -0.222971 0)
(0.0321191 -0.245082 0)
(0.0412895 -0.266297 0)
(0.0499823 -0.286281 0)
(0.0577829 -0.3046 0)
(0.064247 -0.320694 0)
(0.0689179 -0.33386 0)
(0.0713541 -0.343225 0)
(0.0711699 -0.347735 0)
(0.0680912 -0.346146 0)
(0.0620267 -0.33704 0)
(0.053153 -0.318877 0)
(0.042004 -0.290087 0)
(0.0295241 -0.249226 0)
(0.0170691 -0.195185 0)
(0.00663283 -0.127431 0)
(0.00111149 -0.0463649 0)
(0.00117509 0.0508369 0)
(0.00709842 0.139692 0)
(0.0184739 0.214177 0)
(0.0323653 0.273723 0)
(0.0467011 0.31861 0)
(0.0599937 0.34976 0)
(0.0711335 0.36855 0)
(0.0794278 0.376623 0)
(0.0845749 0.375706 0)
(0.0865864 0.367479 0)
(0.0857013 0.353481 0)
(0.0823061 0.335061 0)
(0.0768686 0.31336 0)
(0.0698852 0.289312 0)
(0.0618444 0.263659 0)
(0.0532024 0.236976 0)
(0.0443689 0.209696 0)
(0.0357006 0.182135 0)
(0.0274998 0.154517 0)
(0.0200159 0.126988 0)
(0.0134489 0.0996439 0)
(0.00795388 0.0725351 0)
(0.0036454 0.0456847 0)
(0.000601212 0.0190965 0)
(-0.00113408 -0.00723644 0)
(-0.00154673 -0.0333246 0)
(-0.000652145 -0.0591758 0)
(0.001506 -0.08479 0)
(0.00485562 -0.110153 0)
(0.0092955 -0.135234 0)
(0.0146939 -0.159974 0)
(0.0208869 -0.184288 0)
(0.0276765 -0.208052 0)
(0.0348287 -0.231095 0)
(0.0420733 -0.253193 0)
(0.0491041 -0.274057 0)
(0.0555821 -0.293315 0)
(0.0611422 -0.310507 0)
(0.0654052 -0.325061 0)
(0.067996 -0.336285 0)
(0.0685705 -0.343353 0)
(0.0668527 -0.345298 0)
(0.0626816 -0.341025 0)
(0.0560672 -0.329331 0)
(0.0472533 -0.308961 0)
(0.036777 -0.278692 0)
(0.0254935 -0.237462 0)
(0.0145555 -0.184525 0)
(0.00558904 -0.11962 0)
(0.000921646 -0.0432257 0)
(0.00101115 0.0474151 0)
(0.00619906 0.131082 0)
(0.0163095 0.202212 0)
(0.0289035 0.260199 0)
(0.0422481 0.30511 0)
(0.0550563 0.337543 0)
(0.0663127 0.358505 0)
(0.075324 0.369272 0)
(0.0817174 0.371252 0)
(0.085392 0.365866 0)
(0.0864579 0.354468 0)
(0.085175 0.338287 0)
(0.0818977 0.318397 0)
(0.0770289 0.295709 0)
(0.0709842 0.270975 0)
(0.0641669 0.244798 0)
(0.0569514 0.217654 0)
(0.0496728 0.189906 0)
(0.0426226 0.161824 0)
(0.0360475 0.133607 0)
(0.03015 0.105392 0)
(0.025091 0.0772735 0)
(0.0209929 0.0493119 0)
(0.0179421 0.0215463 0)
(0.015992 -0.00599775 0)
(0.0151648 -0.0333004 0)
(0.0154535 -0.0603404 0)
(0.0168222 -0.0870888 0)
(0.0192068 -0.113503 0)
(0.0225143 -0.139521 0)
(0.0266226 -0.165056 0)
(0.0313791 -0.189988 0)
(0.0366002 -0.214161 0)
(0.0420708 -0.237371 0)
(0.0475449 -0.259361 0)
(0.0527479 -0.27981 0)
(0.0573815 -0.298325 0)
(0.0611313 -0.31443 0)
(0.0636796 -0.327555 0)
(0.0647237 -0.337032 0)
(0.0640003 -0.342089 0)
(0.0613176 -0.341853 0)
(0.0565937 -0.335366 0)
(0.0498996 -0.321614 0)
(0.0415045 -0.29958 0)
(0.0319147 -0.268316 0)
(0.0218813 -0.227048 0)
(0.0123707 -0.175289 0)
(0.004706 -0.112963 0)
(0.000766301 -0.0405837 0)
(0.000872144 0.04443 0)
(0.00541292 0.12348 0)
(0.0143681 0.191488 0)
(0.025701 0.247836 0)
(0.0379618 0.292447 0)
(0.0500466 0.325687 0)
(0.0610457 0.348283 0)
(0.0702966 0.361221 0)
(0.0773964 0.365642 0)
(0.0821724 0.362743 0)
(0.0846407 0.353703 0)
(0.0849604 0.339626 0)
(0.0833897 0.321511 0)
(0.0802458 0.300229 0)
(0.0758739 0.276524 0)
(0.0706215 0.251011 0)
(0.0648216 0.224192 0)
(0.0587808 0.196466 0)
(0.052772 0.168143 0)
(0.0470315 0.139462 0)
(0.0417578 0.110601 0)
(0.0371121 0.081693 0)
(0.0332201 0.0528342 0)
(0.0301739 0.0240978 0)
(0.0280335 -0.0044589 0)
(0.0268292 -0.032786 0)
(0.0265622 -0.0608333 0)
(0.0272062 -0.0885435 0)
(0.0287072 -0.115846 0)
(0.030984 -0.14265 0)
(0.0339277 -0.16884 0)
(0.0374015 -0.194268 0)
(0.0412411 -0.218746 0)
(0.0452547 -0.242042 0)
(0.0492247 -0.263874 0)
(0.0529113 -0.283897 0)
(0.0560575 -0.301703 0)
(0.0583977 -0.31681 0)
(0.0596702 -0.328659 0)
(0.0596338 -0.336611 0)
(0.0580894 -0.339952 0)
(0.054907 -0.337896 0)
(0.0500562 -0.32961 0)
(0.043639 -0.314242 0)
(0.0359217 -0.290969 0)
(0.0273601 -0.259059 0)
(0.0185975 -0.217955 0)
(0.0104336 -0.167359 0)
(0.00394044 -0.10732 0)
(0.000635365 -0.0383662 0)
(0.000751271 0.0418296 0)
(0.004711 0.116794 0)
(0.0125966 0.18194 0)
(0.0227044 0.236651 0)
(0.0338228 0.280756 0)
(0.0450119 0.314452 0)
(0.0554705 0.338254 0)
(0.064586 0.352923 0)
(0.0719532 0.359378 0)
(0.077359 0.358625 0)
(0.0807545 0.351683 0)
(0.0822216 0.339541 0)
(0.0819391 0.323114 0)
(0.08015 0.303228 0)
(0.0771333 0.280602 0)
(0.0731819 0.255853 0)
(0.068585 0.229497 0)
(0.0636161 0.201957 0)
(0.0585245 0.173575 0)
(0.0535304 0.144622 0)
(0.0488229 0.115312 0)
(0.0445587 0.0858117 0)
(0.0408631 0.0562505 0)
(0.0378306 0.0267332 0)
(0.0355261 -0.00265293 0)
(0.0339868 -0.0318292 0)
(0.0332224 -0.0607177 0)
(0.0332165 -0.0892343 0)
(0.0339272 -0.117282 0)
(0.035287 -0.144743 0)
(0.0372031 -0.171475 0)
(0.039558 -0.197303 0)
(0.0422094 -0.222016 0)
(0.0449918 -0.245357 0)
(0.0477184 -0.26702 0)
(0.0501846 -0.286646 0)
(0.052174 -0.303815 0)
(0.0534663 -0.318046 0)
(0.0538487 -0.328795 0)
(0.0531306 -0.335456 0)
(0.0511624 -0.337366 0)
(0.0478571 -0.333823 0)
(0.0432144 -0.324099 0)
(0.0373452 -0.307479 0)
(0.0304942 -0.283294 0)
(0.023056 -0.250983 0)
(0.0155682 -0.210153 0)
(0.00868292 -0.160642 0)
(0.00326126 -0.102586 0)
(0.000521937 -0.03652 0)
(0.000643785 0.039575 0)
(0.00407229 0.110949 0)
(0.010955 0.173511 0)
(0.0198699 0.226651 0)
(0.0298082 0.270133 0)
(0.0399765 0.304033 0)
(0.0496795 0.328708 0)
(0.0583652 0.344739 0)
(0.0656455 0.352871 0)
(0.0712902 0.353944 0)
(0.0752083 0.348842 0)
(0.0774252 0.338444 0)
(0.0780566 0.323585 0)
(0.0772819 0.305037 0)
(0.0753216 0.283494 0)
(0.0724166 0.259561 0)
(0.0688124 0.23376 0)
(0.0647474 0.206528 0)
(0.0604436 0.17823 0)
(0.0561017 0.149165 0)
(0.0518969 0.119574 0)
(0.0479777 0.0896531 0)
(0.0444656 0.0595626 0)
(0.0414547 0.0294349 0)
(0.0390131 -0.00061515 0)
(0.0371834 -0.0304824 0)
(0.0359834 -0.0600634 0)
(0.0354071 -0.0892489 0)
(0.0354254 -0.117917 0)
(0.0359859 -0.145927 0)
(0.0370141 -0.173112 0)
(0.0384132 -0.199275 0)
(0.0400652 -0.224181 0)
(0.0418322 -0.247553 0)
(0.0435589 -0.269069 0)
(0.0450758 -0.288356 0)
(0.0462047 -0.304988 0)
(0.0467663 -0.318488 0)
(0.0465896 -0.328327 0)
(0.045525 -0.333928 0)
(0.0434594 -0.334681 0)
(0.0403335 -0.329949 0)
(0.036161 -0.319098 0)
(0.031046 -0.30152 0)
(0.0251996 -0.276674 0)
(0.0189498 -0.244126 0)
(0.0127336 -0.203609 0)
(0.00707176 -0.155062 0)
(0.00264565 -0.0986826 0)
(0.000421164 -0.0350063 0)
(0.000546273 0.0376373 0)
(0.00348125 0.105892 0)
(0.00941295 0.166157 0)
(0.0171624 0.217835 0)
(0.0258961 0.260644 0)
(0.0349518 0.294575 0)
(0.0437357 0.319865 0)
(0.0517613 0.336957 0)
(0.0586712 0.346454 0)
(0.0642344 0.349063 0)
(0.0683365 0.34555 0)
(0.0709633 0.336694 0)
(0.0721816 0.323259 0)
(0.0721187 0.305964 0)
(0.0709434 0.285468 0)
(0.0688491 0.262363 0)
(0.0660394 0.237167 0)
(0.0627171 0.210327 0)
(0.0590753 0.182221 0)
(0.0552922 0.15317 0)
(0.0515263 0.123437 0)
(0.0479149 0.0932432 0)
(0.0445727 0.0627737 0)
(0.0415912 0.0321857 0)
(0.0390396 0.0016183 0)
(0.0369645 -0.0287997 0)
(0.0353914 -0.0589419 0)
(0.0343243 -0.0886769 0)
(0.0337472 -0.117861 0)
(0.0336239 -0.146332 0)
(0.0338985 -0.173903 0)
(0.0344965 -0.200356 0)
(0.0353249 -0.225437 0)
(0.0362742 -0.248853 0)
(0.0372203 -0.270266 0)
(0.0380275 -0.289294 0)
(0.0385532 -0.305508 0)
(0.0386546 -0.318434 0)
(0.0381963 -0.327557 0)
(0.037061 -0.332328 0)
(0.0351616 -0.332176 0)
(0.0324549 -0.326525 0)
(0.0289561 -0.314811 0)
(0.0247519 -0.296516 0)
(0.0200121 -0.271193 0)
(0.0149962 -0.238512 0)
(0.0100459 -0.198296 0)
(0.00556421 -0.150562 0)
(0.00207666 -0.0955506 0)
(0.000329541 -0.0337963 0)
(0.000456222 0.0359944 0)
(0.0029262 0.101579 0)
(0.00794675 0.159844 0)
(0.0145533 0.210199 0)
(0.0220666 0.252339 0)
(0.0299424 0.286189 0)
(0.0376828 0.311897 0)
(0.0448698 0.329804 0)
(0.0511843 0.340398 0)
(0.0564076 0.344279 0)
(0.0604155 0.342115 0)
(0.0631681 0.3346 0)
(0.0646954 0.322431 0)
(0.0650825 0.306277 0)
(0.0644543 0.286765 0)
(0.0629612 0.264466 0)
(0.0607675 0.239892 0)
(0.058041 0.213493 0)
(0.0549453 0.185656 0)
(0.0516345 0.156714 0)
(0.0482483 0.126951 0)
(0.0449104 0.0966069 0)
(0.0417262 0.0658864 0)
(0.0387828 0.034968 0)
(0.0361483 0.00401136 0)
(0.0338724 -0.0268345 0)
(0.0319868 -0.0574236 0)
(0.0305054 -0.0876053 0)
(0.0294249 -0.117217 0)
(0.0287254 -0.146079 0)
(0.0283703 -0.173986 0)
(0.0283074 -0.200703 0)
(0.0284693 -0.225961 0)
(0.0287746 -0.249451 0)
(0.0291297 -0.270824 0)
(0.0294312 -0.289691 0)
(0.0295696 -0.305617 0)
(0.0294345 -0.318133 0)
(0.0289205 -0.326735 0)
(0.0279356 -0.330895 0)
(0.0264107 -0.330076 0)
(0.0243098 -0.323744 0)
(0.0216406 -0.311395 0)
(0.018465 -0.292575 0)
(0.0149069 -0.266914 0)
(0.0111569 -0.234156 0)
(0.00746655 -0.194194 0)
(0.00413247 -0.1471 0)
(0.00154148 -0.0931467 0)
(0.000244482 -0.0328693 0)
(0.00037173 0.0346298 0)
(0.00239814 0.0979793 0)
(0.00653793 0.154542 0)
(0.0120197 0.203742 0)
(0.0183024 0.245251 0)
(0.0249488 0.278955 0)
(0.0315524 0.304937 0)
(0.0377638 0.323455 0)
(0.0433079 0.334916 0)
(0.0479868 0.339832 0)
(0.0516772 0.33879 0)
(0.0543241 0.332415 0)
(0.0559313 0.321346 0)
(0.0565502 0.306206 0)
(0.0562681 0.28759 0)
(0.0551977 0.266051 0)
(0.0534665 0.242088 0)
(0.0512088 0.216149 0)
(0.0485589 0.188628 0)
(0.0456456 0.159867 0)
(0.0425886 0.130161 0)
(0.0394959 0.0997654 0)
(0.036462 0.0689012 0)
(0.0335673 0.0377635 0)
(0.0308775 0.00652847 0)
(0.0284438 -0.0246385 0)
(0.0263031 -0.0555753 0)
(0.0244782 -0.0861156 0)
(0.0229782 -0.116082 0)
(0.021799 -0.145278 0)
(0.0209233 -0.173486 0)
(0.0203211 -0.200456 0)
(0.0199504 -0.225905 0)
(0.0197574 -0.249515 0)
(0.0196783 -0.270924 0)
(0.0196403 -0.289736 0)
(0.0195648 -0.305513 0)
(0.0193703 -0.317787 0)
(0.0189773 -0.326059 0)
(0.0183139 -0.329819 0)
(0.0173225 -0.328551 0)
(0.0159678 -0.321755 0)
(0.0142443 -0.308966 0)
(0.0121838 -0.28978 0)
(0.00986165 -0.263881 0)
(0.00740022 -0.231068 0)
(0.0049651 -0.191284 0)
(0.00275477 -0.144642 0)
(0.00103025 -0.0914395 0)
(0.000164034 -0.0322103 0)
(0.000291318 0.0335311 0)
(0.00188997 0.0950678 0)
(0.00517167 0.150232 0)
(0.00954273 0.198457 0)
(0.014588 0.239407 0)
(0.0199696 0.272936 0)
(0.0253675 0.299082 0)
(0.0305008 0.318048 0)
(0.0351417 0.330175 0)
(0.0391193 0.33591 0)
(0.0423189 0.335778 0)
(0.0446788 0.330346 0)
(0.0461844 0.320205 0)
(0.0468606 0.30594 0)
(0.0467632 0.288118 0)
(0.0459711 0.267268 0)
(0.0445781 0.243882 0)
(0.0426866 0.2184 0)
(0.0404017 0.191219 0)
(0.0378269 0.162685 0)
(0.0350606 0.133101 0)
(0.0321938 0.102733 0)
(0.0293085 0.0718148 0)
(0.0264767 0.0405523 0)
(0.0237601 0.0091346 0)
(0.0212099 -0.0222604 0)
(0.0188671 -0.0534584 0)
(0.0167623 -0.0842809 0)
(0.0149163 -0.114539 0)
(0.0133402 -0.144025 0)
(0.0120354 -0.172509 0)
(0.0109939 -0.199731 0)
(0.0101985 -0.225398 0)
(0.00962259 -0.24918 0)
(0.00923108 -0.270709 0)
(0.00898084 -0.289579 0)
(0.00882203 -0.305349 0)
(0.00869994 -0.317547 0)
(0.00855767 -0.32568 0)
(0.00833964 -0.329241 0)
(0.00799595 -0.32773 0)
(0.00748748 -0.320666 0)
(0.00679137 -0.30761 0)
(0.00590642 -0.288191 0)
(0.00485782 -0.262128 0)
(0.00370024 -0.229257 0)
(0.00251683 -0.189557 0)
(0.00141383 -0.143168 0)
(0.000535219 -0.0904071 0)
(8.66793e-05 -0.0318091 0)
(0.000213789 0.0326896 0)
(0.00139587 0.0928271 0)
(0.0038356 0.146898 0)
(0.00710616 0.194343 0)
(0.0109099 0.234823 0)
(0.0150018 0.268174 0)
(0.0191453 0.294405 0)
(0.0231271 0.313681 0)
(0.026769 0.326298 0)
(0.0299308 0.332655 0)
(0.032512 0.333231 0)
(0.0344505 0.32855 0)
(0.0357194 0.319164 0)
(0.0363225 0.305627 0)
(0.0362889 0.28848 0)
(0.0356672 0.268236 0)
(0.0345202 0.245372 0)
(0.0329195 0.220326 0)
(0.030942 0.193488 0)
(0.0286654 0.165208 0)
(0.0261661 0.135794 0)
(0.0235171 0.105517 0)
(0.0207864 0.0746182 0)
(0.0180363 0.0433117 0)
(0.0153229 0.011795 0)
(0.0126961 -0.0197459 0)
(0.0101995 -0.0511281 0)
(0.00787046 -0.0821653 0)
(0.00574046 -0.11266 0)
(0.00383494 -0.142398 0)
(0.00217341 -0.171141 0)
(0.000769212 -0.19862 0)
(-0.00037072 -0.224535 0)
(-0.00124622 -0.248548 0)
(-0.00186428 -0.270284 0)
(-0.00223934 -0.289328 0)
(-0.00239344 -0.305233 0)
(-0.00235594 -0.317523 0)
(-0.0021629 -0.3257 0)
(-0.00185569 -0.329258 0)
(-0.00147904 -0.327699 0)
(-0.00107824 -0.32055 0)
(-0.000695811 -0.307384 0)
(-0.000367745 -0.287846 0)
(-0.000119794 -0.261673 0)
(3.56963e-05 -0.228725 0)
(0.000101555 -0.189002 0)
(9.55609e-05 -0.142663 0)
(5.01143e-05 -0.0900351 0)
(1.11973e-05 -0.0316589 0)
(0.000138129 0.0320991 0)
(0.000910844 0.0912453 0)
(0.00251899 0.144528 0)
(0.00469566 0.191397 0)
(0.00725512 0.23151 0)
(0.0100415 0.264699 0)
(0.0128987 0.290957 0)
(0.0156811 0.310425 0)
(0.0182605 0.323372 0)
(0.0205306 0.330168 0)
(0.0224086 0.331258 0)
(0.023836 0.327139 0)
(0.024778 0.318333 0)
(0.0252214 0.305371 0)
(0.0251719 0.288773 0)
(0.0246506 0.269037 0)
(0.023691 0.246629 0)
(0.0223356 0.221978 0)
(0.0206331 0.195473 0)
(0.0186356 0.16746 0)
(0.0163968 0.138249 0)
(0.0139707 0.108113 0)
(0.0114102 0.0772955 0)
(0.00876641 0.0460156 0)
(0.00608859 0.0144745 0)
(0.00342378 -0.0171373 0)
(0.000816936 -0.0486331 0)
(-0.00168903 -0.0798223 0)
(-0.0040532 -0.110504 0)
(-0.00623666 -0.140459 0)
(-0.00820276 -0.169444 0)
(-0.00991749 -0.197188 0)
(-0.0113502 -0.223383 0)
(-0.0124746 -0.247687 0)
(-0.0132699 -0.269716 0)
(-0.0137221 -0.289051 0)
(-0.0138257 -0.305233 0)
(-0.0135853 -0.317778 0)
(-0.0130164 -0.32618 0)
(-0.0121467 -0.329925 0)
(-0.0110166 -0.328508 0)
(-0.00967831 -0.321449 0)
(-0.00819477 -0.30832 0)
(-0.0066374 -0.288766 0)
(-0.00508313 -0.26253 0)
(-0.00361106 -0.229477 0)
(-0.00229766 -0.189616 0)
(-0.00121189 -0.143117 0)
(-0.000430336 -0.0903154 0)
(-6.3427e-05 -0.0317559 0)
(6.34267e-05 0.0317559 0)
(0.000430338 0.0903154 0)
(0.00121189 0.143117 0)
(0.00229767 0.189616 0)
(0.00361107 0.229477 0)
(0.00508315 0.26253 0)
(0.00663741 0.288766 0)
(0.00819479 0.30832 0)
(0.00967834 0.321449 0)
(0.0110166 0.328508 0)
(0.0121468 0.329925 0)
(0.0130164 0.32618 0)
(0.0135853 0.317778 0)
(0.0138258 0.305233 0)
(0.0137221 0.28905 0)
(0.0132699 0.269716 0)
(0.0124747 0.247687 0)
(0.0113503 0.223383 0)
(0.00991754 0.197188 0)
(0.00820281 0.169444 0)
(0.00623672 0.140459 0)
(0.00405326 0.110504 0)
(0.00168909 0.0798223 0)
(-0.000816877 0.0486331 0)
(-0.00342372 0.0171373 0)
(-0.00608853 -0.0144745 0)
(-0.00876635 -0.0460156 0)
(-0.0114101 -0.0772955 0)
(-0.0139707 -0.108113 0)
(-0.0163968 -0.138249 0)
(-0.0186355 -0.16746 0)
(-0.020633 -0.195473 0)
(-0.0223356 -0.221978 0)
(-0.0236909 -0.246629 0)
(-0.0246505 -0.269037 0)
(-0.0251718 -0.288773 0)
(-0.0252214 -0.305371 0)
(-0.024778 -0.318333 0)
(-0.023836 -0.327139 0)
(-0.0224086 -0.331258 0)
(-0.0205306 -0.330168 0)
(-0.0182605 -0.323372 0)
(-0.0156811 -0.310425 0)
(-0.0128987 -0.290957 0)
(-0.0100414 -0.264699 0)
(-0.00725511 -0.23151 0)
(-0.00469566 -0.191396 0)
(-0.00251898 -0.144528 0)
(-0.000910842 -0.0912453 0)
(-0.000138129 -0.032099 0)
(-1.11977e-05 0.0316589 0)
(-5.01119e-05 0.0900351 0)
(-9.5555e-05 0.142663 0)
(-0.000101547 0.189002 0)
(-3.56846e-05 0.228725 0)
(0.000119809 0.261673 0)
(0.000367763 0.287846 0)
(0.000695832 0.307384 0)
(0.00107827 0.32055 0)
(0.00147907 0.327699 0)
(0.00185572 0.329258 0)
(0.00216293 0.3257 0)
(0.00235597 0.317523 0)
(0.00239347 0.305233 0)
(0.00223938 0.289328 0)
(0.00186432 0.270284 0)
(0.00124627 0.248548 0)
(0.000370769 0.224535 0)
(-0.00076916 0.19862 0)
(-0.00217336 0.171141 0)
(-0.00383489 0.142398 0)
(-0.0057404 0.11266 0)
(-0.00787041 0.0821653 0)
(-0.0101994 0.0511281 0)
(-0.0126961 0.0197459 0)
(-0.0153229 -0.011795 0)
(-0.0180362 -0.0433117 0)
(-0.0207864 -0.0746182 0)
(-0.0235171 -0.105517 0)
(-0.0261661 -0.135794 0)
(-0.0286653 -0.165208 0)
(-0.0309419 -0.193488 0)
(-0.0329195 -0.220326 0)
(-0.0345201 -0.245372 0)
(-0.0356672 -0.268236 0)
(-0.0362889 -0.28848 0)
(-0.0363225 -0.305627 0)
(-0.0357194 -0.319164 0)
(-0.0344505 -0.32855 0)
(-0.032512 -0.333231 0)
(-0.0299308 -0.332655 0)
(-0.026769 -0.326298 0)
(-0.0231271 -0.313681 0)
(-0.0191452 -0.294405 0)
(-0.0150018 -0.268174 0)
(-0.0109099 -0.234823 0)
(-0.00710616 -0.194343 0)
(-0.0038356 -0.146897 0)
(-0.00139587 -0.092827 0)
(-0.000213789 -0.0326896 0)
(-8.66797e-05 0.0318091 0)
(-0.000535216 0.0904072 0)
(-0.00141382 0.143168 0)
(-0.00251682 0.189557 0)
(-0.00370023 0.229257 0)
(-0.0048578 0.262128 0)
(-0.0059064 0.288191 0)
(-0.00679135 0.30761 0)
(-0.00748745 0.320666 0)
(-0.00799592 0.32773 0)
(-0.00833961 0.329241 0)
(-0.00855764 0.32568 0)
(-0.0086999 0.317547 0)
(-0.00882199 0.305349 0)
(-0.0089808 0.289579 0)
(-0.00923104 0.270709 0)
(-0.00962255 0.24918 0)
(-0.0101984 0.225398 0)
(-0.0109939 0.199731 0)
(-0.0120353 0.172509 0)
(-0.0133401 0.144025 0)
(-0.0149162 0.114539 0)
(-0.0167622 0.0842809 0)
(-0.018867 0.0534584 0)
(-0.0212098 0.0222604 0)
(-0.02376 -0.0091346 0)
(-0.0264766 -0.0405523 0)
(-0.0293084 -0.0718148 0)
(-0.0321938 -0.102733 0)
(-0.0350606 -0.133101 0)
(-0.0378269 -0.162685 0)
(-0.0404017 -0.191219 0)
(-0.0426866 -0.2184 0)
(-0.0445781 -0.243882 0)
(-0.0459711 -0.267268 0)
(-0.0467632 -0.288118 0)
(-0.0468605 -0.30594 0)
(-0.0461844 -0.320205 0)
(-0.0446787 -0.330346 0)
(-0.0423189 -0.335778 0)
(-0.0391193 -0.33591 0)
(-0.0351417 -0.330175 0)
(-0.0305008 -0.318048 0)
(-0.0253674 -0.299082 0)
(-0.0199696 -0.272936 0)
(-0.014588 -0.239407 0)
(-0.00954273 -0.198457 0)
(-0.00517166 -0.150232 0)
(-0.00188996 -0.0950677 0)
(-0.000291318 -0.0335311 0)
(-0.000164035 0.0322104 0)
(-0.00103025 0.0914396 0)
(-0.00275477 0.144642 0)
(-0.00496509 0.191285 0)
(-0.00740021 0.231068 0)
(-0.00986163 0.263882 0)
(-0.0121837 0.28978 0)
(-0.0142442 0.308966 0)
(-0.0159678 0.321755 0)
(-0.0173225 0.328551 0)
(-0.0183138 0.329819 0)
(-0.0189773 0.326059 0)
(-0.0193703 0.317787 0)
(-0.0195648 0.305513 0)
(-0.0196403 0.289736 0)
(-0.0196782 0.270924 0)
(-0.0197574 0.249515 0)
(-0.0199503 0.225905 0)
(-0.0203211 0.200456 0)
(-0.0209232 0.173486 0)
(-0.0217989 0.145278 0)
(-0.0229782 0.116082 0)
(-0.0244781 0.0861156 0)
(-0.0263031 0.0555753 0)
(-0.0284438 0.0246385 0)
(-0.0308775 -0.00652847 0)
(-0.0335673 -0.0377635 0)
(-0.036462 -0.0689012 0)
(-0.0394959 -0.0997654 0)
(-0.0425886 -0.130161 0)
(-0.0456456 -0.159867 0)
(-0.0485589 -0.188628 0)
(-0.0512088 -0.216149 0)
(-0.0534664 -0.242088 0)
(-0.0551976 -0.266051 0)
(-0.0562681 -0.28759 0)
(-0.0565501 -0.306206 0)
(-0.0559313 -0.321346 0)
(-0.0543241 -0.332415 0)
(-0.0516772 -0.33879 0)
(-0.0479868 -0.339832 0)
(-0.0433079 -0.334916 0)
(-0.0377638 -0.323455 0)
(-0.0315524 -0.304937 0)
(-0.0249488 -0.278955 0)
(-0.0183024 -0.245251 0)
(-0.0120197 -0.203742 0)
(-0.00653793 -0.154542 0)
(-0.00239813 -0.0979793 0)
(-0.00037173 -0.0346297 0)
(-0.000244483 0.0328693 0)
(-0.00154148 0.0931468 0)
(-0.00413246 0.1471 0)
(-0.00746654 0.194194 0)
(-0.0111569 0.234156 0)
(-0.0149068 0.266914 0)
(-0.0184649 0.292575 0)
(-0.0216406 0.311395 0)
(-0.0243098 0.323744 0)
(-0.0264107 0.330076 0)
(-0.0279356 0.330895 0)
(-0.0289204 0.326735 0)
(-0.0294344 0.318133 0)
(-0.0295696 0.305617 0)
(-0.0294312 0.289691 0)
(-0.0291297 0.270824 0)
(-0.0287746 0.249451 0)
(-0.0284693 0.225961 0)
(-0.0283074 0.200703 0)
(-0.0283703 0.173986 0)
(-0.0287253 0.146079 0)
(-0.0294249 0.117217 0)
(-0.0305053 0.0876053 0)
(-0.0319867 0.0574236 0)
(-0.0338723 0.0268345 0)
(-0.0361482 -0.00401136 0)
(-0.0387827 -0.034968 0)
(-0.0417262 -0.0658864 0)
(-0.0449103 -0.0966069 0)
(-0.0482483 -0.126951 0)
(-0.0516344 -0.156714 0)
(-0.0549453 -0.185656 0)
(-0.0580409 -0.213493 0)
(-0.0607674 -0.239892 0)
(-0.0629612 -0.264466 0)
(-0.0644542 -0.286765 0)
(-0.0650825 -0.306277 0)
(-0.0646954 -0.322431 0)
(-0.0631681 -0.3346 0)
(-0.0604155 -0.342115 0)
(-0.0564076 -0.344279 0)
(-0.0511843 -0.340398 0)
(-0.0448698 -0.329804 0)
(-0.0376828 -0.311897 0)
(-0.0299424 -0.286189 0)
(-0.0220666 -0.252339 0)
(-0.0145533 -0.210199 0)
(-0.00794675 -0.159844 0)
(-0.0029262 -0.101579 0)
(-0.000456221 -0.0359943 0)
(-0.000329541 0.0337963 0)
(-0.00207666 0.0955506 0)
(-0.0055642 0.150562 0)
(-0.0100458 0.198296 0)
(-0.0149962 0.238512 0)
(-0.0200121 0.271193 0)
(-0.0247519 0.296516 0)
(-0.0289561 0.314811 0)
(-0.0324549 0.326525 0)
(-0.0351615 0.332176 0)
(-0.0370609 0.332328 0)
(-0.0381963 0.327557 0)
(-0.0386546 0.318434 0)
(-0.0385532 0.305508 0)
(-0.0380274 0.289294 0)
(-0.0372203 0.270266 0)
(-0.0362742 0.248853 0)
(-0.0353248 0.225437 0)
(-0.0344964 0.200356 0)
(-0.0338985 0.173903 0)
(-0.0336238 0.146332 0)
(-0.0337472 0.117861 0)
(-0.0343243 0.0886768 0)
(-0.0353913 0.0589419 0)
(-0.0369645 0.0287997 0)
(-0.0390395 -0.0016183 0)
(-0.0415912 -0.0321857 0)
(-0.0445726 -0.0627737 0)
(-0.0479149 -0.0932432 0)
(-0.0515262 -0.123437 0)
(-0.0552921 -0.15317 0)
(-0.0590753 -0.182221 0)
(-0.062717 -0.210327 0)
(-0.0660394 -0.237167 0)
(-0.068849 -0.262363 0)
(-0.0709433 -0.285468 0)
(-0.0721186 -0.305964 0)
(-0.0721816 -0.323259 0)
(-0.0709633 -0.336694 0)
(-0.0683365 -0.34555 0)
(-0.0642343 -0.349063 0)
(-0.0586711 -0.346454 0)
(-0.0517613 -0.336957 0)
(-0.0437357 -0.319865 0)
(-0.0349518 -0.294575 0)
(-0.0258961 -0.260644 0)
(-0.0171624 -0.217834 0)
(-0.00941295 -0.166157 0)
(-0.00348125 -0.105892 0)
(-0.000546273 -0.0376373 0)
(-0.000421164 0.0350063 0)
(-0.00264564 0.0986826 0)
(-0.00707175 0.155062 0)
(-0.0127336 0.203609 0)
(-0.0189498 0.244126 0)
(-0.0251996 0.276674 0)
(-0.0310459 0.30152 0)
(-0.0361609 0.319098 0)
(-0.0403335 0.329949 0)
(-0.0434593 0.334681 0)
(-0.0455249 0.333928 0)
(-0.0465895 0.328327 0)
(-0.0467662 0.318488 0)
(-0.0462047 0.304988 0)
(-0.0450757 0.288356 0)
(-0.0435588 0.269069 0)
(-0.0418322 0.247553 0)
(-0.0400651 0.224181 0)
(-0.0384131 0.199275 0)
(-0.0370141 0.173112 0)
(-0.0359859 0.145927 0)
(-0.0354253 0.117917 0)
(-0.0354071 0.0892488 0)
(-0.0359833 0.0600634 0)
(-0.0371833 0.0304824 0)
(-0.0390131 0.000615151 0)
(-0.0414547 -0.0294349 0)
(-0.0444655 -0.0595626 0)
(-0.0479777 -0.0896531 0)
(-0.0518968 -0.119574 0)
(-0.0561016 -0.149165 0)
(-0.0604436 -0.17823 0)
(-0.0647473 -0.206528 0)
(-0.0688124 -0.23376 0)
(-0.0724165 -0.259561 0)
(-0.0753216 -0.283494 0)
(-0.0772819 -0.305037 0)
(-0.0780565 -0.323585 0)
(-0.0774252 -0.338444 0)
(-0.0752083 -0.348842 0)
(-0.0712902 -0.353944 0)
(-0.0656455 -0.35287 0)
(-0.0583652 -0.344739 0)
(-0.0496795 -0.328708 0)
(-0.0399765 -0.304033 0)
(-0.0298082 -0.270132 0)
(-0.0198699 -0.226651 0)
(-0.010955 -0.173511 0)
(-0.00407229 -0.110949 0)
(-0.000643784 -0.039575 0)
(-0.000521938 0.03652 0)
(-0.00326125 0.102586 0)
(-0.00868291 0.160642 0)
(-0.0155682 0.210153 0)
(-0.0230559 0.250983 0)
(-0.0304942 0.283294 0)
(-0.0373452 0.307479 0)
(-0.0432144 0.324099 0)
(-0.0478571 0.333823 0)
(-0.0511624 0.337366 0)
(-0.0531306 0.335456 0)
(-0.0538486 0.328795 0)
(-0.0534663 0.318046 0)
(-0.052174 0.303815 0)
(-0.0501845 0.286646 0)
(-0.0477183 0.26702 0)
(-0.0449918 0.245357 0)
(-0.0422094 0.222016 0)
(-0.039558 0.197303 0)
(-0.0372031 0.171475 0)
(-0.0352869 0.144743 0)
(-0.0339272 0.117281 0)
(-0.0332165 0.0892343 0)
(-0.0332223 0.0607177 0)
(-0.0339867 0.0318292 0)
(-0.0355261 0.00265293 0)
(-0.0378305 -0.0267332 0)
(-0.0408631 -0.0562505 0)
(-0.0445587 -0.0858117 0)
(-0.0488228 -0.115312 0)
(-0.0535303 -0.144622 0)
(-0.0585244 -0.173575 0)
(-0.0636161 -0.201957 0)
(-0.068585 -0.229497 0)
(-0.0731818 -0.255853 0)
(-0.0771332 -0.280602 0)
(-0.0801499 -0.303227 0)
(-0.0819391 -0.323114 0)
(-0.0822216 -0.339541 0)
(-0.0807544 -0.351683 0)
(-0.077359 -0.358625 0)
(-0.0719532 -0.359378 0)
(-0.064586 -0.352923 0)
(-0.0554705 -0.338254 0)
(-0.0450119 -0.314452 0)
(-0.0338228 -0.280756 0)
(-0.0227044 -0.236651 0)
(-0.0125966 -0.18194 0)
(-0.004711 -0.116794 0)
(-0.000751271 -0.0418295 0)
(-0.000635365 0.0383662 0)
(-0.00394044 0.10732 0)
(-0.0104336 0.167359 0)
(-0.0185975 0.217955 0)
(-0.0273601 0.259059 0)
(-0.0359217 0.290969 0)
(-0.043639 0.314242 0)
(-0.0500562 0.32961 0)
(-0.054907 0.337896 0)
(-0.0580894 0.339952 0)
(-0.0596338 0.336611 0)
(-0.0596702 0.328659 0)
(-0.0583977 0.31681 0)
(-0.0560575 0.301703 0)
(-0.0529113 0.283897 0)
(-0.0492247 0.263874 0)
(-0.0452546 0.242042 0)
(-0.0412411 0.218745 0)
(-0.0374015 0.194267 0)
(-0.0339276 0.16884 0)
(-0.030984 0.14265 0)
(-0.0287072 0.115846 0)
(-0.0272062 0.0885435 0)
(-0.0265622 0.0608333 0)
(-0.0268291 0.032786 0)
(-0.0280335 0.0044589 0)
(-0.0301738 -0.0240978 0)
(-0.0332201 -0.0528342 0)
(-0.037112 -0.081693 0)
(-0.0417577 -0.110601 0)
(-0.0470314 -0.139462 0)
(-0.0527719 -0.168143 0)
(-0.0587807 -0.196466 0)
(-0.0648216 -0.224192 0)
(-0.0706215 -0.251011 0)
(-0.0758739 -0.276524 0)
(-0.0802458 -0.300229 0)
(-0.0833896 -0.321511 0)
(-0.0849604 -0.339626 0)
(-0.0846406 -0.353703 0)
(-0.0821724 -0.362743 0)
(-0.0773964 -0.365642 0)
(-0.0702966 -0.361221 0)
(-0.0610457 -0.348283 0)
(-0.0500466 -0.325687 0)
(-0.0379618 -0.292447 0)
(-0.025701 -0.247836 0)
(-0.0143681 -0.191488 0)
(-0.00541292 -0.12348 0)
(-0.000872144 -0.04443 0)
(-0.000766302 0.0405837 0)
(-0.00470599 0.112963 0)
(-0.0123707 0.175289 0)
(-0.0218812 0.227048 0)
(-0.0319147 0.268316 0)
(-0.0415045 0.29958 0)
(-0.0498996 0.321614 0)
(-0.0565937 0.335366 0)
(-0.0613176 0.341853 0)
(-0.0640003 0.342089 0)
(-0.0647236 0.337032 0)
(-0.0636796 0.327555 0)
(-0.0611312 0.31443 0)
(-0.0573815 0.298325 0)
(-0.0527479 0.27981 0)
(-0.0475448 0.25936 0)
(-0.0420707 0.237371 0)
(-0.0366002 0.214161 0)
(-0.0313791 0.189988 0)
(-0.0266225 0.165056 0)
(-0.0225143 0.139521 0)
(-0.0192067 0.113503 0)
(-0.0168222 0.0870888 0)
(-0.0154535 0.0603404 0)
(-0.0151648 0.0333004 0)
(-0.0159919 0.00599775 0)
(-0.017942 -0.0215463 0)
(-0.0209928 -0.0493119 0)
(-0.0250909 -0.0772735 0)
(-0.0301499 -0.105392 0)
(-0.0360475 -0.133607 0)
(-0.0426226 -0.161824 0)
(-0.0496727 -0.189906 0)
(-0.0569513 -0.217654 0)
(-0.0641669 -0.244798 0)
(-0.0709841 -0.270975 0)
(-0.0770289 -0.295709 0)
(-0.0818977 -0.318397 0)
(-0.085175 -0.338287 0)
(-0.0864579 -0.354468 0)
(-0.085392 -0.365866 0)
(-0.0817173 -0.371252 0)
(-0.075324 -0.369272 0)
(-0.0663127 -0.358505 0)
(-0.0550563 -0.337543 0)
(-0.0422481 -0.30511 0)
(-0.0289035 -0.260199 0)
(-0.0163095 -0.202211 0)
(-0.00619906 -0.131082 0)
(-0.00101115 -0.0474151 0)
(-0.000921647 0.0432257 0)
(-0.00558903 0.11962 0)
(-0.0145555 0.184525 0)
(-0.0254935 0.237462 0)
(-0.036777 0.278692 0)
(-0.0472533 0.308961 0)
(-0.0560672 0.329331 0)
(-0.0626816 0.341025 0)
(-0.0668527 0.345298 0)
(-0.0685704 0.343352 0)
(-0.0679959 0.336285 0)
(-0.0654052 0.325061 0)
(-0.0611422 0.310507 0)
(-0.0555821 0.293315 0)
(-0.0491041 0.274057 0)
(-0.0420733 0.253193 0)
(-0.0348287 0.231095 0)
(-0.0276764 0.208052 0)
(-0.0208869 0.184288 0)
(-0.0146939 0.159974 0)
(-0.00929546 0.135234 0)
(-0.00485558 0.110153 0)
(-0.00150596 0.08479 0)
(0.000652186 0.0591758 0)
(0.00154677 0.0333246 0)
(0.00113412 0.00723645 0)
(-0.000601171 -0.0190965 0)
(-0.00364536 -0.0456847 0)
(-0.00795384 -0.0725351 0)
(-0.0134488 -0.0996439 0)
(-0.0200158 -0.126988 0)
(-0.0274998 -0.154517 0)
(-0.0357006 -0.182135 0)
(-0.0443688 -0.209696 0)
(-0.0532023 -0.236976 0)
(-0.0618444 -0.263659 0)
(-0.0698852 -0.289312 0)
(-0.0768686 -0.31336 0)
(-0.0823061 -0.335061 0)
(-0.0857013 -0.353481 0)
(-0.0865864 -0.367479 0)
(-0.0845749 -0.375706 0)
(-0.0794278 -0.376623 0)
(-0.0711335 -0.36855 0)
(-0.0599937 -0.34976 0)
(-0.0467011 -0.31861 0)
(-0.0323653 -0.273722 0)
(-0.0184739 -0.214177 0)
(-0.00709842 -0.139692 0)
(-0.00117509 -0.0508368 0)
(-0.00111149 0.0463649 0)
(-0.00663283 0.127431 0)
(-0.0170691 0.195185 0)
(-0.0295241 0.249226 0)
(-0.042004 0.290087 0)
(-0.053153 0.318877 0)
(-0.0620267 0.33704 0)
(-0.0680912 0.346146 0)
(-0.0711699 0.347735 0)
(-0.0713541 0.343225 0)
(-0.0689179 0.33386 0)
(-0.064247 0.320694 0)
(-0.0577829 0.3046 0)
(-0.0499823 0.286281 0)
(-0.0412895 0.266296 0)
(-0.0321191 0.245082 0)
(-0.0228465 0.222971 0)
(-0.013804 0.200217 0)
(-0.00527954 0.177004 0)
(0.00248115 0.153463 0)
(0.00927206 0.129682 0)
(0.0149237 0.105713 0)
(0.0193 0.081581 0)
(0.0222956 0.0572879 0)
(0.0238337 0.0328189 0)
(0.0238645 0.00814625 0)
(0.0223656 -0.0167662 0)
(0.0193415 -0.0419584 0)
(0.0148264 -0.067469 0)
(0.00888623 -0.093329 0)
(0.00162284 -0.119555 0)
(-0.00682088 -0.146138 0)
(-0.0162553 -0.173035 0)
(-0.0264375 -0.20015 0)
(-0.0370651 -0.227319 0)
(-0.0477706 -0.254288 0)
(-0.0581188 -0.28068 0)
(-0.0676084 -0.30597 0)
(-0.0756817 -0.329448 0)
(-0.0817442 -0.350181 0)
(-0.0852011 -0.366985 0)
(-0.0855124 -0.378404 0)
(-0.0822702 -0.382709 0)
(-0.0752986 -0.377937 0)
(-0.0647713 -0.361984 0)
(-0.0513301 -0.33275 0)
(-0.0361505 -0.288368 0)
(-0.0209314 -0.227464 0)
(-0.00815179 -0.149435 0)
(-0.00137396 -0.0547659 0)
(-0.00135111 0.0501023 0)
(-0.00789882 0.136579 0)
(-0.0200184 0.20741 0)
(-0.0340789 0.262347 0)
(-0.0476399 0.302333 0)
(-0.059136 0.32899 0)
(-0.067569 0.344265 0)
(-0.0724641 0.35016 0)
(-0.0737711 0.348551 0)
(-0.071735 0.34109 0)
(-0.0667828 0.329169 0)
(-0.0594366 0.313918 0)
(-0.05025 0.296235 0)
(-0.0397668 0.276816 0)
(-0.028495 0.256189 0)
(-0.016893 0.234747 0)
(-0.00536459 0.212777 0)
(0.00574173 0.190483 0)
(0.0161297 0.168002 0)
(0.0255509 0.145422 0)
(0.0338 0.122791 0)
(0.0407092 0.100125 0)
(0.0461444 0.0774183 0)
(0.0500012 0.0546427 0)
(0.0522017 0.0317563 0)
(0.0526932 0.00870534 0)
(0.0514471 -0.0145726 0)
(0.0484591 -0.0381445 0)
(0.0437513 -0.0620786 0)
(0.0373747 -0.0864389 0)
(0.0294137 -0.11128 0)
(0.0199922 -0.136636 0)
(0.00928034 -0.162516 0)
(-0.00249657 -0.188883 0)
(-0.0150489 -0.215639 0)
(-0.0280133 -0.2426 0)
(-0.0409444 -0.269468 0)
(-0.0533101 -0.295791 0)
(-0.0644937 -0.320917 0)
(-0.0738066 -0.343952 0)
(-0.080519 -0.363701 0)
(-0.0839137 -0.378628 0)
(-0.0833709 -0.386828 0)
(-0.0784877 -0.386044 0)
(-0.0692324 -0.373735 0)
(-0.0561182 -0.347243 0)
(-0.0403311 -0.304056 0)
(-0.0237759 -0.242164 0)
(-0.00941777 -0.160474 0)
(-0.00162308 -0.0592997 0)
(-0.00166463 0.0545796 0)
(-0.0094763 0.147309 0)
(-0.0235451 0.221365 0)
(-0.0392748 0.276787 0)
(-0.0536908 0.315155 0)
(-0.0650366 0.338809 0)
(-0.0723299 0.350358 0)
(-0.075242 0.352334 0)
(-0.0739313 0.346992 0)
(-0.0688606 0.336223 0)
(-0.060653 0.321549 0)
(-0.0499907 0.304151 0)
(-0.0375488 0.284922 0)
(-0.0239562 0.26452 0)
(-0.00977607 0.243418 0)
(0.00450139 0.221948 0)
(0.018458 0.200334 0)
(0.0317426 0.178721 0)
(0.0440638 0.157194 0)
(0.0551821 0.135793 0)
(0.0649028 0.114524 0)
(0.0730689 0.0933692 0)
(0.0795554 0.0722897 0)
(0.0842645 0.0512315 0)
(0.087122 0.0301278 0)
(0.0880751 0.00890195 0)
(0.087091 -0.0125309 0)
(0.0841572 -0.0342613 0)
(0.0792825 -0.0563831 0)
(0.0725004 -0.0789898 0)
(0.0638734 -0.10217 0)
(0.0534991 -0.126002 0)
(0.0415189 -0.150543 0)
(0.0281281 -0.175817 0)
(0.0135879 -0.201798 0)
(-0.00176101 -0.228387 0)
(-0.017484 -0.255376 0)
(-0.0330401 -0.282412 0)
(-0.0477742 -0.308941 0)
(-0.0609185 -0.334143 0)
(-0.0716115 -0.356865 0)
(-0.0789438 -0.375538 0)
(-0.0820431 -0.38812 0)
(-0.0802079 -0.392065 0)
(-0.0731013 -0.384357 0)
(-0.0609932 -0.361663 0)
(-0.0449798 -0.320634 0)
(-0.0271314 -0.258372 0)
(-0.0109826 -0.173025 0)
(-0.00194684 -0.0645754 0)
(-0.00209184 0.0600005 0)
(-0.0114983 0.159941 0)
(-0.0278342 0.237217 0)
(-0.0452235 0.292417 0)
(-0.0600753 0.328101 0)
(-0.0705116 0.347625 0)
(-0.075692 0.354451 0)
(-0.0755642 0.35174 0)
(-0.0706012 0.342149 0)
(-0.0615565 0.327794 0)
(-0.0492897 0.310283 0)
(-0.0346583 0.290801 0)
(-0.0184559 0.270191 0)
(-0.00138357 0.249036 0)
(0.0159593 0.227726 0)
(0.0330714 0.20651 0)
(0.0495401 0.185534 0)
(0.0650301 0.164876 0)
(0.0792709 0.144562 0)
(0.0920462 0.124583 0)
(0.103183 0.104904 0)
(0.112546 0.0854737 0)
(0.120026 0.0662239 0)
(0.125537 0.0470774 0)
(0.129015 0.0279471 0)
(0.130411 0.00873768 0)
(0.129688 -0.0106532 0)
(0.126828 -0.0303345 0)
(0.121826 -0.0504202 0)
(0.114695 -0.071028 0)
(0.105472 -0.0922762 0)
(0.0942233 -0.11428 0)
(0.0810508 -0.137142 0)
(0.0661073 -0.160948 0)
(0.0496084 -0.185745 0)
(0.0318506 -0.211522 0)
(0.0132312 -0.238181 0)
(-0.00573051 -0.26549 0)
(-0.0243734 -0.293026 0)
(-0.0418804 -0.320099 0)
(-0.0572796 -0.345657 0)
(-0.0694719 -0.368175 0)
(-0.077303 -0.385542 0)
(-0.0797009 -0.394966 0)
(-0.0759019 -0.392947 0)
(-0.0657712 -0.375372 0)
(-0.0501478 -0.337826 0)
(-0.0311595 -0.276164 0)
(-0.0129759 -0.187369 0)
(-0.0023859 -0.070791 0)
(-0.00270148 0.0666661 0)
(-0.0141671 0.174894 0)
(-0.0331194 0.255107 0)
(-0.0519877 0.308928 0)
(-0.0665269 0.340439 0)
(-0.0749044 0.354409 0)
(-0.0766324 0.355378 0)
(-0.0721174 0.347211 0)
(-0.062275 0.332956 0)
(-0.0482199 0.314889 0)
(-0.0310745 0.294633 0)
(-0.011867 0.273304 0)
(0.0085121 0.251638 0)
(0.0293199 0.230098 0)
(0.0499524 0.208959 0)
(0.0699273 0.188364 0)
(0.0888644 0.168374 0)
(0.106467 0.14899 0)
(0.122505 0.130179 0)
(0.136799 0.111881 0)
(0.149213 0.0940256 0)
(0.159638 0.0765286 0)
(0.167992 0.0593 0)
(0.174208 0.0422432 0)
(0.178234 0.0252562 0)
(0.180028 0.0082309 0)
(0.179554 -0.00894664 0)
(0.176788 -0.0263972 0)
(0.171712 -0.0442484 0)
(0.164318 -0.0626347 0)
(0.154615 -0.0816966 0)
(0.142631 -0.101578 0)
(0.128422 -0.122424 0)
(0.112086 -0.144371 0)
(0.0937755 -0.167537 0)
(0.0737201 -0.192004 0)
(0.0522486 -0.217787 0)
(0.0298201 -0.244796 0)
(0.00705666 -0.272776 0)
(-0.0152247 -0.301217 0)
(-0.0359874 -0.329248 0)
(-0.0539733 -0.355484 0)
(-0.0677445 -0.377857 0)
(-0.0758014 -0.393432 0)
(-0.0768215 -0.39827 0)
(-0.0700528 -0.387413 0)
(-0.055813 -0.355129 0)
(-0.0360596 -0.295556 0)
(-0.0155969 -0.203872 0)
(-0.003011 -0.0782413 0)
(-0.00361659 0.0750359 0)
(-0.017795 0.1927 0)
(-0.0396697 0.275061 0)
(-0.0594769 0.325679 0)
(-0.0724088 0.350991 0)
(-0.0770151 0.357692 0)
(-0.0734878 0.351612 0)
(-0.0629272 0.337335 0)
(-0.0468222 0.318214 0)
(-0.0266968 0.296565 0)
(-0.00392824 0.27391 0)
(0.0203221 0.251201 0)
(0.0451169 0.228995 0)
(0.0697226 0.207591 0)
(0.0935775 0.187116 0)
(0.116258 0.167597 0)
(0.137449 0.148994 0)
(0.156917 0.131237 0)
(0.174493 0.114232 0)
(0.190051 0.097877 0)
(0.2035 0.0820675 0)
(0.214771 0.0666963 0)
(0.223811 0.0516557 0)
(0.23058 0.036837 0)
(0.235041 0.0221296 0)
(0.237161 0.00741958 0)
(0.236911 -0.00741191 0)
(0.234259 -0.0224901 0)
(0.229176 -0.0379485 0)
(0.221636 -0.0539297 0)
(0.211616 -0.070587 0)
(0.199104 -0.0880844 0)
(0.184105 -0.106595 0)
(0.166652 -0.126299 0)
(0.146821 -0.147375 0)
(0.12475 -0.16999 0)
(0.100668 -0.194273 0)
(0.074931 -0.220287 0)
(0.0480635 -0.247965 0)
(0.0208139 -0.277032 0)
(-0.0057938 -0.306877 0)
(-0.0304151 -0.336377 0)
(-0.0513748 -0.363663 0)
(-0.0667323 -0.385834 0)
(-0.0744913 -0.398656 0)
(-0.0730312 -0.396352 0)
(-0.0617627 -0.371656 0)
(-0.0420471 -0.3164 0)
(-0.0191528 -0.22299 0)
(-0.0039493 -0.0873797 0)
(-0.00506211 0.0858365 0)
(-0.0228579 0.21399 0)
(-0.0477159 0.296803 0)
(-0.0672108 0.341435 0)
(-0.0763666 0.357903 0)
(-0.0747208 0.355413 0)
(-0.0636072 0.341209 0)
(-0.0450779 0.320479 0)
(-0.0212878 0.296678 0)
(0.00584382 0.271961 0)
(0.0347532 0.247592 0)
(0.0642331 0.224245 0)
(0.0933853 0.20223 0)
(0.12156 0.181634 0)
(0.148298 0.162422 0)
(0.173282 0.144494 0)
(0.196296 0.127717 0)
(0.217197 0.111948 0)
(0.235894 0.0970473 0)
(0.252326 0.0828771 0)
(0.266457 0.0693086 0)
(0.278265 0.0562195 0)
(0.287732 0.0434931 0)
(0.294843 0.0310162 0)
(0.299583 0.0186771 0)
(0.301931 0.00636299 0)
(0.301863 -0.00604237 0)
(0.299345 -0.0186612 0)
(0.294339 -0.0316241 0)
(0.286799 -0.045073 0)
(0.276676 -0.0591634 0)
(0.263916 -0.0740665 0)
(0.248471 -0.0899714 0)
(0.230306 -0.107085 0)
(0.209407 -0.125632 0)
(0.185805 -0.145846 0)
(0.159601 -0.16796 0)
(0.131001 -0.192181 0)
(0.100371 -0.218642 0)
(0.068304 -0.247335 0)
(0.0357003 -0.277982 0)
(0.00386527 -0.309851 0)
(-0.0254095 -0.341469 0)
(-0.049815 -0.370229 0)
(-0.0666379 -0.391892 0)
(-0.0731468 -0.400063 0)
(-0.0673391 -0.38586 0)
(-0.0492614 -0.338173 0)
(-0.0241095 -0.245244 0)
(-0.00543301 -0.0989292 0)
(-0.00744542 0.100244 0)
(-0.0300406 0.239385 0)
(-0.0572067 0.31936 0)
(-0.0738016 0.35393 0)
(-0.075691 0.358336 0)
(-0.0643683 0.344795 0)
(-0.0428619 0.321845 0)
(-0.0143699 0.294926 0)
(0.0183134 0.267234 0)
(0.0530052 0.240487 0)
(0.0881157 0.215499 0)
(0.122541 0.192557 0)
(0.155545 0.171663 0)
(0.186656 0.152677 0)
(0.215586 0.135395 0)
(0.242169 0.119601 0)
(0.266321 0.105082 0)
(0.28801 0.091643 0)
(0.307234 0.0791067 0)
(0.324008 0.0673164 0)
(0.338355 0.0561314 0)
(0.350297 0.0454249 0)
(0.359857 0.0350803 0)
(0.367045 0.0249883 0)
(0.371868 0.0150435 0)
(0.374319 0.00514157 0)
(0.374379 -0.00482414 0)
(0.372016 -0.0149653 0)
(0.367184 -0.0254019 0)
(0.359823 -0.0362655 0)
(0.349857 -0.0477028 0)
(0.3372 -0.0598796 0)
(0.321753 -0.0729848 0)
(0.303411 -0.0872342 0)
(0.282072 -0.102874 0)
(0.25765 -0.120182 0)
(0.230099 -0.139465 0)
(0.19944 -0.161049 0)
(0.16582 -0.185253 0)
(0.129581 -0.212335 0)
(0.0913664 -0.242397 0)
(0.0522602 -0.275203 0)
(0.0139537 -0.309887 0)
(-0.0210878 -0.344473 0)
(-0.0495533 -0.375178 0)
(-0.0674796 -0.395477 0)
(-0.0709052 -0.395115 0)
(-0.0574885 -0.359563 0)
(-0.0311201 -0.271078 0)
(-0.00787883 -0.114061 0)
(-0.0114453 0.120129 0)
(-0.040129 0.269114 0)
(-0.0671044 0.340319 0)
(-0.0758594 0.359239 0)
(-0.0651959 0.348164 0)
(-0.0398589 0.322365 0)
(-0.00501964 0.291043 0)
(0.0350339 0.259197 0)
(0.0771396 0.229241 0)
(0.119163 0.202127 0)
(0.159761 0.178042 0)
(0.198143 0.156812 0)
(0.233882 0.138116 0)
(0.266781 0.121598 0)
(0.296784 0.106916 0)
(0.323916 0.0937647 0)
(0.348244 0.081881 0)
(0.369853 0.0710405 0)
(0.388836 0.061054 0)
(0.40528 0.0517606 0)
(0.419264 0.0430228 0)
(0.430856 0.0347207 0)
(0.440109 0.0267478 0)
(0.447062 0.0190066 0)
(0.451739 0.0114053 0)
(0.454145 0.00385402 0)
(0.454271 -0.00373796 0)
(0.452085 -0.0114655 0)
(0.447539 -0.0194307 0)
(0.440562 -0.0277468 0)
(0.431063 -0.0365417 0)
(0.418926 -0.0459631 0)
(0.40401 -0.0561834 0)
(0.386156 -0.0674064 0)
(0.365178 -0.0798743 0)
(0.340882 -0.0938753 0)
(0.313069 -0.109751 0)
(0.281562 -0.1279 0)
(0.246247 -0.148775 0)
(0.207138 -0.172862 0)
(0.16448 -0.200625 0)
(0.118918 -0.232372 0)
(0.0717293 -0.268007 0)
(0.0251395 -0.306544 0)
(-0.0173427 -0.34527 0)
(-0.0507296 -0.378392 0)
(-0.068766 -0.395141 0)
(-0.0654048 -0.377696 0)
(-0.0408683 -0.300417 0)
(-0.0119628 -0.134621 0)
(-0.0179067 0.148402 0)
(-0.0532022 0.301879 0)
(-0.0734901 0.354415 0)
(-0.0657814 0.35098 0)
(-0.0353767 0.321904 0)
(0.00857757 0.284362 0)
(0.0589009 0.246789 0)
(0.110823 0.212688 0)
(0.161465 0.183078 0)
(0.209264 0.157867 0)
(0.253486 0.136534 0)
(0.293886 0.118458 0)
(0.330481 0.103047 0)
(0.363423 0.0897942 0)
(0.39292 0.078278 0)
(0.419194 0.0681576 0)
(0.44246 0.0591591 0)
(0.462913 0.0510624 0)
(0.480726 0.0436898 0)
(0.496048 0.0368964 0)
(0.509003 0.030562 0)
(0.519691 0.0245851 0)
(0.528192 0.0188778 0)
(0.534564 0.0133612 0)
(0.538844 0.00796236 0)
(0.541049 0.00261098 0)
(0.541174 -0.00276346 0)
(0.539195 -0.00823446 0)
(0.535063 -0.0138814 0)
(0.528704 -0.019793 0)
(0.520017 -0.0260705 0)
(0.508872 -0.032833 0)
(0.495104 -0.0402226 0)
(0.478511 -0.0484117 0)
(0.458852 -0.057612 0)
(0.435843 -0.0680859 0)
(0.409159 -0.0801606 0)
(0.378439 -0.0942445 0)
(0.343308 -0.110844 0)
(0.303415 -0.130578 0)
(0.258511 -0.154173 0)
(0.2086 -0.18242 0)
(0.154182 -0.216021 0)
(0.0966746 -0.255227 0)
(0.0390053 -0.299035 0)
(-0.0136325 -0.343601 0)
(-0.0530852 -0.379365 0)
(-0.0686409 -0.386754 0)
(-0.0531447 -0.33145 0)
(-0.0184616 -0.163439 0)
(-0.0268616 0.189971 0)
(-0.0657044 0.332001 0)
(-0.0648938 0.350788 0)
(-0.0275706 0.31928 0)
(0.0302895 0.273063 0)
(0.0956831 0.227717 0)
(0.160958 0.188611 0)
(0.222312 0.15657 0)
(0.278198 0.130801 0)
(0.328268 0.110132 0)
(0.372751 0.0934533 0)
(0.412104 0.0798502 0)
(0.446848 0.0686085 0)
(0.477481 0.059184 0)
(0.504451 0.0511656 0)
(0.528143 0.0442418 0)
(0.548882 0.0381756 0)
(0.566941 0.0327848 0)
(0.582543 0.0279274 0)
(0.595871 0.0234911 0)
(0.607075 0.0193854 0)
(0.616272 0.0155355 0)
(0.623555 0.011878 0)
(0.628989 0.00835711 0)
(0.632619 0.00492192 0)
(0.634469 0.00152393 0)
(0.634539 -0.00188514 0)
(0.63281 -0.00535551 0)
(0.629238 -0.00894156 0)
(0.623753 -0.0127043 0)
(0.616256 -0.0167144 0)
(0.606618 -0.0210559 0)
(0.594668 -0.0258308 0)
(0.580194 -0.0311658 0)
(0.562929 -0.0372206 0)
(0.542544 -0.0441997 0)
(0.518638 -0.0523683 0)
(0.490723 -0.0620745 0)
(0.458222 -0.0737789 0)
(0.420466 -0.0880935 0)
(0.376718 -0.105828 0)
(0.326249 -0.128032 0)
(0.26851 -0.156004 0)
(0.203502 -0.191159 0)
(0.132483 -0.234554 0)
(0.0592216 -0.285497 0)
(-0.0081358 -0.338229 0)
(-0.0552652 -0.375471 0)
(-0.0637886 -0.35774 0)
(-0.0271554 -0.205241 0)
(-0.0330228 0.249948 0)
(-0.0619776 0.343297 0)
(-0.0121622 0.309958 0)
(0.0701013 0.251296 0)
(0.158532 0.196349 0)
(0.241818 0.152454 0)
(0.315642 0.119453 0)
(0.379313 0.0950303 0)
(0.433705 0.0768551 0)
(0.480121 0.0631249 0)
(0.519838 0.0525513 0)
(0.553963 0.0442382 0)
(0.583403 0.0375648 0)
(0.608886 0.0320989 0)
(0.630989 0.0275353 0)
(0.65017 0.0236552 0)
(0.66679 0.020299 0)
(0.681139 0.0173482 0)
(0.693446 0.0147131 0)
(0.703893 0.0123247 0)
(0.712624 0.0101282 0)
(0.719752 0.00807958 0)
(0.725364 0.00614181 0)
(0.729525 0.00428294 0)
(0.732276 0.00247415 0)
(0.733641 0.000688209 0)
(0.733625 -0.00110186 0)
(0.732213 -0.00292404 0)
(0.729371 -0.00480869 0)
(0.725039 -0.00679007 0)
(0.719134 -0.00890817 0)
(0.711543 -0.0112111 0)
(0.702117 -0.0137581 0)
(0.690662 -0.016624 0)
(0.67693 -0.0199053 0)
(0.660608 -0.0237284 0)
(0.641292 -0.0282628 0)
(0.618473 -0.03374 0)
(0.591498 -0.0404817 0)
(0.559536 -0.0489445 0)
(0.521537 -0.0597858 0)
(0.476192 -0.073964 0)
(0.421945 -0.0928747 0)
(0.357108 -0.118507 0)
(0.28032 -0.153495 0)
(0.191787 -0.200593 0)
(0.0956214 -0.260327 0)
(0.00351274 -0.324851 0)
(-0.0564012 -0.362297 0)
(-0.032113 -0.264064 0)
(0.000994729 0.294694 0)
(0.0164777 0.298228 0)
(0.151581 0.212647 0)
(0.281895 0.145108 0)
(0.3871 0.0996598 0)
(0.470677 0.0701105 0)
(0.536809 0.0510446 0)
(0.589347 0.0385177 0)
(0.631612 0.0300043 0)
(0.666127 0.0239936 0)
(0.69471 0.0195903 0)
(0.718666 0.0162539 0)
(0.738941 0.0136488 0)
(0.756227 0.0115597 0)
(0.771039 0.009844 0)
(0.783765 0.00840442 0)
(0.7947 0.00717251 0)
(0.804073 0.00609897 0)
(0.81206 0.00514738 0)
(0.818799 0.00429019 0)
(0.8244 0.00350602 0)
(0.828945 0.00277782 0)
(0.832498 0.00209154 0)
(0.835106 0.00143514 0)
(0.836802 0.000797864 0)
(0.837602 0.000169612 0)
(0.837512 -0.000459568 0)
(0.836523 -0.00110002 0)
(0.834612 -0.00176299 0)
(0.831739 -0.0024612 0)
(0.827847 -0.00320962 0)
(0.822857 -0.00402644 0)
(0.816663 -0.00493432 0)
(0.809128 -0.00596227 0)
(0.80007 -0.00714825 0)
(0.789256 -0.00854318 0)
(0.776379 -0.010217 0)
(0.761034 -0.0122682 0)
(0.742683 -0.0148401 0)
(0.7206 -0.0181473 0)
(0.693789 -0.0225242 0)
(0.660869 -0.0285103 0)
(0.619901 -0.0370079 0)
(0.568155 -0.0495649 0)
(0.501948 -0.0688357 0)
(0.416868 -0.0991177 0)
(0.30807 -0.146516 0)
(0.171283 -0.217758 0)
(0.0270607 -0.307342 0)
(0.00516571 -0.302923 0)
(0.29021 0.152375 0)
(0.389335 0.128136 0)
(0.564988 0.0746286 0)
(0.682629 0.0421565 0)
(0.752149 0.0245015 0)
(0.797236 0.0149141 0)
(0.828631 0.00966018 0)
(0.851484 0.00668638 0)
(0.868811 0.00490555 0)
(0.882416 0.00376656 0)
(0.893386 0.00299068 0)
(0.902407 0.00243243 0)
(0.909935 0.00201218 0)
(0.916284 0.00168393 0)
(0.921675 0.00141958 0)
(0.926272 0.00120109 0)
(0.930195 0.00101637 0)
(0.933537 0.000856957 0)
(0.936368 0.000716804 0)
(0.938741 0.000591417 0)
(0.9407 0.000477379 0)
(0.942277 0.000372003 0)
(0.943495 0.000273104 0)
(0.944375 0.000178832 0)
(0.944927 8.75455e-05 0)
(0.945159 -2.28758e-06 0)
(0.945073 -9.21618e-05 0)
(0.944666 -0.00018367 0)
(0.94393 -0.000278521 0)
(0.94285 -0.00037867 0)
(0.941405 -0.000486439 0)
(0.939566 -0.000604678 0)
(0.937291 -0.000736993 0)
(0.934528 -0.000888063 0)
(0.931208 -0.00106413 0)
(0.927238 -0.00127373 0)
(0.922496 -0.00152895 0)
(0.916818 -0.00184743 0)
(0.909979 -0.00225612 0)
(0.901664 -0.0027983 0)
(0.891418 -0.00354779 0)
(0.878561 -0.00463859 0)
(0.862017 -0.00632886 0)
(0.840001 -0.00913857 0)
(0.809477 -0.0141266 0)
(0.765197 -0.0233831 0)
(0.696252 -0.0408682 0)
(0.577985 -0.0737915 0)
(0.397953 -0.128726 0)
(0.293808 -0.153729 0)
)
;

boundaryField
{
    movingWallTop
    {
        type            fixedValue;
        value           uniform (1 0 0);
    }
    movingWallBottom
    {
        type            fixedValue;
        value           uniform (-1 0 0);
    }
    fixedWalls
    {
        type            noSlip;
    }
    frontAndBack
    {
        type            empty;
    }
}


// ************************************************************************* //
