/*--------------------------------*- C++ -*----------------------------------*\
  =========                 |
  \\      /  F ield         | OpenFOAM: The Open Source CFD Toolbox
   \\    /   O peration     | Website:  https://openfoam.org
    \\  /    A nd           | Version:  7
     \\/     M anipulation  |
\*---------------------------------------------------------------------------*/
FoamFile
{
    version     2.0;
    format      ascii;
    class       surfaceScalarField;
    location    "0.025";
    object      phi;
}
// * * * * * * * * * * * * * * * * * * * * * * * * * * * * * * * * * * * * * //

dimensions      [0 3 -1 0 0 0 0];

internalField   nonuniform List<scalar> 
4900
(
8.59448e-10
-8.59617e-10
1.50728e-09
-6.47809e-10
1.11603e-09
3.91237e-10
-5.33356e-10
1.6494e-09
-3.43356e-09
2.90018e-09
-7.4695e-09
4.03591e-09
-1.24769e-08
5.00736e-09
-1.82765e-08
5.79966e-09
-2.46893e-08
6.41282e-09
-3.15428e-08
6.85355e-09
-3.86748e-08
7.1319e-09
-4.59344e-08
7.25959e-09
-5.31834e-08
7.24902e-09
-6.02961e-08
7.11271e-09
-6.71591e-08
6.863e-09
-7.36709e-08
6.51187e-09
-7.97417e-08
6.07076e-09
-8.52922e-08
5.55054e-09
-9.02537e-08
4.96146e-09
-9.45669e-08
4.31319e-09
-9.81818e-08
3.61489e-09
-1.01057e-07
2.87529e-09
-1.0316e-07
2.10276e-09
-1.04465e-07
1.30548e-09
-1.04957e-07
4.91535e-10
-1.04626e-07
-3.30919e-10
-1.03472e-07
-1.15356e-09
-1.01505e-07
-1.96774e-09
-9.87402e-08
-2.76441e-09
-9.52061e-08
-3.53402e-09
-9.09397e-08
-4.26643e-09
-8.59888e-08
-4.95091e-09
-8.04127e-08
-5.57609e-09
-7.42826e-08
-6.13008e-09
-6.76822e-08
-6.60046e-09
-6.07078e-08
-6.97442e-09
-5.34688e-08
-7.23893e-09
-4.60879e-08
-7.38094e-09
-3.87003e-08
-7.38758e-09
-3.14538e-08
-7.24651e-09
-2.45075e-08
-6.9463e-09
-1.80305e-08
-6.477e-09
-1.21995e-08
-5.83105e-09
-7.19451e-09
-5.00497e-09
-3.19201e-09
-4.00251e-09
-3.49202e-10
-2.84283e-09
1.23166e-09
-1.58087e-09
1.55638e-09
-3.24708e-10
8.65681e-10
6.90705e-10
8.65678e-10
6.60154e-10
-1.51976e-09
5.04932e-11
-3.81939e-11
-2.92554e-09
3.36729e-09
-8.76225e-09
7.4861e-09
-1.74984e-08
1.16364e-08
-2.89366e-08
1.54741e-08
-4.27499e-08
1.88206e-08
-5.85451e-08
2.15948e-08
-7.59026e-08
2.37704e-08
-9.44007e-08
2.53517e-08
-1.1363e-07
2.6361e-08
-1.33201e-07
2.68308e-08
-1.52751e-07
2.67991e-08
-1.71946e-07
2.63071e-08
-1.90479e-07
2.53966e-08
-2.08077e-07
2.41095e-08
-2.24493e-07
2.24866e-08
-2.39509e-07
2.05673e-08
-2.52937e-07
1.83893e-08
-2.64613e-07
1.59885e-08
-2.74397e-07
1.33991e-08
-2.82176e-07
1.06543e-08
-2.87859e-07
7.78568e-09
-2.91378e-07
4.82451e-09
-2.92688e-07
1.80165e-09
-2.91767e-07
-1.25182e-09
-2.88616e-07
-4.3042e-09
-2.83261e-07
-7.32274e-09
-2.75752e-07
-1.02733e-08
-2.66166e-07
-1.31199e-08
-2.54608e-07
-1.58249e-08
-2.4121e-07
-1.83484e-08
-2.26138e-07
-2.06488e-08
-2.09585e-07
-2.26825e-08
-1.91781e-07
-2.44045e-08
-1.72987e-07
-2.57691e-08
-1.53495e-07
-2.67301e-08
-1.33634e-07
-2.72422e-08
-1.1376e-07
-2.72617e-08
-9.42581e-08
-2.67485e-08
-7.55366e-08
-2.56678e-08
-5.80206e-08
-2.3993e-08
-4.21411e-08
-2.17105e-08
-2.83198e-08
-1.88264e-08
-1.6943e-08
-1.53793e-08
-8.32178e-09
-1.14641e-08
-2.62939e-09
-7.27324e-09
2.09422e-10
-3.1635e-09
7.00386e-10
1.9974e-10
1.56607e-09
-3.48157e-10
-1.17161e-09
-3.28369e-09
2.89736e-09
-9.86605e-09
9.9496e-09
-2.04924e-08
1.81124e-08
-3.51905e-08
2.63346e-08
-5.37067e-08
3.39903e-08
-7.56093e-08
4.07232e-08
-1.00363e-07
4.6349e-08
-1.27383e-07
5.07899e-08
-1.56065e-07
5.40333e-08
-1.85812e-07
5.6108e-08
-2.16049e-07
5.70683e-08
-2.46234e-07
5.69841e-08
-2.75861e-07
5.5934e-08
-3.04466e-07
5.40013e-08
-3.31627e-07
5.12706e-08
-3.56966e-07
4.78258e-08
-3.80147e-07
4.37488e-08
-4.00877e-07
3.91186e-08
-4.189e-07
3.40116e-08
-4.34001e-07
2.85008e-08
-4.46004e-07
2.26568e-08
-4.54766e-07
1.65481e-08
-4.60184e-07
1.02418e-08
-4.62187e-07
3.80472e-09
-4.60742e-07
-2.69613e-09
-4.55854e-07
-9.19238e-09
-4.47563e-07
-1.56135e-08
-4.3595e-07
-2.18863e-08
-4.21136e-07
-2.79341e-08
-4.03284e-07
-3.36765e-08
-3.82604e-07
-3.90292e-08
-3.59348e-07
-4.39043e-08
-3.3382e-07
-4.82104e-08
-3.06371e-07
-5.18541e-08
-2.77399e-07
-5.47406e-08
-2.47354e-07
-5.67755e-08
-2.16729e-07
-5.78672e-08
-1.86061e-07
-5.79294e-08
-1.55924e-07
-5.68852e-08
-1.26921e-07
-5.46713e-08
-9.96686e-08
-5.12452e-08
-7.47843e-08
-4.65948e-08
-5.28574e-08
-4.07532e-08
-3.44143e-08
-3.38223e-08
-1.98666e-08
-2.60118e-08
-9.43727e-09
-1.77026e-08
-3.06089e-09
-9.53987e-09
-2.77162e-10
-2.58399e-09
1.28892e-09
-1.57024e-09
3.9865e-10
-7.34287e-09
8.66998e-09
-1.79735e-08
2.05802e-08
-3.37007e-08
3.38396e-08
-5.44353e-08
4.70691e-08
-7.98309e-08
5.93859e-08
-1.09359e-07
7.02508e-08
-1.42371e-07
7.93619e-08
-1.78156e-07
8.65747e-08
-2.15972e-07
9.18488e-08
-2.55077e-07
9.52129e-08
-2.9475e-07
9.67414e-08
-3.34304e-07
9.65382e-08
-3.73095e-07
9.4725e-08
-4.10528e-07
9.14342e-08
-4.46059e-07
8.68021e-08
-4.792e-07
8.09662e-08
-5.09513e-07
7.40621e-08
-5.36616e-07
6.62216e-08
-5.60177e-07
5.75727e-08
-5.79915e-07
4.82388e-08
-5.95598e-07
3.83397e-08
-6.07041e-07
2.79917e-08
-6.14109e-07
1.73094e-08
-6.16711e-07
6.40658e-09
-6.14805e-07
-4.60227e-09
-6.08396e-07
-1.56006e-08
-5.97541e-07
-2.64686e-08
-5.82346e-07
-3.70817e-08
-5.6297e-07
-4.73102e-08
-5.39628e-07
-5.70184e-08
-5.12592e-07
-6.60646e-08
-4.82195e-07
-7.43014e-08
-4.48829e-07
-8.15767e-08
-4.12948e-07
-8.77353e-08
-3.75067e-07
-9.26209e-08
-3.35763e-07
-9.60796e-08
-2.95667e-07
-9.79633e-08
-2.55462e-07
-9.8135e-08
-2.15871e-07
-9.64757e-08
-1.7765e-07
-9.2892e-08
-1.41567e-07
-8.73282e-08
-1.08381e-07
-7.97817e-08
-7.88081e-08
-7.03257e-08
-5.34882e-08
-5.91422e-08
-3.29273e-08
-4.65727e-08
-1.74353e-08
-3.31946e-08
-7.05236e-09
-1.99228e-08
-1.47967e-09
-8.15666e-09
-1.90743e-10
-2.80608e-09
3.20471e-09
-1.15311e-08
1.7395e-08
-2.63736e-08
3.54227e-08
-4.73078e-08
5.47738e-08
-7.40674e-08
7.38288e-08
-1.06176e-07
9.1495e-08
-1.42996e-07
1.0707e-07
-1.83772e-07
1.20138e-07
-2.27683e-07
1.30486e-07
-2.73874e-07
1.38039e-07
-3.21485e-07
1.42824e-07
-3.69678e-07
1.44934e-07
-4.17648e-07
1.44508e-07
-4.64637e-07
1.41714e-07
-5.09943e-07
1.3674e-07
-5.5292e-07
1.2978e-07
-5.92987e-07
1.21033e-07
-6.29623e-07
1.10698e-07
-6.6237e-07
9.89686e-08
-6.90831e-07
8.60335e-08
-7.14669e-07
7.20764e-08
-7.33605e-07
5.72756e-08
-7.47418e-07
4.18051e-08
-7.55945e-07
2.58364e-08
-7.59079e-07
9.53998e-09
-7.56768e-07
-6.91262e-09
-7.49022e-07
-2.33469e-08
-7.35907e-07
-3.95835e-08
-7.17552e-07
-5.54367e-08
-6.94149e-07
-7.07131e-08
-6.65956e-07
-8.5211e-08
-6.33301e-07
-9.87204e-08
-5.96579e-07
-1.11024e-07
-5.56259e-07
-1.21897e-07
-5.12882e-07
-1.31112e-07
-4.6706e-07
-1.38443e-07
-4.19475e-07
-1.43665e-07
-3.70872e-07
-1.46567e-07
-3.22052e-07
-1.46955e-07
-2.73864e-07
-1.44664e-07
-2.27187e-07
-1.39569e-07
-1.8291e-07
-1.31605e-07
-1.41911e-07
-1.20781e-07
-1.05019e-07
-1.07218e-07
-7.29796e-08
-9.11813e-08
-4.64081e-08
-7.31442e-08
-2.57394e-08
-5.38633e-08
-1.11834e-08
-3.44788e-08
-2.69546e-09
-1.66446e-08
-2.88619e-09
-3.97462e-09
7.17932e-09
-1.55928e-08
2.90132e-08
-3.46199e-08
5.44498e-08
-6.07271e-08
8.0881e-08
-9.3432e-08
1.06534e-07
-1.32098e-07
1.30161e-07
-1.75957e-07
1.50929e-07
-2.24144e-07
1.68325e-07
-2.7573e-07
1.82072e-07
-3.29757e-07
1.92066e-07
-3.85265e-07
1.98332e-07
-4.41314e-07
2.00983e-07
-4.97e-07
2.00194e-07
-5.51472e-07
1.96186e-07
-6.03935e-07
1.89203e-07
-6.53662e-07
1.79507e-07
-6.99992e-07
1.67363e-07
-7.42333e-07
1.5304e-07
-7.80166e-07
1.36801e-07
-8.13037e-07
1.18905e-07
-8.40563e-07
9.96023e-08
-8.62426e-07
7.91384e-08
-8.78374e-07
5.7753e-08
-8.8822e-07
3.56823e-08
-8.91841e-07
1.31615e-08
-8.89181e-07
-9.57256e-09
-8.80249e-07
-3.22793e-08
-8.65121e-07
-5.47116e-08
-8.43944e-07
-7.66138e-08
-8.16937e-07
-9.77201e-08
-7.84394e-07
-1.17754e-07
-7.46686e-07
-1.36428e-07
-7.04266e-07
-1.53444e-07
-6.57664e-07
-1.68499e-07
-6.07494e-07
-1.81282e-07
-5.54449e-07
-1.91487e-07
-4.99299e-07
-1.98815e-07
-4.42885e-07
-2.02981e-07
-3.8611e-07
-2.0373e-07
-3.29926e-07
-2.00848e-07
-2.75319e-07
-1.94176e-07
-2.23287e-07
-1.83636e-07
-1.74816e-07
-1.69253e-07
-1.30843e-07
-1.5119e-07
-9.22293e-08
-1.29795e-07
-5.97171e-08
-1.05656e-07
-3.38988e-08
-7.96816e-08
-1.51929e-08
-5.31847e-08
-3.84687e-09
-2.79905e-08
-6.73307e-09
-5.05028e-09
1.22296e-08
-1.94312e-08
4.33941e-08
-4.25224e-08
7.75411e-08
-7.36924e-08
1.12051e-07
-1.12225e-07
1.45066e-07
-1.57302e-07
1.75238e-07
-2.08009e-07
2.01636e-07
-2.63357e-07
2.23673e-07
-3.22308e-07
2.41023e-07
-3.83804e-07
2.53562e-07
-4.46788e-07
2.61316e-07
-5.10229e-07
2.64424e-07
-5.73139e-07
2.63104e-07
-6.34582e-07
2.57629e-07
-6.93689e-07
2.4831e-07
-7.49658e-07
2.35476e-07
-8.01764e-07
2.19469e-07
-8.49356e-07
2.00632e-07
-8.91861e-07
1.79306e-07
-9.28781e-07
1.55825e-07
-9.59692e-07
1.30513e-07
-9.84243e-07
1.03689e-07
-1.00216e-06
7.56659e-08
-1.01322e-06
4.67504e-08
-1.01731e-06
1.72493e-08
-1.01436e-06
-1.25289e-08
-1.00436e-06
-4.22708e-08
-9.87421e-07
-7.16543e-08
-9.63688e-07
-1.00347e-07
-9.33405e-07
-1.28003e-07
-8.96894e-07
-1.54264e-07
-8.54565e-07
-1.78757e-07
-8.06913e-07
-2.01096e-07
-7.54524e-07
-2.20889e-07
-6.9807e-07
-2.37736e-07
-6.38314e-07
-2.51243e-07
-5.76103e-07
-2.61026e-07
-5.12359e-07
-2.66725e-07
-4.48073e-07
-2.68015e-07
-3.84294e-07
-2.64627e-07
-3.22103e-07
-2.56366e-07
-2.62603e-07
-2.43136e-07
-2.06885e-07
-2.24971e-07
-1.56002e-07
-2.02073e-07
-1.10941e-07
-1.74856e-07
-7.25916e-08
-1.44006e-07
-4.17236e-08
-1.1055e-07
-1.89821e-08
-7.59262e-08
-4.90526e-09
-4.20674e-08
-1.16383e-08
-6.03861e-09
1.82682e-08
-2.30368e-08
6.03922e-08
-5.00435e-08
1.04548e-07
-8.61418e-08
1.48149e-07
-1.30379e-07
1.89304e-07
-1.81743e-07
2.26602e-07
-2.3916e-07
2.59053e-07
-3.01504e-07
2.86018e-07
-3.67623e-07
3.07142e-07
-4.36352e-07
3.22291e-07
-5.06542e-07
3.31506e-07
-5.77075e-07
3.34957e-07
-6.46882e-07
3.32911e-07
-7.14953e-07
3.25701e-07
-7.80351e-07
3.13707e-07
-8.42212e-07
2.97337e-07
-8.99756e-07
2.77012e-07
-9.5228e-07
2.53157e-07
-9.99168e-07
2.26194e-07
-1.03988e-06
1.96539e-07
-1.07397e-06
1.64596e-07
-1.10104e-06
1.30764e-07
-1.12081e-06
9.54311e-08
-1.13304e-06
5.89823e-08
-1.13759e-06
2.18007e-08
-1.13439e-06
-1.57285e-08
-1.12345e-06
-5.32135e-08
-1.10485e-06
-9.02521e-08
-1.07877e-06
-1.26429e-07
-1.04546e-06
-1.61313e-07
-1.00527e-06
-1.94455e-07
-9.58631e-07
-2.25392e-07
-9.06084e-07
-2.53643e-07
-8.48255e-07
-2.78718e-07
-7.85869e-07
-3.00122e-07
-7.19747e-07
-3.17364e-07
-6.50803e-07
-3.2997e-07
-5.80034e-07
-3.37494e-07
-5.08514e-07
-3.39535e-07
-4.37378e-07
-3.35764e-07
-3.67804e-07
-3.25939e-07
-3.00999e-07
-3.09942e-07
-2.38164e-07
-2.87806e-07
-1.80478e-07
-2.59759e-07
-1.29067e-07
-2.26267e-07
-8.49811e-08
-1.88092e-07
-4.91819e-08
-1.46349e-07
-2.25434e-08
-1.02565e-07
-5.87651e-09
-5.87343e-08
-1.75148e-08
-6.95635e-09
2.52246e-08
-2.64435e-08
7.98794e-08
-5.72296e-08
1.35334e-07
-9.8135e-08
1.89055e-07
-1.47976e-07
2.39144e-07
-2.0554e-07
2.84166e-07
-2.69583e-07
3.23096e-07
-3.38836e-07
3.55271e-07
-4.12018e-07
3.80324e-07
-4.87857e-07
3.9813e-07
-5.65106e-07
4.08755e-07
-6.4256e-07
4.12411e-07
-7.19072e-07
4.09423e-07
-7.93564e-07
4.00193e-07
-8.65037e-07
3.85179e-07
-9.3257e-07
3.64871e-07
-9.95335e-07
3.39777e-07
-1.05259e-06
3.10409e-07
-1.10367e-06
2.77277e-07
-1.14801e-06
2.40882e-07
-1.18513e-06
2.01717e-07
-1.21463e-06
1.6026e-07
-1.23618e-06
1.16984e-07
-1.24955e-06
7.23528e-08
-1.25458e-06
2.68305e-08
-1.25119e-06
-1.91165e-08
-1.23939e-06
-6.50142e-08
-1.21927e-06
-1.10376e-07
-1.191e-06
-1.54699e-07
-1.15485e-06
-1.97461e-07
-1.11119e-06
-2.38119e-07
-1.06047e-06
-2.76111e-07
-1.00326e-06
-3.10854e-07
-9.40219e-07
-3.41757e-07
-8.72123e-07
-3.68218e-07
-7.99844e-07
-3.89643e-07
-7.24356e-07
-4.05459e-07
-6.46725e-07
-4.15124e-07
-5.68104e-07
-4.18156e-07
-4.89717e-07
-4.14152e-07
-4.12839e-07
-4.02817e-07
-3.38785e-07
-3.83997e-07
-2.68877e-07
-3.57714e-07
-2.04428e-07
-3.24207e-07
-1.46716e-07
-2.8398e-07
-9.69633e-08
-2.37845e-07
-5.63304e-08
-1.86982e-07
-2.59155e-08
-1.3298e-07
-6.77874e-09
-7.7871e-08
-2.42936e-08
-7.82368e-09
3.30483e-08
-2.97051e-08
1.01761e-07
-6.41712e-08
1.698e-07
-1.09801e-07
2.34684e-07
-1.65186e-07
2.94529e-07
-2.28914e-07
3.47894e-07
-2.99562e-07
3.93745e-07
-3.75708e-07
4.31416e-07
-4.55935e-07
4.60551e-07
-5.38854e-07
4.8105e-07
-6.23117e-07
4.93018e-07
-7.0743e-07
4.96724e-07
-7.90569e-07
4.92562e-07
-8.71388e-07
4.81012e-07
-9.48828e-07
4.62619e-07
-1.02192e-06
4.37963e-07
-1.08979e-06
4.07646e-07
-1.15165e-06
3.72274e-07
-1.20683e-06
3.32449e-07
-1.25471e-06
2.88766e-07
-1.2948e-06
2.41804e-07
-1.32667e-06
1.9213e-07
-1.34998e-06
1.40301e-07
-1.3645e-06
8.68652e-08
-1.37004e-06
3.23699e-08
-1.36652e-06
-2.26349e-08
-1.35394e-06
-7.75897e-08
-1.3324e-06
-1.3192e-07
-1.30206e-06
-1.85033e-07
-1.26322e-06
-2.36309e-07
-1.21623e-06
-2.85109e-07
-1.16157e-06
-3.30764e-07
-1.09984e-06
-3.72586e-07
-1.03173e-06
-4.0987e-07
-9.58041e-07
-4.41905e-07
-8.79702e-07
-4.67983e-07
-7.97741e-07
-4.87419e-07
-7.13294e-07
-4.99571e-07
-6.27591e-07
-5.03859e-07
-5.41944e-07
-4.99798e-07
-4.57735e-07
-4.87026e-07
-3.76391e-07
-4.65341e-07
-2.99367e-07
-4.34738e-07
-2.2812e-07
-3.95454e-07
-1.64093e-07
-3.48007e-07
-1.0869e-07
-2.93247e-07
-6.32736e-08
-2.32399e-07
-2.91586e-08
-1.67095e-07
-7.63399e-09
-9.93956e-08
-3.19276e-08
-8.66141e-09
4.17097e-08
-3.28839e-08
1.25983e-07
-7.09808e-08
2.07897e-07
-1.21306e-07
2.8501e-07
-1.82235e-07
3.55458e-07
-2.52152e-07
4.1781e-07
-3.2945e-07
4.71044e-07
-4.12545e-07
5.1451e-07
-4.99877e-07
5.47883e-07
-5.89931e-07
5.71104e-07
-6.81253e-07
5.84339e-07
-7.72455e-07
5.87926e-07
-8.62234e-07
5.82341e-07
-9.49377e-07
5.68156e-07
-1.03277e-06
5.4601e-07
-1.11139e-06
5.16586e-07
-1.18433e-06
4.80585e-07
-1.25077e-06
4.38714e-07
-1.31e-06
3.91676e-07
-1.36139e-06
3.4016e-07
-1.40442e-06
2.84838e-07
-1.43866e-06
2.26367e-07
-1.46375e-06
1.65392e-07
-1.47943e-06
1.02547e-07
-1.48553e-06
3.84645e-08
-1.48194e-06
-2.62206e-08
-1.46867e-06
-9.08616e-08
-1.4458e-06
-1.54794e-07
-1.4135e-06
-2.17331e-07
-1.37205e-06
-2.77756e-07
-1.32184e-06
-3.35324e-07
-1.26334e-06
-3.89259e-07
-1.19717e-06
-4.38758e-07
-1.12404e-06
-4.82999e-07
-1.0448e-06
-5.21147e-07
-9.60408e-07
-5.52374e-07
-8.71953e-07
-5.75874e-07
-7.80637e-07
-5.90887e-07
-6.87769e-07
-5.96727e-07
-5.94758e-07
-5.92809e-07
-5.03093e-07
-5.78691e-07
-4.14327e-07
-5.54107e-07
-3.30056e-07
-5.19009e-07
-2.51896e-07
-4.73613e-07
-1.81465e-07
-4.18439e-07
-1.20358e-07
-3.54354e-07
-7.01407e-08
-2.82615e-07
-3.2343e-08
-2.04892e-07
-8.46525e-09
-1.23273e-07
-4.03928e-08
-9.48973e-09
5.11994e-08
-3.60443e-08
1.52538e-07
-7.77799e-08
2.49633e-07
-1.32837e-07
3.40067e-07
-1.99375e-07
4.21996e-07
-2.75573e-07
4.94009e-07
-3.59639e-07
5.55109e-07
-4.49812e-07
6.04683e-07
-5.44383e-07
6.42454e-07
-6.41704e-07
6.68426e-07
-7.40206e-07
6.8284e-07
-8.38404e-07
6.86124e-07
-9.34913e-07
6.7885e-07
-1.02845e-06
6.61695e-07
-1.11785e-06
6.35407e-07
-1.20204e-06
6.00779e-07
-1.28008e-06
5.58622e-07
-1.35112e-06
5.09752e-07
-1.41441e-06
4.54975e-07
-1.46934e-06
3.95081e-07
-1.51534e-06
3.30839e-07
-1.55197e-06
2.63e-07
-1.57887e-06
1.92296e-07
-1.59577e-06
1.19448e-07
-1.60248e-06
4.51739e-08
-1.5989e-06
-2.98044e-08
-1.58501e-06
-1.04753e-07
-1.56089e-06
-1.78916e-07
-1.52671e-06
-2.51512e-07
-1.48274e-06
-3.21723e-07
-1.42937e-06
-3.88697e-07
-1.36708e-06
-4.51544e-07
-1.2965e-06
-5.09341e-07
-1.21836e-06
-5.61138e-07
-1.13353e-06
-6.05972e-07
-1.04303e-06
-6.42879e-07
-9.47982e-07
-6.70921e-07
-8.49663e-07
-6.89207e-07
-7.49465e-07
-6.96924e-07
-6.48896e-07
-6.93378e-07
-5.49562e-07
-6.78025e-07
-4.53152e-07
-6.50517e-07
-3.61415e-07
-6.10746e-07
-2.7614e-07
-5.58889e-07
-1.9913e-07
-4.95449e-07
-1.32182e-07
-4.21301e-07
-7.70727e-08
-3.37725e-07
-3.55425e-08
-2.46423e-07
-9.29525e-09
-1.49521e-07
-4.96881e-08
-1.03278e-08
6.15272e-08
-3.92502e-08
1.8146e-07
-8.46925e-08
2.95075e-07
-1.44584e-07
3.99958e-07
-2.16869e-07
4.94281e-07
-2.99518e-07
5.76657e-07
-3.90538e-07
6.4613e-07
-4.87992e-07
7.02137e-07
-5.90008e-07
7.4447e-07
-6.94798e-07
7.73216e-07
-8.00669e-07
7.88711e-07
-9.06035e-07
7.91491e-07
-1.00943e-06
7.82242e-07
-1.10949e-06
7.61761e-07
-1.20501e-06
7.30921e-07
-1.29486e-06
6.90634e-07
-1.37807e-06
6.41833e-07
-1.45377e-06
5.85449e-07
-1.5212e-06
5.22401e-07
-1.5797e-06
4.53582e-07
-1.62872e-06
3.79861e-07
-1.6678e-06
3.02084e-07
-1.69658e-06
2.21071e-07
-1.71476e-06
1.37632e-07
-1.72216e-06
5.25699e-08
-1.71865e-06
-3.33091e-08
-1.70422e-06
-1.19183e-07
-1.67893e-06
-2.04207e-07
-1.64295e-06
-2.875e-07
-1.59652e-06
-3.68145e-07
-1.54004e-06
-4.45179e-07
-1.47399e-06
-5.17592e-07
-1.399e-06
-5.84335e-07
-1.31581e-06
-6.44324e-07
-1.22533e-06
-6.96453e-07
-1.1286e-06
-7.39613e-07
-1.0268e-06
-7.72718e-07
-9.21281e-07
-7.94729e-07
-8.13514e-07
-8.04692e-07
-7.05114e-07
-8.01777e-07
-5.97816e-07
-7.85323e-07
-4.93454e-07
-7.54879e-07
-3.93944e-07
-7.10256e-07
-3.01259e-07
-6.51573e-07
-2.17405e-07
-5.79303e-07
-1.44393e-07
-4.94314e-07
-8.42158e-08
-3.97902e-07
-3.88314e-08
-2.91807e-07
-1.0146e-08
-1.78206e-07
-5.98341e-08
-1.11938e-08
7.2721e-08
-4.25636e-08
2.1283e-07
-9.18413e-08
3.44352e-07
-1.56741e-07
4.64857e-07
-2.34985e-07
5.72525e-07
-3.24326e-07
6.65998e-07
-4.22565e-07
7.44369e-07
-5.27572e-07
8.07145e-07
-6.37306e-07
8.54203e-07
-7.49827e-07
8.85737e-07
-8.63316e-07
9.022e-07
-9.76077e-07
9.04253e-07
-1.08655e-06
8.92718e-07
-1.19332e-06
8.68531e-07
-1.29511e-06
8.32702e-07
-1.39075e-06
7.86279e-07
-1.47924e-06
7.30326e-07
-1.5597e-06
6.65901e-07
-1.63133e-06
5.94036e-07
-1.69349e-06
5.15737e-07
-1.7456e-06
4.31975e-07
-1.7872e-06
3.43689e-07
-1.81793e-06
2.51793e-07
-1.83747e-06
1.57179e-07
-1.84564e-06
6.07355e-08
-1.8423e-06
-3.66485e-08
-1.82742e-06
-1.34066e-07
-1.80104e-06
-2.30581e-07
-1.76332e-06
-3.2522e-07
-1.71451e-06
-4.1696e-07
-1.65496e-06
-5.04726e-07
-1.58517e-06
-5.87386e-07
-1.50574e-06
-6.63757e-07
-1.41746e-06
-7.32612e-07
-1.32122e-06
-7.92691e-07
-1.2181e-06
-8.42727e-07
-1.10935e-06
-8.81467e-07
-9.96377e-07
-9.07706e-07
-8.80741e-07
-9.20327e-07
-7.64172e-07
-9.18347e-07
-6.48538e-07
-9.00957e-07
-5.35832e-07
-8.67584e-07
-4.28153e-07
-8.17935e-07
-3.27674e-07
-7.52052e-07
-2.36617e-07
-6.7036e-07
-1.57223e-07
-5.73708e-07
-9.17169e-08
-4.63408e-07
-4.22835e-08
-3.4124e-07
-1.10389e-08
-2.09451e-07
-7.0873e-08
-1.21048e-08
8.48258e-08
-4.60445e-08
2.4677e-07
-9.9346e-08
3.97654e-07
-1.69497e-07
5.35008e-07
-2.53987e-07
6.57015e-07
-3.50337e-07
7.62349e-07
-4.56129e-07
8.50161e-07
-5.6903e-07
9.20046e-07
-6.86816e-07
9.71989e-07
-8.07388e-07
1.00631e-06
-9.2879e-07
1.0236e-06
-1.04922e-06
1.02468e-06
-1.16701e-06
1.01052e-06
-1.28069e-06
9.82211e-07
-1.38892e-06
9.40927e-07
-1.4905e-06
8.87863e-07
-1.5844e-06
8.24228e-07
-1.66972e-06
7.51212e-07
-1.74565e-06
6.69973e-07
-1.81155e-06
5.8163e-07
-1.86683e-06
4.8726e-07
-1.91104e-06
3.87898e-07
-1.94379e-06
2.84544e-07
-1.96479e-06
1.78177e-07
-1.97382e-06
6.97629e-08
-1.97074e-06
-3.97269e-08
-1.9555e-06
-1.49304e-07
-1.92813e-06
-2.57946e-07
-1.88877e-06
-3.64586e-07
-1.83763e-06
-4.68097e-07
-1.77507e-06
-5.67289e-07
-1.70155e-06
-6.60907e-07
-1.61768e-06
-7.47625e-07
-1.52423e-06
-8.26065e-07
-1.42212e-06
-8.94801e-07
-1.31245e-06
-9.52391e-07
-1.19652e-06
-9.97396e-07
-1.0758e-06
-1.02843e-06
-9.51953e-07
-1.04418e-06
-8.26816e-07
-1.04348e-06
-7.02406e-07
-1.02537e-06
-5.80889e-07
-9.89102e-07
-4.64558e-07
-9.34266e-07
-3.55806e-07
-8.60804e-07
-2.57093e-07
-7.69073e-07
-1.70906e-07
-6.59895e-07
-9.97228e-08
-5.34591e-07
-4.59715e-08
-3.94992e-07
-1.19946e-08
-2.43428e-07
-8.28676e-08
-1.30772e-08
9.79029e-08
-4.97502e-08
2.83443e-07
-1.07322e-07
4.55226e-07
-1.83037e-07
6.10723e-07
-2.74131e-07
7.4811e-07
-3.7788e-07
8.66097e-07
-4.91628e-07
9.63909e-07
-6.12825e-07
1.04124e-06
-7.39052e-07
1.09822e-06
-8.6804e-07
1.1353e-06
-9.97689e-07
1.15325e-06
-1.12607e-06
1.15306e-06
-1.25145e-06
1.1359e-06
-1.37226e-06
1.10302e-06
-1.48712e-06
1.05578e-06
-1.59479e-06
9.95539e-07
-1.69423e-06
9.23663e-07
-1.7845e-06
8.41487e-07
-1.86483e-06
7.50301e-07
-1.93454e-06
6.51343e-07
-1.99308e-06
5.45795e-07
-2.03997e-06
4.34787e-07
-2.07483e-06
3.19408e-07
-2.09737e-06
2.00715e-07
-2.10736e-06
7.97514e-08
-2.10465e-06
-4.24379e-08
-2.08917e-06
-1.64787e-07
-2.06092e-06
-2.86191e-07
-2.02002e-06
-4.05491e-07
-1.96665e-06
-5.21462e-07
-1.90114e-06
-6.32799e-07
-1.82393e-06
-7.38114e-07
-1.73562e-06
-8.3594e-07
-1.63695e-06
-9.24732e-07
-1.52886e-06
-1.00289e-06
-1.41248e-06
-1.06877e-06
-1.28913e-06
-1.12075e-06
-1.16036e-06
-1.1572e-06
-1.02791e-06
-1.17662e-06
-8.93763e-07
-1.17763e-06
-7.60081e-07
-1.15905e-06
-6.29213e-07
-1.11997e-06
-5.03668e-07
-1.05981e-06
-3.86077e-07
-9.78395e-07
-2.7916e-07
-8.75991e-07
-1.85676e-07
-7.53379e-07
-1.08379e-07
-6.11888e-07
-4.99673e-08
-4.53403e-07
-1.30332e-08
-2.80362e-07
-9.59008e-08
-1.41266e-08
1.12029e-07
-5.37364e-08
3.23053e-07
-1.15883e-07
5.17372e-07
-1.97538e-07
6.92378e-07
-2.95667e-07
8.46238e-07
-4.07272e-07
9.77702e-07
-5.29442e-07
1.08608e-06
-6.59392e-07
1.17119e-06
-7.94494e-07
1.23332e-06
-9.32297e-07
1.2731e-06
-1.07055e-06
1.2915e-06
-1.20721e-06
1.28972e-06
-1.34043e-06
1.26912e-06
-1.46859e-06
1.23118e-06
-1.59024e-06
1.17744e-06
-1.70415e-06
1.10944e-06
-1.80922e-06
1.02874e-06
-1.90455e-06
9.36812e-07
-1.98934e-06
8.35091e-07
-2.06293e-06
7.24938e-07
-2.12478e-06
6.07641e-07
-2.17442e-06
4.84426e-07
-2.21147e-06
3.56463e-07
-2.23564e-06
2.24885e-07
-2.2467e-06
9.08044e-08
-2.24447e-06
-4.46651e-08
-2.22887e-06
-1.80387e-07
-2.19988e-06
-3.15182e-07
-2.15756e-06
-4.47806e-07
-2.10209e-06
-5.76935e-07
-2.03374e-06
-7.0115e-07
-1.95292e-06
-8.18933e-07
-1.86019e-06
-9.28665e-07
-1.75629e-06
-1.02863e-06
-1.64215e-06
-1.11703e-06
-1.51889e-06
-1.19203e-06
-1.38789e-06
-1.25175e-06
-1.25075e-06
-1.29434e-06
-1.10932e-06
-1.31806e-06
-9.6569e-07
-1.32126e-06
-8.22192e-07
-1.30255e-06
-6.81375e-07
-1.26079e-06
-5.45979e-07
-1.19521e-06
-4.18899e-07
-1.10547e-06
-3.03139e-07
-9.91751e-07
-2.01762e-07
-8.54757e-07
-1.17829e-07
-6.9582e-07
-5.43418e-08
-5.16891e-07
-1.41748e-08
-3.20528e-07
-1.10076e-07
-1.52682e-08
1.27298e-07
-5.80567e-08
3.65841e-07
-1.25135e-07
5.8445e-07
-2.13173e-07
7.80417e-07
-3.1883e-07
9.51895e-07
-4.38812e-07
1.09768e-06
-5.69926e-07
1.21719e-06
-7.09132e-07
1.3104e-06
-8.53576e-07
1.37776e-06
-1.00061e-06
1.42014e-06
-1.14784e-06
1.43873e-06
-1.29307e-06
1.43496e-06
-1.43439e-06
1.41044e-06
-1.57009e-06
1.36688e-06
-1.69869e-06
1.30604e-06
-1.81892e-06
1.22968e-06
-1.92971e-06
1.13953e-06
-2.03013e-06
1.03723e-06
-2.11941e-06
9.24375e-07
-2.19692e-06
8.02442e-07
-2.26211e-06
6.72831e-07
-2.31454e-06
5.36856e-07
-2.35385e-06
3.95768e-07
-2.37973e-06
2.50767e-07
-2.39195e-06
1.03026e-07
-2.39033e-06
-4.62826e-08
-2.37476e-06
-1.95961e-07
-2.34518e-06
-3.44761e-07
-2.30162e-06
-4.91362e-07
-2.24421e-06
-6.34348e-07
-2.17317e-06
-7.7219e-07
-2.08887e-06
-9.03237e-07
-1.99182e-06
-1.02571e-06
-1.88272e-06
-1.13772e-06
-1.76249e-06
-1.23727e-06
-1.63226e-06
-1.32226e-06
-1.49341e-06
-1.39059e-06
-1.34762e-06
-1.44014e-06
-1.19681e-06
-1.46886e-06
-1.04321e-06
-1.47486e-06
-8.89327e-07
-1.45643e-06
-7.37916e-07
-1.4122e-06
-5.9197e-07
-1.34115e-06
-4.54673e-07
-1.24277e-06
-3.29346e-07
-1.11708e-06
-2.19391e-07
-9.64712e-07
-1.28217e-07
-7.86995e-07
-5.91656e-08
-5.85942e-07
-1.54393e-08
-3.64255e-07
-1.25515e-07
-1.6517e-08
1.43815e-07
-6.27633e-08
4.12087e-07
-1.35183e-07
6.5687e-07
-2.30106e-07
8.7534e-07
-3.43847e-07
1.06564e-06
-4.72781e-07
1.22662e-06
-6.13408e-07
1.35782e-06
-7.62407e-07
1.4594e-06
-9.1668e-07
1.53203e-06
-1.07338e-06
1.57684e-06
-1.22993e-06
1.59527e-06
-1.38402e-06
1.58905e-06
-1.53364e-06
1.56006e-06
-1.67703e-06
1.51026e-06
-1.81267e-06
1.44168e-06
-1.93928e-06
1.35629e-06
-2.05578e-06
1.25603e-06
-2.16128e-06
1.14273e-06
-2.25503e-06
1.01813e-06
-2.33642e-06
8.83832e-07
-2.40494e-06
7.4135e-07
-2.46017e-06
5.92085e-07
-2.50176e-06
4.37358e-07
-2.52942e-06
2.78426e-07
-2.54291e-06
1.16514e-07
-2.54204e-06
-4.71567e-08
-2.52666e-06
-2.11341e-07
-2.49668e-06
-3.74734e-07
-2.4521e-06
-5.35948e-07
-2.39296e-06
-6.93481e-07
-2.31945e-06
-8.45701e-07
-2.23186e-06
-9.90825e-07
-2.13066e-06
-1.12692e-06
-2.01649e-06
-1.2519e-06
-1.89021e-06
-1.36354e-06
-1.75296e-06
-1.45951e-06
-1.60614e-06
-1.53742e-06
-1.45144e-06
-1.59484e-06
-1.2909e-06
-1.62941e-06
-1.12686e-06
-1.63889e-06
-9.62013e-07
-1.62128e-06
-7.99334e-07
-1.57488e-06
-6.42091e-07
-1.4984e-06
-4.93784e-07
-1.39108e-06
-3.5809e-07
-1.25277e-06
-2.38789e-07
-1.08401e-06
-1.39683e-07
-8.861e-07
-6.45092e-08
-6.61116e-07
-1.68466e-08
-4.11917e-07
-1.42362e-07
-1.78874e-08
1.61702e-07
-6.79075e-08
4.62108e-07
-1.4613e-07
7.35093e-07
-2.48495e-07
9.77705e-07
-3.70931e-07
1.18807e-06
-5.09442e-07
1.36513e-06
-6.60185e-07
1.50856e-06
-8.19532e-07
1.61875e-06
-9.84122e-07
1.69662e-06
-1.15089e-06
1.7436e-06
-1.31708e-06
1.76147e-06
-1.48027e-06
1.75224e-06
-1.63834e-06
1.71813e-06
-1.78949e-06
1.66141e-06
-1.93217e-06
1.58436e-06
-2.06512e-06
1.48923e-06
-2.18726e-06
1.37818e-06
-2.29775e-06
1.25321e-06
-2.39586e-06
1.11624e-06
-2.48104e-06
9.69009e-07
-2.55281e-06
8.13122e-07
-2.61079e-06
6.50066e-07
-2.65466e-06
4.81223e-07
-2.68413e-06
3.079e-07
-2.69897e-06
1.31359e-07
-2.69898e-06
-4.71484e-08
-2.68398e-06
-2.2634e-07
-2.65385e-06
-4.04871e-07
-2.6085e-06
-5.81297e-07
-2.54793e-06
-7.54046e-07
-2.47225e-06
-9.21385e-07
-2.38167e-06
-1.08141e-06
-2.27657e-06
-1.23202e-06
-2.15753e-06
-1.37093e-06
-2.02537e-06
-1.4957e-06
-1.88117e-06
-1.60371e-06
-1.72632e-06
-1.69227e-06
-1.56256e-06
-1.7586e-06
-1.39199e-06
-1.79998e-06
-1.21709e-06
-1.8138e-06
-1.04071e-06
-1.79766e-06
-8.66077e-07
-1.74951e-06
-6.96758e-07
-1.66771e-06
-5.36598e-07
-1.55124e-06
-3.89666e-07
-1.3997e-06
-2.60172e-07
-1.21351e-06
-1.52368e-07
-9.93905e-07
-7.04431e-08
-7.4304e-07
-1.84168e-08
-4.63944e-07
-1.60778e-07
-1.93941e-08
1.81096e-07
-7.35399e-08
5.16253e-07
-1.58074e-07
8.19627e-07
-2.68492e-07
1.08812e-06
-4.00281e-07
1.31986e-06
-5.4903e-07
1.51388e-06
-7.10513e-07
1.67005e-06
-8.80767e-07
1.789e-06
-1.05614e-06
1.872e-06
-1.23335e-06
1.92081e-06
-1.40944e-06
1.93756e-06
-1.58188e-06
1.92468e-06
-1.74846e-06
1.88471e-06
-1.90734e-06
1.82028e-06
-2.05696e-06
1.73399e-06
-2.19608e-06
1.62835e-06
-2.32368e-06
1.50577e-06
-2.43893e-06
1.36847e-06
-2.54119e-06
1.21851e-06
-2.62996e-06
1.05778e-06
-2.70483e-06
8.87983e-07
-2.76544e-06
7.10681e-07
-2.81152e-06
5.27304e-07
-2.84281e-06
3.39193e-07
-2.85909e-06
1.47629e-07
-2.86012e-06
-4.61171e-08
-2.84571e-06
-2.40749e-07
-2.81568e-06
-4.34899e-07
-2.76989e-06
-6.27084e-07
-2.70827e-06
-8.15672e-07
-2.63081e-06
-9.98846e-07
-2.53763e-06
-1.17458e-06
-2.42903e-06
-1.34062e-06
-2.30548e-06
-1.49448e-06
-2.16772e-06
-1.63347e-06
-2.01676e-06
-1.75467e-06
-1.85398e-06
-1.85505e-06
-1.68111e-06
-1.93147e-06
-1.50031e-06
-1.98077e-06
-1.31418e-06
-1.99992e-06
-1.12576e-06
-1.98608e-06
-9.38524e-07
-1.93674e-06
-7.56343e-07
-1.8499e-06
-5.83451e-07
-1.72413e-06
-4.24357e-07
-1.5588e-06
-2.83755e-07
-1.35411e-06
-1.66411e-07
-1.11125e-06
-7.7038e-08
-8.32413e-07
-2.01705e-08
-5.20811e-07
-1.80949e-07
-2.10521e-08
2.02148e-07
-7.97111e-08
5.74912e-07
-1.71114e-07
9.1103e-07
-2.90242e-07
1.20725e-06
-4.32084e-07
1.4617e-06
-5.91757e-07
1.67355e-06
-7.6461e-07
1.8429e-06
-9.46309e-07
1.9707e-06
-1.1329e-06
2.05859e-06
-1.32083e-06
2.10874e-06
-1.507e-06
2.12373e-06
-1.68873e-06
2.10641e-06
-1.86374e-06
2.05973e-06
-2.03018e-06
1.98671e-06
-2.1865e-06
1.89031e-06
-2.33148e-06
1.77334e-06
-2.46418e-06
1.63846e-06
-2.58385e-06
1.48813e-06
-2.68992e-06
1.32458e-06
-2.78197e-06
1.14983e-06
-2.85965e-06
9.65666e-07
-2.92269e-06
7.73724e-07
-2.97086e-06
5.75469e-07
-3.00392e-06
3.72256e-07
-3.02166e-06
1.6537e-07
-3.02385e-06
-4.39261e-08
-3.01026e-06
-2.5434e-07
-2.98066e-06
-4.64501e-07
-2.93483e-06
-6.72911e-07
-2.87261e-06
-8.77897e-07
-2.79388e-06
-1.07757e-06
-2.69866e-06
-1.2698e-06
-2.58709e-06
-1.45218e-06
-2.45955e-06
-1.62203e-06
-2.31664e-06
-1.77637e-06
-2.15931e-06
-1.91201e-06
-1.98884e-06
-2.02552e-06
-1.80697e-06
-2.11333e-06
-1.6159e-06
-2.17185e-06
-1.41831e-06
-2.19751e-06
-1.21742e-06
-2.18697e-06
-1.01697e-06
-2.1372e-06
-8.21161e-07
-2.0457e-06
-6.34647e-07
-1.91064e-06
-4.62427e-07
-1.73102e-06
-3.09743e-07
-1.50679e-06
-1.81948e-07
-1.23904e-06
-8.43651e-08
-9.29996e-07
-2.21286e-08
-5.83048e-07
-2.03077e-07
-2.28765e-08
2.25025e-07
-8.64723e-08
6.38508e-07
-1.85344e-07
1.0099e-06
-3.13884e-07
1.33579e-06
-4.6651e-07
1.61433e-06
-6.37805e-07
1.84485e-06
-8.22643e-07
2.02774e-06
-1.01628e-06
2.16434e-06
-1.21443e-06
2.25673e-06
-1.41329e-06
2.3076e-06
-1.60957e-06
2.32001e-06
-1.80047e-06
2.29731e-06
-1.98368e-06
2.24294e-06
-2.15732e-06
2.16035e-06
-2.31989e-06
2.05288e-06
-2.47025e-06
1.9237e-06
-2.60752e-06
1.77574e-06
-2.73107e-06
1.61169e-06
-2.84044e-06
1.43396e-06
-2.9353e-06
1.24469e-06
-3.01541e-06
1.04577e-06
-3.08056e-06
8.38877e-07
-3.13059e-06
6.25497e-07
-3.16531e-06
4.06978e-07
-3.18453e-06
1.84585e-07
-3.188e-06
-4.04488e-08
-3.17548e-06
-2.66864e-07
-3.14667e-06
-4.93313e-07
-3.10127e-06
-7.18307e-07
-3.03901e-06
-9.40155e-07
-2.95967e-06
-1.15692e-06
-2.86309e-06
-1.36638e-06
-2.74929e-06
-1.56598e-06
-2.61846e-06
-1.75285e-06
-2.47109e-06
-1.92374e-06
-2.30797e-06
-2.07513e-06
-2.1303e-06
-2.20318e-06
-1.93976e-06
-2.30388e-06
-1.73854e-06
-2.37307e-06
-1.52942e-06
-2.40663e-06
-1.31578e-06
-2.40061e-06
-1.1016e-06
-2.35138e-06
-8.91456e-07
-2.25585e-06
-6.90448e-07
-2.11165e-06
-5.0412e-07
-1.91735e-06
-3.38333e-07
-1.67258e-06
-1.99117e-07
-1.37826e-06
-9.24964e-08
-1.03662e-06
-2.43127e-08
-6.51232e-07
-2.2739e-07
-2.48835e-08
2.49908e-07
-9.38763e-08
7.07501e-07
-2.00863e-07
1.11689e-06
-3.39556e-07
1.47448e-06
-5.03718e-07
1.77849e-06
-6.87327e-07
2.02846e-06
-8.84726e-07
2.22514e-06
-1.09072e-06
2.37033e-06
-1.30067e-06
2.46668e-06
-1.5105e-06
2.51743e-06
-1.71675e-06
2.52626e-06
-1.91652e-06
2.49708e-06
-2.10746e-06
2.43388e-06
-2.28772e-06
2.34061e-06
-2.45587e-06
2.22103e-06
-2.61087e-06
2.0787e-06
-2.75197e-06
1.91684e-06
-2.87866e-06
1.73838e-06
-2.99062e-06
1.54592e-06
-3.08765e-06
1.34171e-06
-3.16962e-06
1.12774e-06
-3.23643e-06
9.05691e-07
-3.288e-06
6.77062e-07
-3.32419e-06
4.43171e-07
-3.34484e-06
2.05233e-07
-3.34971e-06
-3.55769e-08
-3.33851e-06
-2.7806e-07
-3.3109e-06
-5.20924e-07
-3.26649e-06
-7.62716e-07
-3.20489e-06
-1.00176e-06
-3.12571e-06
-1.2361e-06
-3.02866e-06
-1.46343e-06
-2.91355e-06
-1.68109e-06
-2.78041e-06
-1.886e-06
-2.6295e-06
-2.07465e-06
-2.46145e-06
-2.24317e-06
-2.27733e-06
-2.38731e-06
-2.0787e-06
-2.5025e-06
-1.86773e-06
-2.58404e-06
-1.64724e-06
-2.62712e-06
-1.42074e-06
-2.62711e-06
-1.19248e-06
-2.57964e-06
-9.67387e-07
-2.48094e-06
-7.51064e-07
-2.32798e-06
-5.49651e-07
-2.11876e-06
-3.69712e-07
-1.85252e-06
-2.1805e-07
-1.52992e-06
-1.01505e-07
-1.15316e-06
-2.67453e-08
-7.25991e-07
-2.54135e-07
-2.70905e-08
2.76999e-07
-1.01979e-07
7.8239e-07
-2.17771e-07
1.23268e-06
-3.67391e-07
1.6241e-06
-5.4385e-07
1.95495e-06
-7.40442e-07
2.22505e-06
-9.5091e-07
2.4356e-06
-1.16957e-06
2.589e-06
-1.3914e-06
2.68851e-06
-1.61206e-06
2.73809e-06
-1.82791e-06
2.74211e-06
-2.03598e-06
2.70515e-06
-2.23392e-06
2.63182e-06
-2.41994e-06
2.52663e-06
-2.59272e-06
2.39382e-06
-2.75136e-06
2.23733e-06
-2.89526e-06
2.06074e-06
-3.0241e-06
1.86722e-06
-3.13771e-06
1.65953e-06
-3.23605e-06
1.44005e-06
-3.31914e-06
1.21083e-06
-3.38701e-06
9.73559e-07
-3.43966e-06
7.29712e-07
-3.47704e-06
4.80549e-07
-3.49901e-06
2.27207e-07
-3.50536e-06
-2.92297e-08
-3.49576e-06
-2.87658e-07
-3.46981e-06
-5.46874e-07
-3.42703e-06
-8.055e-07
-3.36688e-06
-1.06191e-06
-3.28883e-06
-1.31414e-06
-3.19239e-06
-1.55988e-06
-3.07715e-06
-1.79633e-06
-2.94291e-06
-2.02024e-06
-2.7897e-06
-2.22787e-06
-2.61792e-06
-2.41495e-06
-2.42843e-06
-2.5768e-06
-2.22264e-06
-2.70829e-06
-2.00263e-06
-2.80405e-06
-1.77121e-06
-2.85854e-06
-1.53201e-06
-2.86631e-06
-1.2895e-06
-2.82215e-06
-1.04901e-06
-2.72143e-06
-8.16641e-07
-2.56034e-06
-5.99207e-07
-2.33619e-06
-4.04057e-07
-2.04767e-06
-2.3888e-07
-1.6951e-06
-1.11466e-07
-1.28057e-06
-2.945e-08
-8.08007e-07
-2.83585e-07
-2.9517e-08
3.06516e-07
-1.10843e-07
8.63716e-07
-2.36174e-07
1.35801e-06
-3.97525e-07
1.78546e-06
-5.8704e-07
2.14446e-06
-7.97233e-07
2.43524e-06
-1.02118e-06
2.65955e-06
-1.25266e-06
2.82048e-06
-1.48625e-06
2.9221e-06
-1.71734e-06
2.96918e-06
-1.94214e-06
2.96691e-06
-2.15763e-06
2.92064e-06
-2.36151e-06
2.8357e-06
-2.55208e-06
2.7172e-06
-2.7282e-06
2.56993e-06
-2.88914e-06
2.39827e-06
-3.03452e-06
2.20612e-06
-3.16421e-06
1.99691e-06
-3.27826e-06
1.77358e-06
-3.37683e-06
1.53862e-06
-3.46009e-06
1.29409e-06
-3.52822e-06
1.0417e-06
-3.58136e-06
7.82847e-07
-3.61953e-06
5.18715e-07
-3.64264e-06
2.50326e-07
-3.65051e-06
-2.13648e-08
-3.64278e-06
-2.95386e-07
-3.61899e-06
-5.70665e-07
-3.57856e-06
-8.45935e-07
-3.52081e-06
-1.11966e-06
-3.44503e-06
-1.38993e-06
-3.3505e-06
-1.65441e-06
-3.23658e-06
-1.91025e-06
-3.10277e-06
-2.15405e-06
-2.94884e-06
-2.3818e-06
-2.77489e-06
-2.58891e-06
-2.5815e-06
-2.77018e-06
-2.36988e-06
-2.91991e-06
-2.14194e-06
-3.03199e-06
-1.90042e-06
-3.10006e-06
-1.64901e-06
-3.11772e-06
-1.39239e-06
-3.07877e-06
-1.13625e-06
-2.97757e-06
-8.87254e-07
-2.80934e-06
-6.52936e-07
-2.57051e-06
-4.41529e-07
-2.25908e-06
-2.6174e-07
-1.87489e-06
-1.22458e-07
-1.41986e-06
-3.24522e-08
-8.98013e-07
-3.16037e-07
-3.21854e-08
3.38701e-07
-1.20536e-07
9.52067e-07
-2.56191e-07
1.49367e-06
-4.30101e-07
1.95936e-06
-6.33412e-07
2.34778e-06
-8.57749e-07
2.65958e-06
-1.09544e-06
2.89725e-06
-1.33969e-06
3.06473e-06
-1.58465e-06
3.16706e-06
-1.82545e-06
3.20998e-06
-2.05819e-06
3.19964e-06
-2.27983e-06
3.14229e-06
-2.48818e-06
3.04405e-06
-2.68171e-06
2.91073e-06
-2.85948e-06
2.7477e-06
-3.021e-06
2.5598e-06
-3.16617e-06
2.35128e-06
-3.2951e-06
2.12584e-06
-3.40808e-06
1.88657e-06
-3.50551e-06
1.63604e-06
-3.58775e-06
1.37634e-06
-3.65518e-06
1.10912e-06
-3.70803e-06
8.35704e-07
-3.74646e-06
5.57146e-07
-3.77046e-06
2.74319e-07
-3.77983e-06
-1.199e-08
-3.77423e-06
-3.00983e-07
-3.75314e-06
-5.91759e-07
-3.71586e-06
-8.83213e-07
-3.66158e-06
-1.17394e-06
-3.58938e-06
-1.46212e-06
-3.49831e-06
-1.74548e-06
-3.38744e-06
-2.02112e-06
-3.25596e-06
-2.28553e-06
-3.10328e-06
-2.53448e-06
-2.92916e-06
-2.76303e-06
-2.73384e-06
-2.9655e-06
-2.5182e-06
-3.13555e-06
-2.28391e-06
-3.26628e-06
-2.03357e-06
-3.3504e-06
-1.77087e-06
-3.38042e-06
-1.50063e-06
-3.34901e-06
-1.22889e-06
-3.24931e-06
-9.62891e-07
-3.07534e-06
-7.10946e-07
-2.82246e-06
-4.82283e-07
-2.48774e-06
-2.86765e-07
-2.07041e-06
-1.34564e-07
-1.57206e-06
-3.57799e-08
-9.96796e-07
-3.51817e-07
-3.51228e-08
3.73824e-07
-1.31143e-07
1.04809e-06
-2.77956e-07
1.64048e-06
-4.65274e-07
2.14668e-06
-6.83085e-07
2.56559e-06
-9.22e-07
2.89849e-06
-1.17352e-06
3.14877e-06
-1.43022e-06
3.32143e-06
-1.68582e-06
3.42266e-06
-1.93522e-06
3.45938e-06
-2.17443e-06
3.43885e-06
-2.4005e-06
3.36836e-06
-2.61138e-06
3.25493e-06
-2.80579e-06
3.10514e-06
-2.98306e-06
2.92497e-06
-3.14302e-06
2.71976e-06
-3.28588e-06
2.49414e-06
-3.41206e-06
2.25202e-06
-3.52214e-06
1.99665e-06
-3.61677e-06
1.73067e-06
-3.69656e-06
1.45613e-06
-3.76206e-06
1.17462e-06
-3.8137e-06
8.87342e-07
-3.85173e-06
5.95177e-07
-3.87623e-06
2.98812e-07
-3.88704e-06
-1.1749e-09
-3.88382e-06
-3.04205e-07
-3.86598e-06
-6.09596e-07
-3.83274e-06
-9.16452e-07
-3.78313e-06
-1.22355e-06
-3.71602e-06
-1.52923e-06
-3.6302e-06
-1.8313e-06
-3.52443e-06
-2.12689e-06
-3.39752e-06
-2.41243e-06
-3.24851e-06
-2.6835e-06
-3.0767e-06
-2.93483e-06
-2.88193e-06
-3.16027e-06
-2.66465e-06
-3.35283e-06
-2.42619e-06
-3.50474e-06
-2.1689e-06
-3.60769e-06
-1.89634e-06
-3.65298e-06
-1.61344e-06
-3.63192e-06
-1.32654e-06
-3.53621e-06
-1.04344e-06
-3.35844e-06
-7.73303e-07
-3.09259e-06
-5.26459e-07
-2.73458e-06
-3.14097e-07
-2.28277e-06
-1.47876e-07
-1.73828e-06
-3.9465e-08
-1.10521e-06
-3.91282e-07
-3.83631e-08
4.12187e-07
-1.42765e-07
1.15249e-06
-3.01635e-07
1.79935e-06
-5.03228e-07
2.34828e-06
-7.36184e-07
2.79854e-06
-9.89959e-07
3.15227e-06
-1.25513e-06
3.41394e-06
-1.52361e-06
3.5899e-06
-1.78869e-06
3.68774e-06
-2.04508e-06
3.71577e-06
-2.28879e-06
3.68256e-06
-2.517e-06
3.59657e-06
-2.72791e-06
3.46584e-06
-2.92057e-06
3.29779e-06
-3.09468e-06
3.09908e-06
-3.25046e-06
2.87554e-06
-3.38847e-06
2.63215e-06
-3.50951e-06
2.37306e-06
-3.6145e-06
2.10164e-06
-3.70436e-06
1.82053e-06
-3.77999e-06
1.53176e-06
-3.84215e-06
1.23678e-06
-3.89144e-06
9.36629e-07
-3.92825e-06
6.31992e-07
-3.95276e-06
3.23319e-07
-3.96487e-06
1.09373e-08
-3.96424e-06
-3.04841e-07
-3.95023e-06
-6.23602e-07
-3.92198e-06
-9.44708e-07
-3.87835e-06
-1.26718e-06
-3.81801e-06
-1.58957e-06
-3.73947e-06
-1.90983e-06
-3.64116e-06
-2.22521e-06
-3.52149e-06
-2.5321e-06
-3.37901e-06
-2.82597e-06
-3.21256e-06
-3.10128e-06
-3.02142e-06
-3.35141e-06
-2.80554e-06
-3.56871e-06
-2.56576e-06
-3.74453e-06
-2.30405e-06
-3.8694e-06
-2.02374e-06
-3.93329e-06
-1.72972e-06
-3.92594e-06
-1.42858e-06
-3.83735e-06
-1.12866e-06
-3.65835e-06
-8.40019e-07
-3.38123e-06
-5.74195e-07
-3.00041e-06
-3.43892e-07
-2.51307e-06
-1.62501e-07
-1.91967e-06
-4.35447e-08
-1.22416e-06
-4.34827e-07
-4.19498e-08
4.54137e-07
-1.55531e-07
1.26607e-06
-3.27433e-07
1.97125e-06
-5.44181e-07
2.56502e-06
-7.92846e-07
3.04721e-06
-1.06156e-06
3.42098e-06
-1.33989e-06
3.69227e-06
-1.61903e-06
3.86905e-06
-1.8919e-06
3.96061e-06
-2.15307e-06
3.97694e-06
-2.39865e-06
3.92813e-06
-2.62605e-06
3.82398e-06
-2.83385e-06
3.67365e-06
-3.02153e-06
3.48547e-06
-3.18924e-06
3.26679e-06
-3.33767e-06
3.02397e-06
-3.46782e-06
2.76231e-06
-3.58092e-06
2.48616e-06
-3.67825e-06
2.19897e-06
-3.76107e-06
1.90336e-06
-3.83056e-06
1.60124e-06
-3.88771e-06
1.29393e-06
-3.93332e-06
9.82245e-07
-3.96795e-06
6.66622e-07
-3.99187e-06
3.47237e-07
-4.00505e-06
2.412e-08
-4.00717e-06
-3.02727e-07
-3.99756e-06
-6.33205e-07
-3.97528e-06
-9.66994e-07
-3.93904e-06
-1.30341e-06
-3.88732e-06
-1.64129e-06
-3.81834e-06
-1.97882e-06
-3.73016e-06
-2.31339e-06
-3.62077e-06
-2.64149e-06
-3.48821e-06
-2.95854e-06
-3.33072e-06
-3.25876e-06
-3.14698e-06
-3.53516e-06
-2.93627e-06
-3.77942e-06
-2.69881e-06
-3.98198e-06
-2.43602e-06
-4.13218e-06
-2.15084e-06
-4.21847e-06
-1.84798e-06
-4.2288e-06
-1.53415e-06
-4.15118e-06
-1.21819e-06
-3.97431e-06
-9.11058e-07
-3.68837e-06
-6.25627e-07
-3.28584e-06
-3.76325e-07
-2.76237e-06
-1.78565e-07
-2.11743e-06
-4.8065e-08
-1.35466e-06
-4.82892e-07
-4.59405e-08
5.00077e-07
-1.69613e-07
1.38974e-06
-3.55616e-07
2.15726e-06
-5.88413e-07
2.79782e-06
-8.53229e-07
3.31202e-06
-1.13669e-06
3.70444e-06
-1.42724e-06
3.98282e-06
-1.71538e-06
4.15718e-06
-1.99368e-06
4.23891e-06
-2.25669e-06
4.23995e-06
-2.50073e-06
4.17217e-06
-2.72362e-06
4.04687e-06
-2.92443e-06
3.87446e-06
-3.10319e-06
3.66423e-06
-3.26064e-06
3.42424e-06
-3.398e-06
3.16132e-06
-3.5168e-06
2.88111e-06
-3.61872e-06
2.58808e-06
-3.70546e-06
2.28571e-06
-3.77865e-06
1.97654e-06
-3.83974e-06
1.66234e-06
-3.89001e-06
1.3442e-06
-3.93045e-06
1.02268e-06
-3.96177e-06
6.97946e-07
-3.98438e-06
3.69839e-07
-3.99831e-06
3.80556e-08
-4.00328e-06
-2.97756e-07
-3.99863e-06
-6.37861e-07
-3.98331e-06
-9.82305e-07
-3.95596e-06
-1.33077e-06
-3.91482e-06
-1.68243e-06
-3.85786e-06
-2.03578e-06
-3.78277e-06
-2.38847e-06
-3.6871e-06
-2.73717e-06
-3.56831e-06
-3.07732e-06
-3.42402e-06
-3.40306e-06
-3.25214e-06
-3.70704e-06
-3.0512e-06
-3.98037e-06
-2.8206e-06
-4.21258e-06
-2.56103e-06
-4.39175e-06
-2.27481e-06
-4.50468e-06
-1.96627e-06
-4.53734e-06
-1.64209e-06
-4.47537e-06
-1.31149e-06
-4.30491e-06
-9.8632e-07
-4.01353e-06
-6.80901e-07
-3.59126e-06
-4.11609e-07
-3.03167e-06
-1.96226e-07
-2.33281e-06
-5.30836e-08
-1.49781e-06
-5.35976e-07
-5.04129e-08
5.5049e-07
-1.85238e-07
1.52457e-06
-3.86535e-07
2.35855e-06
-6.3628e-07
3.04757e-06
-9.17523e-07
3.59327e-06
-1.21517e-06
4.00208e-06
-1.51646e-06
4.28411e-06
-1.8112e-06
4.45193e-06
-2.09174e-06
4.51945e-06
-2.35276e-06
4.50097e-06
-2.59097e-06
4.41037e-06
-2.80476e-06
4.26067e-06
-2.99388e-06
4.06358e-06
-3.15905e-06
3.8294e-06
-3.30169e-06
3.56688e-06
-3.42368e-06
3.28332e-06
-3.52714e-06
2.98456e-06
-3.61424e-06
2.67518e-06
-3.68712e-06
2.3586e-06
-3.74779e-06
2.03721e-06
-3.79803e-06
1.71257e-06
-3.83934e-06
1.38551e-06
-3.87294e-06
1.05628e-06
-3.8997e-06
7.24709e-07
-3.92015e-06
3.90287e-07
-3.93443e-06
5.23326e-08
-3.94228e-06
-2.89897e-07
-3.94307e-06
-6.37073e-07
-3.93572e-06
-9.89655e-07
-3.91875e-06
-1.34775e-06
-3.89025e-06
-1.71093e-06
-3.84793e-06
-2.0781e-06
-3.78914e-06
-2.44726e-06
-3.71096e-06
-2.81535e-06
-3.61029e-06
-3.17799e-06
-3.48401e-06
-3.52934e-06
-3.32922e-06
-3.86183e-06
-3.14351e-06
-4.16608e-06
-2.92531e-06
-4.43078e-06
-2.67433e-06
-4.64273e-06
-2.39201e-06
-4.787e-06
-2.08205e-06
-4.84729e-06
-1.75084e-06
-4.80658e-06
-1.4078e-06
-4.64795e-06
-1.06564e-06
-4.3557e-06
-7.40181e-07
-3.91671e-06
-4.50012e-07
-3.32184e-06
-2.15686e-07
-2.56714e-06
-5.86766e-08
-1.65482e-06
-5.94652e-07
-5.54739e-08
6.05964e-07
-2.02716e-07
1.67181e-06
-4.20655e-07
2.57649e-06
-6.88247e-07
3.31516e-06
-9.85954e-07
3.89097e-06
-1.29673e-06
4.31285e-06
-1.60655e-06
4.59393e-06
-1.90461e-06
4.74999e-06
-2.18318e-06
4.79803e-06
-2.43731e-06
4.75509e-06
-2.66432e-06
4.63739e-06
-2.86343e-06
4.45978e-06
-3.03524e-06
4.23539e-06
-3.18134e-06
3.97549e-06
-3.30397e-06
3.68951e-06
-3.40572e-06
3.38508e-06
-3.48937e-06
3.0682e-06
-3.55763e-06
2.74344e-06
-3.6131e-06
2.41407e-06
-3.65816e-06
2.08226e-06
-3.69487e-06
1.74929e-06
-3.72501e-06
1.41565e-06
-3.74999e-06
1.08126e-06
-3.77083e-06
7.45553e-07
-3.78819e-06
4.07646e-07
-3.8023e-06
6.64488e-08
-3.813e-06
-2.79203e-07
-3.81965e-06
-6.30419e-07
-3.82119e-06
-9.88115e-07
-3.81608e-06
-1.35286e-06
-3.80228e-06
-1.72473e-06
-3.77729e-06
-2.10308e-06
-3.73817e-06
-2.48639e-06
-3.68154e-06
-2.87198e-06
-3.60371e-06
-3.25582e-06
-3.50084e-06
-3.63221e-06
-3.3691e-06
-3.99357e-06
-3.20501e-06
-4.33016e-06
-3.00583e-06
-4.62996e-06
-2.77003e-06
-4.87854e-06
-2.49787e-06
-5.05916e-06
-2.19205e-06
-5.15311e-06
-1.85834e-06
-5.1403e-06
-1.50611e-06
-5.00017e-06
-1.14875e-06
-4.71306e-06
-8.03662e-07
-4.26181e-06
-4.91877e-07
-3.63362e-06
-2.37217e-07
-2.8218e-06
-6.49459e-08
-1.82709e-06
-6.59598e-07
-6.12721e-08
6.67236e-07
-2.22469e-07
1.83301e-06
-4.58606e-07
2.81263e-06
-7.44911e-07
3.60146e-06
-1.05878e-06
4.20484e-06
-1.38095e-06
4.63503e-06
-1.69614e-06
4.90912e-06
-1.99306e-06
5.04692e-06
-2.2642e-06
5.06917e-06
-2.50525e-06
4.99613e-06
-2.71449e-06
4.84663e-06
-2.89222e-06
4.63751e-06
-3.04014e-06
4.3833e-06
-3.16087e-06
4.09623e-06
-3.2576e-06
3.78624e-06
-3.33375e-06
3.46122e-06
-3.39273e-06
3.12719e-06
-3.43785e-06
2.78856e-06
-3.47215e-06
2.44836e-06
-3.49833e-06
2.10845e-06
-3.51878e-06
1.76973e-06
-3.53546e-06
1.43233e-06
-3.54997e-06
1.09576e-06
-3.56347e-06
7.59055e-07
-3.57674e-06
4.20913e-07
-3.59011e-06
7.98223e-08
-3.60349e-06
-2.6582e-07
-3.61633e-06
-6.17582e-07
-3.62758e-06
-9.76863e-07
-3.6357e-06
-1.34475e-06
-3.63859e-06
-1.72184e-06
-3.63362e-06
-2.10805e-06
-3.61757e-06
-2.50243e-06
-3.5867e-06
-2.90285e-06
-3.53676e-06
-3.30575e-06
-3.46316e-06
-3.70581e-06
-3.36111e-06
-4.09561e-06
-3.22596e-06
-4.46532e-06
-3.05356e-06
-4.80236e-06
-2.84088e-06
-5.09122e-06
-2.58661e-06
-5.31342e-06
-2.29205e-06
-5.44768e-06
-1.96188e-06
-5.47047e-06
-1.60502e-06
-5.35702e-06
-1.23529e-06
-5.0828e-06
-8.71577e-07
-4.62551e-06
-5.37661e-07
-3.96754e-06
-2.61183e-07
-3.09828e-06
-7.20315e-08
-2.01624e-06
-7.3163e-07
-6.8017e-08
7.35253e-07
-2.45083e-07
2.01007e-06
-5.01226e-07
3.06877e-06
-8.07036e-07
3.90727e-06
-1.13624e-06
4.53404e-06
-1.46716e-06
4.96595e-06
-1.78327e-06
5.22523e-06
-2.07314e-06
5.33679e-06
-2.32983e-06
5.32585e-06
-2.5501e-06
5.21641e-06
-2.73362e-06
5.03015e-06
-2.88206e-06
4.78596e-06
-2.9985e-06
4.49974e-06
-3.08679e-06
4.18452e-06
-3.15115e-06
3.8506e-06
-3.19587e-06
3.50594e-06
-3.22508e-06
3.15639e-06
-3.24259e-06
2.80608e-06
-3.25187e-06
2.45764e-06
-3.25593e-06
2.11251e-06
-3.25737e-06
1.77117e-06
-3.25834e-06
1.4333e-06
-3.26055e-06
1.09797e-06
-3.2653e-06
7.63803e-07
-3.27345e-06
4.29062e-07
-3.28544e-06
9.1812e-08
-3.30127e-06
-2.49992e-07
-3.32047e-06
-5.98379e-07
-3.34209e-06
-9.55244e-07
-3.36463e-06
-1.3222e-06
-3.38603e-06
-1.70044e-06
-3.40357e-06
-2.09051e-06
-3.41391e-06
-2.49209e-06
-3.413e-06
-2.90376e-06
-3.39613e-06
-3.32262e-06
-3.358e-06
-3.74394e-06
-3.29285e-06
-4.16076e-06
-3.19477e-06
-4.5634e-06
-3.05807e-06
-4.93906e-06
-2.87787e-06
-5.27141e-06
-2.65094e-06
-5.54036e-06
-2.37658e-06
-5.72203e-06
-2.05785e-06
-5.78921e-06
-1.70261e-06
-5.71225e-06
-1.32465e-06
-5.46076e-06
-9.44203e-07
-5.00596e-06
-5.87972e-07
-4.32377e-06
-2.88088e-07
-3.39816e-06
-8.01301e-08
-2.2242e-06
-8.1176e-07
-7.60075e-08
8.11261e-07
-2.71368e-07
2.20543e-06
-5.49637e-07
3.34704e-06
-8.7556e-07
4.23319e-06
-1.21851e-06
4.87699e-06
-1.55419e-06
5.30163e-06
-1.86511e-06
5.53615e-06
-2.14011e-06
5.61179e-06
-2.37343e-06
5.55917e-06
-2.5635e-06
5.40647e-06
-2.71178e-06
5.17843e-06
-2.82179e-06
4.89596e-06
-2.8982e-06
4.57615e-06
-2.94626e-06
4.23258e-06
-2.97134e-06
3.87568e-06
-2.97859e-06
3.51319e-06
-2.9728e-06
3.15061e-06
-2.95828e-06
2.79156e-06
-2.93881e-06
2.43817e-06
-2.91764e-06
2.09134e-06
-2.89751e-06
1.75104e-06
-2.88066e-06
1.41645e-06
-2.8689e-06
1.08621e-06
-2.86356e-06
7.5847e-07
-2.8656e-06
4.31103e-07
-2.87554e-06
1.0175e-07
-2.89348e-06
-2.32055e-07
-2.91907e-06
-5.72787e-07
-2.95149e-06
-9.22823e-07
-2.98938e-06
-1.28432e-06
-3.03077e-06
-1.65905e-06
-3.07302e-06
-2.04825e-06
-3.11276e-06
-2.45235e-06
-3.14579e-06
-2.87074e-06
-3.16706e-06
-3.30135e-06
-3.17068e-06
-3.74033e-06
-3.14999e-06
-4.18144e-06
-3.09781e-06
-4.61558e-06
-3.00676e-06
-5.03011e-06
-2.86991e-06
-5.40827e-06
-2.68157e-06
-5.7287e-06
-2.43852e-06
-5.96508e-06
-2.14137e-06
-6.08636e-06
-1.79616e-06
-6.05746e-06
-1.41592e-06
-5.841e-06
-1.02184e-06
-5.40004e-06
-6.43617e-07
-4.70199e-06
-3.18635e-07
-3.72314e-06
-8.95223e-08
-2.45331e-06
-9.01282e-07
-8.56773e-08
8.96938e-07
-3.02458e-07
2.42221e-06
-6.05319e-07
3.6499e-06
-9.51576e-07
4.57945e-06
-1.30548e-06
5.23089e-06
-1.64009e-06
5.63624e-06
-1.93741e-06
5.83348e-06
-2.18735e-06
5.86173e-06
-2.38611e-06
5.75793e-06
-2.53451e-06
5.55487e-06
-2.63644e-06
5.28037e-06
-2.69763e-06
4.95714e-06
-2.72463e-06
4.60315e-06
-2.72421e-06
4.23216e-06
-2.70287e-06
3.85434e-06
-2.66662e-06
3.47694e-06
-2.62081e-06
3.1048e-06
-2.57011e-06
2.74086e-06
-2.51852e-06
2.38657e-06
-2.46938e-06
2.0422e-06
-2.42547e-06
1.70713e-06
-2.38904e-06
1.38002e-06
-2.36187e-06
1.05904e-06
-2.34533e-06
7.41928e-07
-2.34038e-06
4.26153e-07
-2.34761e-06
1.08982e-07
-2.36723e-06
-2.12432e-07
-2.39905e-06
-5.40971e-07
-2.44242e-06
-8.79457e-07
-2.49618e-06
-1.23055e-06
-2.5586e-06
-1.59663e-06
-2.62724e-06
-1.97961e-06
-2.69886e-06
-2.38074e-06
-2.76929e-06
-2.8003e-06
-2.83335e-06
-3.23729e-06
-2.88476e-06
-3.68892e-06
-2.91612e-06
-4.15008e-06
-2.91906e-06
-4.61264e-06
-2.8845e-06
-5.06467e-06
-2.8032e-06
-5.48957e-06
-2.66667e-06
-5.86522e-06
-2.46843e-06
-6.16332e-06
-2.20575e-06
-6.34904e-06
-1.88174e-06
-6.38147e-06
-1.50761e-06
-6.21512e-06
-1.10472e-06
-5.80293e-06
-7.05659e-07
-5.10105e-06
-3.53809e-07
-4.07499e-06
-1.00618e-07
-2.7065e-06
-1.0019e-06
-9.76677e-08
9.94606e-07
-3.39945e-07
2.66449e-06
-6.70193e-07
3.98015e-06
-1.03624e-06
4.9455e-06
-1.39642e-06
5.59107e-06
-1.72145e-06
5.96127e-06
-1.99374e-06
6.10577e-06
-2.2054e-06
6.07338e-06
-2.35571e-06
5.90824e-06
-2.44881e-06
5.64797e-06
-2.49166e-06
5.32322e-06
-2.49258e-06
4.95807e-06
-2.46023e-06
4.5708e-06
-2.40291e-06
4.17484e-06
-2.32821e-06
3.77964e-06
-2.24283e-06
3.39156e-06
-2.15252e-06
3.01449e-06
-2.06213e-06
2.65047e-06
-1.97569e-06
2.30013e-06
-1.89648e-06
1.963e-06
-1.82718e-06
1.63782e-06
-1.76991e-06
1.32275e-06
-1.72635e-06
1.01548e-06
-1.69778e-06
7.13365e-07
-1.68516e-06
4.13533e-07
-1.68911e-06
1.12929e-07
-1.70993e-06
-1.9161e-07
-1.7476e-06
-5.033e-07
-1.80171e-06
-8.25347e-07
-1.8714e-06
-1.16086e-06
-1.95527e-06
-1.51277e-06
-2.05122e-06
-1.88366e-06
-2.15638e-06
-2.27559e-06
-2.26683e-06
-2.68985e-06
-2.37753e-06
-3.12659e-06
-2.48207e-06
-3.58437e-06
-2.57262e-06
-4.05954e-06
-2.63983e-06
-4.54543e-06
-2.67304e-06
-5.03147e-06
-2.66066e-06
-5.50194e-06
-2.59104e-06
-5.93485e-06
-2.45376e-06
-6.3006e-06
-2.24166e-06
-6.56114e-06
-1.95353e-06
-6.66961e-06
-1.59722e-06
-6.57144e-06
-1.1929e-06
-6.20726e-06
-7.75462e-07
-5.51849e-06
-3.95005e-07
-4.45545e-06
-1.14026e-07
-2.98748e-06
-1.11593e-06
-1.1295e-07
1.10756e-06
-3.86072e-07
2.93761e-06
-7.46678e-07
4.34076e-06
-1.13047e-06
5.32929e-06
-1.48931e-06
5.94991e-06
-1.79242e-06
6.26438e-06
-2.02421e-06
6.33755e-06
-2.18065e-06
6.22983e-06
-2.2656e-06
5.99319e-06
-2.28753e-06
5.6699e-06
-2.25714e-06
5.29283e-06
-2.18569e-06
4.88662e-06
-2.08398e-06
4.46909e-06
-1.96174e-06
4.0526e-06
-1.82744e-06
3.64534e-06
-1.68821e-06
3.25233e-06
-1.54994e-06
2.87622e-06
-1.4174e-06
2.51794e-06
-1.29441e-06
2.17714e-06
-1.184e-06
1.85259e-06
-1.08854e-06
1.54237e-06
-1.00992e-06
1.24412e-06
-9.49568e-07
9.5513e-07
-9.08628e-07
6.72425e-07
-8.87953e-07
3.92858e-07
-8.88166e-07
1.13142e-07
-9.09663e-07
-1.70113e-07
-9.526e-07
-4.60364e-07
-1.01685e-06
-7.611e-07
-1.10191e-06
-1.0758e-06
-1.20685e-06
-1.40783e-06
-1.3301e-06
-1.76041e-06
-1.46931e-06
-2.13637e-06
-1.62115e-06
-2.53801e-06
-1.78101e-06
-2.96673e-06
-1.94278e-06
-3.42261e-06
-2.09855e-06
-3.90376e-06
-2.23845e-06
-4.40553e-06
-2.35055e-06
-4.91936e-06
-2.42109e-06
-5.43141e-06
-2.43507e-06
-5.92086e-06
-2.37759e-06
-6.35809e-06
-2.23592e-06
-6.70281e-06
-2.00275e-06
-6.90277e-06
-1.68043e-06
-6.89375e-06
-1.28581e-06
-6.60188e-06
-8.54689e-07
-5.94961e-06
-4.44208e-07
-4.86593e-06
-1.30683e-07
-3.301e-06
-1.24661e-06
-1.33041e-07
1.2406e-06
-4.44013e-07
3.24858e-06
-8.37646e-07
4.73439e-06
-1.23437e-06
5.72601e-06
-1.57959e-06
6.29514e-06
-1.84299e-06
6.52778e-06
-2.01351e-06
6.50807e-06
-2.0934e-06
6.30972e-06
-2.09283e-06
5.99261e-06
-2.02574e-06
5.60281e-06
-1.9071e-06
5.1742e-06
-1.75122e-06
4.73075e-06
-1.57086e-06
4.28872e-06
-1.37686e-06
3.8586e-06
-1.17818e-06
3.44666e-06
-9.81976e-07
3.05613e-06
-7.93897e-07
2.68814e-06
-6.18299e-07
2.34234e-06
-4.58511e-07
2.01735e-06
-3.17055e-07
1.71113e-06
-1.95834e-07
1.42115e-06
-9.62938e-08
1.14458e-06
-1.95464e-08
8.78383e-07
3.35348e-08
6.19343e-07
6.2246e-08
3.64147e-07
6.60109e-08
1.09377e-07
4.43655e-08
-1.48467e-07
-3.03137e-09
-4.12967e-07
-7.63594e-08
-6.87772e-07
-1.75567e-07
-9.76588e-07
-3.00264e-07
-1.28314e-06
-4.49571e-07
-1.6111e-06
-6.21924e-07
-1.96402e-06
-8.14818e-07
-2.34512e-06
-1.0245e-06
-2.75705e-06
-1.2456e-06
-3.2015e-06
-1.47074e-06
-3.67863e-06
-1.69009e-06
-4.18618e-06
-1.89108e-06
-4.71837e-06
-2.05823e-06
-5.26425e-06
-2.17346e-06
-5.80563e-06
-2.21703e-06
-6.31452e-06
-2.16962e-06
-6.75022e-06
-2.01589e-06
-7.0565e-06
-1.7498e-06
-7.15985e-06
-1.38156e-06
-6.97013e-06
-9.45171e-07
-6.38599e-06
-5.04238e-07
-5.30686e-06
-1.52062e-07
-3.65318e-06
-1.39867e-06
-1.60376e-07
1.40097e-06
-5.18223e-07
3.60643e-06
-9.46076e-07
5.16224e-06
-1.34577e-06
6.12571e-06
-1.65784e-06
6.6072e-06
-1.8561e-06
6.72604e-06
-1.93799e-06
6.58996e-06
-1.91511e-06
6.28684e-06
-1.80589e-06
5.8834e-06
-1.63072e-06
5.42764e-06
-1.40903e-06
4.95251e-06
-1.15789e-06
4.4796e-06
-8.91484e-07
4.02232e-06
-6.21174e-07
3.58829e-06
-3.55756e-07
3.18124e-06
-1.01876e-07
2.80225e-06
1.35561e-07
2.4507e-06
3.53008e-07
2.12489e-06
5.47951e-07
1.82241e-06
7.18628e-07
1.54045e-06
8.63813e-07
1.27597e-06
9.82635e-07
1.02576e-06
1.07444e-06
7.86576e-07
1.1387e-06
5.55082e-07
1.17493e-06
3.27916e-07
1.18265e-06
1.0166e-07
1.16135e-06
-1.27166e-07
1.11051e-06
-3.62128e-07
1.02963e-06
-6.06891e-07
9.18278e-07
-8.65237e-07
7.76205e-07
-1.14106e-06
6.03477e-07
-1.43837e-06
4.00679e-07
-1.76122e-06
1.69182e-07
-2.11362e-06
-8.85056e-08
-2.49936e-06
-3.68301e-07
-2.92171e-06
-6.64008e-07
-3.38292e-06
-9.66696e-07
-3.88349e-06
-1.26406e-06
-4.42101e-06
-1.53985e-06
-4.98846e-06
-1.77361e-06
-5.57188e-06
-1.94104e-06
-6.14709e-06
-2.01561e-06
-6.67565e-06
-1.972e-06
-7.10011e-06
-1.79231e-06
-7.33953e-06
-1.47535e-06
-7.28709e-06
-1.04841e-06
-6.81292e-06
-5.79051e-07
-5.77623e-06
-1.80558e-07
-4.05167e-06
-1.57923e-06
-1.98969e-07
1.59994e-06
-6.14777e-07
4.02224e-06
-1.07392e-06
5.62139e-06
-1.45747e-06
6.50926e-06
-1.7057e-06
6.85542e-06
-1.80313e-06
6.82348e-06
-1.76126e-06
6.5481e-06
-1.60468e-06
6.13026e-06
-1.36187e-06
5.64059e-06
-1.06e-06
5.12577e-06
-7.22499e-07
4.61501e-06
-3.68307e-07
4.12541e-06
-1.20402e-08
3.66605e-06
3.35441e-07
3.24081e-06
6.66336e-07
2.85034e-06
9.75233e-07
2.49335e-06
1.25852e-06
2.16741e-06
1.51391e-06
1.8695e-06
1.74002e-06
1.5963e-06
1.9361e-06
1.34437e-06
2.10177e-06
1.11029e-06
2.23687e-06
8.90663e-07
2.34131e-06
6.8214e-07
2.41496e-06
4.81428e-07
2.45762e-06
2.85255e-07
2.46894e-06
9.03433e-08
2.4484e-06
-1.06627e-07
2.39533e-06
-3.09057e-07
2.3089e-06
-5.20467e-07
2.18821e-06
-7.44541e-07
2.03231e-06
-9.85161e-07
1.84037e-06
-1.24643e-06
1.61185e-06
-1.5327e-06
1.34674e-06
-1.84852e-06
1.04594e-06
-2.19856e-06
7.11708e-07
-2.58747e-06
3.48294e-07
-3.01951e-06
-3.72561e-08
-3.49794e-06
-4.34156e-07
-4.02411e-06
-8.26823e-07
-4.5958e-06
-1.1939e-06
-5.2048e-06
-1.50769e-06
-5.83329e-06
-1.73473e-06
-6.4486e-06
-1.83844e-06
-6.99641e-06
-1.78533e-06
-7.39264e-06
-1.55639e-06
-7.51603e-06
-1.16423e-06
-7.20509e-06
-6.7396e-07
-6.2665e-06
-2.20148e-07
-4.50548e-06
-1.79938e-06
-2.55533e-07
1.85547e-06
-7.41268e-07
4.50797e-06
-1.21905e-06
6.09917e-06
-1.55134e-06
6.84154e-06
-1.68862e-06
6.9927e-06
-1.6366e-06
6.77146e-06
-1.42796e-06
6.33945e-06
-1.10374e-06
5.80603e-06
-7.03201e-07
5.24005e-06
-2.59465e-07
4.68203e-06
2.01633e-07
4.15391e-06
6.61022e-07
3.66602e-06
1.10527e-06
3.2218e-06
1.52534e-06
2.82074e-06
1.9155e-06
2.46018e-06
2.27237e-06
2.13648e-06
2.59421e-06
1.84557e-06
2.88039e-06
1.58333e-06
3.13095e-06
1.34573e-06
3.34635e-06
1.12898e-06
3.52718e-06
9.29463e-07
3.67407e-06
7.43774e-07
3.78754e-06
5.68673e-07
3.86792e-06
4.01048e-07
3.9153e-06
2.37868e-07
3.92951e-06
7.61345e-08
3.91005e-06
-8.71695e-08
3.85613e-06
-2.55133e-07
3.76664e-06
-4.30974e-07
3.6402e-06
-6.18099e-07
3.4752e-06
-8.20167e-07
3.26991e-06
-1.04115e-06
3.0226e-06
-1.28538e-06
2.73173e-06
-1.55765e-06
2.39631e-06
-1.86314e-06
2.01631e-06
-2.20748e-06
1.59332e-06
-2.59652e-06
1.13145e-06
-3.03607e-06
6.38453e-07
-3.53112e-06
1.27312e-07
-4.08465e-06
-3.82054e-07
-4.69544e-06
-8.61004e-07
-5.35435e-06
-1.27104e-06
-6.03857e-06
-1.56456e-06
-6.70289e-06
-1.68962e-06
-7.26758e-06
-1.60194e-06
-7.60371e-06
-1.28728e-06
-7.51975e-06
-7.95295e-07
-6.75848e-06
-2.77486e-07
-5.02329e-06
-2.07686e-06
-3.41155e-07
2.19663e-06
-9.04912e-07
5.07173e-06
-1.36758e-06
6.56184e-06
-1.58678e-06
7.06074e-06
-1.54345e-06
6.94937e-06
-1.27929e-06
6.5073e-06
-8.55505e-07
5.91567e-06
-3.31189e-07
5.28171e-06
2.45238e-07
4.66363e-06
8.37682e-07
4.08959e-06
1.42101e-06
3.57058e-06
1.97873e-06
3.1083e-06
2.50077e-06
2.69977e-06
2.98152e-06
2.33999e-06
3.41842e-06
2.02328e-06
3.81089e-06
1.74401e-06
4.15956e-06
1.4969e-06
4.46576e-06
1.27713e-06
4.73112e-06
1.08037e-06
4.95737e-06
9.02731e-07
5.14613e-06
7.40702e-07
5.29882e-06
5.91086e-07
5.41656e-06
4.50932e-07
5.50014e-06
3.17472e-07
5.54995e-06
1.88055e-07
5.56599e-06
6.00932e-08
5.54782e-06
-6.90023e-08
5.49457e-06
-2.0188e-07
5.40491e-06
-3.4131e-07
5.27707e-06
-4.90259e-07
5.10886e-06
-6.51961e-07
4.89772e-06
-8.30006e-07
4.64077e-06
-1.02844e-06
4.33498e-06
-1.25185e-06
3.97735e-06
-1.50551e-06
3.56531e-06
-1.79544e-06
3.09726e-06
-2.12847e-06
2.57338e-06
-2.51219e-06
1.99693e-06
-2.95466e-06
1.37597e-06
-3.4637e-06
7.25841e-07
-4.04531e-06
7.21813e-08
-4.70069e-06
-5.45754e-07
-5.42063e-06
-1.07264e-06
-6.176e-06
-1.43807e-06
-6.90215e-06
-1.56582e-06
-7.47596e-06
-1.3989e-06
-7.68667e-06
-9.47971e-07
-7.20941e-06
-3.63467e-07
-5.6078e-06
-2.44033e-06
-4.7254e-07
2.66917e-06
-1.10447e-06
5.70366e-06
-1.47565e-06
6.93302e-06
-1.47847e-06
7.06356e-06
-1.15799e-06
6.62889e-06
-6.08787e-07
5.9581e-06
7.57045e-08
5.23118e-06
8.21722e-07
4.5357e-06
1.57759e-06
3.90775e-06
2.31011e-06
3.35707e-06
2.99966e-06
2.88104e-06
3.6359e-06
2.47206e-06
4.2145e-06
2.12116e-06
4.73487e-06
1.81962e-06
5.19857e-06
1.55958e-06
5.60833e-06
1.33426e-06
5.96739e-06
1.13785e-06
6.27909e-06
9.65426e-07
6.54666e-06
8.12803e-07
6.77301e-06
6.76374e-07
6.96071e-06
5.5301e-07
7.11185e-06
4.39945e-07
7.22809e-06
3.34693e-07
7.31059e-06
2.34969e-07
7.36002e-06
1.38622e-07
7.37654e-06
4.35716e-08
7.35979e-06
-5.2247e-08
7.30885e-06
-1.50944e-07
7.22228e-06
-2.54738e-07
7.09804e-06
-3.66019e-07
6.93351e-06
-4.87436e-07
6.72549e-06
-6.21981e-07
6.47016e-06
-7.73108e-07
6.16318e-06
-9.44864e-07
5.79972e-06
-1.14205e-06
5.37472e-06
-1.37044e-06
4.8832e-06
-1.63695e-06
4.3209e-06
-1.94989e-06
3.68536e-06
-2.31911e-06
2.97758e-06
-2.75592e-06
2.20476e-06
-3.27249e-06
1.38424e-06
-3.88016e-06
5.4895e-07
-4.58535e-06
-2.46014e-07
-5.38104e-06
-9.17893e-07
-6.23027e-06
-1.35733e-06
-7.03652e-06
-1.44849e-06
-7.59552e-06
-1.12634e-06
-7.53155e-06
-4.93943e-07
-6.2402e-06
-2.93427e-06
-6.6668e-07
3.33585e-06
-1.30278e-06
6.33976e-06
-1.42768e-06
7.05792e-06
-1.05565e-06
6.69153e-06
-3.40255e-07
5.9135e-06
5.61204e-07
5.05664e-06
1.53086e-06
4.26152e-06
2.49299e-06
3.57356e-06
3.40444e-06
2.99631e-06
4.24374e-06
2.51777e-06
5.00272e-06
2.12206e-06
5.68082e-06
1.79396e-06
6.28151e-06
1.52047e-06
6.81017e-06
1.29096e-06
7.27285e-06
1.0969e-06
7.67559e-06
9.3152e-07
8.02404e-06
7.89387e-07
8.32334e-06
6.66127e-07
8.57798e-06
5.58169e-07
8.7918e-06
4.62553e-07
8.96802e-06
3.76786e-07
9.10925e-06
2.9872e-07
9.21747e-06
2.26466e-07
9.29412e-06
1.5832e-07
9.34004e-06
9.27e-08
9.35552e-06
2.80916e-08
9.34028e-06
-3.69997e-08
9.29343e-06
-1.04099e-07
9.2135e-06
-1.74812e-07
9.09837e-06
-2.50886e-07
8.94521e-06
-3.34275e-07
8.75045e-06
-4.27226e-07
8.50973e-06
-5.32382e-07
8.21778e-06
-6.52919e-07
7.86845e-06
-7.92727e-07
7.45465e-06
-9.56637e-07
6.96843e-06
-1.15073e-06
6.40127e-06
-1.38273e-06
5.74463e-06
-1.66248e-06
4.99118e-06
-2.00247e-06
4.13699e-06
-2.4183e-06
3.18549e-06
-2.92865e-06
2.15401e-06
-3.55387e-06
1.08398e-06
-4.311e-06
5.44977e-08
-5.20079e-06
-8.04453e-07
-6.17757e-06
-1.31273e-06
-7.08724e-06
-1.28511e-06
-7.55917e-06
-6.82842e-07
-6.84247e-06
-3.61711e-06
-9.14794e-07
4.25064e-06
-1.34694e-06
6.77191e-06
-9.46516e-07
6.65749e-06
7.57307e-09
5.73745e-06
1.22159e-06
4.69948e-06
2.49714e-06
3.7811e-06
3.72169e-06
3.03697e-06
4.8427e-06
2.45256e-06
5.8424e-06
1.9966e-06
6.72093e-06
1.63924e-06
7.48659e-06
1.3564e-06
8.15069e-06
1.12986e-06
8.725e-06
9.46161e-07
9.22056e-06
7.95401e-07
9.64721e-06
6.70245e-07
1.00135e-05
5.65196e-07
1.03269e-05
4.7607e-07
1.05934e-05
3.99627e-07
1.08182e-05
3.3331e-07
1.10057e-05
2.7506e-07
1.11593e-05
2.23184e-07
1.12818e-05
1.76256e-07
1.13752e-05
1.33042e-07
1.14411e-05
9.24474e-08
1.14803e-05
5.34668e-08
1.14932e-05
1.51482e-08
1.14797e-05
-2.34441e-08
1.14389e-05
-6.32634e-08
1.13694e-05
-1.05316e-07
1.12692e-05
-1.50701e-07
1.11356e-05
-2.00664e-07
1.0965e-05
-2.56652e-07
1.0753e-05
-3.20396e-07
1.04941e-05
-3.9402e-07
1.01816e-05
-4.80187e-07
9.80723e-06
-5.82305e-07
9.36132e-06
-7.0482e-07
8.83222e-06
-8.5363e-07
8.20643e-06
-1.03669e-06
7.46879e-06
-1.26483e-06
6.60347e-06
-1.55298e-06
5.59639e-06
-1.92157e-06
4.4406e-06
-2.39808e-06
3.14696e-06
-3.01735e-06
1.76342e-06
-3.81725e-06
4.05107e-07
-4.81926e-06
-7.11679e-07
-5.97045e-06
-1.25964e-06
-7.01121e-06
-9.14246e-07
-7.18786e-06
-4.53136e-06
-1.08385e-06
5.3345e-06
-7.58611e-07
6.44667e-06
5.80966e-07
5.31791e-06
2.28901e-06
4.0294e-06
3.99664e-06
2.99185e-06
5.54545e-06
2.23228e-06
6.88864e-06
1.69379e-06
8.02998e-06
1.31121e-06
8.99215e-06
1.03444e-06
9.80188e-06
8.29512e-07
1.04841e-05
6.74156e-07
1.10602e-05
5.53744e-07
1.15478e-05
4.5855e-07
1.19613e-05
3.81973e-07
1.23121e-05
3.19418e-07
1.26097e-05
2.67606e-07
1.28616e-05
2.24136e-07
1.3074e-05
1.87205e-07
1.32519e-05
1.5543e-07
1.33993e-05
1.27719e-07
1.35193e-05
1.03192e-07
1.36144e-05
8.11199e-08
1.36866e-05
6.08813e-08
1.37371e-05
4.19304e-08
1.37668e-05
2.3772e-08
1.3776e-05
5.93989e-09
1.37646e-05
-1.20217e-08
1.37319e-05
-3.05771e-08
1.36768e-05
-5.02165e-08
1.35975e-05
-7.14789e-08
1.34919e-05
-9.49779e-08
1.33566e-05
-1.21435e-07
1.3188e-05
-1.51725e-07
1.29809e-05
-1.86936e-07
1.27292e-05
-2.28461e-07
1.2425e-05
-2.78119e-07
1.20585e-05
-3.38355e-07
1.16174e-05
-4.12522e-07
1.10861e-05
-5.05346e-07
1.04449e-05
-6.2365e-07
9.66945e-06
-7.77547e-07
8.73024e-06
-9.82366e-07
7.5939e-06
-1.26174e-06
6.22879e-06
-1.65224e-06
4.62046e-06
-2.20892e-06
2.80688e-06
-3.00568e-06
9.47103e-07
-4.11068e-06
-5.66406e-07
-5.4977e-06
-1.03701e-06
-6.71726e-06
-5.56837e-06
-1.20095e-07
5.45459e-06
1.82887e-06
4.4977e-06
4.40737e-06
2.73942e-06
6.72013e-06
1.71665e-06
8.59733e-06
1.11464e-06
1.00778e-05
7.51808e-07
1.12415e-05
5.30083e-07
1.21627e-05
3.89987e-07
1.29e-05
2.97154e-07
1.34969e-05
2.32608e-07
1.39853e-05
1.85797e-07
1.43884e-05
1.50639e-07
1.47235e-05
1.23472e-07
1.50034e-05
1.01992e-07
1.52382e-05
8.46815e-08
1.54353e-05
7.05028e-08
1.56007e-05
5.87183e-08
1.57391e-05
4.87879e-08
1.58542e-05
4.0304e-08
1.5949e-05
3.2951e-08
1.60257e-05
2.64773e-08
1.60862e-05
2.06771e-08
1.61317e-05
1.53769e-08
1.61632e-05
1.04256e-08
1.61813e-05
5.68731e-09
1.61862e-05
1.03476e-09
1.61778e-05
-3.65703e-09
1.61557e-05
-8.51321e-09
1.61192e-05
-1.3668e-08
1.6067e-05
-1.92687e-08
1.59975e-05
-2.5484e-08
1.59086e-05
-3.25139e-08
1.57974e-05
-4.06031e-08
1.56606e-05
-5.00597e-08
1.54934e-05
-6.12829e-08
1.52901e-05
-7.48038e-08
1.50431e-05
-9.13492e-08
1.47425e-05
-1.11944e-07
1.43752e-05
-1.38085e-07
1.39236e-05
-1.7204e-07
1.33635e-05
-2.17405e-07
1.26613e-05
-2.80164e-07
1.17703e-05
-3.70771e-07
1.06264e-05
-5.08298e-07
9.14554e-06
-7.28102e-07
7.23358e-06
-1.09372e-06
4.83675e-06
-1.71385e-06
2.12328e-06
-2.78422e-06
1.1228e-08
-4.60521e-06
-5.55714e-06
5.45459e-06
9.95229e-06
1.26917e-05
1.44084e-05
1.5523e-05
1.62748e-05
1.68049e-05
1.71949e-05
1.7492e-05
1.77246e-05
1.79104e-05
1.80611e-05
1.81845e-05
1.82865e-05
1.83712e-05
1.84417e-05
1.85004e-05
1.85492e-05
1.85895e-05
1.86225e-05
1.8649e-05
1.86696e-05
1.8685e-05
1.86954e-05
1.87011e-05
1.87022e-05
1.86985e-05
1.869e-05
1.86763e-05
1.86571e-05
1.86316e-05
1.85991e-05
1.85585e-05
1.85084e-05
1.84471e-05
1.83723e-05
1.8281e-05
1.8169e-05
1.80309e-05
1.78589e-05
1.76415e-05
1.73613e-05
1.69905e-05
1.64823e-05
1.57541e-05
1.46604e-05
1.29466e-05
1.01624e-05
5.55714e-06
)
;

boundaryField
{
    movingWall
    {
        type            calculated;
        value           uniform 0;
    }
    fixedWalls
    {
        type            calculated;
        value           uniform 0;
    }
    frontAndBack
    {
        type            empty;
        value           nonuniform 0();
    }
}


// ************************************************************************* //
