/*--------------------------------*- C++ -*----------------------------------*\
  =========                 |
  \\      /  F ield         | OpenFOAM: The Open Source CFD Toolbox
   \\    /   O peration     | Website:  https://openfoam.org
    \\  /    A nd           | Version:  7
     \\/     M anipulation  |
\*---------------------------------------------------------------------------*/
FoamFile
{
    version     2.0;
    format      ascii;
    class       volVectorField;
    location    "0.0356";
    object      U;
}
// * * * * * * * * * * * * * * * * * * * * * * * * * * * * * * * * * * * * * //

dimensions      [0 1 -1 0 0 0 0];

internalField   nonuniform List<vector> 
2500
(
(0.290254 -0.152414 0)
(0.389542 -0.128237 0)
(0.565429 -0.0747332 0)
(0.683248 -0.042228 0)
(0.75282 -0.0245221 0)
(0.797802 -0.0148773 0)
(0.828929 -0.0095665 0)
(0.851353 -0.00654065 0)
(0.868106 -0.00471483 0)
(0.881011 -0.00353899 0)
(0.89118 -0.00273476 0)
(0.899324 -0.00215659 0)
(0.905921 -0.00172448 0)
(0.91131 -0.00139191 0)
(0.915734 -0.00113012 0)
(0.919379 -0.000920361 0)
(0.922384 -0.000749781 0)
(0.924856 -0.000609186 0)
(0.926882 -0.000491769 0)
(0.928528 -0.000392323 0)
(0.929846 -0.000306746 0)
(0.930877 -0.000231708 0)
(0.931652 -0.000164426 0)
(0.932192 -0.000102494 0)
(0.932514 -4.37533e-05 0)
(0.932624 1.37936e-05 0)
(0.932525 7.19906e-05 0)
(0.932211 0.00013288 0)
(0.931671 0.000198513 0)
(0.930885 0.000271143 0)
(0.929826 0.000353365 0)
(0.92846 0.000448273 0)
(0.926737 0.000559685 0)
(0.924597 0.000692468 0)
(0.921961 0.000853023 0)
(0.918728 0.00105004 0)
(0.914765 0.00129572 0)
(0.909898 0.00160782 0)
(0.90389 0.00201342 0)
(0.896415 0.00255594 0)
(0.887005 0.00330942 0)
(0.874966 0.00440816 0)
(0.859209 0.00611081 0)
(0.83793 0.00893813 0)
(0.808077 0.0139501 0)
(0.764376 0.0232388 0)
(0.695894 0.0407665 0)
(0.577943 0.0737453 0)
(0.398054 0.128746 0)
(0.293872 0.153788 0)
(0.00108843 -0.294897 0)
(0.0168618 -0.298619 0)
(0.152314 -0.213007 0)
(0.28281 -0.145291 0)
(0.38791 -0.0995805 0)
(0.47103 -0.0697305 0)
(0.536326 -0.0503587 0)
(0.587654 -0.0375431 0)
(0.62836 -0.0287723 0)
(0.66101 -0.022544 0)
(0.687471 -0.0179676 0)
(0.709106 -0.0145045 0)
(0.726919 -0.0118186 0)
(0.741662 -0.00969312 0)
(0.753905 -0.0079829 0)
(0.76409 -0.00658719 0)
(0.772563 -0.00543378 0)
(0.779595 -0.00446929 0)
(0.785403 -0.00365314 0)
(0.79016 -0.0029536 0)
(0.794001 -0.00234521 0)
(0.797035 -0.00180697 0)
(0.799344 -0.00132109 0)
(0.800986 -0.000871966 0)
(0.802005 -0.000445535 0)
(0.80242 -2.86234e-05 0)
(0.802238 0.0003915 0)
(0.801445 0.000827859 0)
(0.800012 0.00129408 0)
(0.797888 0.00180508 0)
(0.795003 0.00237783 0)
(0.791261 0.00303229 0)
(0.786538 0.00379278 0)
(0.780674 0.00468979 0)
(0.773466 0.00576262 0)
(0.764654 0.00706342 0)
(0.753905 0.00866325 0)
(0.740784 0.0106618 0)
(0.724723 0.0132035 0)
(0.704962 0.0165045 0)
(0.680471 0.0209005 0)
(0.649832 0.0269334 0)
(0.611064 0.0355084 0)
(0.561393 0.0481774 0)
(0.497084 0.0675999 0)
(0.413671 0.0980792 0)
(0.306251 0.145727 0)
(0.170492 0.217272 0)
(0.0268969 0.307188 0)
(0.00518705 0.303014 0)
(-0.0329163 -0.250399 0)
(-0.0615937 -0.344037 0)
(-0.0115315 -0.310541 0)
(0.070702 -0.251415 0)
(0.158691 -0.195818 0)
(0.241047 -0.151176 0)
(0.313417 -0.117408 0)
(0.375113 -0.0922516 0)
(0.42704 -0.0734134 0)
(0.470558 -0.059115 0)
(0.507011 -0.048083 0)
(0.537583 -0.0394282 0)
(0.563265 -0.0325321 0)
(0.584868 -0.0269598 0)
(0.603051 -0.022401 0)
(0.61835 -0.0186292 0)
(0.631201 -0.0154756 0)
(0.641959 -0.0128118 0)
(0.650913 -0.0105375 0)
(0.658298 -0.00857261 0)
(0.664304 -0.00685189 0)
(0.66908 -0.00532057 0)
(0.672743 -0.00393159 0)
(0.675378 -0.00264332 0)
(0.677044 -0.0014178 0)
(0.677773 -0.000219263 0)
(0.677571 0.000987242 0)
(0.67642 0.00223707 0)
(0.674276 0.00356742 0)
(0.671065 0.00501884 0)
(0.666687 0.0066371 0)
(0.661002 0.00847557 0)
(0.653835 0.0105984 0)
(0.64496 0.0130849 0)
(0.634095 0.0160355 0)
(0.620887 0.0195806 0)
(0.604893 0.0238935 0)
(0.585556 0.0292089 0)
(0.562177 0.0358527 0)
(0.533873 0.0442853 0)
(0.49954 0.0551691 0)
(0.45781 0.0694685 0)
(0.407063 0.0885865 0)
(0.345541 0.114522 0)
(0.271807 0.14992 0)
(0.185988 0.197544 0)
(0.0921081 0.257931 0)
(0.00177729 0.323227 0)
(-0.0569503 0.361508 0)
(-0.0321712 0.263989 0)
(-0.0267706 -0.190627 0)
(-0.0654461 -0.332964 0)
(-0.0646348 -0.351362 0)
(-0.027702 -0.318989 0)
(0.0292497 -0.271607 0)
(0.0931421 -0.224945 0)
(0.156284 -0.184487 0)
(0.214883 -0.151147 0)
(0.267432 -0.124197 0)
(0.313647 -0.102509 0)
(0.353833 -0.0850032 0)
(0.388545 -0.0707792 0)
(0.418399 -0.059129 0)
(0.443996 -0.0495064 0)
(0.465885 -0.0414923 0)
(0.484548 -0.0347631 0)
(0.500402 -0.0290665 0)
(0.513802 -0.0242028 0)
(0.52505 -0.0200114 0)
(0.534397 -0.0163606 0)
(0.542048 -0.0131405 0)
(0.548172 -0.010257 0)
(0.552898 -0.00762822 0)
(0.556324 -0.0051803 0)
(0.558516 -0.00284538 0)
(0.55951 -0.000558879 0)
(0.559312 0.00174255 0)
(0.557899 0.00412319 0)
(0.555217 0.00665048 0)
(0.551179 0.00939756 0)
(0.545666 0.0124463 0)
(0.538517 0.015891 0)
(0.529528 0.0198434 0)
(0.518446 0.024439 0)
(0.50496 0.0298457 0)
(0.488692 0.0362759 0)
(0.469187 0.0440023 0)
(0.445899 0.0533804 0)
(0.418187 0.0648786 0)
(0.385315 0.079117 0)
(0.346474 0.0969147 0)
(0.300857 0.119333 0)
(0.24783 0.147683 0)
(0.187302 0.183398 0)
(0.120429 0.22755 0)
(0.0508786 0.27946 0)
(-0.0133107 0.333388 0)
(-0.0579258 0.372035 0)
(-0.0647131 0.355841 0)
(-0.0272907 0.204791 0)
(-0.017852 -0.149167 0)
(-0.053154 -0.302827 0)
(-0.0737864 -0.354616 0)
(-0.0669346 -0.349806 0)
(-0.0380081 -0.318952 0)
(0.00378397 -0.279435 0)
(0.0512374 -0.239843 0)
(0.0995992 -0.203802 0)
(0.146037 -0.172425 0)
(0.189059 -0.145685 0)
(0.228023 -0.123107 0)
(0.262785 -0.104094 0)
(0.293475 -0.088067 0)
(0.320358 -0.0745168 0)
(0.343758 -0.0630125 0)
(0.364006 -0.0531966 0)
(0.381423 -0.0447733 0)
(0.396303 -0.037497 0)
(0.408907 -0.0311625 0)
(0.419462 -0.0255957 0)
(0.428162 -0.0206472 0)
(0.435166 -0.016186 0)
(0.440602 -0.0120956 0)
(0.444563 -0.00826949 0)
(0.447114 -0.00460813 0)
(0.44829 -0.00101612 0)
(0.448093 0.00260075 0)
(0.446497 0.00633821 0)
(0.443444 0.0102964 0)
(0.438842 0.0145834 0)
(0.432564 0.0193185 0)
(0.424447 0.0246377 0)
(0.414286 0.0306985 0)
(0.401834 0.0376881 0)
(0.386796 0.0458319 0)
(0.36883 0.0554055 0)
(0.347547 0.0667486 0)
(0.322515 0.0802823 0)
(0.293283 0.0965262 0)
(0.259417 0.116113 0)
(0.22058 0.139785 0)
(0.176678 0.16835 0)
(0.128109 0.202532 0)
(0.076175 0.242605 0)
(0.0236745 0.287593 0)
(-0.0243159 0.333674 0)
(-0.0597754 0.3713 0)
(-0.0721335 0.380877 0)
(-0.0543881 0.327998 0)
(-0.0186522 0.162433 0)
(-0.011436 -0.120877 0)
(-0.0403398 -0.269737 0)
(-0.0680749 -0.339698 0)
(-0.0782363 -0.356616 0)
(-0.0697019 -0.343064 0)
(-0.0472586 -0.314554 0)
(-0.0160824 -0.280482 0)
(0.0195687 -0.246003 0)
(0.0565904 -0.21365 0)
(0.0929297 -0.184463 0)
(0.127342 -0.158691 0)
(0.159149 -0.136194 0)
(0.188045 -0.116669 0)
(0.213957 -0.0997614 0)
(0.236953 -0.0851172 0)
(0.257178 -0.0724104 0)
(0.274815 -0.0613489 0)
(0.290058 -0.0516749 0)
(0.303097 -0.0431617 0)
(0.314107 -0.0356092 0)
(0.323245 -0.0288394 0)
(0.330645 -0.0226923 0)
(0.336413 -0.0170215 0)
(0.340632 -0.0116908 0)
(0.343357 -0.00657134 0)
(0.344615 -0.00153785 0)
(0.344405 0.00353391 0)
(0.342697 0.00877039 0)
(0.339433 0.0143035 0)
(0.334524 0.0202742 0)
(0.327851 0.0268367 0)
(0.31926 0.0341629 0)
(0.308571 0.0424483 0)
(0.295568 0.0519183 0)
(0.280009 0.0628357 0)
(0.261632 0.0755085 0)
(0.240165 0.0902973 0)
(0.215349 0.10762 0)
(0.186981 0.12795 0)
(0.154978 0.151795 0)
(0.11948 0.179639 0)
(0.0810166 0.211821 0)
(0.0407417 0.248271 0)
(0.000745586 0.288038 0)
(-0.0356111 0.328443 0)
(-0.0634892 0.363732 0)
(-0.0767882 0.383134 0)
(-0.0696135 0.36881 0)
(-0.0423742 0.295033 0)
(-0.0121939 0.132904 0)
(-0.00748525 -0.100831 0)
(-0.0305373 -0.239329 0)
(-0.0589259 -0.317401 0)
(-0.0775367 -0.349224 0)
(-0.0822688 -0.350362 0)
(-0.0746308 -0.333309 0)
(-0.0576326 -0.30683 0)
(-0.0344241 -0.276549 0)
(-0.00772764 -0.245807 0)
(0.0203668 -0.216431 0)
(0.0483784 -0.189308 0)
(0.0753242 -0.164773 0)
(0.100597 -0.14285 0)
(0.123855 -0.123403 0)
(0.144944 -0.106215 0)
(0.163826 -0.0910426 0)
(0.180539 -0.0776394 0)
(0.195167 -0.065767 0)
(0.207811 -0.0552019 0)
(0.218583 -0.0457365 0)
(0.227588 -0.0371786 0)
(0.23492 -0.0293491 0)
(0.24066 -0.0220798 0)
(0.244867 -0.0152112 0)
(0.247582 -0.00858928 0)
(0.248822 -0.00206304 0)
(0.24858 0.00451837 0)
(0.246827 0.0113086 0)
(0.243506 0.0184672 0)
(0.23854 0.0261631 0)
(0.231823 0.0345784 0)
(0.223231 0.043912 0)
(0.212617 0.0543843 0)
(0.19982 0.0662409 0)
(0.184673 0.0797567 0)
(0.167016 0.0952375 0)
(0.146719 0.113018 0)
(0.123713 0.133451 0)
(0.0980414 0.156885 0)
(0.0699356 0.183608 0)
(0.0399174 0.213754 0)
(0.00893724 0.247126 0)
(-0.0214575 0.282896 0)
(-0.0489577 0.319135 0)
(-0.0704196 0.352101 0)
(-0.0820537 0.37531 0)
(-0.0800728 0.378519 0)
(-0.0623003 0.347171 0)
(-0.0328393 0.263435 0)
(-0.00814012 0.111512 0)
(-0.00515209 -0.0861077 0)
(-0.0236542 -0.212869 0)
(-0.0502281 -0.29295 0)
(-0.0723904 -0.333961 0)
(-0.0851506 -0.346277 0)
(-0.0880299 -0.339408 0)
(-0.0823163 -0.320854 0)
(-0.0699912 -0.296012 0)
(-0.0531199 -0.268499 0)
(-0.033515 -0.240598 0)
(-0.0126201 -0.213658 0)
(0.00848758 -0.188412 0)
(0.0290459 -0.165195 0)
(0.0485438 -0.144101 0)
(0.0666599 -0.125079 0)
(0.0832104 -0.107998 0)
(0.0981077 -0.0926827 0)
(0.111329 -0.0789407 0)
(0.122891 -0.0665727 0)
(0.132834 -0.0553809 0)
(0.141209 -0.0451725 0)
(0.148067 -0.035761 0)
(0.153455 -0.0269657 0)
(0.157408 -0.018611 0)
(0.159947 -0.0105243 0)
(0.161079 -0.00253468 0)
(0.160793 0.00552981 0)
(0.159058 0.0138444 0)
(0.155827 0.0225901 0)
(0.151035 0.0319565 0)
(0.144601 0.0421443 0)
(0.136433 0.053368 0)
(0.126433 0.0658576 0)
(0.114502 0.0798599 0)
(0.100557 0.0956369 0)
(0.0845485 0.113461 0)
(0.0664838 0.133601 0)
(0.0464675 0.156302 0)
(0.0247513 0.181737 0)
(0.00180081 0.20994 0)
(-0.0216207 0.240677 0)
(-0.0443599 0.273265 0)
(-0.064789 0.306284 0)
(-0.0807752 0.337181 0)
(-0.0897916 0.361772 0)
(-0.0892998 0.373702 0)
(-0.0774879 0.364105 0)
(-0.0545796 0.321844 0)
(-0.0260022 0.235068 0)
(-0.00571712 0.0954519 0)
(-0.0037565 -0.0748332 0)
(-0.0188969 -0.190113 0)
(-0.0429996 -0.268728 0)
(-0.0661548 -0.314713 0)
(-0.083489 -0.33489 0)
(-0.093501 -0.336281 0)
(-0.0963063 -0.324991 0)
(-0.0929088 -0.305833 0)
(-0.0846868 -0.282339 0)
(-0.0730411 -0.256964 0)
(-0.0592157 -0.231329 0)
(-0.0442319 -0.206447 0)
(-0.0288826 -0.182908 0)
(-0.0137562 -0.161015 0)
(0.000728487 -0.140877 0)
(0.0142864 -0.122486 0)
(0.026734 -0.105753 0)
(0.0379615 -0.0905451 0)
(0.0479112 -0.0767025 0)
(0.0565597 -0.0640507 0)
(0.063905 -0.0524086 0)
(0.0699558 -0.0415923 0)
(0.0747245 -0.0314178 0)
(0.0782209 -0.0217014 0)
(0.0804488 -0.0122594 0)
(0.0814029 -0.00290745 0)
(0.0810671 0.00654078 0)
(0.0794144 0.0162752 0)
(0.0764069 0.0264908 0)
(0.0719974 0.0373892 0)
(0.0661325 0.0491798 0)
(0.0587576 0.0620802 0)
(0.0498241 0.0763159 0)
(0.0392996 0.0921168 0)
(0.0271829 0.109711 0)
(0.0135241 0.129314 0)
(-0.00154884 0.151104 0)
(-0.0177943 0.175193 0)
(-0.0348136 0.201568 0)
(-0.0520001 0.230007 0)
(-0.0684848 0.259958 0)
(-0.0830927 0.29036 0)
(-0.0943315 0.31941 0)
(-0.100455 0.344271 0)
(-0.0996713 0.360771 0)
(-0.0905681 0.363178 0)
(-0.07276 0.344239 0)
(-0.0477953 0.295758 0)
(-0.0211886 0.210048 0)
(-0.00425095 0.0828961 0)
(-0.00289053 -0.0658306 0)
(-0.0155764 -0.17043 0)
(-0.0372802 -0.245688 0)
(-0.060197 -0.293719 0)
(-0.0799637 -0.319008 0)
(-0.0946604 -0.326667 0)
(-0.103689 -0.321528 0)
(-0.107332 -0.307696 0)
(-0.106369 -0.288412 0)
(-0.101774 -0.266099 0)
(-0.094521 -0.242487 0)
(-0.0854855 -0.218756 0)
(-0.0754051 -0.195676 0)
(-0.0648706 -0.173714 0)
(-0.0543379 -0.153121 0)
(-0.044147 -0.134001 0)
(-0.0345436 -0.116355 0)
(-0.0256997 -0.100115 0)
(-0.0177313 -0.0851676 0)
(-0.010714 -0.0713716 0)
(-0.00469502 -0.0585658 0)
(0.000296502 -0.046578 0)
(0.00424223 -0.0352286 0)
(0.00712865 -0.0243333 0)
(0.00894287 -0.0137046 0)
(0.00966983 -0.00315159 0)
(0.00929061 0.00751936 0)
(0.00778211 0.0185055 0)
(0.00511778 0.030008 0)
(0.0012699 0.0422316 0)
(-0.0037867 0.0553847 0)
(-0.0100688 0.0696772 0)
(-0.0175766 0.0853167 0)
(-0.0262824 0.102503 0)
(-0.0361158 0.121415 0)
(-0.046944 0.142197 0)
(-0.0585482 0.164927 0)
(-0.070594 0.189578 0)
(-0.0825997 0.215961 0)
(-0.0939041 0.243638 0)
(-0.103642 0.271808 0)
(-0.110743 0.299166 0)
(-0.113969 0.323718 0)
(-0.112031 0.342608 0)
(-0.103826 0.351962 0)
(-0.0888249 0.346866 0)
(-0.0675593 0.321601 0)
(-0.0421817 0.270272 0)
(-0.0177543 0.187963 0)
(-0.00332665 0.0726866 0)
(-0.00232912 -0.0583735 0)
(-0.0132148 -0.153185 0)
(-0.0328327 -0.224094 0)
(-0.0549853 -0.272194 0)
(-0.0759112 -0.300457 0)
(-0.0936071 -0.312595 0)
(-0.107088 -0.312373 0)
(-0.116144 -0.303199 0)
(-0.121091 -0.287933 0)
(-0.122516 -0.268839 0)
(-0.121115 -0.247636 0)
(-0.117578 -0.225575 0)
(-0.112538 -0.203531 0)
(-0.106534 -0.182086 0)
(-0.100013 -0.161602 0)
(-0.0933305 -0.14228 0)
(-0.0867624 -0.124199 0)
(-0.0805181 -0.107356 0)
(-0.074753 -0.0916863 0)
(-0.0695811 -0.077085 0)
(-0.0650845 -0.063417 0)
(-0.0613229 -0.0505276 0)
(-0.0583396 -0.0382482 0)
(-0.0561678 -0.0264004 0)
(-0.0548339 -0.0147991 0)
(-0.0543606 -0.00325394 0)
(-0.0547678 0.00842962 0)
(-0.0560736 0.0204491 0)
(-0.0582922 0.033004 0)
(-0.0614323 0.0462947 0)
(-0.0654919 0.0605196 0)
(-0.0704532 0.0758715 0)
(-0.0762737 0.0925314 0)
(-0.0828754 0.110659 0)
(-0.0901315 0.130377 0)
(-0.0978493 0.151752 0)
(-0.105751 0.174762 0)
(-0.113455 0.199257 0)
(-0.120451 0.224895 0)
(-0.126095 0.251074 0)
(-0.129601 0.276829 0)
(-0.130073 0.300728 0)
(-0.126573 0.320748 0)
(-0.118257 0.334184 0)
(-0.104592 0.337602 0)
(-0.0856777 0.326936 0)
(-0.0625767 0.297777 0)
(-0.0376189 0.245941 0)
(-0.0152413 0.168318 0)
(-0.00271348 0.0641097 0)
(-0.00194934 -0.0520031 0)
(-0.0114995 -0.137842 0)
(-0.0293857 -0.203912 0)
(-0.0506049 -0.250763 0)
(-0.0719592 -0.280393 0)
(-0.0915285 -0.295508 0)
(-0.108149 -0.299024 0)
(-0.121304 -0.293725 0)
(-0.130962 -0.282068 0)
(-0.137401 -0.266097 0)
(-0.141058 -0.247441 0)
(-0.142436 -0.227345 0)
(-0.142033 -0.206729 0)
(-0.140313 -0.186243 0)
(-0.137677 -0.166327 0)
(-0.134468 -0.147253 0)
(-0.130964 -0.129167 0)
(-0.127391 -0.112124 0)
(-0.123925 -0.0961038 0)
(-0.120705 -0.081039 0)
(-0.117836 -0.0668228 0)
(-0.1154 -0.0533216 0)
(-0.113459 -0.0403824 0)
(-0.11206 -0.0278379 0)
(-0.11124 -0.0155108 0)
(-0.111026 -0.00321669 0)
(-0.111438 0.00923336 0)
(-0.112488 0.0220309 0)
(-0.114178 0.0353677 0)
(-0.116499 0.0494324 0)
(-0.119425 0.064407 0)
(-0.122908 0.0804607 0)
(-0.126873 0.0977413 0)
(-0.131202 0.116364 0)
(-0.13573 0.136394 0)
(-0.140229 0.157823 0)
(-0.144392 0.180541 0)
(-0.147826 0.20429 0)
(-0.150043 0.228617 0)
(-0.150459 0.252807 0)
(-0.148414 0.275812 0)
(-0.143218 0.296169 0)
(-0.13423 0.311937 0)
(-0.120988 0.32066 0)
(-0.1034 0.319395 0)
(-0.0819798 0.30485 0)
(-0.0580565 0.273678 0)
(-0.0339096 0.222933 0)
(-0.0133493 0.150668 0)
(-0.00228549 0.0567167 0)
(-0.00168268 -0.0464191 0)
(-0.0102287 -0.123982 0)
(-0.0267058 -0.184994 0)
(-0.0469922 -0.22972 0)
(-0.0683719 -0.259529 0)
(-0.0890769 -0.27641 0)
(-0.10789 -0.282618 0)
(-0.124114 -0.280408 0)
(-0.13748 -0.271855 0)
(-0.148022 -0.25876 0)
(-0.155961 -0.242615 0)
(-0.161622 -0.22461 0)
(-0.165371 -0.205661 0)
(-0.167574 -0.186447 0)
(-0.168574 -0.167451 0)
(-0.168677 -0.148995 0)
(-0.168146 -0.131277 0)
(-0.167203 -0.114395 0)
(-0.166031 -0.0983722 0)
(-0.164779 -0.0831738 0)
(-0.163566 -0.0687215 0)
(-0.162486 -0.0549044 0)
(-0.161614 -0.0415875 0)
(-0.161006 -0.0286185 0)
(-0.160705 -0.0158321 0)
(-0.16074 -0.00305465 0)
(-0.161129 0.00989249 0)
(-0.161878 0.0231897 0)
(-0.162977 0.0370155 0)
(-0.164401 0.0515422 0)
(-0.166106 0.0669303 0)
(-0.168022 0.0833214 0)
(-0.170045 0.100828 0)
(-0.172037 0.11952 0)
(-0.173808 0.139408 0)
(-0.175115 0.160419 0)
(-0.175651 0.182368 0)
(-0.175042 0.204918 0)
(-0.17285 0.227541 0)
(-0.168585 0.249461 0)
(-0.161732 0.269608 0)
(-0.151807 0.286565 0)
(-0.138435 0.29854 0)
(-0.121465 0.303372 0)
(-0.101122 0.298592 0)
(-0.0781747 0.28158 0)
(-0.0540504 0.249818 0)
(-0.0308708 0.201242 0)
(-0.0118857 0.134654 0)
(-0.00197298 0.0502145 0)
(-0.00148966 -0.0414177 0)
(-0.00927042 -0.111279 0)
(-0.0246101 -0.167163 0)
(-0.0440383 -0.209183 0)
(-0.0652334 -0.238299 0)
(-0.0865974 -0.255988 0)
(-0.106929 -0.263999 0)
(-0.125435 -0.26415 0)
(-0.141692 -0.258174 0)
(-0.155551 -0.247629 0)
(-0.167058 -0.233852 0)
(-0.176384 -0.217944 0)
(-0.183769 -0.200783 0)
(-0.189483 -0.183045 0)
(-0.193798 -0.165228 0)
(-0.196971 -0.147683 0)
(-0.199236 -0.130643 0)
(-0.200799 -0.11424 0)
(-0.201838 -0.0985287 0)
(-0.202499 -0.0835048 0)
(-0.202907 -0.0691159 0)
(-0.203161 -0.0552736 0)
(-0.203342 -0.0418624 0)
(-0.203509 -0.0287466 0)
(-0.203709 -0.0157762 0)
(-0.20397 -0.00279171 0)
(-0.204306 0.0103715 0)
(-0.204717 0.0238789 0)
(-0.205184 0.0378919 0)
(-0.205669 0.0525631 0)
(-0.206113 0.0680289 0)
(-0.206429 0.0844018 0)
(-0.206501 0.101759 0)
(-0.206174 0.12013 0)
(-0.205255 0.139476 0)
(-0.203501 0.159671 0)
(-0.200627 0.180475 0)
(-0.196298 0.201498 0)
(-0.190148 0.22217 0)
(-0.181791 0.241702 0)
(-0.170863 0.259048 0)
(-0.157067 0.272885 0)
(-0.140255 0.281608 0)
(-0.120516 0.283357 0)
(-0.0982908 0.276096 0)
(-0.0744873 0.257762 0)
(-0.0505344 0.226471 0)
(-0.0283561 0.180786 0)
(-0.0107264 0.11999 0)
(-0.0017362 0.0444035 0)
(-0.00134651 -0.0368565 0)
(-0.00853702 -0.0994869 0)
(-0.0229603 -0.150247 0)
(-0.0416311 -0.189176 0)
(-0.0625435 -0.21696 0)
(-0.0842624 -0.23471 0)
(-0.105636 -0.243787 0)
(-0.125833 -0.245654 0)
(-0.144327 -0.24175 0)
(-0.160842 -0.233403 0)
(-0.175287 -0.22179 0)
(-0.187705 -0.207906 0)
(-0.198222 -0.192568 0)
(-0.207017 -0.176424 0)
(-0.214289 -0.159967 0)
(-0.220242 -0.14356 0)
(-0.225073 -0.12745 0)
(-0.228963 -0.111795 0)
(-0.232071 -0.0966738 0)
(-0.23454 -0.0821051 0)
(-0.236488 -0.0680596 0)
(-0.238013 -0.0544698 0)
(-0.239197 -0.0412397 0)
(-0.240099 -0.0282513 0)
(-0.240764 -0.0153715 0)
(-0.241219 -0.00245705 0)
(-0.241474 0.01064 0)
(-0.241522 0.0240675 0)
(-0.241335 0.037968 0)
(-0.240869 0.0524721 0)
(-0.240052 0.0676918 0)
(-0.238789 0.0837111 0)
(-0.236957 0.100575 0)
(-0.2344 0.118277 0)
(-0.230929 0.136739 0)
(-0.22632 0.155796 0)
(-0.22032 0.175171 0)
(-0.212649 0.194446 0)
(-0.203021 0.213042 0)
(-0.191159 0.230185 0)
(-0.176837 0.244894 0)
(-0.159927 0.255967 0)
(-0.140459 0.261996 0)
(-0.118701 0.26141 0)
(-0.095233 0.252551 0)
(-0.0710281 0.233806 0)
(-0.0474609 0.203775 0)
(-0.026255 0.161458 0)
(-0.00979021 0.106451 0)
(-0.00155155 0.0391424 0)
(-0.00123832 -0.032633 0)
(-0.00796881 -0.0884141 0)
(-0.0216533 -0.134093 0)
(-0.0396712 -0.169675 0)
(-0.0602663 -0.195659 0)
(-0.0821489 -0.212889 0)
(-0.104231 -0.222433 0)
(-0.125673 -0.225465 0)
(-0.145891 -0.223171 0)
(-0.164518 -0.216676 0)
(-0.181359 -0.206995 0)
(-0.196353 -0.195015 0)
(-0.20953 -0.181476 0)
(-0.220985 -0.166983 0)
(-0.230849 -0.152006 0)
(-0.239271 -0.136902 0)
(-0.246407 -0.121925 0)
(-0.252407 -0.107243 0)
(-0.25741 -0.0929527 0)
(-0.261542 -0.0790897 0)
(-0.264914 -0.0656434 0)
(-0.267619 -0.0525654 0)
(-0.269731 -0.0397774 0)
(-0.271308 -0.0271796 0)
(-0.272392 -0.0146562 0)
(-0.273006 -0.00208161 0)
(-0.273155 0.0106743 0)
(-0.272825 0.0237406 0)
(-0.271985 0.0372396 0)
(-0.270582 0.0512803 0)
(-0.26854 0.0659507 0)
(-0.265761 0.0813088 0)
(-0.262122 0.0973719 0)
(-0.257472 0.114104 0)
(-0.25164 0.131399 0)
(-0.244427 0.149066 0)
(-0.235624 0.166809 0)
(-0.225012 0.184205 0)
(-0.212384 0.200686 0)
(-0.19757 0.215525 0)
(-0.180468 0.227822 0)
(-0.161087 0.236513 0)
(-0.1396 0.240385 0)
(-0.1164 0.23813 0)
(-0.0921538 0.22841 0)
(-0.0678488 0.209973 0)
(-0.0447808 0.18178 0)
(-0.0244865 0.143144 0)
(-0.00902314 0.0938568 0)
(-0.00140442 0.0343268 0)
(-0.00115538 -0.0286716 0)
(-0.00752447 -0.0779136 0)
(-0.0206129 -0.118571 0)
(-0.0380761 -0.150634 0)
(-0.0583549 -0.174474 0)
(-0.0802837 -0.190738 0)
(-0.10284 -0.200265 0)
(-0.125197 -0.203998 0)
(-0.146737 -0.202909 0)
(-0.167031 -0.19794 0)
(-0.18581 -0.18996 0)
(-0.202927 -0.17974 0)
(-0.218334 -0.16794 0)
(-0.232053 -0.155109 0)
(-0.244152 -0.141684 0)
(-0.254728 -0.128004 0)
(-0.263895 -0.114317 0)
(-0.271771 -0.100794 0)
(-0.27847 -0.0875395 0)
(-0.284101 -0.0746016 0)
(-0.288761 -0.0619842 0)
(-0.292532 -0.0496544 0)
(-0.295482 -0.0375507 0)
(-0.297665 -0.0255901 0)
(-0.299115 -0.0136742 0)
(-0.299851 -0.001695 0)
(-0.299874 0.0104592 0)
(-0.299165 0.0228985 0)
(-0.297689 0.0357253 0)
(-0.295388 0.0490277 0)
(-0.292187 0.062872 0)
(-0.287987 0.0772938 0)
(-0.282672 0.092288 0)
(-0.276105 0.107797 0)
(-0.268135 0.123697 0)
(-0.258598 0.139784 0)
(-0.24733 0.155759 0)
(-0.234174 0.171211 0)
(-0.219003 0.185605 0)
(-0.201741 0.198274 0)
(-0.182392 0.208415 0)
(-0.161079 0.215102 0)
(-0.138081 0.21731 0)
(-0.113878 0.213961 0)
(-0.0891839 0.203986 0)
(-0.0649722 0.186418 0)
(-0.0424511 0.16049 0)
(-0.0229916 0.125732 0)
(-0.00838863 0.082062 0)
(-0.00128546 0.0298772 0)
(-0.00109118 -0.0249156 0)
(-0.0071749 -0.0678698 0)
(-0.0197825 -0.10357 0)
(-0.03678 -0.132001 0)
(-0.0567625 -0.153443 0)
(-0.0786683 -0.168397 0)
(-0.101537 -0.177521 0)
(-0.124561 -0.181571 0)
(-0.147109 -0.18134 0)
(-0.168712 -0.177606 0)
(-0.189043 -0.171104 0)
(-0.207892 -0.162494 0)
(-0.225146 -0.152354 0)
(-0.240765 -0.141168 0)
(-0.254761 -0.129333 0)
(-0.267185 -0.117161 0)
(-0.27811 -0.104885 0)
(-0.287621 -0.0926704 0)
(-0.295809 -0.0806238 0)
(-0.30276 -0.0688005 0)
(-0.308558 -0.0572143 0)
(-0.313272 -0.0458448 0)
(-0.316962 -0.034645 0)
(-0.319673 -0.0235475 0)
(-0.321435 -0.0124704 0)
(-0.322259 -0.00132308 0)
(-0.322144 0.00998845 0)
(-0.321066 0.0215559 0)
(-0.318986 0.0334629 0)
(-0.315848 0.0457786 0)
(-0.311574 0.0585501 0)
(-0.306075 0.0717951 0)
(-0.299242 0.0854918 0)
(-0.290957 0.0995689 0)
(-0.281093 0.113895 0)
(-0.269521 0.128264 0)
(-0.256125 0.142388 0)
(-0.240809 0.155882 0)
(-0.223516 0.168257 0)
(-0.204253 0.178917 0)
(-0.183114 0.187162 0)
(-0.160311 0.192203 0)
(-0.136202 0.193184 0)
(-0.111323 0.189229 0)
(-0.08641 0.179491 0)
(-0.0624076 0.163227 0)
(-0.0404376 0.139873 0)
(-0.021728 0.109114 0)
(-0.00786157 0.0709439 0)
(-0.00118849 0.0257304 0)
(-0.00104124 -0.021321 0)
(-0.0068994 -0.0581909 0)
(-0.0191202 -0.0889961 0)
(-0.035731 -0.113721 0)
(-0.0554476 -0.132579 0)
(-0.0772929 -0.145957 0)
(-0.100361 -0.154373 0)
(-0.123869 -0.158428 0)
(-0.147182 -0.15876 0)
(-0.169803 -0.156009 0)
(-0.191365 -0.150783 0)
(-0.211611 -0.143639 0)
(-0.230374 -0.13507 0)
(-0.247563 -0.125496 0)
(-0.263144 -0.115266 0)
(-0.277125 -0.104657 0)
(-0.289543 -0.0938831 0)
(-0.300452 -0.0830973 0)
(-0.309918 -0.0724018 0)
(-0.318008 -0.061854 0)
(-0.324789 -0.0514739 0)
(-0.330318 -0.041251 0)
(-0.334645 -0.0311503 0)
(-0.337807 -0.0211183 0)
(-0.339826 -0.0110885 0)
(-0.34071 -0.000986281 0)
(-0.340451 0.00926535 0)
(-0.339024 0.019741 0)
(-0.336388 0.0305072 0)
(-0.332487 0.0416165 0)
(-0.32725 0.0531004 0)
(-0.32059 0.0649629 0)
(-0.312415 0.0771714 0)
(-0.302624 0.0896488 0)
(-0.291117 0.102263 0)
(-0.277801 0.11482 0)
(-0.262604 0.127049 0)
(-0.245485 0.138604 0)
(-0.226451 0.149052 0)
(-0.205578 0.157873 0)
(-0.183033 0.164472 0)
(-0.159096 0.168188 0)
(-0.134185 0.168321 0)
(-0.10887 0.164165 0)
(-0.0838914 0.155058 0)
(-0.0601586 0.140434 0)
(-0.038714 0.11988 0)
(-0.0206654 0.0931891 0)
(-0.00742453 0.0603973 0)
(-0.00110931 0.0218348 0)
(-0.00100246 -0.0178535 0)
(-0.00668315 -0.0488026 0)
(-0.0185954 -0.0747689 0)
(-0.0348897 -0.0957392 0)
(-0.0543755 -0.111876 0)
(-0.0761438 -0.123477 0)
(-0.0993358 -0.130945 0)
(-0.123192 -0.134752 0)
(-0.147078 -0.135407 0)
(-0.170483 -0.133424 0)
(-0.19301 -0.129298 0)
(-0.214364 -0.123488 0)
(-0.23434 -0.116403 0)
(-0.252805 -0.108399 0)
(-0.269685 -0.0997726 0)
(-0.284951 -0.090764 0)
(-0.298609 -0.0815597 0)
(-0.310686 -0.0722969 0)
(-0.321225 -0.0630688 0)
(-0.330274 -0.0539307 0)
(-0.337884 -0.0449054 0)
(-0.3441 -0.0359893 0)
(-0.348961 -0.0271571 0)
(-0.352497 -0.0183676 0)
(-0.354724 -0.00956794 0)
(-0.355643 -0.000698523 0)
(-0.355243 0.00830231 0)
(-0.353498 0.0174936 0)
(-0.350366 0.0269268 0)
(-0.345792 0.0366403 0)
(-0.339709 0.0466538 0)
(-0.332043 0.0569618 0)
(-0.322711 0.0675268 0)
(-0.311633 0.0782719 0)
(-0.298735 0.0890735 0)
(-0.283958 0.0997536 0)
(-0.267269 0.110074 0)
(-0.248675 0.11973 0)
(-0.228239 0.128351 0)
(-0.206093 0.1355 0)
(-0.182462 0.14068 0)
(-0.157679 0.143353 0)
(-0.1322 0.142955 0)
(-0.106619 0.138931 0)
(-0.0816704 0.130768 0)
(-0.0582268 0.118039 0)
(-0.0372612 0.100447 0)
(-0.0197822 0.077858 0)
(-0.00706537 0.0503293 0)
(-0.00104506 0.0181464 0)
(-0.000972646 -0.0144851 0)
(-0.0065155 -0.0396432 0)
(-0.0181854 -0.06082 0)
(-0.0342261 -0.0780047 0)
(-0.0535186 -0.0913197 0)
(-0.0752075 -0.100991 0)
(-0.0984723 -0.107325 0)
(-0.122575 -0.110687 0)
(-0.146885 -0.11147 0)
(-0.170883 -0.110078 0)
(-0.194152 -0.106903 0)
(-0.21637 -0.10231 0)
(-0.2373 -0.0966309 0)
(-0.256777 -0.0901531 0)
(-0.274694 -0.0831212 0)
(-0.290994 -0.0757345 0)
(-0.305655 -0.0681495 0)
(-0.318681 -0.0604827 0)
(-0.330095 -0.0528151 0)
(-0.339928 -0.0451963 0)
(-0.348216 -0.0376491 0)
(-0.354993 -0.0301739 0)
(-0.36029 -0.0227535 0)
(-0.364128 -0.0153569 0)
(-0.366516 -0.00794339 0)
(-0.367452 -0.000466896 0)
(-0.366923 0.00712034 0)
(-0.364898 0.0148635 0)
(-0.361338 0.0228012 0)
(-0.35619 0.0309604 0)
(-0.349393 0.0393521 0)
(-0.340881 0.0479657 0)
(-0.330584 0.0567633 0)
(-0.318441 0.0656744 0)
(-0.3044 0.0745894 0)
(-0.288432 0.0833548 0)
(-0.27054 0.0917682 0)
(-0.250771 0.0995754 0)
(-0.229232 0.10647 0)
(-0.206102 0.112097 0)
(-0.18165 0.116058 0)
(-0.156247 0.117925 0)
(-0.130377 0.117258 0)
(-0.104646 0.113631 0)
(-0.0797784 0.106655 0)
(-0.0566135 0.0960155 0)
(-0.0360655 0.0815003 0)
(-0.0190632 0.0630261 0)
(-0.00677561 0.0406561 0)
(-0.000993747 0.0146268 0)
(-0.000950281 -0.0111926 0)
(-0.00638887 -0.0306609 0)
(-0.0178738 -0.0470889 0)
(-0.033718 -0.0604688 0)
(-0.0528556 -0.0708898 0)
(-0.0744722 -0.0785173 0)
(-0.0977773 -0.0835776 0)
(-0.12205 -0.0863403 0)
(-0.146667 -0.0870997 0)
(-0.171102 -0.0861584 0)
(-0.194925 -0.0838126 0)
(-0.217795 -0.0803414 0)
(-0.23945 -0.0759983 0)
(-0.259702 -0.0710066 0)
(-0.27842 -0.0655564 0)
(-0.295521 -0.0598041 0)
(-0.310963 -0.0538735 0)
(-0.324732 -0.0478581 0)
(-0.336831 -0.0418235 0)
(-0.347279 -0.0358109 0)
(-0.3561 -0.0298406 0)
(-0.363318 -0.0239153 0)
(-0.368955 -0.0180235 0)
(-0.373026 -0.0121429 0)
(-0.375536 -0.00624371 0)
(-0.376478 -0.0002918 0)
(-0.375835 0.00574815 0)
(-0.373578 0.0119093 0)
(-0.369667 0.018219 0)
(-0.364052 0.0246958 0)
(-0.356678 0.0313446 0)
(-0.347484 0.0381532 0)
(-0.336417 0.045088 0)
(-0.323427 0.052089 0)
(-0.308485 0.0590661 0)
(-0.291584 0.0658951 0)
(-0.272758 0.0724142 0)
(-0.252086 0.078423 0)
(-0.229709 0.0836824 0)
(-0.205842 0.0879175 0)
(-0.180787 0.0908239 0)
(-0.154943 0.0920781 0)
(-0.128813 0.0913513 0)
(-0.103006 0.0883276 0)
(-0.0782389 0.0827248 0)
(-0.0553201 0.0743176 0)
(-0.0351174 0.0629595 0)
(-0.0184979 0.0486007 0)
(-0.00654938 0.0312993 0)
(-0.000954007 0.0112412 0)
(-0.000934303 -0.00795633 0)
(-0.00629796 -0.0218102 0)
(-0.0176491 -0.0335214 0)
(-0.0333493 -0.0430848 0)
(-0.052371 -0.0505612 0)
(-0.0739286 -0.0560636 0)
(-0.097254 -0.0597473 0)
(-0.12164 -0.0617978 0)
(-0.146468 -0.062419 0)
(-0.17121 -0.0618212 0)
(-0.195426 -0.0602116 0)
(-0.218761 -0.0577863 0)
(-0.24094 -0.0547246 0)
(-0.261753 -0.0511849 0)
(-0.281053 -0.0473031 0)
(-0.29874 -0.0431917 0)
(-0.314755 -0.0389401 0)
(-0.329068 -0.0346163 0)
(-0.341673 -0.0302687 0)
(-0.352575 -0.0259282 0)
(-0.361789 -0.0216105 0)
(-0.369332 -0.0173188 0)
(-0.37522 -0.013046 0)
(-0.379461 -0.0087773 0)
(-0.382056 -0.00449229 0)
(-0.382997 -0.000167586 0)
(-0.382264 0.00422098 0)
(-0.379828 0.0086959 0)
(-0.375649 0.0132755 0)
(-0.369679 0.0179712 0)
(-0.361868 0.0227848 0)
(-0.352163 0.0277056 0)
(-0.340519 0.0327068 0)
(-0.326898 0.0377434 0)
(-0.311288 0.0427481 0)
(-0.293702 0.0476298 0)
(-0.274192 0.0522709 0)
(-0.252865 0.0565267 0)
(-0.229886 0.0602263 0)
(-0.205496 0.0631745 0)
(-0.18002 0.0651569 0)
(-0.153877 0.0659475 0)
(-0.12758 0.0653183 0)
(-0.101743 0.0630525 0)
(-0.0770696 0.0589586 0)
(-0.0543482 0.0528859 0)
(-0.0344107 0.0447392 0)
(-0.0180792 0.0344904 0)
(-0.00638267 0.0221854 0)
(-0.000924899 0.00795785 0)
(-0.000924008 -0.00475869 0)
(-0.00623917 -0.0130504 0)
(-0.0175033 -0.0200679 0)
(-0.0331093 -0.0258081 0)
(-0.0520536 -0.0303066 0)
(-0.0735698 -0.0336291 0)
(-0.0969043 -0.0358662 0)
(-0.121359 -0.0371268 0)
(-0.14632 -0.0375305 0)
(-0.171256 -0.0372014 0)
(-0.195723 -0.0362619 0)
(-0.219359 -0.0348284 0)
(-0.241875 -0.0330077 0)
(-0.263053 -0.0308945 0)
(-0.282733 -0.0285703 0)
(-0.300803 -0.0261027 0)
(-0.317193 -0.0235458 0)
(-0.331865 -0.020941 0)
(-0.344801 -0.0183179 0)
(-0.356002 -0.0156955 0)
(-0.365475 -0.0130837 0)
(-0.373232 -0.0104851 0)
(-0.379284 -0.00789576 0)
(-0.383635 -0.00530722 0)
(-0.386285 -0.0027077 0)
(-0.387223 -8.3548e-05 0)
(-0.386428 0.0025793 0)
(-0.38387 0.00529386 0)
(-0.379509 0.00807056 0)
(-0.373301 0.0109156 0)
(-0.365198 0.0138294 0)
(-0.355152 0.0168044 0)
(-0.343123 0.0198239 0)
(-0.329085 0.0228597 0)
(-0.313034 0.0258704 0)
(-0.294996 0.0288003 0)
(-0.27504 0.0315781 0)
(-0.253286 0.0341166 0)
(-0.229918 0.036313 0)
(-0.205194 0.0380509 0)
(-0.179453 0.0392029 0)
(-0.153124 0.0396352 0)
(-0.12673 0.0392142 0)
(-0.100884 0.0378131 0)
(-0.0762832 0.0353209 0)
(-0.0536993 0.0316511 0)
(-0.0339415 0.0267504 0)
(-0.0178024 0.0206046 0)
(-0.00627284 0.0132431 0)
(-0.000905804 0.00474628 0)
(-0.000918962 -0.00158369 0)
(-0.0062103 -0.00434412 0)
(-0.0174316 -0.00668167 0)
(-0.0329909 -0.00859539 0)
(-0.0518966 -0.0100969 0)
(-0.0733915 -0.0112078 0)
(-0.0967292 -0.011958 0)
(-0.121217 -0.0123832 0)
(-0.146241 -0.0125229 0)
(-0.171271 -0.0124181 0)
(-0.195861 -0.0121093 0)
(-0.219644 -0.0116351 0)
(-0.242326 -0.011031 0)
(-0.263683 -0.0103284 0)
(-0.28355 -0.00955456 0)
(-0.301809 -0.00873197 0)
(-0.318385 -0.00787877 0)
(-0.333234 -0.00700882 0)
(-0.346335 -0.00613207 0)
(-0.357684 -0.00525495 0)
(-0.367286 -0.00438089 0)
(-0.375149 -0.00351077 0)
(-0.381282 -0.0026434 0)
(-0.385688 -0.00177603 0)
(-0.388365 -0.000904778 0)
(-0.3893 -2.51809e-05 0)
(-0.388473 0.000867382 0)
(-0.385852 0.00177717 0)
(-0.381401 0.00270755 0)
(-0.375073 0.00366051 0)
(-0.366823 0.00463601 0)
(-0.356606 0.00563145 0)
(-0.344386 0.00664105 0)
(-0.33014 0.00765524 0)
(-0.31387 0.00866008 0)
(-0.295608 0.00963684 0)
(-0.275431 0.0105616 0)
(-0.253468 0.0114053 0)
(-0.229909 0.0121335 0)
(-0.205022 0.0127076 0)
(-0.179152 0.0130854 0)
(-0.152736 0.0132226 0)
(-0.126298 0.013075 0)
(-0.10045 0.0126011 0)
(-0.0758879 0.0117645 0)
(-0.0533746 0.010537 0)
(-0.0337074 0.00890138 0)
(-0.0176646 0.0068534 0)
(-0.0062183 0.00440312 0)
(-0.000896346 0.00157741 0)
(-0.000918962 0.00158386 0)
(-0.00621029 0.00434457 0)
(-0.0174315 0.00668231 0)
(-0.0329908 0.00859615 0)
(-0.0518965 0.0100977 0)
(-0.0733914 0.0112087 0)
(-0.0967292 0.0119588 0)
(-0.121217 0.012384 0)
(-0.146241 0.0125236 0)
(-0.171271 0.0124187 0)
(-0.195861 0.0121098 0)
(-0.219644 0.0116356 0)
(-0.242326 0.0110313 0)
(-0.263683 0.0103286 0)
(-0.28355 0.00955461 0)
(-0.301809 0.0087319 0)
(-0.318385 0.00787859 0)
(-0.333234 0.00700854 0)
(-0.346335 0.00613168 0)
(-0.357684 0.00525446 0)
(-0.367286 0.00438032 0)
(-0.375149 0.00351013 0)
(-0.381282 0.0026427 0)
(-0.385688 0.00177527 0)
(-0.388365 0.000903989 0)
(-0.3893 2.43689e-05 0)
(-0.388473 -0.000868202 0)
(-0.385852 -0.00177798 0)
(-0.381401 -0.00270835 0)
(-0.375073 -0.00366126 0)
(-0.366823 -0.00463672 0)
(-0.356606 -0.0056321 0)
(-0.344386 -0.00664163 0)
(-0.33014 -0.00765572 0)
(-0.31387 -0.00866047 0)
(-0.295608 -0.00963712 0)
(-0.275431 -0.0105618 0)
(-0.253468 -0.0114053 0)
(-0.229909 -0.0121334 0)
(-0.205022 -0.0127074 0)
(-0.179152 -0.0130851 0)
(-0.152736 -0.0132222 0)
(-0.126298 -0.0130746 0)
(-0.10045 -0.0126006 0)
(-0.075888 -0.011764 0)
(-0.0533746 -0.0105365 0)
(-0.0337074 -0.00890086 0)
(-0.0176646 -0.00685296 0)
(-0.0062183 -0.00440281 0)
(-0.000896346 -0.00157729 0)
(-0.000924006 0.00475887 0)
(-0.00623916 0.0130509 0)
(-0.0175033 0.0200685 0)
(-0.0331092 0.0258089 0)
(-0.0520535 0.0303074 0)
(-0.0735697 0.0336299 0)
(-0.0969042 0.0358671 0)
(-0.121359 0.0371276 0)
(-0.146319 0.0375313 0)
(-0.171256 0.037202 0)
(-0.195723 0.0362624 0)
(-0.219359 0.0348288 0)
(-0.241875 0.033008 0)
(-0.263053 0.0308947 0)
(-0.282732 0.0285703 0)
(-0.300802 0.0261026 0)
(-0.317193 0.0235456 0)
(-0.331864 0.0209408 0)
(-0.344801 0.0183175 0)
(-0.356002 0.015695 0)
(-0.365475 0.0130832 0)
(-0.373232 0.0104845 0)
(-0.379284 0.00789507 0)
(-0.383635 0.00530648 0)
(-0.386285 0.00270692 0)
(-0.387223 8.27508e-05 0)
(-0.386428 -0.0025801 0)
(-0.38387 -0.00529466 0)
(-0.379509 -0.00807134 0)
(-0.373301 -0.0109164 0)
(-0.365198 -0.0138301 0)
(-0.355152 -0.0168051 0)
(-0.343123 -0.0198245 0)
(-0.329085 -0.0228601 0)
(-0.313034 -0.0258707 0)
(-0.294996 -0.0288006 0)
(-0.27504 -0.0315783 0)
(-0.253286 -0.0341166 0)
(-0.229918 -0.036313 0)
(-0.205194 -0.0380507 0)
(-0.179453 -0.0392026 0)
(-0.153124 -0.0396349 0)
(-0.126731 -0.0392137 0)
(-0.100884 -0.0378126 0)
(-0.0762833 -0.0353203 0)
(-0.0536994 -0.0316506 0)
(-0.0339415 -0.0267499 0)
(-0.0178024 -0.0206042 0)
(-0.00627285 -0.0132428 0)
(-0.000905805 -0.00474617 0)
(-0.0009343 0.0079565 0)
(-0.00629794 0.0218106 0)
(-0.017649 0.033522 0)
(-0.0333493 0.0430855 0)
(-0.0523709 0.050562 0)
(-0.0739284 0.0560644 0)
(-0.0972538 0.0597481 0)
(-0.12164 0.0617986 0)
(-0.146468 0.0624197 0)
(-0.17121 0.0618218 0)
(-0.195425 0.0602121 0)
(-0.218761 0.0577867 0)
(-0.240939 0.0547248 0)
(-0.261753 0.0511851 0)
(-0.281052 0.0473032 0)
(-0.29874 0.0431916 0)
(-0.314755 0.0389399 0)
(-0.329068 0.034616 0)
(-0.341672 0.0302684 0)
(-0.352574 0.0259277 0)
(-0.361789 0.02161 0)
(-0.369332 0.0173182 0)
(-0.37522 0.0130454 0)
(-0.37946 0.00877658 0)
(-0.382056 0.00449154 0)
(-0.382997 0.000166819 0)
(-0.382264 -0.00422175 0)
(-0.379828 -0.00869667 0)
(-0.375649 -0.0132762 0)
(-0.369679 -0.0179719 0)
(-0.361868 -0.0227855 0)
(-0.352164 -0.0277062 0)
(-0.340519 -0.0327074 0)
(-0.326899 -0.0377438 0)
(-0.311288 -0.0427485 0)
(-0.293702 -0.04763 0)
(-0.274193 -0.052271 0)
(-0.252865 -0.0565268 0)
(-0.229886 -0.0602263 0)
(-0.205496 -0.0631743 0)
(-0.18002 -0.0651566 0)
(-0.153877 -0.0659471 0)
(-0.12758 -0.0653178 0)
(-0.101743 -0.063052 0)
(-0.0770697 -0.0589581 0)
(-0.0543483 -0.0528854 0)
(-0.0344108 -0.0447387 0)
(-0.0180792 -0.03449 0)
(-0.00638268 -0.0221851 0)
(-0.000924901 -0.00795773 0)
(-0.000950277 0.0111928 0)
(-0.00638885 0.0306613 0)
(-0.0178737 0.0470894 0)
(-0.0337178 0.0604694 0)
(-0.0528555 0.0708905 0)
(-0.074472 0.078518 0)
(-0.097777 0.0835784 0)
(-0.12205 0.086341 0)
(-0.146666 0.0871004 0)
(-0.171102 0.086159 0)
(-0.194925 0.0838131 0)
(-0.217794 0.0803418 0)
(-0.23945 0.0759986 0)
(-0.259701 0.0710068 0)
(-0.278419 0.0655565 0)
(-0.295521 0.059804 0)
(-0.310963 0.0538734 0)
(-0.324731 0.0478578 0)
(-0.33683 0.0418231 0)
(-0.347278 0.0358105 0)
(-0.356099 0.0298401 0)
(-0.363318 0.0239147 0)
(-0.368955 0.0180228 0)
(-0.373026 0.0121422 0)
(-0.375535 0.00624301 0)
(-0.376477 0.000291077 0)
(-0.375835 -0.00574887 0)
(-0.373578 -0.01191 0)
(-0.369667 -0.0182198 0)
(-0.364052 -0.0246965 0)
(-0.356678 -0.0313452 0)
(-0.347485 -0.0381538 0)
(-0.336417 -0.0450885 0)
(-0.323427 -0.0520894 0)
(-0.308485 -0.0590665 0)
(-0.291585 -0.0658953 0)
(-0.272759 -0.0724143 0)
(-0.252087 -0.0784231 0)
(-0.229709 -0.0836823 0)
(-0.205843 -0.0879173 0)
(-0.180788 -0.0908236 0)
(-0.154943 -0.0920778 0)
(-0.128813 -0.0913509 0)
(-0.103007 -0.0883271 0)
(-0.0782391 -0.0827243 0)
(-0.0553203 -0.0743171 0)
(-0.0351175 -0.0629591 0)
(-0.018498 -0.0486003 0)
(-0.00654939 -0.0312991 0)
(-0.00095401 -0.0112411 0)
(-0.000972641 0.0144852 0)
(-0.00651547 0.0396436 0)
(-0.0181853 0.0608205 0)
(-0.0342259 0.0780053 0)
(-0.0535184 0.0913203 0)
(-0.0752072 0.100991 0)
(-0.098472 0.107326 0)
(-0.122574 0.110687 0)
(-0.146885 0.111471 0)
(-0.170883 0.110079 0)
(-0.194152 0.106904 0)
(-0.21637 0.102311 0)
(-0.237299 0.0966311 0)
(-0.256776 0.0901533 0)
(-0.274693 0.0831213 0)
(-0.290993 0.0757345 0)
(-0.305654 0.0681493 0)
(-0.318681 0.0604824 0)
(-0.330094 0.0528148 0)
(-0.339927 0.0451959 0)
(-0.348215 0.0376486 0)
(-0.354993 0.0301734 0)
(-0.36029 0.022753 0)
(-0.364127 0.0153563 0)
(-0.366515 0.00794274 0)
(-0.367452 0.00046623 0)
(-0.366923 -0.00712101 0)
(-0.364898 -0.0148642 0)
(-0.361338 -0.0228018 0)
(-0.35619 -0.030961 0)
(-0.349393 -0.0393527 0)
(-0.340881 -0.0479662 0)
(-0.330584 -0.0567638 0)
(-0.318441 -0.0656748 0)
(-0.3044 -0.0745897 0)
(-0.288432 -0.0833551 0)
(-0.27054 -0.0917683 0)
(-0.250771 -0.0995755 0)
(-0.229232 -0.10647 0)
(-0.206102 -0.112097 0)
(-0.18165 -0.116057 0)
(-0.156247 -0.117924 0)
(-0.130377 -0.117258 0)
(-0.104646 -0.11363 0)
(-0.0797786 -0.106654 0)
(-0.0566136 -0.096015 0)
(-0.0360656 -0.0814999 0)
(-0.0190632 -0.0630258 0)
(-0.00677563 -0.0406558 0)
(-0.00099375 -0.0146267 0)
(-0.00100245 0.0178536 0)
(-0.00668311 0.0488029 0)
(-0.0185953 0.0747694 0)
(-0.0348895 0.0957397 0)
(-0.0543752 0.111876 0)
(-0.0761434 0.123477 0)
(-0.0993354 0.130945 0)
(-0.123191 0.134753 0)
(-0.147077 0.135408 0)
(-0.170482 0.133425 0)
(-0.193009 0.129299 0)
(-0.214364 0.123488 0)
(-0.23434 0.116403 0)
(-0.252804 0.108399 0)
(-0.269684 0.0997727 0)
(-0.28495 0.090764 0)
(-0.298608 0.0815596 0)
(-0.310685 0.0722967 0)
(-0.321224 0.0630685 0)
(-0.330273 0.0539303 0)
(-0.337883 0.044905 0)
(-0.344099 0.0359888 0)
(-0.348961 0.0271566 0)
(-0.352497 0.0183671 0)
(-0.354723 0.00956736 0)
(-0.355643 0.000697925 0)
(-0.355243 -0.00830291 0)
(-0.353498 -0.0174942 0)
(-0.350366 -0.0269273 0)
(-0.345792 -0.0366408 0)
(-0.339709 -0.0466543 0)
(-0.332043 -0.0569623 0)
(-0.322711 -0.0675272 0)
(-0.311634 -0.0782723 0)
(-0.298736 -0.0890738 0)
(-0.283958 -0.0997538 0)
(-0.267269 -0.110074 0)
(-0.248676 -0.11973 0)
(-0.228239 -0.128351 0)
(-0.206093 -0.1355 0)
(-0.182463 -0.14068 0)
(-0.157679 -0.143353 0)
(-0.132201 -0.142955 0)
(-0.10662 -0.13893 0)
(-0.0816706 -0.130767 0)
(-0.058227 -0.118039 0)
(-0.0372613 -0.100447 0)
(-0.0197822 -0.0778577 0)
(-0.00706539 -0.0503291 0)
(-0.00104506 -0.0181463 0)
(-0.00104123 0.0213211 0)
(-0.00689936 0.0581912 0)
(-0.0191201 0.0889965 0)
(-0.0357309 0.113721 0)
(-0.0554473 0.132579 0)
(-0.0772925 0.145958 0)
(-0.100361 0.154373 0)
(-0.123869 0.158428 0)
(-0.147181 0.158761 0)
(-0.169802 0.156009 0)
(-0.191365 0.150784 0)
(-0.21161 0.14364 0)
(-0.230373 0.13507 0)
(-0.247562 0.125496 0)
(-0.263144 0.115266 0)
(-0.277125 0.104657 0)
(-0.289542 0.093883 0)
(-0.300451 0.0830972 0)
(-0.309917 0.0724016 0)
(-0.318007 0.0618537 0)
(-0.324788 0.0514735 0)
(-0.330317 0.0412506 0)
(-0.334645 0.0311498 0)
(-0.337806 0.0211178 0)
(-0.339825 0.0110879 0)
(-0.340709 0.000985758 0)
(-0.34045 -0.00926588 0)
(-0.339024 -0.0197415 0)
(-0.336388 -0.0305078 0)
(-0.332487 -0.0416169 0)
(-0.32725 -0.0531009 0)
(-0.320591 -0.0649633 0)
(-0.312415 -0.0771718 0)
(-0.302624 -0.0896491 0)
(-0.291117 -0.102264 0)
(-0.277801 -0.11482 0)
(-0.262605 -0.127049 0)
(-0.245485 -0.138604 0)
(-0.226451 -0.149052 0)
(-0.205578 -0.157873 0)
(-0.183033 -0.164472 0)
(-0.159097 -0.168188 0)
(-0.134185 -0.168321 0)
(-0.10887 -0.164165 0)
(-0.0838916 -0.155058 0)
(-0.0601588 -0.140434 0)
(-0.0387141 -0.11988 0)
(-0.0206655 -0.0931888 0)
(-0.00742456 -0.0603971 0)
(-0.00110931 -0.0218347 0)
(-0.00109117 0.0249156 0)
(-0.00717486 0.06787 0)
(-0.0197824 0.103571 0)
(-0.0367798 0.132002 0)
(-0.0567622 0.153444 0)
(-0.0786679 0.168397 0)
(-0.101536 0.177521 0)
(-0.12456 0.181572 0)
(-0.147108 0.18134 0)
(-0.168712 0.177606 0)
(-0.189042 0.171104 0)
(-0.207891 0.162494 0)
(-0.225145 0.152354 0)
(-0.240764 0.141168 0)
(-0.254761 0.129333 0)
(-0.267185 0.117161 0)
(-0.278109 0.104885 0)
(-0.287621 0.0926702 0)
(-0.295808 0.0806236 0)
(-0.30276 0.0688003 0)
(-0.308557 0.0572139 0)
(-0.313271 0.0458444 0)
(-0.316962 0.0346446 0)
(-0.319673 0.0235471 0)
(-0.321434 0.01247 0)
(-0.322259 0.00132264 0)
(-0.322143 -0.00998889 0)
(-0.321066 -0.0215564 0)
(-0.318986 -0.0334634 0)
(-0.315848 -0.045779 0)
(-0.311575 -0.0585505 0)
(-0.306075 -0.0717954 0)
(-0.299243 -0.0854921 0)
(-0.290957 -0.0995692 0)
(-0.281093 -0.113895 0)
(-0.269522 -0.128264 0)
(-0.256126 -0.142388 0)
(-0.24081 -0.155882 0)
(-0.223517 -0.168257 0)
(-0.204254 -0.178917 0)
(-0.183115 -0.187162 0)
(-0.160311 -0.192202 0)
(-0.136202 -0.193184 0)
(-0.111323 -0.189228 0)
(-0.0864103 -0.17949 0)
(-0.0624078 -0.163227 0)
(-0.0404377 -0.139873 0)
(-0.0217281 -0.109114 0)
(-0.0078616 -0.0709437 0)
(-0.00118849 -0.0257304 0)
(-0.00115538 0.0286717 0)
(-0.00752443 0.0779137 0)
(-0.0206128 0.118572 0)
(-0.038076 0.150635 0)
(-0.0583547 0.174474 0)
(-0.0802833 0.190738 0)
(-0.10284 0.200265 0)
(-0.125196 0.203998 0)
(-0.146736 0.20291 0)
(-0.167031 0.197941 0)
(-0.185809 0.18996 0)
(-0.202926 0.17974 0)
(-0.218333 0.16794 0)
(-0.232052 0.155109 0)
(-0.244151 0.141684 0)
(-0.254728 0.128004 0)
(-0.263895 0.114317 0)
(-0.27177 0.100794 0)
(-0.278469 0.0875393 0)
(-0.284101 0.0746014 0)
(-0.28876 0.061984 0)
(-0.292531 0.0496541 0)
(-0.295482 0.0375504 0)
(-0.297664 0.0255898 0)
(-0.299115 0.0136738 0)
(-0.299851 0.00169464 0)
(-0.299874 -0.0104595 0)
(-0.299165 -0.0228988 0)
(-0.297689 -0.0357256 0)
(-0.295388 -0.049028 0)
(-0.292187 -0.0628723 0)
(-0.287987 -0.0772941 0)
(-0.282672 -0.0922882 0)
(-0.276106 -0.107797 0)
(-0.268135 -0.123697 0)
(-0.258599 -0.139784 0)
(-0.24733 -0.155759 0)
(-0.234174 -0.171211 0)
(-0.219004 -0.185605 0)
(-0.201741 -0.198273 0)
(-0.182392 -0.208414 0)
(-0.161079 -0.215102 0)
(-0.138082 -0.21731 0)
(-0.113879 -0.213961 0)
(-0.0891842 -0.203986 0)
(-0.0649724 -0.186418 0)
(-0.0424512 -0.160489 0)
(-0.0229917 -0.125732 0)
(-0.00838866 -0.0820619 0)
(-0.00128547 -0.0298771 0)
(-0.00123832 0.032633 0)
(-0.00796877 0.0884142 0)
(-0.0216532 0.134093 0)
(-0.039671 0.169675 0)
(-0.0602661 0.195659 0)
(-0.0821485 0.212889 0)
(-0.10423 0.222433 0)
(-0.125672 0.225465 0)
(-0.145891 0.223171 0)
(-0.164517 0.216676 0)
(-0.181359 0.206996 0)
(-0.196352 0.195015 0)
(-0.209529 0.181477 0)
(-0.220984 0.166983 0)
(-0.230848 0.152006 0)
(-0.23927 0.136902 0)
(-0.246406 0.121925 0)
(-0.252406 0.107243 0)
(-0.257409 0.0929526 0)
(-0.261542 0.0790895 0)
(-0.264914 0.0656433 0)
(-0.267618 0.0525652 0)
(-0.26973 0.0397772 0)
(-0.271308 0.0271794 0)
(-0.272392 0.014656 0)
(-0.273006 0.00208134 0)
(-0.273154 -0.0106746 0)
(-0.272825 -0.0237409 0)
(-0.271985 -0.0372399 0)
(-0.270582 -0.0512805 0)
(-0.268541 -0.0659509 0)
(-0.265762 -0.081309 0)
(-0.262122 -0.0973721 0)
(-0.257473 -0.114104 0)
(-0.25164 -0.131399 0)
(-0.244428 -0.149067 0)
(-0.235624 -0.166809 0)
(-0.225012 -0.184205 0)
(-0.212384 -0.200686 0)
(-0.19757 -0.215525 0)
(-0.180468 -0.227822 0)
(-0.161087 -0.236513 0)
(-0.1396 -0.240385 0)
(-0.1164 -0.238129 0)
(-0.092154 -0.22841 0)
(-0.067849 -0.209973 0)
(-0.0447809 -0.18178 0)
(-0.0244866 -0.143144 0)
(-0.00902317 -0.0938567 0)
(-0.00140443 -0.0343268 0)
(-0.00134651 0.0368566 0)
(-0.00853698 0.0994869 0)
(-0.0229602 0.150247 0)
(-0.0416309 0.189176 0)
(-0.0625432 0.21696 0)
(-0.084262 0.23471 0)
(-0.105636 0.243787 0)
(-0.125832 0.245655 0)
(-0.144326 0.24175 0)
(-0.160841 0.233404 0)
(-0.175287 0.22179 0)
(-0.187704 0.207906 0)
(-0.198222 0.192568 0)
(-0.207016 0.176424 0)
(-0.214288 0.159967 0)
(-0.220242 0.14356 0)
(-0.225073 0.12745 0)
(-0.228962 0.111795 0)
(-0.232071 0.0966737 0)
(-0.234539 0.082105 0)
(-0.236487 0.0680594 0)
(-0.238013 0.0544697 0)
(-0.239196 0.0412395 0)
(-0.240098 0.0282511 0)
(-0.240764 0.0153713 0)
(-0.241219 0.00245686 0)
(-0.241474 -0.0106402 0)
(-0.241522 -0.0240677 0)
(-0.241335 -0.0379682 0)
(-0.240869 -0.0524723 0)
(-0.240052 -0.0676919 0)
(-0.23879 -0.0837112 0)
(-0.236958 -0.100575 0)
(-0.234401 -0.118277 0)
(-0.230929 -0.136739 0)
(-0.22632 -0.155796 0)
(-0.22032 -0.175171 0)
(-0.21265 -0.194446 0)
(-0.203021 -0.213042 0)
(-0.191159 -0.230185 0)
(-0.176838 -0.244894 0)
(-0.159927 -0.255967 0)
(-0.14046 -0.261996 0)
(-0.118701 -0.26141 0)
(-0.0952333 -0.252551 0)
(-0.0710283 -0.233806 0)
(-0.047461 -0.203774 0)
(-0.0262551 -0.161458 0)
(-0.00979024 -0.10645 0)
(-0.00155155 -0.0391423 0)
(-0.00148966 0.0414177 0)
(-0.00927039 0.111279 0)
(-0.02461 0.167163 0)
(-0.0440381 0.209183 0)
(-0.0652331 0.238299 0)
(-0.0865971 0.255988 0)
(-0.106928 0.263999 0)
(-0.125435 0.26415 0)
(-0.141691 0.258174 0)
(-0.15555 0.247629 0)
(-0.167057 0.233852 0)
(-0.176383 0.217944 0)
(-0.183769 0.200784 0)
(-0.189482 0.183045 0)
(-0.193797 0.165228 0)
(-0.19697 0.147684 0)
(-0.199235 0.130643 0)
(-0.200799 0.11424 0)
(-0.201837 0.0985287 0)
(-0.202498 0.0835048 0)
(-0.202906 0.0691158 0)
(-0.203161 0.0552735 0)
(-0.203341 0.0418623 0)
(-0.203509 0.0287465 0)
(-0.203709 0.0157761 0)
(-0.20397 0.0027916 0)
(-0.204306 -0.0103716 0)
(-0.204717 -0.023879 0)
(-0.205184 -0.0378921 0)
(-0.205669 -0.0525632 0)
(-0.206113 -0.068029 0)
(-0.206429 -0.0844018 0)
(-0.206501 -0.101759 0)
(-0.206175 -0.12013 0)
(-0.205255 -0.139476 0)
(-0.203502 -0.159671 0)
(-0.200627 -0.180475 0)
(-0.196299 -0.201498 0)
(-0.190148 -0.22217 0)
(-0.181792 -0.241702 0)
(-0.170863 -0.259048 0)
(-0.157068 -0.272885 0)
(-0.140256 -0.281608 0)
(-0.120516 -0.283357 0)
(-0.098291 -0.276096 0)
(-0.0744875 -0.257762 0)
(-0.0505345 -0.226471 0)
(-0.0283561 -0.180786 0)
(-0.0107264 -0.11999 0)
(-0.00173621 -0.0444035 0)
(-0.00168268 0.0464191 0)
(-0.0102286 0.123982 0)
(-0.0267057 0.184994 0)
(-0.046992 0.22972 0)
(-0.0683717 0.259529 0)
(-0.0890766 0.27641 0)
(-0.10789 0.282618 0)
(-0.124113 0.280408 0)
(-0.13748 0.271855 0)
(-0.148021 0.25876 0)
(-0.15596 0.242615 0)
(-0.161621 0.22461 0)
(-0.16537 0.205661 0)
(-0.167573 0.186448 0)
(-0.168574 0.167451 0)
(-0.168677 0.148995 0)
(-0.168146 0.131277 0)
(-0.167203 0.114395 0)
(-0.166031 0.0983722 0)
(-0.164779 0.0831738 0)
(-0.163565 0.0687215 0)
(-0.162486 0.0549043 0)
(-0.161613 0.0415875 0)
(-0.161005 0.0286184 0)
(-0.160704 0.015832 0)
(-0.16074 0.0030546 0)
(-0.161129 -0.00989253 0)
(-0.161878 -0.0231898 0)
(-0.162977 -0.0370156 0)
(-0.164401 -0.0515423 0)
(-0.166106 -0.0669304 0)
(-0.168022 -0.0833214 0)
(-0.170046 -0.100828 0)
(-0.172037 -0.11952 0)
(-0.173808 -0.139408 0)
(-0.175115 -0.160419 0)
(-0.175651 -0.182368 0)
(-0.175042 -0.204918 0)
(-0.172851 -0.227541 0)
(-0.168585 -0.249461 0)
(-0.161732 -0.269608 0)
(-0.151807 -0.286565 0)
(-0.138435 -0.29854 0)
(-0.121465 -0.303372 0)
(-0.101123 -0.298592 0)
(-0.0781748 -0.28158 0)
(-0.0540505 -0.249818 0)
(-0.0308708 -0.201242 0)
(-0.0118858 -0.134654 0)
(-0.00197299 -0.0502145 0)
(-0.00194933 0.0520031 0)
(-0.0114995 0.137842 0)
(-0.0293856 0.203912 0)
(-0.0506048 0.250763 0)
(-0.0719591 0.280393 0)
(-0.0915283 0.295508 0)
(-0.108149 0.299024 0)
(-0.121303 0.293725 0)
(-0.130962 0.282068 0)
(-0.137401 0.266097 0)
(-0.141058 0.247441 0)
(-0.142435 0.227345 0)
(-0.142033 0.206729 0)
(-0.140312 0.186243 0)
(-0.137677 0.166327 0)
(-0.134467 0.147253 0)
(-0.130963 0.129168 0)
(-0.12739 0.112124 0)
(-0.123925 0.0961038 0)
(-0.120704 0.081039 0)
(-0.117836 0.0668228 0)
(-0.115399 0.0533217 0)
(-0.113458 0.0403824 0)
(-0.11206 0.0278379 0)
(-0.11124 0.0155108 0)
(-0.111026 0.0032167 0)
(-0.111438 -0.00923335 0)
(-0.112488 -0.0220309 0)
(-0.114178 -0.0353677 0)
(-0.116499 -0.0494324 0)
(-0.119425 -0.064407 0)
(-0.122908 -0.0804606 0)
(-0.126873 -0.0977413 0)
(-0.131202 -0.116364 0)
(-0.135731 -0.136394 0)
(-0.140229 -0.157823 0)
(-0.144392 -0.180541 0)
(-0.147827 -0.20429 0)
(-0.150043 -0.228617 0)
(-0.150459 -0.252807 0)
(-0.148414 -0.275812 0)
(-0.143219 -0.296169 0)
(-0.134231 -0.311937 0)
(-0.120989 -0.32066 0)
(-0.1034 -0.319395 0)
(-0.0819799 -0.30485 0)
(-0.0580566 -0.273678 0)
(-0.0339096 -0.222933 0)
(-0.0133494 -0.150668 0)
(-0.00228549 -0.0567167 0)
(-0.00232912 0.0583734 0)
(-0.0132148 0.153185 0)
(-0.0328327 0.224094 0)
(-0.0549853 0.272194 0)
(-0.0759111 0.300457 0)
(-0.093607 0.312595 0)
(-0.107087 0.312373 0)
(-0.116144 0.303199 0)
(-0.12109 0.287933 0)
(-0.122516 0.268839 0)
(-0.121114 0.247636 0)
(-0.117578 0.225575 0)
(-0.112537 0.203531 0)
(-0.106534 0.182086 0)
(-0.100013 0.161602 0)
(-0.0933302 0.14228 0)
(-0.0867621 0.124199 0)
(-0.0805177 0.107356 0)
(-0.0747527 0.0916863 0)
(-0.0695808 0.077085 0)
(-0.0650843 0.0634171 0)
(-0.0613227 0.0505277 0)
(-0.0583395 0.0382482 0)
(-0.0561677 0.0264005 0)
(-0.0548338 0.0147992 0)
(-0.0543605 0.003254 0)
(-0.0547678 -0.00842956 0)
(-0.0560736 -0.020449 0)
(-0.0582923 -0.0330039 0)
(-0.0614324 -0.0462946 0)
(-0.065492 -0.0605195 0)
(-0.0704534 -0.0758715 0)
(-0.0762739 -0.0925314 0)
(-0.0828756 -0.110659 0)
(-0.0901317 -0.130377 0)
(-0.0978496 -0.151752 0)
(-0.105752 -0.174762 0)
(-0.113455 -0.199257 0)
(-0.120452 -0.224895 0)
(-0.126095 -0.251074 0)
(-0.129601 -0.276829 0)
(-0.130073 -0.300728 0)
(-0.126574 -0.320748 0)
(-0.118257 -0.334184 0)
(-0.104592 -0.337602 0)
(-0.0856778 -0.326936 0)
(-0.0625767 -0.297777 0)
(-0.0376189 -0.245941 0)
(-0.0152413 -0.168318 0)
(-0.00271348 -0.0641097 0)
(-0.00289053 0.0658306 0)
(-0.0155764 0.17043 0)
(-0.0372802 0.245688 0)
(-0.060197 0.293719 0)
(-0.0799637 0.319007 0)
(-0.0946603 0.326667 0)
(-0.103689 0.321528 0)
(-0.107331 0.307696 0)
(-0.106369 0.288412 0)
(-0.101774 0.266099 0)
(-0.0945208 0.242487 0)
(-0.0854853 0.218756 0)
(-0.0754049 0.195676 0)
(-0.0648704 0.173714 0)
(-0.0543377 0.153121 0)
(-0.0441467 0.134001 0)
(-0.0345434 0.116355 0)
(-0.0256995 0.100115 0)
(-0.0177311 0.0851677 0)
(-0.0107138 0.0713717 0)
(-0.00469486 0.0585659 0)
(0.000296636 0.0465781 0)
(0.00424234 0.0352287 0)
(0.00712873 0.0243334 0)
(0.00894292 0.0137047 0)
(0.00966985 0.00315169 0)
(0.00929061 -0.00751926 0)
(0.00778207 -0.0185054 0)
(0.00511772 -0.0300079 0)
(0.00126982 -0.0422315 0)
(-0.00378681 -0.0553846 0)
(-0.0100689 -0.0696771 0)
(-0.0175767 -0.0853167 0)
(-0.0262826 -0.102503 0)
(-0.0361159 -0.121415 0)
(-0.0469442 -0.142197 0)
(-0.0585484 -0.164927 0)
(-0.0705941 -0.189578 0)
(-0.0825999 -0.215961 0)
(-0.0939043 -0.243638 0)
(-0.103642 -0.271808 0)
(-0.110743 -0.299166 0)
(-0.113969 -0.323718 0)
(-0.112031 -0.342609 0)
(-0.103826 -0.351962 0)
(-0.0888249 -0.346866 0)
(-0.0675593 -0.321602 0)
(-0.0421817 -0.270272 0)
(-0.0177543 -0.187963 0)
(-0.00332665 -0.0726867 0)
(-0.0037565 0.0748332 0)
(-0.0188969 0.190113 0)
(-0.0429996 0.268728 0)
(-0.0661548 0.314713 0)
(-0.083489 0.33489 0)
(-0.093501 0.336281 0)
(-0.0963063 0.324991 0)
(-0.0929088 0.305833 0)
(-0.0846867 0.282339 0)
(-0.073041 0.256964 0)
(-0.0592157 0.231329 0)
(-0.0442318 0.206447 0)
(-0.0288825 0.182908 0)
(-0.0137561 0.161015 0)
(0.000728595 0.140877 0)
(0.0142865 0.122486 0)
(0.0267341 0.105753 0)
(0.0379616 0.0905452 0)
(0.0479113 0.0767026 0)
(0.0565598 0.0640508 0)
(0.0639051 0.0524087 0)
(0.0699559 0.0415924 0)
(0.0747246 0.0314179 0)
(0.078221 0.0217015 0)
(0.0804488 0.0122595 0)
(0.0814028 0.00290757 0)
(0.0810671 -0.00654066 0)
(0.0794144 -0.0162751 0)
(0.0764069 -0.0264907 0)
(0.0719973 -0.0373891 0)
(0.0661324 -0.0491796 0)
(0.0587575 -0.0620801 0)
(0.049824 -0.0763158 0)
(0.0392995 -0.0921167 0)
(0.0271828 -0.109711 0)
(0.0135239 -0.129314 0)
(-0.00154894 -0.151104 0)
(-0.0177944 -0.175193 0)
(-0.0348137 -0.201568 0)
(-0.0520002 -0.230007 0)
(-0.0684849 -0.259958 0)
(-0.0830928 -0.29036 0)
(-0.0943316 -0.31941 0)
(-0.100455 -0.344271 0)
(-0.0996714 -0.360771 0)
(-0.0905681 -0.363178 0)
(-0.07276 -0.344239 0)
(-0.0477953 -0.295758 0)
(-0.0211886 -0.210048 0)
(-0.00425095 -0.0828961 0)
(-0.00515209 0.0861077 0)
(-0.0236542 0.212869 0)
(-0.0502281 0.29295 0)
(-0.0723905 0.333961 0)
(-0.0851506 0.346277 0)
(-0.08803 0.339408 0)
(-0.0823163 0.320854 0)
(-0.0699912 0.296011 0)
(-0.0531199 0.268499 0)
(-0.0335151 0.240598 0)
(-0.0126201 0.213658 0)
(0.00848755 0.188412 0)
(0.0290459 0.165195 0)
(0.0485438 0.144101 0)
(0.0666599 0.125079 0)
(0.0832104 0.107998 0)
(0.0981077 0.0926828 0)
(0.111329 0.0789408 0)
(0.122891 0.0665728 0)
(0.132834 0.055381 0)
(0.141209 0.0451726 0)
(0.148067 0.0357611 0)
(0.153455 0.0269658 0)
(0.157407 0.0186111 0)
(0.159947 0.0105244 0)
(0.161079 0.00253481 0)
(0.160793 -0.00552968 0)
(0.159058 -0.0138443 0)
(0.155827 -0.02259 0)
(0.151035 -0.0319564 0)
(0.144601 -0.0421442 0)
(0.136433 -0.0533679 0)
(0.126433 -0.0658575 0)
(0.114502 -0.0798599 0)
(0.100557 -0.0956369 0)
(0.0845485 -0.113461 0)
(0.0664838 -0.133601 0)
(0.0464675 -0.156302 0)
(0.0247513 -0.181737 0)
(0.0018008 -0.20994 0)
(-0.0216207 -0.240677 0)
(-0.0443599 -0.273265 0)
(-0.064789 -0.306284 0)
(-0.0807752 -0.337181 0)
(-0.0897916 -0.361772 0)
(-0.0892998 -0.373702 0)
(-0.0774879 -0.364105 0)
(-0.0545796 -0.321844 0)
(-0.0260022 -0.235068 0)
(-0.00571712 -0.0954519 0)
(-0.00748525 0.100831 0)
(-0.0305373 0.239329 0)
(-0.058926 0.317401 0)
(-0.0775367 0.349224 0)
(-0.0822689 0.350362 0)
(-0.0746309 0.333309 0)
(-0.0576327 0.30683 0)
(-0.0344243 0.276549 0)
(-0.00772778 0.245807 0)
(0.0203667 0.216431 0)
(0.0483783 0.189308 0)
(0.0753241 0.164773 0)
(0.100596 0.14285 0)
(0.123855 0.123403 0)
(0.144944 0.106215 0)
(0.163825 0.0910427 0)
(0.180539 0.0776395 0)
(0.195167 0.0657671 0)
(0.207811 0.055202 0)
(0.218583 0.0457366 0)
(0.227588 0.0371787 0)
(0.23492 0.0293492 0)
(0.24066 0.0220799 0)
(0.244867 0.0152113 0)
(0.247582 0.00858941 0)
(0.248822 0.00206316 0)
(0.24858 -0.00451825 0)
(0.246826 -0.0113085 0)
(0.243506 -0.0184671 0)
(0.23854 -0.026163 0)
(0.231823 -0.0345783 0)
(0.223231 -0.0439119 0)
(0.212617 -0.0543842 0)
(0.19982 -0.0662408 0)
(0.184673 -0.0797567 0)
(0.167017 -0.0952375 0)
(0.146719 -0.113018 0)
(0.123713 -0.133451 0)
(0.0980414 -0.156885 0)
(0.0699357 -0.183608 0)
(0.0399174 -0.213754 0)
(0.00893731 -0.247126 0)
(-0.0214574 -0.282896 0)
(-0.0489576 -0.319135 0)
(-0.0704196 -0.352101 0)
(-0.0820536 -0.37531 0)
(-0.0800727 -0.378519 0)
(-0.0623003 -0.347172 0)
(-0.0328393 -0.263435 0)
(-0.00814011 -0.111512 0)
(-0.011436 0.120877 0)
(-0.0403399 0.269737 0)
(-0.068075 0.339698 0)
(-0.0782364 0.356615 0)
(-0.0697021 0.343064 0)
(-0.0472587 0.314554 0)
(-0.0160826 0.280482 0)
(0.0195685 0.246003 0)
(0.0565902 0.21365 0)
(0.0929295 0.184463 0)
(0.127342 0.158691 0)
(0.159149 0.136194 0)
(0.188045 0.116669 0)
(0.213957 0.0997615 0)
(0.236953 0.0851173 0)
(0.257178 0.0724105 0)
(0.274815 0.061349 0)
(0.290058 0.051675 0)
(0.303097 0.0431618 0)
(0.314107 0.0356093 0)
(0.323245 0.0288396 0)
(0.330644 0.0226924 0)
(0.336413 0.0170216 0)
(0.340632 0.0116909 0)
(0.343357 0.00657145 0)
(0.344615 0.00153796 0)
(0.344405 -0.0035338 0)
(0.342697 -0.00877028 0)
(0.339433 -0.0143034 0)
(0.334524 -0.0202741 0)
(0.327851 -0.0268366 0)
(0.31926 -0.0341628 0)
(0.308571 -0.0424482 0)
(0.295568 -0.0519183 0)
(0.280009 -0.0628357 0)
(0.261632 -0.0755084 0)
(0.240165 -0.0902972 0)
(0.215349 -0.10762 0)
(0.186982 -0.12795 0)
(0.154978 -0.151795 0)
(0.11948 -0.179639 0)
(0.0810167 -0.211821 0)
(0.0407419 -0.248271 0)
(0.000745686 -0.288039 0)
(-0.035611 -0.328444 0)
(-0.0634892 -0.363732 0)
(-0.0767882 -0.383134 0)
(-0.0696135 -0.368811 0)
(-0.0423742 -0.295033 0)
(-0.0121939 -0.132904 0)
(-0.017852 0.149167 0)
(-0.0531541 0.302827 0)
(-0.0737865 0.354616 0)
(-0.0669347 0.349805 0)
(-0.0380083 0.318952 0)
(0.00378378 0.279434 0)
(0.0512372 0.239843 0)
(0.099599 0.203802 0)
(0.146037 0.172425 0)
(0.189059 0.145685 0)
(0.228023 0.123107 0)
(0.262785 0.104094 0)
(0.293475 0.088067 0)
(0.320358 0.0745168 0)
(0.343757 0.0630126 0)
(0.364006 0.0531967 0)
(0.381423 0.0447733 0)
(0.396303 0.0374971 0)
(0.408906 0.0311626 0)
(0.419462 0.0255958 0)
(0.428162 0.0206473 0)
(0.435166 0.0161861 0)
(0.440601 0.0120957 0)
(0.444562 0.00826958 0)
(0.447114 0.00460822 0)
(0.448289 0.00101621 0)
(0.448093 -0.00260066 0)
(0.446497 -0.00633812 0)
(0.443444 -0.0102964 0)
(0.438842 -0.0145833 0)
(0.432564 -0.0193185 0)
(0.424447 -0.0246376 0)
(0.414286 -0.0306984 0)
(0.401834 -0.037688 0)
(0.386796 -0.0458319 0)
(0.368831 -0.0554054 0)
(0.347547 -0.0667486 0)
(0.322516 -0.0802823 0)
(0.293284 -0.0965262 0)
(0.259418 -0.116113 0)
(0.220581 -0.139785 0)
(0.176678 -0.16835 0)
(0.128109 -0.202532 0)
(0.0761751 -0.242605 0)
(0.0236747 -0.287593 0)
(-0.0243158 -0.333674 0)
(-0.0597754 -0.371301 0)
(-0.0721334 -0.380877 0)
(-0.0543881 -0.327998 0)
(-0.0186522 -0.162433 0)
(-0.0267706 0.190627 0)
(-0.0654461 0.332964 0)
(-0.0646348 0.351362 0)
(-0.0277021 0.318989 0)
(0.0292496 0.271607 0)
(0.0931419 0.224945 0)
(0.156284 0.184487 0)
(0.214883 0.151147 0)
(0.267432 0.124197 0)
(0.313646 0.102509 0)
(0.353833 0.0850032 0)
(0.388544 0.0707792 0)
(0.418398 0.059129 0)
(0.443996 0.0495065 0)
(0.465885 0.0414923 0)
(0.484548 0.0347631 0)
(0.500401 0.0290665 0)
(0.513802 0.0242028 0)
(0.52505 0.0200114 0)
(0.534397 0.0163606 0)
(0.542048 0.0131405 0)
(0.548172 0.0102571 0)
(0.552898 0.00762828 0)
(0.556324 0.00518037 0)
(0.558516 0.00284544 0)
(0.55951 0.000558944 0)
(0.559312 -0.00174249 0)
(0.557899 -0.00412313 0)
(0.555217 -0.00665042 0)
(0.55118 -0.0093975 0)
(0.545666 -0.0124462 0)
(0.538517 -0.0158909 0)
(0.529528 -0.0198433 0)
(0.518446 -0.0244389 0)
(0.50496 -0.0298457 0)
(0.488693 -0.0362759 0)
(0.469187 -0.0440023 0)
(0.445899 -0.0533804 0)
(0.418187 -0.0648786 0)
(0.385315 -0.079117 0)
(0.346475 -0.0969147 0)
(0.300857 -0.119333 0)
(0.24783 -0.147683 0)
(0.187302 -0.183398 0)
(0.120429 -0.22755 0)
(0.0508787 -0.27946 0)
(-0.0133106 -0.333388 0)
(-0.0579258 -0.372035 0)
(-0.0647131 -0.355841 0)
(-0.0272907 -0.204791 0)
(-0.0329164 0.2504 0)
(-0.0615938 0.344037 0)
(-0.0115316 0.310541 0)
(0.0707019 0.251415 0)
(0.158691 0.195818 0)
(0.241047 0.151176 0)
(0.313417 0.117408 0)
(0.375113 0.0922516 0)
(0.42704 0.0734134 0)
(0.470557 0.059115 0)
(0.507011 0.048083 0)
(0.537583 0.0394282 0)
(0.563265 0.0325321 0)
(0.584867 0.0269599 0)
(0.60305 0.022401 0)
(0.618349 0.0186292 0)
(0.6312 0.0154757 0)
(0.641958 0.0128118 0)
(0.650913 0.0105375 0)
(0.658298 0.00857264 0)
(0.664304 0.00685193 0)
(0.66908 0.00532061 0)
(0.672743 0.00393162 0)
(0.675378 0.00264335 0)
(0.677044 0.00141784 0)
(0.677773 0.000219301 0)
(0.677571 -0.000987204 0)
(0.67642 -0.00223703 0)
(0.674276 -0.00356739 0)
(0.671065 -0.00501881 0)
(0.666687 -0.00663707 0)
(0.661002 -0.00847554 0)
(0.653835 -0.0105984 0)
(0.64496 -0.0130849 0)
(0.634095 -0.0160355 0)
(0.620887 -0.0195806 0)
(0.604893 -0.0238935 0)
(0.585556 -0.0292089 0)
(0.562177 -0.0358527 0)
(0.533874 -0.0442853 0)
(0.49954 -0.0551692 0)
(0.45781 -0.0694685 0)
(0.407063 -0.0885866 0)
(0.345541 -0.114522 0)
(0.271807 -0.14992 0)
(0.185988 -0.197544 0)
(0.0921081 -0.257931 0)
(0.00177733 -0.323227 0)
(-0.0569503 -0.361508 0)
(-0.0321712 -0.263989 0)
(0.00108834 0.294898 0)
(0.0168617 0.298619 0)
(0.152314 0.213007 0)
(0.28281 0.145291 0)
(0.38791 0.0995805 0)
(0.47103 0.0697305 0)
(0.536326 0.0503586 0)
(0.587654 0.0375431 0)
(0.62836 0.0287723 0)
(0.661009 0.022544 0)
(0.687471 0.0179676 0)
(0.709106 0.0145045 0)
(0.726919 0.0118186 0)
(0.741661 0.00969312 0)
(0.753905 0.00798291 0)
(0.76409 0.0065872 0)
(0.772563 0.00543379 0)
(0.779595 0.00446931 0)
(0.785403 0.00365315 0)
(0.790159 0.00295361 0)
(0.794001 0.00234522 0)
(0.797035 0.00180699 0)
(0.799343 0.0013211 0)
(0.800986 0.000871981 0)
(0.802004 0.000445551 0)
(0.80242 2.86385e-05 0)
(0.802238 -0.000391485 0)
(0.801445 -0.000827845 0)
(0.800012 -0.00129407 0)
(0.797888 -0.00180507 0)
(0.795003 -0.00237781 0)
(0.791261 -0.00303228 0)
(0.786538 -0.00379277 0)
(0.780674 -0.00468978 0)
(0.773466 -0.00576261 0)
(0.764654 -0.00706341 0)
(0.753905 -0.00866325 0)
(0.740784 -0.0106618 0)
(0.724723 -0.0132035 0)
(0.704962 -0.0165045 0)
(0.680472 -0.0209005 0)
(0.649832 -0.0269334 0)
(0.611064 -0.0355084 0)
(0.561393 -0.0481774 0)
(0.497084 -0.0675999 0)
(0.413671 -0.0980792 0)
(0.306251 -0.145727 0)
(0.170492 -0.217272 0)
(0.0268969 -0.307188 0)
(0.00518705 -0.303014 0)
(0.290253 0.152414 0)
(0.389542 0.128237 0)
(0.565429 0.0747333 0)
(0.683248 0.0422281 0)
(0.75282 0.0245221 0)
(0.797802 0.0148773 0)
(0.828928 0.0095665 0)
(0.851353 0.00654065 0)
(0.868106 0.00471483 0)
(0.881011 0.00353899 0)
(0.89118 0.00273476 0)
(0.899324 0.00215659 0)
(0.905921 0.00172448 0)
(0.91131 0.00139191 0)
(0.915734 0.00113012 0)
(0.919379 0.000920363 0)
(0.922383 0.000749783 0)
(0.924856 0.000609189 0)
(0.926882 0.000491772 0)
(0.928528 0.000392326 0)
(0.929846 0.000306748 0)
(0.930877 0.000231711 0)
(0.931652 0.000164429 0)
(0.932192 0.000102496 0)
(0.932514 4.37558e-05 0)
(0.932624 -1.3791e-05 0)
(0.932525 -7.19881e-05 0)
(0.932211 -0.000132878 0)
(0.931671 -0.000198511 0)
(0.930885 -0.00027114 0)
(0.929826 -0.000353363 0)
(0.92846 -0.000448271 0)
(0.926737 -0.000559683 0)
(0.924597 -0.000692466 0)
(0.921961 -0.000853022 0)
(0.918728 -0.00105004 0)
(0.914765 -0.00129572 0)
(0.909898 -0.00160782 0)
(0.90389 -0.00201342 0)
(0.896415 -0.00255594 0)
(0.887005 -0.00330942 0)
(0.874966 -0.00440816 0)
(0.859209 -0.00611081 0)
(0.83793 -0.00893814 0)
(0.808077 -0.0139502 0)
(0.764376 -0.0232388 0)
(0.695894 -0.0407665 0)
(0.577943 -0.0737453 0)
(0.398054 -0.128746 0)
(0.293872 -0.153788 0)
)
;

boundaryField
{
    movingWallTop
    {
        type            fixedValue;
        value           uniform (1 0 0);
    }
    movingWallBottom
    {
        type            fixedValue;
        value           uniform (1 0 0);
    }
    fixedWalls
    {
        type            noSlip;
    }
    frontAndBack
    {
        type            empty;
    }
}


// ************************************************************************* //
