/*--------------------------------*- C++ -*----------------------------------*\
  =========                 |
  \\      /  F ield         | OpenFOAM: The Open Source CFD Toolbox
   \\    /   O peration     | Website:  https://openfoam.org
    \\  /    A nd           | Version:  7
     \\/     M anipulation  |
\*---------------------------------------------------------------------------*/
FoamFile
{
    version     2.0;
    format      ascii;
    class       volVectorField;
    location    "0.058";
    object      U;
}
// * * * * * * * * * * * * * * * * * * * * * * * * * * * * * * * * * * * * * //

dimensions      [0 1 -1 0 0 0 0];

internalField   nonuniform List<vector> 
2500
(
(2.96681e-05 -2.97711e-05 0)
(9.00365e-05 -3.63839e-05 0)
(0.000123945 -1.86034e-05 0)
(9.22816e-05 7.53551e-06 0)
(-1.6818e-05 3.4276e-05 0)
(-0.000201791 5.88517e-05 0)
(-0.000455613 8.01371e-05 0)
(-0.000769153 9.7804e-05 0)
(-0.00113227 0.000111872 0)
(-0.00153452 0.000122491 0)
(-0.00196564 0.000129859 0)
(-0.00241567 0.000134194 0)
(-0.00287518 0.000135715 0)
(-0.00333526 0.000134643 0)
(-0.00378763 0.000131191 0)
(-0.00422463 0.000125571 0)
(-0.00463924 0.000117987 0)
(-0.00502509 0.000108637 0)
(-0.00537643 9.77156e-05 0)
(-0.00568821 8.54145e-05 0)
(-0.00595598 7.19222e-05 0)
(-0.00617597 5.7427e-05 0)
(-0.00634507 4.21187e-05 0)
(-0.00646082 2.61899e-05 0)
(-0.00652147 9.83779e-06 0)
(-0.00652596 -6.73471e-06 0)
(-0.00647393 -2.33173e-05 0)
(-0.00636581 -3.96915e-05 0)
(-0.00620276 -5.56308e-05 0)
(-0.00598675 -7.09003e-05 0)
(-0.00572054 -8.52578e-05 0)
(-0.00540774 -9.84546e-05 0)
(-0.00505279 -0.000110238 0)
(-0.00466097 -0.000120352 0)
(-0.00423838 -0.000128542 0)
(-0.00379194 -0.000134558 0)
(-0.00332936 -0.000138155 0)
(-0.00285905 -0.0001391 0)
(-0.00239012 -0.000137176 0)
(-0.00193223 -0.00013218 0)
(-0.00149551 -0.000123934 0)
(-0.00109041 -0.000112289 0)
(-0.000727518 -9.7136e-05 0)
(-0.000417247 -7.84397e-05 0)
(-0.000169391 -5.63222e-05 0)
(7.62357e-06 -3.129e-05 0)
(0.000107992 -4.63908e-06 0)
(0.000131265 2.06412e-05 0)
(9.13077e-05 3.73302e-05 0)
(2.92956e-05 2.92355e-05 0)
(3.66324e-05 -9.03432e-05 0)
(8.23974e-05 -8.16444e-05 0)
(3.32368e-05 1.81576e-05 0)
(-0.000170459 0.000153948 0)
(-0.000552326 0.000297426 0)
(-0.00111269 0.000434191 0)
(-0.00183981 0.000556725 0)
(-0.00271481 0.000661417 0)
(-0.00371478 0.000746771 0)
(-0.00481488 0.000812438 0)
(-0.00598958 0.000858723 0)
(-0.00721357 0.000886317 0)
(-0.00846227 0.00089615 0)
(-0.00971219 0.000889294 0)
(-0.0109412 0.000866907 0)
(-0.0121286 0.0008302 0)
(-0.0132554 0.00078041 0)
(-0.0143041 0.000718791 0)
(-0.0152591 0.000646602 0)
(-0.0161065 0.000565112 0)
(-0.0168341 0.000475594 0)
(-0.0174316 0.000379336 0)
(-0.0178903 0.000277642 0)
(-0.0182038 0.000171841 0)
(-0.0183671 6.32931e-05 0)
(-0.0183776 -4.66064e-05 0)
(-0.0182343 -0.00015642 0)
(-0.0179386 -0.000264666 0)
(-0.0174938 -0.000369821 0)
(-0.0169054 -0.000470321 0)
(-0.0161812 -0.000564569 0)
(-0.0153311 -0.000650945 0)
(-0.0143674 -0.000727821 0)
(-0.0133043 -0.000793576 0)
(-0.0121586 -0.000846623 0)
(-0.0109489 -0.000885429 0)
(-0.00969576 -0.00090855 0)
(-0.00842176 -0.000914661 0)
(-0.00715086 -0.000902598 0)
(-0.00590836 -0.000871404 0)
(-0.00472038 -0.000820395 0)
(-0.00361341 -0.00074925 0)
(-0.0026136 -0.000658156 0)
(-0.00174576 -0.000548057 0)
(-0.00103199 -0.000421128 0)
(-0.00048959 -0.00028171 0)
(-0.000127845 -0.000137974 0)
(5.66148e-05 -4.93898e-06 0)
(9.0627e-05 8.95899e-05 0)
(3.76719e-05 9.13088e-05 0)
(1.98053e-05 -0.000125836 0)
(-1.4038e-05 -3.34808e-05 0)
(-0.000227185 0.000232756 0)
(-0.000669947 0.000574758 0)
(-0.00136527 0.000937573 0)
(-0.00231377 0.00128794 0)
(-0.00350034 0.00160626 0)
(-0.00489966 0.00188161 0)
(-0.00648006 0.00210835 0)
(-0.00820632 0.00228411 0)
(-0.0100415 0.00240858 0)
(-0.0119484 0.00248282 0)
(-0.0138904 0.00250872 0)
(-0.0158321 0.00248878 0)
(-0.0177399 0.00242588 0)
(-0.0195823 0.00232313 0)
(-0.02133 0.00218384 0)
(-0.0229563 0.00201139 0)
(-0.024437 0.00180926 0)
(-0.0257504 0.00158098 0)
(-0.0268778 0.00133013 0)
(-0.0278031 0.00106035 0)
(-0.0285132 0.000775332 0)
(-0.0289977 0.000478857 0)
(-0.0292494 0.000174784 0)
(-0.029264 -0.000132927 0)
(-0.0290405 -0.000440208 0)
(-0.0285808 -0.000742884 0)
(-0.0278903 -0.00103667 0)
(-0.0269776 -0.0013172 0)
(-0.025855 -0.00158003 0)
(-0.0245377 -0.00182067 0)
(-0.0230447 -0.00203464 0)
(-0.0213982 -0.00221752 0)
(-0.0196238 -0.00236501 0)
(-0.0177499 -0.00247301 0)
(-0.015808 -0.00253772 0)
(-0.0138323 -0.00255574 0)
(-0.0118589 -0.00252419 0)
(-0.00992563 -0.00244089 0)
(-0.00807135 -0.00230455 0)
(-0.0063349 -0.00211509 0)
(-0.00475409 -0.00187402 0)
(-0.00336414 -0.00158519 0)
(-0.00219564 -0.00125583 0)
(-0.00127182 -0.000898508 0)
(-0.000604669 -0.000534254 0)
(-0.000189732 -0.000197408 0)
(3.33863e-07 5.69171e-05 0)
(2.21108e-05 0.000132827 0)
(-4.75385e-06 -9.82821e-05 0)
(-0.000146091 0.000166305 0)
(-0.00056527 0.000674306 0)
(-0.00128638 0.00129365 0)
(-0.00232264 0.00194395 0)
(-0.003671 0.00257272 0)
(-0.00531175 0.00314666 0)
(-0.00721371 0.00364566 0)
(-0.0093382 0.00405831 0)
(-0.0116419 0.00437901 0)
(-0.014079 0.00460608 0)
(-0.0166028 0.00474051 0)
(-0.019167 0.00478512 0)
(-0.0217266 0.00474401 0)
(-0.0242385 0.00462214 0)
(-0.0266623 0.00442511 0)
(-0.02896 0.00415891 0)
(-0.0310969 0.00382982 0)
(-0.0330416 0.00344434 0)
(-0.034766 0.00300915 0)
(-0.0362457 0.00253102 0)
(-0.0374596 0.0020169 0)
(-0.0383907 0.00147386 0)
(-0.0390256 0.000909113 0)
(-0.0393548 0.000330054 0)
(-0.0393729 -0.000255744 0)
(-0.0390785 -0.000840513 0)
(-0.0384744 -0.0014163 0)
(-0.0375676 -0.00197496 0)
(-0.0363696 -0.0025082 0)
(-0.0348962 -0.00300764 0)
(-0.0331675 -0.00346484 0)
(-0.0312081 -0.00387138 0)
(-0.0290468 -0.00421904 0)
(-0.0267166 -0.00449985 0)
(-0.0242545 -0.00470628 0)
(-0.0217009 -0.00483142 0)
(-0.0190995 -0.0048692 0)
(-0.0164963 -0.00481467 0)
(-0.0139396 -0.00466427 0)
(-0.0114783 -0.00441628 0)
(-0.009161 -0.00407137 0)
(-0.00703477 -0.00363338 0)
(-0.00514301 -0.00311044 0)
(-0.00352327 -0.00251672 0)
(-0.00220437 -0.0018751 0)
(-0.00120245 -0.00122138 0)
(-0.000516135 -0.000609799 0)
(-0.00012653 -0.00012127 0)
(-1.30358e-06 0.000114408 0)
(-3.03155e-05 4.8348e-06 0)
(-0.000288893 0.000544101 0)
(-0.000933831 0.00137153 0)
(-0.00195402 0.00233227 0)
(-0.00334724 0.0033256 0)
(-0.00510313 0.00428208 0)
(-0.00719544 0.00515525 0)
(-0.00958651 0.00591544 0)
(-0.0122311 0.00654479 0)
(-0.0150788 0.00703378 0)
(-0.0180763 0.00737876 0)
(-0.0211693 0.00758034 0)
(-0.0243034 0.0076421 0)
(-0.0274256 0.0075698 0)
(-0.0304851 0.00737074 0)
(-0.0334338 0.0070533 0)
(-0.0362266 0.00662666 0)
(-0.0388222 0.00610057 0)
(-0.0411829 0.00548518 0)
(-0.0432753 0.00479098 0)
(-0.04507 0.00402872 0)
(-0.0465419 0.0032094 0)
(-0.0476705 0.00234426 0)
(-0.0484398 0.00144481 0)
(-0.0488386 0.000522804 0)
(-0.0488602 -0.000409691 0)
(-0.0485032 -0.00134033 0)
(-0.047771 -0.00225648 0)
(-0.046672 -0.00314524 0)
(-0.04522 -0.00399351 0)
(-0.0434339 -0.00478805 0)
(-0.041338 -0.00551558 0)
(-0.0389614 -0.00616295 0)
(-0.0363387 -0.00671728 0)
(-0.0335091 -0.00716621 0)
(-0.0305165 -0.00749813 0)
(-0.0274088 -0.00770247 0)
(-0.0242377 -0.00777011 0)
(-0.0210578 -0.00769374 0)
(-0.0179254 -0.00746841 0)
(-0.014898 -0.00709217 0)
(-0.0120325 -0.00656687 0)
(-0.00938365 -0.00589933 0)
(-0.00700213 -0.00510281 0)
(-0.00493215 -0.00419926 0)
(-0.00320888 -0.00322246 0)
(-0.00185471 -0.00222259 0)
(-0.000874981 -0.00127187 0)
(-0.00026508 -0.000472311 0)
(-2.59765e-05 2.27733e-05 0)
(-5.45851e-05 0.000184031 0)
(-0.000431076 0.00110737 0)
(-0.00130769 0.00233682 0)
(-0.00263517 0.00370397 0)
(-0.00439257 0.00509322 0)
(-0.00655955 0.00642135 0)
(-0.00910132 0.00763036 0)
(-0.0119727 0.00868163 0)
(-0.0151214 0.00955091 0)
(-0.0184905 0.0102246 0)
(-0.0220199 0.0106969 0)
(-0.0256483 0.0109678 0)
(-0.0293146 0.0110416 0)
(-0.0329591 0.0109259 0)
(-0.0365242 0.0106304 0)
(-0.0399556 0.0101667 0)
(-0.0432022 0.00954736 0)
(-0.046217 0.0087862 0)
(-0.0489572 0.00789753 0)
(-0.0513846 0.00689623 0)
(-0.0534658 0.00579763 0)
(-0.0551723 0.00461747 0)
(-0.0564807 0.00337184 0)
(-0.0573727 0.00207722 0)
(-0.0578355 0.000750504 0)
(-0.0578616 -0.000591041 0)
(-0.0574493 -0.00192973 0)
(-0.0566024 -0.00324748 0)
(-0.0553308 -0.00452587 0)
(-0.0536499 -0.00574622 0)
(-0.0515813 -0.00688967 0)
(-0.0491526 -0.00793737 0)
(-0.0463969 -0.00887068 0)
(-0.0433535 -0.00967142 0)
(-0.0400668 -0.0103222 0)
(-0.0365865 -0.0108067 0)
(-0.032967 -0.0111103 0)
(-0.0292666 -0.0112205 0)
(-0.0255469 -0.0111273 0)
(-0.0218717 -0.0108244 0)
(-0.0183056 -0.0103095 0)
(-0.0149129 -0.00958607 0)
(-0.0117555 -0.00866406 0)
(-0.0088912 -0.00756221 0)
(-0.00637123 -0.00631031 0)
(-0.00423833 -0.00495262 0)
(-0.00252319 -0.00355237 0)
(-0.00124063 -0.00219694 0)
(-0.000403607 -0.0010044 0)
(-4.94818e-05 -0.000142807 0)
(-7.69277e-05 0.00043624 0)
(-0.000567984 0.00185518 0)
(-0.00167472 0.00357234 0)
(-0.00331005 0.00541248 0)
(-0.00543301 0.00724994 0)
(-0.00801142 0.00899104 0)
(-0.0110004 0.0105683 0)
(-0.0143461 0.0119355 0)
(-0.0179887 0.0130626 0)
(-0.0218642 0.0139321 0)
(-0.0259061 0.0145364 0)
(-0.0300467 0.0148749 0)
(-0.0342189 0.0149527 0)
(-0.0383569 0.0147793 0)
(-0.0423975 0.0143671 0)
(-0.0462808 0.013731 0)
(-0.0499507 0.0128878 0)
(-0.0533554 0.0118553 0)
(-0.0564478 0.0106526 0)
(-0.0591857 0.00929946 0)
(-0.0615324 0.00781632 0)
(-0.0634563 0.00622419 0)
(-0.0649315 0.00454458 0)
(-0.065938 0.00279957 0)
(-0.0664614 0.00101173 0)
(-0.0664937 -0.000795798 0)
(-0.0660326 -0.00259937 0)
(-0.0650825 -0.00437484 0)
(-0.0636541 -0.00609761 0)
(-0.0617643 -0.00774274 0)
(-0.0594368 -0.00928514 0)
(-0.0567019 -0.0106997 0)
(-0.0535962 -0.0119618 0)
(-0.0501625 -0.0130472 0)
(-0.0464499 -0.013933 0)
(-0.042513 -0.0145977 0)
(-0.0384116 -0.0150222 0)
(-0.0342098 -0.01519 0)
(-0.0299754 -0.0150885 0)
(-0.0257788 -0.0147096 0)
(-0.0216912 -0.0140509 0)
(-0.0177839 -0.0131169 0)
(-0.0141259 -0.011921 0)
(-0.0107823 -0.010487 0)
(-0.00781224 -0.00885227 0)
(-0.00526732 -0.00707039 0)
(-0.00318813 -0.00521585 0)
(-0.00160081 -0.00338825 0)
(-0.000537338 -0.00171735 0)
(-7.11382e-05 -0.000379587 0)
(-9.74208e-05 0.000757598 0)
(-0.000698439 0.00278288 0)
(-0.00203042 0.00507502 0)
(-0.00397026 0.00745628 0)
(-0.00645683 0.00979472 0)
(-0.00944513 0.0119893 0)
(-0.012879 0.0139653 0)
(-0.0166949 0.0156702 0)
(-0.0208248 0.0170694 0)
(-0.0251973 0.0181424 0)
(-0.0297392 0.0188798 0)
(-0.0343767 0.019281 0)
(-0.0390369 0.0193522 0)
(-0.0436486 0.019105 0)
(-0.0481436 0.0185548 0)
(-0.0524571 0.0177202 0)
(-0.0565285 0.0166223 0)
(-0.0603021 0.0152835 0)
(-0.0637269 0.0137281 0)
(-0.0667577 0.0119811 0)
(-0.0693545 0.0100684 0)
(-0.0714836 0.00801676 0)
(-0.0731168 0.00585368 0)
(-0.0742324 0.00360726 0)
(-0.074815 0.00130627 0)
(-0.0748557 -0.00101981 0)
(-0.074352 -0.00334085 0)
(-0.0733083 -0.00562609 0)
(-0.0717361 -0.00784422 0)
(-0.0696534 -0.00996355 0)
(-0.0670856 -0.0119522 0)
(-0.064065 -0.0137782 0)
(-0.060631 -0.0154104 0)
(-0.0568297 -0.016818 0)
(-0.0527137 -0.017972 0)
(-0.048342 -0.0188455 0)
(-0.043779 -0.019414 0)
(-0.0390943 -0.0196571 0)
(-0.0343611 -0.0195588 0)
(-0.0296558 -0.019109 0)
(-0.0250564 -0.0183048 0)
(-0.0206409 -0.0171518 0)
(-0.0164856 -0.015666 0)
(-0.0126636 -0.0138761 0)
(-0.00924293 -0.0118257 0)
(-0.00628497 -0.0095768 0)
(-0.00384153 -0.00721316 0)
(-0.00195117 -0.00484394 0)
(-0.000665072 -0.00260722 0)
(-9.09854e-05 -0.00068388 0)
(-0.000116399 0.00114439 0)
(-0.000822906 0.00388475 0)
(-0.00237441 0.00683973 0)
(-0.00461404 0.00983161 0)
(-0.00746096 0.012725 0)
(-0.0108569 0.0154138 0)
(-0.0147336 0.0178183 0)
(-0.0190171 0.0198815 0)
(-0.0236304 0.0215653 0)
(-0.0284944 0.0228469 0)
(-0.0335288 0.0237162 0)
(-0.0386537 0.024173 0)
(-0.0437905 0.024225 0)
(-0.0488629 0.0238863 0)
(-0.053798 0.0231759 0)
(-0.0585268 0.0221163 0)
(-0.0629847 0.0207331 0)
(-0.0671124 0.019054 0)
(-0.070856 0.0171085 0)
(-0.0741673 0.0149273 0)
(-0.0770039 0.0125424 0)
(-0.0793298 0.00998659 0)
(-0.0811154 0.00729359 0)
(-0.0823373 0.00449795 0)
(-0.0829791 0.00163508 0)
(-0.0830311 -0.00125882 0)
(-0.0824906 -0.00414671 0)
(-0.0813619 -0.0069908 0)
(-0.0796567 -0.00975265 0)
(-0.0773941 -0.0123933 0)
(-0.0746006 -0.0148737 0)
(-0.0713102 -0.0171545 0)
(-0.0675643 -0.0191974 0)
(-0.0634117 -0.0209648 0)
(-0.0589083 -0.022421 0)
(-0.0541167 -0.0235327 0)
(-0.0491055 -0.0242703 0)
(-0.043949 -0.0246084 0)
(-0.0387259 -0.0245274 0)
(-0.0335185 -0.0240147 0)
(-0.0284111 -0.0230663 0)
(-0.0234889 -0.0216881 0)
(-0.0188362 -0.0198985 0)
(-0.0145346 -0.0177299 0)
(-0.0106616 -0.0152314 0)
(-0.00728961 -0.0124719 0)
(-0.00448248 -0.00954266 0)
(-0.00229174 -0.00656036 0)
(-0.000787392 -0.00366912 0)
(-0.000109365 -0.00105221 0)
(-0.000134246 0.00159351 0)
(-0.000942543 0.00515543 0)
(-0.00270843 0.0088612 0)
(-0.00524334 0.0125343 0)
(-0.00844741 0.0160377 0)
(-0.0122489 0.0192625 0)
(-0.0165672 0.0221256 0)
(-0.0213172 0.0245672 0)
(-0.0264123 0.0265469 0)
(-0.0317651 0.028041 0)
(-0.0372882 0.0290394 0)
(-0.0428952 0.029543 0)
(-0.0485018 0.0295617 0)
(-0.0540269 0.0291128 0)
(-0.0593931 0.0282189 0)
(-0.0645273 0.0269072 0)
(-0.0693617 0.0252082 0)
(-0.0738338 0.0231551 0)
(-0.0778869 0.0207831 0)
(-0.0814703 0.0181291 0)
(-0.0845399 0.0152311 0)
(-0.0870576 0.0121284 0)
(-0.0889923 0.0088613 0)
(-0.0903196 0.00547113 0)
(-0.091022 0.00200016 0)
(-0.0910889 -0.00150832 0)
(-0.0905172 -0.00501007 0)
(-0.0893112 -0.00845996 0)
(-0.0874827 -0.011812 0)
(-0.085051 -0.0150197 0)
(-0.0820437 -0.0180362 0)
(-0.0784958 -0.0208147 0)
(-0.0744506 -0.023309 0)
(-0.0699588 -0.0254742 0)
(-0.0650792 -0.0272674 0)
(-0.0598774 -0.0286486 0)
(-0.054426 -0.029582 0)
(-0.0488037 -0.030037 0)
(-0.0430946 -0.0299896 0)
(-0.0373866 -0.0294242 0)
(-0.0317709 -0.0283347 0)
(-0.02634 -0.026727 0)
(-0.0211866 -0.0246206 0)
(-0.0164017 -0.0220508 0)
(-0.0120732 -0.0190712 0)
(-0.00828515 -0.0157561 0)
(-0.00511413 -0.0122029 0)
(-0.00262488 -0.00853416 0)
(-0.000905674 -0.0048988 0)
(-0.000126693 -0.00148179 0)
(-0.000151324 0.00210266 0)
(-0.00105875 0.00659067 0)
(-0.00303521 0.0111351 0)
(-0.00586206 0.015561 0)
(-0.00942107 0.0197308 0)
(-0.0136271 0.0235343 0)
(-0.0183868 0.0268867 0)
(-0.0236036 0.0297267 0)
(-0.0291807 0.0320134 0)
(-0.0350219 0.033723 0)
(-0.0410324 0.0348465 0)
(-0.0471191 0.0353868 0)
(-0.0531922 0.035357 0)
(-0.0591654 0.0347778 0)
(-0.0649571 0.0336765 0)
(-0.0704908 0.0320851 0)
(-0.0756951 0.0300397 0)
(-0.0805051 0.0275793 0)
(-0.0848616 0.0247452 0)
(-0.088712 0.0215805 0)
(-0.0920102 0.0181299 0)
(-0.094717 0.0144392 0)
(-0.0967997 0.0105557 0)
(-0.0982328 0.00652767 0)
(-0.098998 0.00240441 0)
(-0.099084 -0.00176349 0)
(-0.0984871 -0.00592433 0)
(-0.0972112 -0.0100254 0)
(-0.095268 -0.0140129 0)
(-0.0926769 -0.0178324 0)
(-0.0894659 -0.021429 0)
(-0.0856709 -0.0247478 0)
(-0.0813362 -0.0277346 0)
(-0.0765145 -0.0303364 0)
(-0.0712665 -0.0325027 0)
(-0.0656608 -0.0341862 0)
(-0.0597737 -0.0353442 0)
(-0.053688 -0.0359401 0)
(-0.0474929 -0.0359449 0)
(-0.0412825 -0.0353387 0)
(-0.0351547 -0.0341131 0)
(-0.0292101 -0.0322726 0)
(-0.0235502 -0.029837 0)
(-0.018276 -0.0268434 0)
(-0.0134868 -0.0233486 0)
(-0.00927876 -0.0194312 0)
(-0.00574183 -0.0151937 0)
(-0.0029541 -0.0107634 0)
(-0.00102161 -0.00629347 0)
(-0.000143379 -0.00197077 0)
(-0.000167953 0.00267035 0)
(-0.00117295 0.00818768 0)
(-0.00335781 0.0136585 0)
(-0.00647493 0.0189095 0)
(-0.0103882 0.0238032 0)
(-0.0149992 0.0282291 0)
(-0.0202015 0.0321021 0)
(-0.0258866 0.0353611 0)
(-0.0319473 0.0379654 0)
(-0.0382784 0.039893 0)
(-0.0447769 0.0411368 0)
(-0.051343 0.041703 0)
(-0.0578812 0.0416082 0)
(-0.0643002 0.0408779 0)
(-0.0705143 0.0395444 0)
(-0.0764435 0.0376454 0)
(-0.0820137 0.0352227 0)
(-0.0871572 0.0323218 0)
(-0.0918131 0.0289902 0)
(-0.0959271 0.0252779 0)
(-0.0994516 0.0212362 0)
(-0.102346 0.016918 0)
(-0.104577 0.0123773 0)
(-0.106117 0.00766956 0)
(-0.106948 0.00285144 0)
(-0.107058 -0.00201911 0)
(-0.106442 -0.00688281 0)
(-0.105104 -0.0116791 0)
(-0.103054 -0.0163464 0)
(-0.100313 -0.0208218 0)
(-0.0969078 -0.0250423 0)
(-0.0928748 -0.0289445 0)
(-0.0882593 -0.0324656 0)
(-0.0831151 -0.0355441 0)
(-0.0775048 -0.0381212 0)
(-0.0714996 -0.0401416 0)
(-0.0651789 -0.041555 0)
(-0.0586299 -0.042318 0)
(-0.0519466 -0.0423954 0)
(-0.0452294 -0.0417626 0)
(-0.0385834 -0.0404073 0)
(-0.0321176 -0.0383317 0)
(-0.0259429 -0.0355548 0)
(-0.0201712 -0.0321144 0)
(-0.0149135 -0.0280693 0)
(-0.0102793 -0.0235014 0)
(-0.00637203 -0.0185172 0)
(-0.0032834 -0.0132485 0)
(-0.00113697 -0.00785224 0)
(-0.000159801 -0.00251829 0)
(-0.000184411 0.00329585 0)
(-0.00128649 0.00994519 0)
(-0.00367933 0.0164306 0)
(-0.00708695 0.0225796 0)
(-0.0113556 0.0282555 0)
(-0.0163735 0.0333484 0)
(-0.022021 0.0377741 0)
(-0.0281774 0.0414726 0)
(-0.0347246 0.0444053 0)
(-0.041548 0.0465527 0)
(-0.0485362 0.0479113 0)
(-0.0555827 0.0484913 0)
(-0.0625858 0.0483144 0)
(-0.0694494 0.0474112 0)
(-0.0760839 0.04582 0)
(-0.0824059 0.0435846 0)
(-0.0883387 0.0407537 0)
(-0.0938127 0.037379 0)
(-0.098765 0.0335152 0)
(-0.10314 0.0292191 0)
(-0.106889 0.0245489 0)
(-0.109971 0.0195645 0)
(-0.11235 0.0143272 0)
(-0.114001 0.00889957 0)
(-0.114901 0.00334552 0)
(-0.11504 -0.00226951 0)
(-0.114412 -0.00787858 0)
(-0.113019 -0.0134133 0)
(-0.110872 -0.0188038 0)
(-0.107989 -0.0239791 0)
(-0.104399 -0.0288673 0)
(-0.100137 -0.0333963 0)
(-0.0952492 -0.0374944 0)
(-0.0897897 -0.041091 0)
(-0.0838227 -0.0441184 0)
(-0.0774215 -0.0465123 0)
(-0.0706685 -0.0482142 0)
(-0.0636549 -0.0491727 0)
(-0.0564799 -0.0493456 0)
(-0.04925 -0.0487022 0)
(-0.042078 -0.0472252 0)
(-0.0350815 -0.0449133 0)
(-0.0283818 -0.0417834 0)
(-0.022102 -0.0378729 0)
(-0.0163658 -0.0332415 0)
(-0.0112965 -0.0279732 0)
(-0.00701162 -0.0221781 0)
(-0.00361692 -0.0159921 0)
(-0.0012535 -0.0095762 0)
(-0.000176301 -0.00312443 0)
(-0.000200938 0.00397914 0)
(-0.00140061 0.0118634 0)
(-0.00400273 0.019452 0)
(-0.00770298 0.0265729 0)
(-0.01233 0.0330903 0)
(-0.0177583 0.0388954 0)
(-0.0238551 0.0439061 0)
(-0.0304869 0.0480648 0)
(-0.0375245 0.0513362 0)
(-0.0448433 0.0537047 0)
(-0.0523236 0.0551717 0)
(-0.0598516 0.0557526 0)
(-0.0673196 0.0554751 0)
(-0.0746269 0.0543763 0)
(-0.0816799 0.0525011 0)
(-0.088392 0.0499003 0)
(-0.0946843 0.0466296 0)
(-0.100485 0.0427482 0)
(-0.105731 0.0383177 0)
(-0.110365 0.0334021 0)
(-0.114337 0.028067 0)
(-0.117605 0.0223792 0)
(-0.120134 0.0164073 0)
(-0.121897 0.0102209 0)
(-0.122872 0.00389137 0)
(-0.123045 -0.00250852 0)
(-0.122412 -0.00890418 0)
(-0.120972 -0.0152193 0)
(-0.118737 -0.0213759 0)
(-0.115724 -0.0272945 0)
(-0.111959 -0.0328944 0)
(-0.107478 -0.0380944 0)
(-0.102326 -0.0428132 0)
(-0.0965595 -0.0469708 0)
(-0.0902419 -0.0504896 0)
(-0.0834486 -0.053296 0)
(-0.0762648 -0.0553219 0)
(-0.0687854 -0.0565069 0)
(-0.0611148 -0.0568006 0)
(-0.0533657 -0.0561649 0)
(-0.0456587 -0.0545761 0)
(-0.0381208 -0.0520282 0)
(-0.030884 -0.0485344 0)
(-0.0240834 -0.0441305 0)
(-0.0178562 -0.0388759 0)
(-0.01234 -0.0328562 0)
(-0.00766749 -0.0261842 0)
(-0.00395873 -0.0189997 0)
(-0.00137284 -0.0114685 0)
(-0.000193185 -0.00379019 0)
(-0.000217735 0.00472082 0)
(-0.0015164 0.013944 0)
(-0.00433069 0.0227254 0)
(-0.00832754 0.0308929 0)
(-0.0133176 0.0383116 0)
(-0.0191617 0.0448747 0)
(-0.0257131 0.0505028 0)
(-0.0328253 0.055142 0)
(-0.0403576 0.0587618 0)
(-0.0481751 0.0613519 0)
(-0.0561497 0.0629197 0)
(-0.06416 0.0634875 0)
(-0.0720925 0.0630899 0)
(-0.0798417 0.0617716 0)
(-0.0873101 0.0595851 0)
(-0.0944086 0.0565892 0)
(-0.101056 0.0528472 0)
(-0.10718 0.0484259 0)
(-0.112715 0.0433947 0)
(-0.117604 0.0378249 0)
(-0.121797 0.0317894 0)
(-0.125251 0.0253623 0)
(-0.127931 0.0186193 0)
(-0.129808 0.011637 0)
(-0.130861 0.00449406 0)
(-0.131075 -0.00272946 0)
(-0.130444 -0.00995148 0)
(-0.128968 -0.0170879 0)
(-0.126655 -0.0240526 0)
(-0.123521 -0.0307575 0)
(-0.119593 -0.0371131 0)
(-0.114905 -0.0430285 0)
(-0.109502 -0.0484128 0)
(-0.103437 -0.0531758 0)
(-0.0967764 -0.0572294 0)
(-0.0895965 -0.0604895 0)
(-0.0819848 -0.0628775 0)
(-0.0740395 -0.064323 0)
(-0.06587 -0.0647657 0)
(-0.0575954 -0.0641585 0)
(-0.0493443 -0.0624703 0)
(-0.0412534 -0.0596883 0)
(-0.0334659 -0.0558211 0)
(-0.02613 -0.0509009 0)
(-0.0193968 -0.0449861 0)
(-0.0134194 -0.0381627 0)
(-0.00834634 -0.0305458 0)
(-0.00431274 -0.0222792 0)
(-0.00149657 -0.0135343 0)
(-0.000210733 -0.00451742 0)
(-0.000234981 0.00552202 0)
(-0.00163486 0.0161899 0)
(-0.00466568 0.0262551 0)
(-0.00896477 0.0355447 0)
(-0.0143243 0.0439252 0)
(-0.0205908 0.0512921 0)
(-0.027603 0.0575698 0)
(-0.0352013 0.0627094 0)
(-0.0432328 0.0666862 0)
(-0.0515522 0.069497 0)
(-0.0600224 0.0711566 0)
(-0.0685147 0.0716956 0)
(-0.0769096 0.071157 0)
(-0.0850971 0.069594 0)
(-0.0929762 0.0670682 0)
(-0.100455 0.0636466 0)
(-0.107452 0.0594013 0)
(-0.113892 0.0544072 0)
(-0.119711 0.0487417 0)
(-0.12485 0.0424839 0)
(-0.129259 0.0357139 0)
(-0.132897 0.0285132 0)
(-0.135727 0.0209643 0)
(-0.13772 0.013151 0)
(-0.138855 0.00515881 0)
(-0.139117 -0.00292515 0)
(-0.138497 -0.0110115 0)
(-0.136994 -0.0190085 0)
(-0.134615 -0.0268221 0)
(-0.131376 -0.0343556 0)
(-0.127299 -0.0415105 0)
(-0.122417 -0.0481863 0)
(-0.116775 -0.0542818 0)
(-0.110425 -0.0596961 0)
(-0.103432 -0.06433 0)
(-0.0958738 -0.0680877 0)
(-0.0878394 -0.0708791 0)
(-0.0794302 -0.0726219 0)
(-0.0707602 -0.0732451 0)
(-0.0619548 -0.0726908 0)
(-0.053151 -0.0709184 0)
(-0.0444954 -0.0679068 0)
(-0.036143 -0.0636581 0)
(-0.0282555 -0.0581999 0)
(-0.0209993 -0.0515878 0)
(-0.0145439 -0.0439076 0)
(-0.00905457 -0.0352761 0)
(-0.00468266 -0.0258413 0)
(-0.00162614 -0.0157806 0)
(-0.0002292 -0.00530875 0)
(-0.000252826 0.00638439 0)
(-0.00175686 0.018605 0)
(-0.00500987 0.0300467 0)
(-0.00961839 0.0405353 0)
(-0.0153552 0.0499384 0)
(-0.0220518 0.0581548 0)
(-0.0295321 0.0651135 0)
(-0.0376223 0.0707719 0)
(-0.0461571 0.0751129 0)
(-0.0549806 0.0781417 0)
(-0.0639463 0.0798823 0)
(-0.0729184 0.0803749 0)
(-0.0817713 0.0796724 0)
(-0.0903908 0.0778383 0)
(-0.0986728 0.0749436 0)
(-0.106524 0.0710652 0)
(-0.11386 0.0662843 0)
(-0.120607 0.0606847 0)
(-0.1267 0.0543521 0)
(-0.132081 0.0473735 0)
(-0.136701 0.0398366 0)
(-0.140518 0.0318298 0)
(-0.143496 0.0234427 0)
(-0.145607 0.0147656 0)
(-0.146828 0.00589078 0)
(-0.147143 -0.00308797 0)
(-0.146543 -0.0120743 0)
(-0.145025 -0.0209692 0)
(-0.142595 -0.0296707 0)
(-0.139265 -0.038074 0)
(-0.135056 -0.0460713 0)
(-0.129999 -0.0535524 0)
(-0.124134 -0.0604056 0)
(-0.117515 -0.0665187 0)
(-0.110205 -0.0717803 0)
(-0.102281 -0.0760822 0)
(-0.0938324 -0.0793213 0)
(-0.0849646 -0.0814024 0)
(-0.0757952 -0.0822413 0)
(-0.0664562 -0.081768 0)
(-0.0570923 -0.0799302 0)
(-0.0478606 -0.0766968 0)
(-0.0389287 -0.0720613 0)
(-0.0304726 -0.0660448 0)
(-0.0226747 -0.0586992 0)
(-0.0157221 -0.0501085 0)
(-0.00979824 -0.040391 0)
(-0.00507199 -0.0296989 0)
(-0.00176293 -0.0182162 0)
(-0.000248825 -0.00616756 0)
(-0.000271408 0.00730996 0)
(-0.00188318 0.0211945 0)
(-0.00536527 0.0341073 0)
(-0.0102918 0.0458727 0)
(-0.016415 0.0563596 0)
(-0.0235504 0.0654705 0)
(-0.0315063 0.0731404 0)
(-0.0400941 0.0793345 0)
(-0.0491356 0.0840447 0)
(-0.0584637 0.0872863 0)
(-0.0679227 0.0890945 0)
(-0.0773693 0.0895207 0)
(-0.0866726 0.0886295 0)
(-0.095714 0.0864956 0)
(-0.104387 0.0832012 0)
(-0.112597 0.0788339 0)
(-0.120259 0.0734849 0)
(-0.127299 0.0672474 0)
(-0.133654 0.0602158 0)
(-0.139266 0.0524852 0)
(-0.144087 0.0441508 0)
(-0.148076 0.0353081 0)
(-0.151198 0.026053 0)
(-0.153425 0.0164825 0)
(-0.154734 0.00669481 0)
(-0.155109 -0.00320991 0)
(-0.154539 -0.0131288 0)
(-0.15302 -0.0229561 0)
(-0.150554 -0.0325825 0)
(-0.147152 -0.0418948 0)
(-0.142832 -0.0507765 0)
(-0.13762 -0.0591075 0)
(-0.131556 -0.0667653 0)
(-0.124689 -0.0736257 0)
(-0.117081 -0.0795647 0)
(-0.108808 -0.0844604 0)
(-0.0999597 -0.0881952 0)
(-0.090643 -0.0906593 0)
(-0.0809795 -0.0917538 0)
(-0.0711068 -0.0913941 0)
(-0.061178 -0.0895143 0)
(-0.0513606 -0.0860708 0)
(-0.041835 -0.0810465 0)
(-0.0327925 -0.0744543 0)
(-0.0244329 -0.06634 0)
(-0.016962 -0.0567852 0)
(-0.0105831 -0.0459089 0)
(-0.00548407 -0.0338672 0)
(-0.00190825 -0.0208515 0)
(-0.000269832 -0.00709793 0)
(-0.000290851 0.00830119 0)
(-0.00201456 0.0239644 0)
(-0.00573369 0.0384454 0)
(-0.0109879 0.0515664 0)
(-0.0175076 0.0631981 0)
(-0.0250913 0.0732477 0)
(-0.0335304 0.0816573 0)
(-0.0426208 0.0884013 0)
(-0.0521708 0.0934827 0)
(-0.0620018 0.0969289 0)
(-0.0719488 0.098788 0)
(-0.0818611 0.0991248 0)
(-0.0916025 0.0980172 0)
(-0.101051 0.0955528 0)
(-0.110098 0.0918263 0)
(-0.118648 0.086937 0)
(-0.126617 0.0809871 0)
(-0.133932 0.0740797 0)
(-0.14053 0.0663184 0)
(-0.146356 0.0578065 0)
(-0.151364 0.0486466 0)
(-0.155515 0.038941 0)
(-0.158774 0.0287919 0)
(-0.161115 0.018302 0)
(-0.162514 0.00757516 0)
(-0.162955 -0.00328274 0)
(-0.162426 -0.0141631 0)
(-0.16092 -0.0249537 0)
(-0.158437 -0.0355385 0)
(-0.154985 -0.0457967 0)
(-0.150578 -0.055603 0)
(-0.145239 -0.0648275 0)
(-0.139003 -0.0733367 0)
(-0.131915 -0.0809941 0)
(-0.124035 -0.087662 0)
(-0.115436 -0.0932038 0)
(-0.106208 -0.0974862 0)
(-0.0964581 -0.100383 0)
(-0.0863109 -0.101778 0)
(-0.0759092 -0.10157 0)
(-0.065414 -0.0996768 0)
(-0.0550035 -0.0960402 0)
(-0.0448714 -0.0906297 0)
(-0.0352252 -0.0834474 0)
(-0.026283 -0.0745315 0)
(-0.0182712 -0.0639596 0)
(-0.0114144 -0.0518503 0)
(-0.00592209 -0.0383635 0)
(-0.00206337 -0.0236987 0)
(-0.000292443 -0.00810461 0)
(-0.000311279 0.0093609 0)
(-0.0021517 0.0269215 0)
(-0.0061169 0.0430702 0)
(-0.0117098 0.0576268 0)
(-0.018637 0.0704642 0)
(-0.0266787 0.081495 0)
(-0.0356082 0.0906701 0)
(-0.0452051 0.097975 0)
(-0.0552633 0.103426 0)
(-0.0655925 0.107064 0)
(-0.076018 0.108954 0)
(-0.0863823 0.109175 0)
(-0.0965442 0.107819 0)
(-0.106379 0.104991 0)
(-0.115776 0.100798 0)
(-0.124641 0.0953526 0)
(-0.132891 0.0887687 0)
(-0.140455 0.0811602 0)
(-0.147272 0.0726401 0)
(-0.153291 0.0633199 0)
(-0.158468 0.0533097 0)
(-0.162765 0.0427181 0)
(-0.166151 0.031653 0)
(-0.1686 0.0202225 0)
(-0.170089 0.00853515 0)
(-0.170601 -0.00329818 0)
(-0.170124 -0.0151639 0)
(-0.168647 -0.0269443 0)
(-0.166169 -0.038517 0)
(-0.162693 -0.0497544 0)
(-0.158228 -0.0605227 0)
(-0.152794 -0.0706825 0)
(-0.146419 -0.0800893 0)
(-0.139145 -0.0885937 0)
(-0.131027 -0.0960439 0)
(-0.122134 -0.102287 0)
(-0.112554 -0.107173 0)
(-0.102394 -0.110557 0)
(-0.09178 -0.112303 0)
(-0.0808599 -0.112291 0)
(-0.0698018 -0.11042 0)
(-0.0587944 -0.106614 0)
(-0.0480453 -0.100825 0)
(-0.0377788 -0.0930433 0)
(-0.028233 -0.0832961 0)
(-0.0196564 -0.0716552 0)
(-0.0122975 -0.0582378 0)
(-0.00638914 -0.0432073 0)
(-0.00222953 -0.0267714 0)
(-0.000316875 -0.00919298 0)
(-0.000332815 0.0104923 0)
(-0.00229532 0.0300736 0)
(-0.00651666 0.0479922 0)
(-0.0124601 0.0640653 0)
(-0.0198067 0.0781684 0)
(-0.0283162 0.0902208 0)
(-0.0377428 0.100184 0)
(-0.0478482 0.108057 0)
(-0.0584115 0.11387 0)
(-0.06923 0.117684 0)
(-0.0801197 0.119578 0)
(-0.0909163 0.119651 0)
(-0.101474 0.118014 0)
(-0.111666 0.114785 0)
(-0.121383 0.110089 0)
(-0.13053 0.104052 0)
(-0.139027 0.0968007 0)
(-0.146806 0.0884607 0)
(-0.153811 0.0791546 0)
(-0.159994 0.0690022 0)
(-0.165314 0.0581206 0)
(-0.169738 0.0466244 0)
(-0.173236 0.0346268 0)
(-0.175784 0.0222399 0)
(-0.177361 0.00957676 0)
(-0.177949 -0.00324813 0)
(-0.177534 -0.016117 0)
(-0.176105 -0.0289077 0)
(-0.173656 -0.0414927 0)
(-0.170185 -0.0537378 0)
(-0.165698 -0.0655019 0)
(-0.160207 -0.0766362 0)
(-0.153736 -0.0869852 0)
(-0.146318 -0.0963867 0)
(-0.138004 -0.104674 0)
(-0.128857 -0.111677 0)
(-0.118962 -0.117226 0)
(-0.108424 -0.121157 0)
(-0.0973694 -0.123312 0)
(-0.0859489 -0.123548 0)
(-0.0743376 -0.121743 0)
(-0.0627346 -0.117797 0)
(-0.0513614 -0.111646 0)
(-0.0404602 -0.10326 0)
(-0.0302901 -0.0926563 0)
(-0.0211243 -0.0798967 0)
(-0.0132373 -0.0650958 0)
(-0.0068883 -0.0484197 0)
(-0.00240799 -0.0300848 0)
(-0.000343355 -0.0103691 0)
(-0.000355597 0.0116988 0)
(-0.00244619 0.0334295 0)
(-0.00693486 0.0532231 0)
(-0.013242 0.0708943 0)
(-0.0210203 0.0863217 0)
(-0.0300076 0.0994332 0)
(-0.0399365 0.110202 0)
(-0.0505502 0.118644 0)
(-0.0616117 0.124808 0)
(-0.0729057 0.128773 0)
(-0.084239 0.13064 0)
(-0.0954406 0.130529 0)
(-0.106362 0.128569 0)
(-0.116874 0.1249 0)
(-0.126869 0.119661 0)
(-0.136255 0.112996 0)
(-0.144956 0.105045 0)
(-0.152909 0.0959447 0)
(-0.160061 0.0858279 0)
(-0.166371 0.0748228 0)
(-0.171802 0.0630534 0)
(-0.176326 0.0506398 0)
(-0.179916 0.0376991 0)
(-0.18255 0.0243473 0)
(-0.18421 0.0107002 0)
(-0.184877 -0.00312495 0)
(-0.184536 -0.0170075 0)
(-0.183174 -0.0308219 0)
(-0.180781 -0.0444366 0)
(-0.177351 -0.0577122 0)
(-0.172882 -0.0705006 0)
(-0.167381 -0.0826447 0)
(-0.160862 -0.0939781 0)
(-0.153353 -0.104326 0)
(-0.144896 -0.113505 0)
(-0.135547 -0.121328 0)
(-0.125386 -0.127606 0)
(-0.114512 -0.13215 0)
(-0.103052 -0.134779 0)
(-0.0911589 -0.135324 0)
(-0.0790123 -0.133635 0)
(-0.0668213 -0.129591 0)
(-0.0548217 -0.1231 0)
(-0.0432741 -0.114115 0)
(-0.0324607 -0.102634 0)
(-0.022681 -0.0887098 0)
(-0.0142388 -0.0724504 0)
(-0.00742267 -0.054024 0)
(-0.00260004 -0.0336555 0)
(-0.000372122 -0.0116397 0)
(-0.000379786 0.0129846 0)
(-0.00260522 0.0369985 0)
(-0.00737368 0.0587755 0)
(-0.0140588 0.0781268 0)
(-0.0222819 0.0949355 0)
(-0.0317564 0.109139 0)
(-0.0421916 0.120727 0)
(-0.0533101 0.129732 0)
(-0.0648583 0.136226 0)
(-0.0766078 0.140311 0)
(-0.0883562 0.142113 0)
(-0.099927 0.141774 0)
(-0.111169 0.139447 0)
(-0.121954 0.135292 0)
(-0.132176 0.129469 0)
(-0.141747 0.122138 0)
(-0.150598 0.113454 0)
(-0.15867 0.103566 0)
(-0.16592 0.0926168 0)
(-0.172311 0.0807433 0)
(-0.177813 0.0680753 0)
(-0.182402 0.0547377 0)
(-0.186058 0.0408512 0)
(-0.188762 0.0265339 0)
(-0.190495 0.0119033 0)
(-0.191243 -0.00292187 0)
(-0.190987 -0.0178195 0)
(-0.189713 -0.0326624 0)
(-0.187406 -0.0473161 0)
(-0.184055 -0.0616371 0)
(-0.179652 -0.075472 0)
(-0.174194 -0.0886559 0)
(-0.167688 -0.101012 0)
(-0.160151 -0.112353 0)
(-0.151614 -0.12248 0)
(-0.142128 -0.131187 0)
(-0.131761 -0.138261 0)
(-0.120608 -0.14349 0)
(-0.108791 -0.146666 0)
(-0.0964638 -0.147589 0)
(-0.0838098 -0.146081 0)
(-0.071047 -0.141988 0)
(-0.0584251 -0.135194 0)
(-0.0462239 -0.125622 0)
(-0.0347502 -0.113252 0)
(-0.0243325 -0.0981207 0)
(-0.0153068 -0.0803289 0)
(-0.0079955 -0.0600449 0)
(-0.00280707 -0.0375018 0)
(-0.000403435 -0.0130121 0)
(-0.000405577 0.0143541 0)
(-0.0027735 0.0407917 0)
(-0.00783571 0.0646633 0)
(-0.0149144 0.0857771 0)
(-0.0235963 0.104021 0)
(-0.0335668 0.119345 0)
(-0.04451 0.131756 0)
(-0.0561261 0.141311 0)
(-0.0681437 0.148106 0)
(-0.0803212 0.152271 0)
(-0.0924473 0.153959 0)
(-0.104341 0.153341 0)
(-0.115849 0.150596 0)
(-0.126846 0.145906 0)
(-0.137231 0.139454 0)
(-0.146921 0.131418 0)
(-0.155854 0.121968 0)
(-0.163982 0.111267 0)
(-0.171267 0.0994681 0)
(-0.177682 0.0867154 0)
(-0.183205 0.0731448 0)
(-0.187818 0.0588848 0)
(-0.191507 0.0440583 0)
(-0.194256 0.0287845 0)
(-0.196052 0.0131811 0)
(-0.196878 -0.00263337 0)
(-0.196718 -0.0185371 0)
(-0.195554 -0.0344026 0)
(-0.193367 -0.0500943 0)
(-0.190139 -0.0654667 0)
(-0.185855 -0.0803618 0)
(-0.180503 -0.0946085 0)
(-0.174079 -0.108021 0)
(-0.166589 -0.120399 0)
(-0.158051 -0.131528 0)
(-0.148505 -0.141182 0)
(-0.138008 -0.149126 0)
(-0.126647 -0.155119 0)
(-0.114537 -0.158923 0)
(-0.101828 -0.160305 0)
(-0.0887071 -0.159053 0)
(-0.0753991 -0.154976 0)
(-0.0621671 -0.147924 0)
(-0.0493109 -0.137791 0)
(-0.0371631 -0.124529 0)
(-0.0260843 -0.108155 0)
(-0.0164467 -0.0887602 0)
(-0.00861027 -0.0665092 0)
(-0.00303061 -0.0416436 0)
(-0.00043759 -0.0144945 0)
(-0.00043322 0.0158125 0)
(-0.00295241 0.0448212 0)
(-0.00832423 0.0709023 0)
(-0.015814 0.0938603 0)
(-0.0249691 0.11359 0)
(-0.0354441 0.130056 0)
(-0.0468943 0.143287 0)
(-0.058996 0.153366 0)
(-0.0714587 0.160421 0)
(-0.0840274 0.164615 0)
(-0.0964827 0.166132 0)
(-0.10864 0.165175 0)
(-0.120347 0.161952 0)
(-0.131481 0.156673 0)
(-0.141949 0.149544 0)
(-0.151677 0.140762 0)
(-0.160612 0.130515 0)
(-0.168716 0.118979 0)
(-0.175963 0.106317 0)
(-0.182333 0.0926807 0)
(-0.187816 0.0782112 0)
(-0.192402 0.0630394 0)
(-0.196083 0.047289 0)
(-0.198849 0.0310788 0)
(-0.20069 0.0145251 0)
(-0.201591 -0.00225568 0)
(-0.201536 -0.0191439 0)
(-0.200504 -0.0360138 0)
(-0.198472 -0.0527309 0)
(-0.195416 -0.069149 0)
(-0.191312 -0.0851079 0)
(-0.186138 -0.100432 0)
(-0.179876 -0.114926 0)
(-0.172521 -0.12838 0)
(-0.164075 -0.140563 0)
(-0.154563 -0.15123 0)
(-0.14403 -0.160119 0)
(-0.132549 -0.166962 0)
(-0.120226 -0.171485 0)
(-0.107205 -0.173419 0)
(-0.0936725 -0.172511 0)
(-0.0798588 -0.168529 0)
(-0.0660395 -0.161283 0)
(-0.0525343 -0.150627 0)
(-0.0397035 -0.136482 0)
(-0.0279425 -0.11884 0)
(-0.0176639 -0.0977737 0)
(-0.00927088 -0.0734454 0)
(-0.00327238 -0.0461025 0)
(-0.000474926 -0.016096 0)
(-0.000463038 0.0173656 0)
(-0.00314372 0.0491009 0)
(-0.0088434 0.0775101 0)
(-0.0167638 0.102393 0)
(-0.0264078 0.123653 0)
(-0.0373946 0.141273 0)
(-0.0493478 0.155309 0)
(-0.0619169 0.165875 0)
(-0.0747918 0.173137 0)
(-0.087704 0.177295 0)
(-0.100427 0.178571 0)
(-0.112774 0.177205 0)
(-0.124595 0.173437 0)
(-0.135777 0.167508 0)
(-0.146232 0.15965 0)
(-0.1559 0.150081 0)
(-0.164739 0.139007 0)
(-0.172725 0.126617 0)
(-0.179844 0.113085 0)
(-0.18609 0.0985689 0)
(-0.191461 0.0832134 0)
(-0.195958 0.0671509 0)
(-0.199581 0.0505047 0)
(-0.202328 0.033391 0)
(-0.204191 0.0159229 0)
(-0.20516 -0.00178732 0)
(-0.205217 -0.0196242 0)
(-0.204341 -0.0374661 0)
(-0.202503 -0.0551817 0)
(-0.199672 -0.0726265 0)
(-0.195816 -0.0896402 0)
(-0.1909 -0.106044 0)
(-0.184893 -0.121638 0)
(-0.177774 -0.1362 0)
(-0.169529 -0.149485 0)
(-0.160164 -0.161227 0)
(-0.149706 -0.171141 0)
(-0.138214 -0.178924 0)
(-0.125778 -0.184267 0)
(-0.112534 -0.186859 0)
(-0.0986641 -0.1864 0)
(-0.0844003 -0.18261 0)
(-0.0700296 -0.175249 0)
(-0.0558911 -0.164128 0)
(-0.0423745 -0.149125 0)
(-0.0299131 -0.130198 0)
(-0.0189647 -0.1074 0)
(-0.00998177 -0.0808841 0)
(-0.00353441 -0.0509022 0)
(-0.000515849 -0.0178266 0)
(-0.000495455 0.0190205 0)
(-0.00334973 0.0536474 0)
(-0.00939865 0.0845069 0)
(-0.0177721 0.111394 0)
(-0.0279218 0.134223 0)
(-0.0394267 0.152999 0)
(-0.0518745 0.167809 0)
(-0.0648858 0.17881 0)
(-0.0781295 0.186208 0)
(-0.0913241 0.19025 0)
(-0.104237 0.191201 0)
(-0.116682 0.189343 0)
(-0.128516 0.184955 0)
(-0.139634 0.178309 0)
(-0.149962 0.169666 0)
(-0.159453 0.159269 0)
(-0.168082 0.14734 0)
(-0.17584 0.134083 0)
(-0.182727 0.11968 0)
(-0.188752 0.104297 0)
(-0.193927 0.088079 0)
(-0.198263 0.0711593 0)
(-0.20177 0.0536584 0)
(-0.204454 0.0356885 0)
(-0.206312 0.0173571 0)
(-0.207336 -0.00122966 0)
(-0.207512 -0.0199632 0)
(-0.206813 -0.0387281 0)
(-0.20521 -0.057399 0)
(-0.202662 -0.0758357 0)
(-0.199128 -0.0938804 0)
(-0.19456 -0.111354 0)
(-0.188913 -0.128052 0)
(-0.182145 -0.143744 0)
(-0.174227 -0.158173 0)
(-0.16514 -0.171052 0)
(-0.154892 -0.182069 0)
(-0.14352 -0.19089 0)
(-0.131096 -0.197164 0)
(-0.117741 -0.200534 0)
(-0.103629 -0.200645 0)
(-0.0889897 -0.197165 0)
(-0.0741194 -0.189793 0)
(-0.0593759 -0.178284 0)
(-0.0451786 -0.162465 0)
(-0.0320026 -0.142253 0)
(-0.0203562 -0.117671 0)
(-0.0107482 -0.088858 0)
(-0.00381914 -0.0560687 0)
(-0.000560854 -0.0196973 0)
(-0.000531036 0.0207855 0)
(-0.00357348 0.0584798 0)
(-0.00999707 0.0919162 0)
(-0.0188495 0.120884 0)
(-0.0295235 0.145311 0)
(-0.0415514 0.16523 0)
(-0.0544802 0.180768 0)
(-0.0678991 0.19213 0)
(-0.0814551 0.199576 0)
(-0.0948547 0.203402 0)
(-0.107862 0.203929 0)
(-0.120293 0.201484 0)
(-0.132016 0.196389 0)
(-0.142938 0.188953 0)
(-0.153002 0.179468 0)
(-0.16218 0.168201 0)
(-0.170465 0.155393 0)
(-0.177865 0.141261 0)
(-0.184401 0.125996 0)
(-0.190096 0.109768 0)
(-0.194977 0.0927239 0)
(-0.199068 0.074994 0)
(-0.202392 0.0566947 0)
(-0.20496 0.037932 0)
(-0.206778 0.0188055 0)
(-0.207843 -0.000587496 0)
(-0.208138 -0.0201474 0)
(-0.20764 -0.0397681 0)
(-0.206312 -0.0593326 0)
(-0.204109 -0.0787083 0)
(-0.200976 -0.0977425 0)
(-0.196856 -0.116259 0)
(-0.191684 -0.134052 0)
(-0.1854 -0.150885 0)
(-0.177951 -0.16649 0)
(-0.169296 -0.180561 0)
(-0.159415 -0.192761 0)
(-0.148319 -0.20272 0)
(-0.136058 -0.210045 0)
(-0.122732 -0.214327 0)
(-0.108498 -0.215152 0)
(-0.0935827 -0.21212 0)
(-0.078285 -0.204864 0)
(-0.06298 -0.193071 0)
(-0.0481179 -0.176503 0)
(-0.0342185 -0.155024 0)
(-0.0218468 -0.128618 0)
(-0.0115766 -0.0974023 0)
(-0.00412955 -0.0616309 0)
(-0.000610553 -0.0217209 0)
(-0.000570529 0.0226708 0)
(-0.00381897 0.0636217 0)
(-0.0106479 0.0997659 0)
(-0.02001 0.130887 0)
(-0.0312288 0.156928 0)
(-0.0437822 0.177959 0)
(-0.0571718 0.194158 0)
(-0.0709521 0.205785 0)
(-0.0847481 0.213164 0)
(-0.0982557 0.216656 0)
(-0.111238 0.21664 0)
(-0.123521 0.213497 0)
(-0.134983 0.207599 0)
(-0.145553 0.199294 0)
(-0.155193 0.188907 0)
(-0.163898 0.17673 0)
(-0.171683 0.163024 0)
(-0.17858 0.148018 0)
(-0.184626 0.13191 0)
(-0.189866 0.114872 0)
(-0.194343 0.0970513 0)
(-0.198096 0.0785738 0)
(-0.201157 0.0595491 0)
(-0.20355 0.0400746 0)
(-0.205288 0.0202397 0)
(-0.206371 0.00013036 0)
(-0.206786 -0.0201657 0)
(-0.206508 -0.0405543 0)
(-0.205498 -0.0609302 0)
(-0.203702 -0.0811712 0)
(-0.201057 -0.101133 0)
(-0.19749 -0.120646 0)
(-0.192921 -0.139507 0)
(-0.187267 -0.157476 0)
(-0.18045 -0.174277 0)
(-0.1724 -0.189588 0)
(-0.163069 -0.203045 0)
(-0.152435 -0.214246 0)
(-0.140518 -0.222751 0)
(-0.12739 -0.228094 0)
(-0.113187 -0.229795 0)
(-0.0981226 -0.227379 0)
(-0.0824942 -0.220397 0)
(-0.0666909 -0.208453 0)
(-0.0511933 -0.191231 0)
(-0.0365692 -0.168528 0)
(-0.0234469 -0.140274 0)
(-0.0124748 -0.106555 0)
(-0.0044694 -0.0676211 0)
(-0.000665725 -0.0239117 0)
(-0.000614939 0.0246889 0)
(-0.00409149 0.0691014 0)
(-0.0113633 0.108089 0)
(-0.0212715 0.141429 0)
(-0.0330576 0.169086 0)
(-0.0461364 0.191177 0)
(-0.0599575 0.207939 0)
(-0.0740382 0.219707 0)
(-0.0879817 0.226879 0)
(-0.101476 0.229891 0)
(-0.114289 0.229193 0)
(-0.126258 0.225228 0)
(-0.137283 0.21842 0)
(-0.147316 0.209162 0)
(-0.156347 0.197812 0)
(-0.164396 0.18469 0)
(-0.171505 0.170073 0)
(-0.17773 0.154202 0)
(-0.183133 0.137282 0)
(-0.187779 0.119484 0)
(-0.191728 0.100953 0)
(-0.195036 0.0818073 0)
(-0.197748 0.0621485 0)
(-0.199898 0.0420624 0)
(-0.201508 0.0216257 0)
(-0.202583 0.000910642 0)
(-0.203113 -0.0200098 0)
(-0.203073 -0.0410565 0)
(-0.202421 -0.0621387 0)
(-0.201098 -0.0831482 0)
(-0.19903 -0.103954 0)
(-0.196131 -0.124394 0)
(-0.192301 -0.144274 0)
(-0.187436 -0.163356 0)
(-0.181431 -0.181356 0)
(-0.174184 -0.197941 0)
(-0.165612 -0.212725 0)
(-0.155656 -0.22527 0)
(-0.144298 -0.23509 0)
(-0.131574 -0.241658 0)
(-0.11759 -0.24442 0)
(-0.102537 -0.242814 0)
(-0.0867048 -0.236297 0)
(-0.0704911 -0.224374 0)
(-0.0544049 -0.206631 0)
(-0.0390645 -0.182776 0)
(-0.025169 -0.152671 0)
(-0.0134528 -0.116359 0)
(-0.00484348 -0.0740759 0)
(-0.000727374 -0.0262862 0)
(-0.000665613 0.0268556 0)
(-0.00439803 0.0749545 0)
(-0.0121591 0.116928 0)
(-0.0226571 0.152543 0)
(-0.0350356 0.181797 0)
(-0.0486349 0.204864 0)
(-0.062846 0.22206 0)
(-0.0771468 0.233809 0)
(-0.0911201 0.240602 0)
(-0.104451 0.242962 0)
(-0.116916 0.24142 0)
(-0.128374 0.236491 0)
(-0.138754 0.228656 0)
(-0.148035 0.218356 0)
(-0.156241 0.205985 0)
(-0.163425 0.191887 0)
(-0.169659 0.176357 0)
(-0.175027 0.159645 0)
(-0.179617 0.141958 0)
(-0.183515 0.123466 0)
(-0.186802 0.104308 0)
(-0.18955 0.0845931 0)
(-0.191817 0.064411 0)
(-0.19365 0.043834 0)
(-0.195078 0.0229235 0)
(-0.196112 0.00173526 0)
(-0.196748 -0.0196751 0)
(-0.196961 -0.0412462 0)
(-0.196706 -0.0629053 0)
(-0.19592 -0.0845617 0)
(-0.19452 -0.1061 0)
(-0.192405 -0.127375 0)
(-0.18946 -0.1482 0)
(-0.185556 -0.168346 0)
(-0.180559 -0.187528 0)
(-0.174334 -0.205405 0)
(-0.166758 -0.221572 0)
(-0.157728 -0.23556 0)
(-0.147181 -0.246833 0)
(-0.135107 -0.254802 0)
(-0.121572 -0.258832 0)
(-0.106733 -0.258265 0)
(-0.0908617 -0.252444 0)
(-0.0743564 -0.240755 0)
(-0.0577512 -0.222665 0)
(-0.0417162 -0.19777 0)
(-0.0270289 -0.165841 0)
(-0.0145235 -0.126859 0)
(-0.00525801 -0.0810373 0)
(-0.000796818 -0.028864 0)
(-0.000724372 0.0291908 0)
(-0.00474788 0.081225 0)
(-0.013056 0.12633 0)
(-0.0241963 0.164265 0)
(-0.0371941 0.195069 0)
(-0.0513021 0.218992 0)
(-0.0658452 0.236452 0)
(-0.0802603 0.247981 0)
(-0.0941135 0.254182 0)
(-0.107093 0.255686 0)
(-0.118994 0.253115 0)
(-0.129707 0.247064 0)
(-0.139194 0.238078 0)
(-0.147475 0.226647 0)
(-0.154613 0.213201 0)
(-0.160698 0.198106 0)
(-0.165837 0.181674 0)
(-0.170144 0.164159 0)
(-0.173736 0.145769 0)
(-0.176721 0.126668 0)
(-0.179202 0.106986 0)
(-0.181266 0.0868214 0)
(-0.182986 0.0662479 0)
(-0.18442 0.045322 0)
(-0.185607 0.0240875 0)
(-0.186565 0.00258115 0)
(-0.187292 -0.0191611 0)
(-0.187767 -0.0410986 0)
(-0.187945 -0.0631796 0)
(-0.187757 -0.0853343 0)
(-0.187114 -0.107468 0)
(-0.185903 -0.129454 0)
(-0.183992 -0.151122 0)
(-0.18123 -0.172256 0)
(-0.177452 -0.192576 0)
(-0.172488 -0.211741 0)
(-0.166171 -0.22933 0)
(-0.15835 -0.244846 0)
(-0.148906 -0.25771 0)
(-0.137774 -0.267267 0)
(-0.124965 -0.272794 0)
(-0.110591 -0.273525 0)
(-0.0948913 -0.268675 0)
(-0.0782529 -0.257487 0)
(-0.0612277 -0.239278 0)
(-0.0445378 -0.213505 0)
(-0.0290465 -0.179815 0)
(-0.0157032 -0.138106 0)
(-0.00572115 -0.0885545 0)
(-0.000875809 -0.0316684 0)
(-0.000793697 0.0317201 0)
(-0.00515341 0.0879688 0)
(-0.014081 0.136357 0)
(-0.0259267 0.176638 0)
(-0.0395718 0.208908 0)
(-0.0541653 0.233521 0)
(-0.0689589 0.251019 0)
(-0.0833488 0.262077 0)
(-0.0968908 0.267433 0)
(-0.109286 0.267841 0)
(-0.120362 0.264032 0)
(-0.130049 0.256688 0)
(-0.138357 0.246421 0)
(-0.145354 0.233773 0)
(-0.15115 0.219206 0)
(-0.155876 0.203109 0)
(-0.159679 0.185801 0)
(-0.162707 0.167542 0)
(-0.165104 0.148533 0)
(-0.167004 0.128931 0)
(-0.168527 0.108851 0)
(-0.169779 0.0883766 0)
(-0.170847 0.0675651 0)
(-0.171798 0.046454 0)
(-0.17268 0.0250672 0)
(-0.17352 0.00342046 0)
(-0.17432 -0.0184724 0)
(-0.175062 -0.0405937 0)
(-0.175701 -0.0629154 0)
(-0.176168 -0.085392 0)
(-0.176368 -0.107953 0)
(-0.176178 -0.130496 0)
(-0.175451 -0.152873 0)
(-0.174015 -0.174885 0)
(-0.171677 -0.196268 0)
(-0.16823 -0.216684 0)
(-0.16346 -0.235709 0)
(-0.157162 -0.252823 0)
(-0.149156 -0.267407 0)
(-0.139307 -0.278742 0)
(-0.127558 -0.286015 0)
(-0.113958 -0.288339 0)
(-0.0986959 -0.284783 0)
(-0.0821324 -0.274421 0)
(-0.0648255 -0.256388 0)
(-0.047545 -0.229959 0)
(-0.0312469 -0.194624 0)
(-0.0170135 -0.15016 0)
(-0.0062438 -0.0966858 0)
(-0.000966721 -0.0347276 0)
(-0.000877009 0.0344767 0)
(-0.00563125 0.0952567 0)
(-0.0152694 0.147084 0)
(-0.0278959 0.18971 0)
(-0.0422146 0.223314 0)
(-0.0572525 0.248386 0)
(-0.0721819 0.265636 0)
(-0.0863618 0.275912 0)
(-0.0993486 0.280118 0)
(-0.110872 0.279155 0)
(-0.120806 0.273876 0)
(-0.129137 0.265056 0)
(-0.135935 0.25338 0)
(-0.141326 0.239437 0)
(-0.145475 0.22372 0)
(-0.148562 0.206634 0)
(-0.150773 0.188503 0)
(-0.152292 0.169582 0)
(-0.153291 0.150063 0)
(-0.153928 0.13009 0)
(-0.154342 0.109761 0)
(-0.154654 0.0891401 0)
(-0.154962 0.0682661 0)
(-0.155346 0.0471551 0)
(-0.155859 0.025809 0)
(-0.156536 0.00422104 0)
(-0.157386 -0.0176187 0)
(-0.158394 -0.0397174 0)
(-0.159517 -0.0620729 0)
(-0.160687 -0.0846671 0)
(-0.161806 -0.107458 0)
(-0.162745 -0.13037 0)
(-0.163347 -0.153284 0)
(-0.16342 -0.176028 0)
(-0.162746 -0.19836 0)
(-0.161082 -0.219955 0)
(-0.158168 -0.240394 0)
(-0.153739 -0.259147 0)
(-0.147545 -0.275563 0)
(-0.139373 -0.288862 0)
(-0.12908 -0.298142 0)
(-0.116631 -0.302386 0)
(-0.102143 -0.300501 0)
(-0.0859262 -0.291359 0)
(-0.0685274 -0.273875 0)
(-0.050755 -0.247093 0)
(-0.0336618 -0.210292 0)
(-0.018483 -0.163085 0)
(-0.00684064 -0.105501 0)
(-0.00107283 -0.0380767 0)
(-0.000979094 0.0375038 0)
(-0.00620392 0.103179 0)
(-0.0166677 0.158603 0)
(-0.0301636 0.203534 0)
(-0.0451756 0.238273 0)
(-0.0605885 0.263495 0)
(-0.0754911 0.280129 0)
(-0.0892152 0.289242 0)
(-0.101335 0.29194 0)
(-0.111629 0.289295 0)
(-0.12004 0.282293 0)
(-0.126628 0.271813 0)
(-0.131538 0.258607 0)
(-0.134967 0.24331 0)
(-0.137139 0.226438 0)
(-0.138287 0.208404 0)
(-0.13864 0.18953 0)
(-0.138417 0.170059 0)
(-0.137816 0.150168 0)
(-0.137017 0.129981 0)
(-0.136175 0.109576 0)
(-0.135424 0.0889958 0)
(-0.134872 0.0682561 0)
(-0.134605 0.0473505 0)
(-0.134687 0.0262578 0)
(-0.135157 0.0049475 0)
(-0.136029 -0.0166151 0)
(-0.137293 -0.0384631 0)
(-0.138913 -0.0606218 0)
(-0.140822 -0.0831024 0)
(-0.142924 -0.105894 0)
(-0.145088 -0.128954 0)
(-0.147149 -0.152197 0)
(-0.148904 -0.175484 0)
(-0.150114 -0.198604 0)
(-0.150502 -0.22126 0)
(-0.149763 -0.243048 0)
(-0.147574 -0.263442 0)
(-0.143608 -0.281769 0)
(-0.137561 -0.297203 0)
(-0.129188 -0.308754 0)
(-0.118346 -0.315274 0)
(-0.105051 -0.315488 0)
(-0.0895337 -0.308039 0)
(-0.0723017 -0.29157 0)
(-0.0541846 -0.264836 0)
(-0.0363309 -0.226837 0)
(-0.0201491 -0.176957 0)
(-0.00753179 -0.115087 0)
(-0.00119872 -0.04176 0)
(-0.00110679 0.0408589 0)
(-0.00690231 0.111853 0)
(-0.018337 0.171026 0)
(-0.0328035 0.218165 0)
(-0.0485127 0.253749 0)
(-0.0641862 0.278709 0)
(-0.0788315 0.294262 0)
(-0.0917715 0.301752 0)
(-0.102625 0.302528 0)
(-0.111251 0.297855 0)
(-0.117683 0.288869 0)
(-0.122081 0.276549 0)
(-0.124679 0.261715 0)
(-0.125755 0.245034 0)
(-0.1256 0.227036 0)
(-0.1245 0.208132 0)
(-0.12273 0.188631 0)
(-0.120537 0.168756 0)
(-0.118145 0.148662 0)
(-0.115749 0.128448 0)
(-0.113518 0.108166 0)
(-0.111594 0.0878359 0)
(-0.110092 0.0674472 0)
(-0.109103 0.0469704 0)
(-0.108696 0.0263604 0)
(-0.108914 0.00556276 0)
(-0.109778 -0.015482 0)
(-0.111284 -0.036833 0)
(-0.113401 -0.0585436 0)
(-0.11607 -0.0806555 0)
(-0.119199 -0.103191 0)
(-0.122662 -0.126143 0)
(-0.126293 -0.149466 0)
(-0.129882 -0.173061 0)
(-0.133177 -0.19676 0)
(-0.135876 -0.220302 0)
(-0.137634 -0.243318 0)
(-0.138069 -0.265298 0)
(-0.136778 -0.285572 0)
(-0.133355 -0.303278 0)
(-0.127438 -0.317352 0)
(-0.118749 -0.32652 0)
(-0.107168 -0.329311 0)
(-0.0928066 -0.32411 0)
(-0.0760925 -0.309235 0)
(-0.0578467 -0.283076 0)
(-0.039303 -0.244263 0)
(-0.0220622 -0.191861 0)
(-0.00834525 -0.125551 0)
(-0.00135105 -0.0458343 0)
(-0.00127014 0.044619 0)
(-0.00776953 0.121429 0)
(-0.020358 0.184488 0)
(-0.0359055 0.233653 0)
(-0.0522836 0.269666 0)
(-0.0680324 0.293821 0)
(-0.082092 0.307712 0)
(-0.0938089 0.31303 0)
(-0.102888 0.311413 0)
(-0.109304 0.304346 0)
(-0.113221 0.293116 0)
(-0.114919 0.278802 0)
(-0.114739 0.262276 0)
(-0.113048 0.244226 0)
(-0.110207 0.22518 0)
(-0.106557 0.205531 0)
(-0.102409 0.185564 0)
(-0.0980392 0.165472 0)
(-0.0936874 0.145379 0)
(-0.0895602 0.125354 0)
(-0.0858319 0.10542 0)
(-0.0826472 0.0855686 0)
(-0.080124 0.0657648 0)
(-0.0783553 0.0459543 0)
(-0.0774111 0.0260687 0)
(-0.0773391 0.00603022 0)
(-0.0781645 -0.0142443 0)
(-0.0798897 -0.0348392 0)
(-0.0824924 -0.0558349 0)
(-0.0859225 -0.0773033 0)
(-0.090099 -0.0993005 0)
(-0.0949047 -0.121858 0)
(-0.100181 -0.144974 0)
(-0.105724 -0.168597 0)
(-0.111274 -0.192607 0)
(-0.116516 -0.216798 0)
(-0.121075 -0.24085 0)
(-0.124519 -0.264292 0)
(-0.126368 -0.286477 0)
(-0.126114 -0.306536 0)
(-0.123259 -0.323354 0)
(-0.117367 -0.335538 0)
(-0.108142 -0.341426 0)
(-0.0955223 -0.339113 0)
(-0.0798017 -0.32654 0)
(-0.0617423 -0.301639 0)
(-0.0426364 -0.262552 0)
(-0.0242896 -0.207894 0)
(-0.00932065 -0.137027 0)
(-0.00153962 -0.0503748 0)
(-0.00148436 0.0488888 0)
(-0.00886685 0.132103 0)
(-0.0228376 0.19915 0)
(-0.0395757 0.250028 0)
(-0.0565334 0.285887 0)
(-0.0720618 0.308523 0)
(-0.0850675 0.320033 0)
(-0.0949752 0.322539 0)
(-0.101634 0.318013 0)
(-0.105187 0.308179 0)
(-0.105965 0.294474 0)
(-0.104394 0.278059 0)
(-0.100939 0.259837 0)
(-0.0960587 0.240496 0)
(-0.0901844 0.220541 0)
(-0.083704 0.200331 0)
(-0.0769586 0.18011 0)
(-0.0702414 0.160032 0)
(-0.0638013 0.140182 0)
(-0.0578463 0.120592 0)
(-0.0525487 0.101253 0)
(-0.0480499 0.0821279 0)
(-0.0444636 0.0631555 0)
(-0.0418799 0.0442578 0)
(-0.0403675 0.0253445 0)
(-0.0399749 0.00631659 0)
(-0.0407316 -0.0129307 0)
(-0.0426467 -0.0325043 0)
(-0.0457076 -0.0525098 0)
(-0.0498773 -0.0730476 0)
(-0.0550897 -0.0942068 0)
(-0.0612444 -0.116058 0)
(-0.0681996 -0.138644 0)
(-0.0757645 -0.161966 0)
(-0.08369 -0.185963 0)
(-0.0916604 -0.210496 0)
(-0.0992856 -0.235309 0)
(-0.106097 -0.259999 0)
(-0.111549 -0.283968 0)
(-0.115035 -0.306377 0)
(-0.115914 -0.326089 0)
(-0.113565 -0.341628 0)
(-0.107474 -0.351149 0)
(-0.0973448 -0.352446 0)
(-0.0832596 -0.343024 0)
(-0.065845 -0.320256 0)
(-0.0463971 -0.28164 0)
(-0.0269213 -0.22516 0)
(-0.0105153 -0.149689 0)
(-0.00177955 -0.0554827 0)
(-0.00177352 0.0538142 0)
(-0.0102834 0.14413 0)
(-0.0259173 0.215191 0)
(-0.0439313 0.267278 0)
(-0.0612692 0.302162 0)
(-0.0761107 0.322357 0)
(-0.0873973 0.330614 0)
(-0.0947179 0.329582 0)
(-0.0981456 0.321611 0)
(-0.098057 0.308664 0)
(-0.0949893 0.292312 0)
(-0.0895403 0.273767 0)
(-0.0823035 0.253933 0)
(-0.0738305 0.233466 0)
(-0.0646117 0.212821 0)
(-0.0550706 0.192302 0)
(-0.0455646 0.172099 0)
(-0.036391 0.152313 0)
(-0.0277937 0.132983 0)
(-0.0199715 0.114101 0)
(-0.013085 0.0956236 0)
(-0.0072635 0.0774837 0)
(-0.00261026 0.0595953 0)
(0.000793067 0.0418588 0)
(0.00288319 0.0241645 0)
(0.00361315 0.00639517 0)
(0.00295133 -0.0115717 0)
(0.000881825 -0.0298621 0)
(-0.00259409 -0.048603 0)
(-0.00745496 -0.0679198 0)
(-0.0136547 -0.0879317 0)
(-0.0211166 -0.108746 0)
(-0.0297251 -0.130452 0)
(-0.0393162 -0.153103 0)
(-0.0496656 -0.176707 0)
(-0.0604759 -0.201197 0)
(-0.0713627 -0.226406 0)
(-0.081843 -0.25202 0)
(-0.0913272 -0.277528 0)
(-0.0991214 -0.302159 0)
(-0.104446 -0.32481 0)
(-0.106483 -0.343964 0)
(-0.104454 -0.357633 0)
(-0.0977626 -0.363317 0)
(-0.0861758 -0.358046 0)
(-0.0700714 -0.338515 0)
(-0.05065 -0.301391 0)
(-0.0300774 -0.243765 0)
(-0.0120138 -0.163759 0)
(-0.00209497 -0.0612983 0)
(-0.00217736 0.0596026 0)
(-0.0121521 0.157842 0)
(-0.0297822 0.2328 0)
(-0.0490844 0.285296 0)
(-0.0664111 0.318072 0)
(-0.0798386 0.334647 0)
(-0.0884682 0.33862 0)
(-0.0921817 0.333266 0)
(-0.0913819 0.321333 0)
(-0.0867487 0.305005 0)
(-0.0790669 0.285943 0)
(-0.0691187 0.265362 0)
(-0.0576239 0.244119 0)
(-0.0452117 0.222799 0)
(-0.0324135 0.201777 0)
(-0.0196671 0.181282 0)
(-0.0073265 0.161429 0)
(0.00432574 0.142261 0)
(0.0150662 0.123762 0)
(0.0247191 0.105883 0)
(0.0331468 0.0885456 0)
(0.0402409 0.0716539 0)
(0.0459162 0.0550998 0)
(0.0501052 0.0387653 0)
(0.0527542 0.0225255 0)
(0.0538209 0.00624955 0)
(0.0532734 -0.0101982 0)
(0.0510896 -0.0269576 0)
(0.0472589 -0.0441717 0)
(0.0417848 -0.0619854 0)
(0.0346891 -0.0805434 0)
(0.0260183 -0.0999857 0)
(0.0158523 -0.120442 0)
(0.00431501 -0.142022 0)
(-0.00841122 -0.164799 0)
(-0.0220691 -0.188793 0)
(-0.0363067 -0.213934 0)
(-0.0506571 -0.240024 0)
(-0.0645184 -0.266677 0)
(-0.0771406 -0.293241 0)
(-0.0876267 -0.318709 0)
(-0.0949598 -0.341599 0)
(-0.0980751 -0.359846 0)
(-0.0959956 -0.370705 0)
(-0.0880566 -0.370714 0)
(-0.0742247 -0.355791 0)
(-0.0554378 -0.321535 0)
(-0.0339145 -0.263794 0)
(-0.013944 -0.179525 0)
(-0.00252627 -0.0680217 0)
(-0.00276458 0.0665591 0)
(-0.0146755 0.173669 0)
(-0.0346664 0.252136 0)
(-0.0550989 0.303798 0)
(-0.0716944 0.332911 0)
(-0.0825918 0.344398 0)
(-0.0872614 0.342924 0)
(-0.0860592 0.332463 0)
(-0.0798434 0.31615 0)
(-0.0696672 0.296326 0)
(-0.0565876 0.274665 0)
(-0.0415659 0.252311 0)
(-0.0254253 0.230018 0)
(-0.00884232 0.20825 0)
(0.00764302 0.187273 0)
(0.023609 0.167213 0)
(0.0387319 0.148105 0)
(0.0527663 0.129921 0)
(0.065528 0.11259 0)
(0.0768792 0.0960213 0)
(0.0867168 0.080103 0)
(0.0949628 0.0647156 0)
(0.101557 0.0497324 0)
(0.106451 0.0350223 0)
(0.109606 0.0204502 0)
(0.110988 0.0058773 0)
(0.110564 -0.00883904 0)
(0.10831 -0.0238463 0)
(0.104201 -0.0392968 0)
(0.0982234 -0.0553484 0)
(0.0903704 -0.0721635 0)
(0.0806533 -0.0899076 0)
(0.0691079 -0.108746 0)
(0.055806 -0.128836 0)
(0.0408704 -0.150318 0)
(0.0244946 -0.173295 0)
(0.00696715 -0.19781 0)
(-0.0112996 -0.223797 0)
(-0.0297369 -0.251029 0)
(-0.0475878 -0.279031 0)
(-0.0638832 -0.306965 0)
(-0.0774395 -0.333485 0)
(-0.0869005 -0.356562 0)
(-0.0908539 -0.373302 0)
(-0.0880696 -0.379802 0)
(-0.0778907 -0.371132 0)
(-0.0607284 -0.341576 0)
(-0.0386266 -0.285268 0)
(-0.016503 -0.197355 0)
(-0.00314382 -0.0759489 0)
(-0.0036582 0.0751468 0)
(-0.0181658 0.192156 0)
(-0.04084 0.273244 0)
(-0.0618863 0.322171 0)
(-0.0764856 0.345536 0)
(-0.0831748 0.350175 0)
(-0.0821193 0.342035 0)
(-0.0743818 0.325801 0)
(-0.0614062 0.304904 0)
(-0.0446648 0.281722 0)
(-0.0254782 0.257823 0)
(-0.00494802 0.234187 0)
(0.0160501 0.211387 0)
(0.0368442 0.189726 0)
(0.0569325 0.169324 0)
(0.0759493 0.150192 0)
(0.0936336 0.132273 0)
(0.109802 0.115466 0)
(0.12433 0.0996512 0)
(0.137132 0.0846963 0)
(0.148151 0.070464 0)
(0.157346 0.0568157 0)
(0.16469 0.043613 0)
(0.170158 0.0307177 0)
(0.173728 0.0179911 0)
(0.175376 0.00529326 0)
(0.175075 -0.00751897 0)
(0.172795 -0.0205933 0)
(0.168503 -0.034084 0)
(0.162162 -0.048153 0)
(0.153741 -0.0629718 0)
(0.143209 -0.0787216 0)
(0.130555 -0.0955925 0)
(0.115787 -0.113781 0)
(0.0989527 -0.133484 0)
(0.0801603 -0.154884 0)
(0.0596021 -0.178131 0)
(0.0375915 -0.203308 0)
(0.014607 -0.230371 0)
(-0.00865692 -0.259072 0)
(-0.0312362 -0.288825 0)
(-0.051853 -0.31854 0)
(-0.0689056 -0.346381 0)
(-0.0805331 -0.369481 0)
(-0.0848238 -0.383639 0)
(-0.0802459 -0.383105 0)
(-0.0662977 -0.360628 0)
(-0.0444223 -0.308036 0)
(-0.0199954 -0.217707 0)
(-0.00407434 -0.0855334 0)
(-0.00508321 0.0860966 0)
(-0.0230997 0.213945 0)
(-0.0485356 0.295867 0)
(-0.0689698 0.339206 0)
(-0.0794354 0.354125 0)
(-0.0794712 0.349955 0)
(-0.0703976 0.33405 0)
(-0.0542411 0.311685 0)
(-0.0331219 0.286386 0)
(-0.00891605 0.260366 0)
(0.0168619 0.234927 0)
(0.0430585 0.210771 0)
(0.0688317 0.188219 0)
(0.0935893 0.167365 0)
(0.116929 0.148167 0)
(0.138587 0.130514 0)
(0.1584 0.114255 0)
(0.176273 0.0992264 0)
(0.192157 0.0852634 0)
(0.206032 0.0722036 0)
(0.217894 0.0598917 0)
(0.227749 0.048179 0)
(0.235602 0.0369232 0)
(0.241457 0.0259865 0)
(0.24531 0.0152342 0)
(0.247151 0.00453177 0)
(0.246958 -0.00625698 0)
(0.244699 -0.0172726 0)
(0.240331 -0.0286629 0)
(0.233801 -0.0405852 0)
(0.225049 -0.0532095 0)
(0.214008 -0.0667209 0)
(0.200612 -0.0813217 0)
(0.184803 -0.097232 0)
(0.166545 -0.114689 0)
(0.145839 -0.13394 0)
(0.122755 -0.155234 0)
(0.0974609 -0.17879 0)
(0.0702823 -0.204763 0)
(0.0417637 -0.233162 0)
(0.0127543 -0.263732 0)
(-0.0155 -0.295763 0)
(-0.0412723 -0.327811 0)
(-0.0623251 -0.357297 0)
(-0.0760219 -0.380011 0)
(-0.0797122 -0.389581 0)
(-0.071475 -0.37714 0)
(-0.0514338 -0.331574 0)
(-0.0248841 -0.241096 0)
(-0.0055495 -0.0974965 0)
(-0.00744716 0.100589 0)
(-0.0301631 0.239672 0)
(-0.0577051 0.319057 0)
(-0.0749671 0.352668 0)
(-0.0778419 0.355872 0)
(-0.0678365 0.341 0)
(-0.047977 0.316682 0)
(-0.0214465 0.288437 0)
(0.0089875 0.259521 0)
(0.0411779 0.231703 0)
(0.0735778 0.205828 0)
(0.105132 0.182207 0)
(0.135156 0.160853 0)
(0.163231 0.141629 0)
(0.189122 0.124329 0)
(0.212716 0.108725 0)
(0.233976 0.0945901 0)
(0.252917 0.0817125 0)
(0.269578 0.069896 0)
(0.28401 0.0589625 0)
(0.296268 0.0487502 0)
(0.306402 0.0391111 0)
(0.314455 0.0299079 0)
(0.320456 0.0210118 0)
(0.324423 0.0122987 0)
(0.326358 0.0036471 0)
(0.326245 -0.00506557 0)
(0.324053 -0.0139655 0)
(0.319733 -0.023186 0)
(0.313217 -0.0328709 0)
(0.304421 -0.0431781 0)
(0.293243 -0.054284 0)
(0.27957 -0.0663873 0)
(0.263277 -0.0797137 0)
(0.24424 -0.0945191 0)
(0.222349 -0.111091 0)
(0.197528 -0.129748 0)
(0.169766 -0.150827 0)
(0.139174 -0.174659 0)
(0.106052 -0.201517 0)
(0.071 -0.23152 0)
(0.0350495 -0.264449 0)
(-0.000164218 -0.299459 0)
(-0.0322387 -0.334599 0)
(-0.0579309 -0.366107 0)
(-0.0733504 -0.387479 0)
(-0.0746099 -0.388475 0)
(-0.0594385 -0.354559 0)
(-0.0318186 -0.26796 0)
(-0.00798532 -0.113006 0)
(-0.0114293 0.120499 0)
(-0.0401445 0.269581 0)
(-0.0673167 0.340425 0)
(-0.0764974 0.358661 0)
(-0.0665307 0.346689 0)
(-0.0421848 0.319872 0)
(-0.00863846 0.287493 0)
(0.0298279 0.254615 0)
(0.0700718 0.223702 0)
(0.109989 0.195745 0)
(0.148273 0.17096 0)
(0.184178 0.14919 0)
(0.217324 0.130123 0)
(0.247563 0.113404 0)
(0.27489 0.0986896 0)
(0.299375 0.0856662 0)
(0.321132 0.074059 0)
(0.340289 0.0636304 0)
(0.356977 0.0541756 0)
(0.371316 0.045518 0)
(0.383417 0.0375033 0)
(0.393371 0.0299954 0)
(0.401252 0.0228719 0)
(0.407114 0.0160202 0)
(0.410993 0.00933431 0)
(0.412902 0.00271129 0)
(0.412832 -0.00395164 0)
(0.410756 -0.0107603 0)
(0.406619 -0.0178268 0)
(0.400345 -0.0252734 0)
(0.391833 -0.0332364 0)
(0.380955 -0.0418709 0)
(0.367557 -0.0513569 0)
(0.35146 -0.0619049 0)
(0.332461 -0.0737641 0)
(0.310342 -0.0872297 0)
(0.284879 -0.102651 0)
(0.255868 -0.120434 0)
(0.223163 -0.141041 0)
(0.186743 -0.164969 0)
(0.146814 -0.192691 0)
(0.103978 -0.224531 0)
(0.0594643 -0.260407 0)
(0.0154441 -0.299352 0)
(-0.0246326 -0.338668 0)
(-0.0558415 -0.372583 0)
(-0.0719932 -0.390336 0)
(-0.0671043 -0.374101 0)
(-0.0414787 -0.298211 0)
(-0.012057 -0.133904 0)
(-0.0178754 0.148745 0)
(-0.053127 0.302394 0)
(-0.0734606 0.354733 0)
(-0.0659713 0.350839 0)
(-0.0360134 0.321128 0)
(0.00723572 0.282851 0)
(0.0565821 0.244508 0)
(0.107257 0.209649 0)
(0.156395 0.179336 0)
(0.202459 0.153505 0)
(0.244748 0.131655 0)
(0.283057 0.113178 0)
(0.317445 0.0974903 0)
(0.348108 0.084084 0)
(0.375301 0.0725357 0)
(0.399288 0.0624984 0)
(0.420325 0.0536896 0)
(0.438647 0.0458792 0)
(0.454461 0.0388782 0)
(0.467947 0.0325298 0)
(0.479254 0.026702 0)
(0.488505 0.0212813 0)
(0.495799 0.0161683 0)
(0.501206 0.0112733 0)
(0.504774 0.00651332 0)
(0.506526 0.00180865 0)
(0.50646 -0.00291972 0)
(0.50455 -0.00775302 0)
(0.500745 -0.0127776 0)
(0.494964 -0.0180883 0)
(0.487098 -0.0237924 0)
(0.477006 -0.0300139 0)
(0.46451 -0.0368998 0)
(0.449393 -0.0446273 0)
(0.431396 -0.0534126 0)
(0.410217 -0.0635227 0)
(0.385508 -0.0752898 0)
(0.356885 -0.0891273 0)
(0.323946 -0.105548 0)
(0.28631 -0.125177 0)
(0.243698 -0.148749 0)
(0.196074 -0.177064 0)
(0.143902 -0.210835 0)
(0.0885522 -0.250325 0)
(0.0329029 -0.294546 0)
(-0.0179058 -0.339664 0)
(-0.0557766 -0.37613 0)
(-0.0700532 -0.384366 0)
(-0.0536504 -0.330024 0)
(-0.0185399 -0.16301 0)
(-0.0268194 0.190246 0)
(-0.0655623 0.332457 0)
(-0.0646805 0.351158 0)
(-0.0274115 0.319369 0)
(0.0302088 0.272739 0)
(0.0951417 0.226908 0)
(0.159718 0.187288 0)
(0.220133 0.154741 0)
(0.27485 0.128503 0)
(0.323543 0.10742 0)
(0.366468 0.0903978 0)
(0.404119 0.0765283 0)
(0.437053 0.0651016 0)
(0.465808 0.0555739 0)
(0.490872 0.0475316 0)
(0.512666 0.0406591 0)
(0.531554 0.0347133 0)
(0.547838 0.0295051 0)
(0.561775 0.024885 0)
(0.573572 0.0207327 0)
(0.583402 0.0169499 0)
(0.5914 0.0134539 0)
(0.597674 0.0101739 0)
(0.602301 0.007047 0)
(0.605334 0.00401584 0)
(0.606801 0.00102591 0)
(0.606704 -0.00197649 0)
(0.605023 -0.00504648 0)
(0.60171 -0.00824279 0)
(0.596689 -0.0116303 0)
(0.589856 -0.0152833 0)
(0.58107 -0.0192889 0)
(0.570151 -0.0237521 0)
(0.556871 -0.0288024 0)
(0.540951 -0.0346021 0)
(0.522044 -0.0413585 0)
(0.499732 -0.0493397 0)
(0.473508 -0.0588969 0)
(0.442773 -0.0704943 0)
(0.406834 -0.0847479 0)
(0.364928 -0.102472 0)
(0.316296 -0.124723 0)
(0.260358 -0.152805 0)
(0.197079 -0.188143 0)
(0.127675 -0.2318 0)
(0.0558729 -0.283096 0)
(-0.0102279 -0.336277 0)
(-0.0563492 -0.374063 0)
(-0.0641691 -0.356943 0)
(-0.0272122 -0.205039 0)
(-0.0329787 0.250127 0)
(-0.061804 0.34362 0)
(-0.0118426 0.310258 0)
(0.0704823 0.25145 0)
(0.158831 0.196274 0)
(0.241857 0.152105 0)
(0.315225 0.118813 0)
(0.37824 0.0941052 0)
(0.431783 0.0756661 0)
(0.477176 0.0617045 0)
(0.515721 0.0509396 0)
(0.548553 0.0424789 0)
(0.57661 0.0357036 0)
(0.600652 0.0301812 0)
(0.621289 0.0256048 0)
(0.639008 0.0217529 0)
(0.654202 0.0184625 0)
(0.667185 0.0156109 0)
(0.678209 0.0131043 0)
(0.687478 0.010869 0)
(0.695152 0.00884608 0)
(0.701361 0.00698702 0)
(0.706201 0.0052508 0)
(0.709745 0.00360165 0)
(0.71204 0.00200722 0)
(0.713115 0.000437077 0)
(0.712974 -0.00113862 0)
(0.7116 -0.00275042 0)
(0.708957 -0.00443096 0)
(0.70498 -0.00621652 0)
(0.69958 -0.00814886 0)
(0.692636 -0.0102777 0)
(0.683989 -0.0126638 0)
(0.673435 -0.0153832 0)
(0.660716 -0.0185338 0)
(0.645505 -0.0222435 0)
(0.627386 -0.026683 0)
(0.605833 -0.0320853 0)
(0.580178 -0.038774 0)
(0.549572 -0.0472077 0)
(0.512945 -0.0580464 0)
(0.468967 -0.0722515 0)
(0.416056 -0.0912224 0)
(0.352498 -0.116953 0)
(0.276901 -0.152083 0)
(0.189438 -0.199373 0)
(0.0941833 -0.259353 0)
(0.00279298 -0.324176 0)
(-0.0566339 -0.361955 0)
(-0.0321394 -0.26402 0)
(0.00103005 0.294769 0)
(0.016634 0.298388 0)
(0.151901 0.212811 0)
(0.282331 0.145218 0)
(0.387555 0.0996783 0)
(0.471025 0.0700188 0)
(0.536907 0.0508367 0)
(0.589053 0.0381971 0)
(0.630789 0.0295806 0)
(0.66465 0.0234806 0)
(0.692475 0.0190044 0)
(0.715588 0.0156126 0)
(0.734957 0.0129699 0)
(0.751298 0.0108605 0)
(0.765149 0.00914128 0)
(0.776917 0.00771346 0)
(0.786918 0.00650721 0)
(0.795397 0.00547159 0)
(0.802548 0.00456846 0)
(0.808522 0.00376855 0)
(0.813438 0.00304881 0)
(0.817389 0.00239055 0)
(0.820446 0.0017782 0)
(0.82266 0.0011983 0)
(0.824068 0.000638808 0)
(0.824687 8.8472e-05 0)
(0.824524 -0.000463681 0)
(0.823568 -0.00102892 0)
(0.821793 -0.00161926 0)
(0.819157 -0.00224813 0)
(0.815596 -0.00293111 0)
(0.811028 -0.00368691 0)
(0.80534 -0.00453867 0)
(0.798386 -0.00551583 0)
(0.789981 -0.00665678 0)
(0.779879 -0.00801286 0)
(0.767767 -0.00965441 0)
(0.75323 -0.0116805 0)
(0.735719 -0.0142349 0)
(0.714496 -0.017533 0)
(0.688554 -0.0219101 0)
(0.656498 -0.0279067 0)
(0.616372 -0.0364267 0)
(0.565429 -0.04902 0)
(0.499966 -0.0683433 0)
(0.415548 -0.0986973 0)
(0.307305 -0.14619 0)
(0.17094 -0.21755 0)
(0.0269824 -0.307267 0)
(0.00517138 -0.302953 0)
(0.290224 0.152388 0)
(0.389411 0.128175 0)
(0.565163 0.0746722 0)
(0.682889 0.0421905 0)
(0.752453 0.0245177 0)
(0.797527 0.0149092 0)
(0.828849 0.00963353 0)
(0.851566 0.00663917 0)
(0.868699 0.00484009 0)
(0.882059 0.00368572 0)
(0.892743 0.00289763 0)
(0.901444 0.00233041 0)
(0.908628 0.00190436 0)
(0.914618 0.00157333 0)
(0.919645 0.00130898 0)
(0.92388 0.00109303 0)
(0.927453 0.000913043 0)
(0.93046 0.000760294 0)
(0.932979 0.000628403 0)
(0.935069 0.000512579 0)
(0.936777 0.000409115 0)
(0.938136 0.000315054 0)
(0.939176 0.000227961 0)
(0.939915 0.000145762 0)
(0.940367 6.66119e-05 0)
(0.940539 -1.11975e-05 0)
(0.940433 -8.93018e-05 0)
(0.940046 -0.000169437 0)
(0.939367 -0.000253423 0)
(0.93838 -0.000343308 0)
(0.937064 -0.000441491 0)
(0.935384 -0.000550892 0)
(0.933299 -0.000675169 0)
(0.930754 -0.000819054 0)
(0.927675 -0.00098883 0)
(0.923968 -0.00119309 0)
(0.919507 -0.00144395 0)
(0.914125 -0.00175912 0)
(0.907592 -0.00216561 0)
(0.899589 -0.00270679 0)
(0.889658 -0.0034566 0)
(0.877113 -0.0045492 0)
(0.860872 -0.006243 0)
(0.839145 -0.00905836 0)
(0.808887 -0.0140547 0)
(0.76484 -0.0233229 0)
(0.696086 -0.0408242 0)
(0.577953 -0.0737692 0)
(0.397987 -0.128731 0)
(0.293832 -0.153751 0)
)
;

boundaryField
{
    movingWall
    {
        type            fixedValue;
        value           uniform (1 0 0);
    }
    fixedWalls
    {
        type            noSlip;
    }
    frontAndBack
    {
        type            empty;
    }
}


// ************************************************************************* //
