/*--------------------------------*- C++ -*----------------------------------*\
  =========                 |
  \\      /  F ield         | OpenFOAM: The Open Source CFD Toolbox
   \\    /   O peration     | Website:  https://openfoam.org
    \\  /    A nd           | Version:  7
     \\/     M anipulation  |
\*---------------------------------------------------------------------------*/
FoamFile
{
    version     2.0;
    format      ascii;
    class       surfaceScalarField;
    location    "0.0422";
    object      phi;
}
// * * * * * * * * * * * * * * * * * * * * * * * * * * * * * * * * * * * * * //

dimensions      [0 3 -1 0 0 0 0];

internalField   nonuniform List<scalar> 
4900
(
5.4548e-06
-5.45479e-06
9.95346e-06
-4.49866e-06
1.26942e-05
-2.74078e-06
1.44123e-05
-1.71806e-06
1.55281e-05
-1.1158e-06
1.62806e-05
-7.52546e-07
1.68109e-05
-5.30298e-07
1.72006e-05
-3.89633e-07
1.74968e-05
-2.96235e-07
1.7728e-05
-2.31159e-07
1.79118e-05
-1.83874e-07
1.80602e-05
-1.48314e-07
1.8181e-05
-1.20823e-07
1.82801e-05
-9.91011e-08
1.83617e-05
-8.16298e-08
1.84291e-05
-6.73677e-08
1.84846e-05
-5.55726e-08
1.85303e-05
-4.56981e-08
1.85677e-05
-3.73298e-08
1.85978e-05
-3.01446e-08
1.86217e-05
-2.38836e-08
1.864e-05
-1.83338e-08
1.86534e-05
-1.33146e-08
1.8662e-05
-8.66843e-09
1.86663e-05
-4.25311e-09
1.86662e-05
6.56921e-11
1.86618e-05
4.41466e-09
1.86529e-05
8.92708e-09
1.86391e-05
1.37397e-08
1.86201e-05
1.90037e-08
1.85952e-05
2.4891e-08
1.85636e-05
3.16045e-08
1.85242e-05
3.93914e-08
1.84757e-05
4.85624e-08
1.84162e-05
5.9519e-08
1.83434e-05
7.27952e-08
1.82542e-05
8.91206e-08
1.81447e-05
1.09524e-07
1.80092e-05
1.35505e-07
1.78399e-05
1.69337e-07
1.76253e-05
2.14623e-07
1.73479e-05
2.77353e-07
1.69799e-05
3.67993e-07
1.64743e-05
5.05623e-07
1.57487e-05
7.25616e-07
1.46572e-05
1.09152e-06
1.29451e-05
1.71207e-06
1.01621e-05
2.78302e-06
5.55733e-06
4.60473e-06
5.55733e-06
-1.19125e-07
-5.33566e-06
1.83202e-06
-6.4498e-06
4.41327e-06
-5.32203e-06
6.72873e-06
-4.03352e-06
8.60805e-06
-2.99512e-06
1.00897e-05
-2.23419e-06
1.12534e-05
-1.694e-06
1.21733e-05
-1.30956e-06
1.2908e-05
-1.03091e-06
1.3501e-05
-8.24195e-07
1.39844e-05
-6.67225e-07
1.43815e-05
-5.45424e-07
1.47098e-05
-4.49099e-07
1.49823e-05
-3.71663e-07
1.52092e-05
-3.08524e-07
1.53983e-05
-2.56396e-07
1.55555e-05
-2.12865e-07
1.5686e-05
-1.76108e-07
1.57933e-05
-1.44721e-07
1.58808e-05
-1.17587e-07
1.59507e-05
-9.38009e-08
1.6005e-05
-7.26093e-08
1.6045e-05
-5.33661e-08
1.60719e-05
-3.55024e-08
1.60861e-05
-1.85007e-08
1.60881e-05
-1.87492e-09
1.60776e-05
1.48507e-08
1.60544e-05
3.21561e-08
1.60176e-05
5.05473e-08
1.5966e-05
7.05769e-08
1.5898e-05
9.28708e-08
1.58115e-05
1.18162e-07
1.57035e-05
1.47334e-07
1.55706e-05
1.81487e-07
1.54081e-05
2.22021e-07
1.52101e-05
2.70769e-07
1.49691e-05
3.30185e-07
1.4675e-05
4.03638e-07
1.43146e-05
4.95867e-07
1.38702e-05
6.13715e-07
1.33175e-05
7.67318e-07
1.26228e-05
9.72031e-07
1.17393e-05
1.25152e-06
1.06025e-05
1.6424e-06
9.1284e-06
2.19975e-06
7.2224e-06
2.99751e-06
4.83052e-06
4.10396e-06
2.12067e-06
5.49287e-06
1.07e-08
6.7147e-06
5.56803e-06
-1.0824e-06
-4.25327e-06
-7.54287e-07
-6.7779e-06
5.88639e-07
-6.66496e-06
2.29978e-06
-5.74466e-06
4.00943e-06
-4.70477e-06
5.55894e-06
-3.78371e-06
6.90116e-06
-3.03622e-06
8.03972e-06
-2.44812e-06
8.99726e-06
-1.98844e-06
9.80059e-06
-1.62753e-06
1.04748e-05
-1.34147e-06
1.10416e-05
-1.11215e-06
1.15187e-05
-9.26184e-07
1.19207e-05
-7.73694e-07
1.22595e-05
-6.4736e-07
1.25448e-05
-5.41676e-07
1.27844e-05
-4.52434e-07
1.29846e-05
-3.76359e-07
1.31508e-05
-3.1085e-07
1.3287e-05
-2.53803e-07
1.33966e-05
-2.03474e-07
1.34824e-05
-1.58386e-07
1.35463e-05
-1.17258e-07
1.35898e-05
-7.89454e-08
1.36137e-05
-4.23994e-08
1.36184e-05
-6.62556e-09
1.36039e-05
2.93528e-08
1.35695e-05
6.65226e-08
1.35142e-05
1.05923e-07
1.34361e-05
1.48684e-07
1.33329e-05
1.96075e-07
1.32014e-05
2.49569e-07
1.30379e-05
3.10919e-07
1.28371e-05
3.82273e-07
1.25928e-05
4.66315e-07
1.22971e-05
5.66477e-07
1.194e-05
6.87231e-07
1.15092e-05
8.34507e-07
1.09887e-05
1.01629e-06
1.0359e-05
1.24346e-06
9.59532e-06
1.53098e-06
8.66799e-06
1.89936e-06
7.5434e-06
2.37612e-06
6.18961e-06
2.99619e-06
4.59184e-06
3.79752e-06
2.78775e-06
4.80161e-06
9.35946e-07
5.95576e-06
-5.71516e-07
7.00033e-06
-1.03835e-06
7.18153e-06
4.52968e-06
-9.13173e-07
-3.34009e-06
-1.34225e-06
-6.34882e-06
-9.38647e-07
-7.06857e-06
1.77642e-08
-6.70107e-06
1.2331e-06
-5.92011e-06
2.50801e-06
-5.05861e-06
3.72976e-06
-4.25797e-06
4.84571e-06
-3.56407e-06
5.83812e-06
-2.98085e-06
6.70723e-06
-2.49665e-06
7.46155e-06
-2.09579e-06
8.11267e-06
-1.76327e-06
8.67265e-06
-1.48616e-06
9.15287e-06
-1.25391e-06
9.56352e-06
-1.05802e-06
9.91353e-06
-8.9168e-07
1.02105e-05
-7.49441e-07
1.0461e-05
-6.26869e-07
1.06705e-05
-5.20326e-07
1.08435e-05
-4.2678e-07
1.09837e-05
-3.43655e-07
1.1094e-05
-2.68725e-07
1.11768e-05
-2.00019e-07
1.12336e-05
-1.35756e-07
1.12655e-05
-7.4278e-08
1.12728e-05
-1.40028e-08
1.12556e-05
4.6631e-08
1.12129e-05
1.09207e-07
1.11434e-05
1.75386e-07
1.10451e-05
2.46966e-07
1.09153e-05
3.25946e-07
1.07502e-05
4.14616e-07
1.05455e-05
5.15659e-07
1.02955e-05
6.32292e-07
9.99333e-06
7.68444e-07
9.63082e-06
9.2899e-07
9.19799e-06
1.12006e-06
8.68307e-06
1.34943e-06
8.07236e-06
1.627e-06
7.35048e-06
1.96534e-06
6.50134e-06
2.38012e-06
5.51057e-06
2.89013e-06
4.37088e-06
3.51581e-06
3.09272e-06
4.27435e-06
1.72356e-06
5.16668e-06
3.78307e-07
6.14687e-06
-7.27528e-07
7.06159e-06
-1.26706e-06
7.53986e-06
-9.16207e-07
6.83068e-06
3.61347e-06
-6.65089e-07
-2.675e-06
-1.29853e-06
-5.71538e-06
-1.42105e-06
-6.94605e-06
-1.04782e-06
-7.0743e-06
-3.33277e-07
-6.63466e-06
5.65076e-07
-5.95696e-06
1.52908e-06
-5.22197e-06
2.48293e-06
-4.51792e-06
3.38352e-06
-3.88145e-06
4.20958e-06
-3.32271e-06
4.9532e-06
-2.83941e-06
5.61413e-06
-2.4242e-06
6.19623e-06
-2.06826e-06
6.70526e-06
-1.76295e-06
7.14769e-06
-1.50045e-06
7.52996e-06
-1.27394e-06
7.8581e-06
-1.07759e-06
8.13762e-06
-9.06385e-07
8.37334e-06
-7.56042e-07
8.56941e-06
-6.22851e-07
8.72932e-06
-5.03569e-07
8.85591e-06
-3.95314e-07
8.95137e-06
-2.95483e-07
9.0173e-06
-2.01679e-07
9.05466e-06
-1.11641e-07
9.06384e-06
-2.31886e-08
9.04463e-06
6.5841e-08
8.9962e-06
1.57646e-07
8.91706e-06
2.54526e-07
8.80507e-06
3.58949e-07
8.65739e-06
4.73631e-07
8.47037e-06
6.01633e-07
8.23956e-06
7.46471e-07
7.95959e-06
9.12255e-07
7.62418e-06
1.10386e-06
7.22606e-06
1.32711e-06
6.75711e-06
1.58901e-06
6.20859e-06
1.89796e-06
5.5717e-06
2.26389e-06
4.83881e-06
2.69822e-06
4.00566e-06
3.21327e-06
3.07529e-06
3.8205e-06
2.06461e-06
4.52649e-06
1.01459e-06
5.32437e-06
3.90771e-09
6.17736e-06
-8.38696e-07
6.98947e-06
-1.33304e-06
7.55594e-06
-1.29465e-06
7.50147e-06
-6.85413e-07
6.22144e-06
2.92806e-06
-4.71256e-07
-2.20375e-06
-1.10148e-06
-5.08516e-06
-1.47194e-06
-6.57558e-06
-1.47596e-06
-7.07028e-06
-1.15922e-06
-6.95139e-06
-6.16637e-07
-6.49955e-06
5.82239e-08
-5.89683e-06
7.91607e-07
-5.25131e-06
1.53199e-06
-4.62183e-06
2.24643e-06
-4.03714e-06
2.91564e-06
-3.50862e-06
3.52969e-06
-3.03825e-06
4.0847e-06
-2.62327e-06
4.58053e-06
-2.25878e-06
5.01921e-06
-1.93913e-06
5.40393e-06
-1.65866e-06
5.73836e-06
-1.41202e-06
6.02627e-06
-1.19429e-06
6.27125e-06
-1.00103e-06
6.47658e-06
-8.28182e-07
6.64511e-06
-6.72098e-07
6.77922e-06
-5.29419e-07
6.88078e-06
-3.97041e-07
6.95114e-06
-2.7204e-07
6.99112e-06
-1.51622e-07
7.00099e-06
-3.30566e-08
6.98045e-06
8.63745e-08
6.92866e-06
2.09442e-07
6.84415e-06
3.39031e-07
6.72489e-06
4.78212e-07
6.5682e-06
6.30321e-07
6.37079e-06
7.99043e-07
6.12875e-06
9.88513e-07
5.83758e-06
1.20342e-06
5.4923e-06
1.44913e-06
5.08764e-06
1.73177e-06
4.61837e-06
2.05828e-06
4.07996e-06
2.43637e-06
3.4696e-06
2.87425e-06
2.78793e-06
3.37989e-06
2.04171e-06
3.95949e-06
1.24779e-06
4.61442e-06
4.38546e-07
5.33573e-06
-3.31556e-07
6.09448e-06
-9.80489e-07
6.82629e-06
-1.39935e-06
7.40833e-06
-1.47329e-06
7.62988e-06
-1.13795e-06
7.16613e-06
-4.97051e-07
5.58054e-06
2.43101e-06
-3.40426e-07
-1.86332e-06
-9.04045e-07
-4.52154e-06
-1.3685e-06
-6.11113e-06
-1.59225e-06
-6.84653e-06
-1.55675e-06
-6.9869e-06
-1.30392e-06
-6.75237e-06
-8.9499e-07
-6.30576e-06
-3.88912e-07
-5.75738e-06
1.66158e-07
-5.17691e-06
7.34495e-07
-4.60548e-06
1.2914e-06
-4.06553e-06
1.82089e-06
-3.56774e-06
2.3134e-06
-3.11578e-06
2.76385e-06
-2.70923e-06
3.17023e-06
-2.34551e-06
3.53247e-06
-2.0209e-06
3.8517e-06
-1.73124e-06
4.12969e-06
-1.47228e-06
4.36851e-06
-1.23985e-06
4.57027e-06
-1.02994e-06
4.73692e-06
-8.38751e-07
4.87018e-06
-6.62677e-07
4.97142e-06
-4.98279e-07
5.04162e-06
-3.42246e-07
5.08136e-06
-1.91359e-07
5.09074e-06
-4.24395e-08
5.06942e-06
1.077e-07
5.01655e-06
2.62309e-07
4.93082e-06
4.24757e-07
4.81044e-06
5.98591e-07
4.65316e-06
7.87605e-07
4.4563e-06
9.95901e-07
4.21686e-06
1.22796e-06
3.93162e-06
1.48866e-06
3.59738e-06
1.78338e-06
3.2113e-06
2.11785e-06
2.77146e-06
2.49811e-06
2.27771e-06
2.93013e-06
1.73286e-06
3.4191e-06
1.1445e-06
3.96825e-06
5.27429e-07
4.57656e-06
-9.33389e-08
5.23519e-06
-6.79235e-07
5.92162e-06
-1.17569e-06
6.59094e-06
-1.51311e-06
7.1637e-06
-1.61606e-06
7.51128e-06
-1.42843e-06
7.44225e-06
-9.61714e-07
6.69941e-06
-3.6711e-07
4.98594e-06
2.0639e-06
-2.55597e-07
-1.60773e-06
-7.43368e-07
-4.03377e-06
-1.22631e-06
-5.62819e-06
-1.56758e-06
-6.50527e-06
-1.71798e-06
-6.83649e-06
-1.68331e-06
-6.78705e-06
-1.49608e-06
-6.49299e-06
-1.19706e-06
-6.05641e-06
-8.25086e-07
-5.54887e-06
-4.12785e-07
-5.01778e-06
1.45711e-08
-4.49288e-06
4.3851e-07
-3.99168e-06
8.46214e-07
-3.52348e-06
1.22927e-06
-3.09229e-06
1.58254e-06
-2.69878e-06
1.90324e-06
-2.34159e-06
2.19017e-06
-2.01817e-06
2.4432e-06
-1.72532e-06
2.66286e-06
-1.45951e-06
2.85e-06
-1.21708e-06
3.00559e-06
-9.94343e-07
3.13058e-06
-7.87665e-07
3.22575e-06
-5.93451e-07
3.29167e-06
-4.0816e-07
3.32859e-06
-2.28285e-07
3.33648e-06
-5.03224e-08
3.31491e-06
1.29262e-07
3.26315e-06
3.14072e-07
3.18009e-06
5.07821e-07
3.0643e-06
7.14377e-07
2.91411e-06
9.37799e-07
2.72764e-06
1.18237e-06
2.50299e-06
1.45261e-06
2.23841e-06
1.75324e-06
1.93263e-06
2.08915e-06
1.58531e-06
2.46518e-06
1.19762e-06
2.88579e-06
7.73229e-07
3.35452e-06
3.19366e-07
3.87297e-06
-1.51597e-07
4.43921e-06
-6.20423e-07
5.04539e-06
-1.05923e-06
5.674e-06
-1.43037e-06
6.29276e-06
-1.68713e-06
6.8477e-06
-1.77853e-06
7.25511e-06
-1.66124e-06
7.39399e-06
-1.32199e-06
7.103e-06
-8.11357e-07
6.18878e-06
-2.81706e-07
4.45629e-06
1.78219e-06
-2.00063e-07
-1.40766e-06
-6.20684e-07
-3.61315e-06
-1.08926e-06
-5.15961e-06
-1.4873e-06
-6.10722e-06
-1.75519e-06
-6.5686e-06
-1.87731e-06
-6.66493e-06
-1.86481e-06
-6.50548e-06
-1.7418e-06
-6.17942e-06
-1.53617e-06
-5.75451e-06
-1.27443e-06
-5.27952e-06
-9.79309e-07
-4.788e-06
-6.69024e-07
-4.30197e-06
-3.57465e-07
-3.83504e-06
-5.4781e-08
-3.39497e-06
2.31915e-07
-2.98548e-06
4.97861e-07
-2.60754e-06
7.40057e-07
-2.26037e-06
9.56764e-07
-1.94203e-06
1.14711e-06
-1.64986e-06
1.3108e-06
-1.38077e-06
1.44786e-06
-1.1314e-06
1.55846e-06
-8.98262e-07
1.64279e-06
-6.77785e-07
1.70098e-06
-4.66351e-07
1.733e-06
-2.60307e-07
1.73864e-06
-5.59623e-08
1.71748e-06
1.50428e-07
1.66887e-06
3.62679e-07
1.59199e-06
5.84697e-07
1.48588e-06
8.20496e-07
1.34947e-06
1.0742e-06
1.18179e-06
1.35005e-06
9.8208e-07
1.65232e-06
7.50057e-07
1.98527e-06
4.86271e-07
2.35294e-06
1.92573e-07
2.75888e-06
-1.27272e-07
3.20564e-06
-4.66788e-07
3.69404e-06
-8.15845e-07
4.22202e-06
-1.15961e-06
4.78297e-06
-1.47755e-06
5.36333e-06
-1.74292e-06
5.93937e-06
-1.92325e-06
6.47309e-06
-1.98302e-06
6.90746e-06
-1.88986e-06
7.16195e-06
-1.62588e-06
7.13001e-06
-1.20475e-06
6.68187e-06
-6.92629e-07
5.67666e-06
-2.25017e-07
3.98868e-06
1.55717e-06
-1.62725e-07
-1.24494e-06
-5.28755e-07
-3.24712e-06
-9.71176e-07
-4.71719e-06
-1.39196e-06
-5.68644e-06
-1.73147e-06
-6.2291e-06
-1.96311e-06
-6.43328e-06
-2.08373e-06
-6.38487e-06
-2.10421e-06
-6.15894e-06
-2.04221e-06
-5.81651e-06
-1.91725e-06
-5.40447e-06
-1.74792e-06
-4.95734e-06
-1.5504e-06
-4.49948e-06
-1.33805e-06
-4.04739e-06
-1.12141e-06
-3.61162e-06
-9.08483e-07
-3.1984e-06
-7.05202e-07
-2.81082e-06
-5.15799e-07
-2.44977e-06
-3.4321e-07
-2.11462e-06
-1.89399e-07
-1.80367e-06
-5.56401e-08
-1.51453e-06
5.72654e-08
-1.2443e-06
1.48813e-07
-9.89809e-07
2.18658e-07
-7.4763e-07
2.66521e-07
-5.14214e-07
2.92113e-07
-2.85899e-07
2.95091e-07
-5.89399e-08
2.75039e-07
1.70479e-07
2.31474e-07
4.06244e-07
1.63872e-07
6.52299e-07
7.17292e-08
9.12638e-07
-4.53405e-08
1.19127e-06
-1.87468e-07
1.49218e-06
-3.54335e-07
1.81918e-06
-5.44908e-07
2.17584e-06
-7.571e-07
2.56513e-06
-9.87335e-07
2.98911e-06
-1.23002e-06
3.44832e-06
-1.47691e-06
3.94093e-06
-1.71652e-06
4.46163e-06
-1.93349e-06
4.99995e-06
-2.10839e-06
5.53823e-06
-2.21804e-06
6.04901e-06
-2.23707e-06
6.49212e-06
-2.14144e-06
6.81183e-06
-1.91452e-06
6.93503e-06
-1.55637e-06
6.77186e-06
-1.09553e-06
6.22104e-06
-6.00683e-07
5.18181e-06
-1.8617e-07
3.57416e-06
1.371e-06
-1.3686e-07
-1.10808e-06
-4.59944e-07
-2.92404e-06
-8.74121e-07
-4.30301e-06
-1.29958e-06
-5.26098e-06
-1.68121e-06
-5.84746e-06
-1.98798e-06
-6.12652e-06
-2.20795e-06
-6.1649e-06
-2.3424e-06
-6.02449e-06
-2.40045e-06
-5.75845e-06
-2.39503e-06
-5.4099e-06
-2.34003e-06
-5.01233e-06
-2.24875e-06
-4.59076e-06
-2.13295e-06
-4.16319e-06
-2.00256e-06
-3.74202e-06
-1.86563e-06
-3.33532e-06
-1.72855e-06
-2.94791e-06
-1.5962e-06
-2.58212e-06
-1.47228e-06
-2.23854e-06
-1.35952e-06
-1.91642e-06
-1.25993e-06
-1.61412e-06
-1.17495e-06
-1.32928e-06
-1.10564e-06
-1.05912e-06
-1.05279e-06
-8.00483e-07
-1.01701e-06
-5.49999e-07
-9.98788e-07
-3.04116e-07
-9.9857e-07
-5.91585e-08
-1.01673e-06
1.88636e-07
-1.05357e-06
4.4309e-07
-1.10932e-06
7.08049e-07
-1.18402e-06
9.87338e-07
-1.27745e-06
1.2847e-06
-1.38897e-06
1.60369e-06
-1.51733e-06
1.94755e-06
-1.66046e-06
2.31896e-06
-1.8151e-06
2.71977e-06
-1.97649e-06
3.15051e-06
-2.13799e-06
3.60981e-06
-2.29062e-06
4.09356e-06
-2.42276e-06
4.59377e-06
-2.52002e-06
5.09722e-06
-2.56554e-06
5.58374e-06
-2.54086e-06
6.02434e-06
-2.42808e-06
6.37934e-06
-2.21329e-06
6.59704e-06
-1.89191e-06
6.61366e-06
-1.47561e-06
6.35555e-06
-9.99757e-07
5.74519e-06
-5.29239e-07
4.71129e-06
-1.58524e-07
3.20345e-06
1.21248e-06
-1.18436e-07
-9.89642e-07
-4.08121e-07
-2.63435e-06
-7.96023e-07
-3.91511e-06
-1.21717e-06
-4.83983e-06
-1.62253e-06
-5.44211e-06
-1.98022e-06
-5.76883e-06
-2.27345e-06
-5.87166e-06
-2.49696e-06
-5.80099e-06
-2.65327e-06
-5.60214e-06
-2.7496e-06
-5.31358e-06
-2.79538e-06
-4.96655e-06
-2.80068e-06
-4.58546e-06
-2.77515e-06
-4.18872e-06
-2.72746e-06
-3.7897e-06
-2.66511e-06
-3.39768e-06
-2.59433e-06
-3.01868e-06
-2.5202e-06
-2.65625e-06
-2.44677e-06
-2.31196e-06
-2.37723e-06
-1.98597e-06
-2.31403e-06
-1.67731e-06
-2.25908e-06
-1.38423e-06
-2.21383e-06
-1.10436e-06
-2.17941e-06
-8.34911e-07
-2.15665e-06
-5.72756e-07
-2.14621e-06
-3.14554e-07
-2.14857e-06
-5.68035e-08
-2.16403e-06
2.04098e-07
-2.19273e-06
4.71795e-07
-2.2346e-06
7.49917e-07
-2.28927e-06
1.04201e-06
-2.35598e-06
1.35142e-06
-2.43348e-06
1.68119e-06
-2.51981e-06
2.03388e-06
-2.61212e-06
2.41127e-06
-2.7064e-06
2.81406e-06
-2.79729e-06
3.2414e-06
-2.87775e-06
3.69027e-06
-2.93889e-06
4.1547e-06
-2.96994e-06
4.62482e-06
-2.9584e-06
5.08569e-06
-2.89071e-06
5.51605e-06
-2.75347e-06
5.88709e-06
-2.53556e-06
6.16143e-06
-2.23134e-06
6.29282e-06
-1.84481e-06
6.22713e-06
-1.39447e-06
5.90521e-06
-9.17674e-07
5.26839e-06
-4.73013e-07
4.26663e-06
-1.38112e-07
2.86855e-06
1.07437e-06
-1.04997e-07
-8.84645e-07
-3.68758e-07
-2.37059e-06
-7.33759e-07
-3.55011e-06
-1.14667e-06
-4.42692e-06
-1.56448e-06
-5.0243e-06
-1.95642e-06
-5.37688e-06
-2.30335e-06
-5.52474e-06
-2.59576e-06
-5.50858e-06
-2.83138e-06
-5.36652e-06
-3.01279e-06
-5.13217e-06
-3.14546e-06
-4.83387e-06
-3.23635e-06
-4.49458e-06
-3.29279e-06
-4.13228e-06
-3.3219e-06
-3.76059e-06
-3.33018e-06
-3.3894e-06
-3.32333e-06
-3.02553e-06
-3.30623e-06
-2.67335e-06
-3.28294e-06
-2.33525e-06
-3.25682e-06
-2.0121e-06
-3.23055e-06
-1.70358e-06
-3.20629e-06
-1.40849e-06
-3.18574e-06
-1.12491e-06
-3.17022e-06
-8.50427e-07
-3.16074e-06
-5.82236e-07
-3.15803e-06
-3.1727e-07
-3.16255e-06
-5.22783e-08
-3.17455e-06
2.16093e-07
-3.19398e-06
4.91223e-07
-3.2205e-06
7.76438e-07
-3.2534e-06
1.07491e-06
-3.29152e-06
1.38954e-06
-3.33313e-06
1.7228e-06
-3.37577e-06
2.07652e-06
-3.41614e-06
2.45163e-06
-3.44989e-06
2.8478e-06
-3.47147e-06
3.26298e-06
-3.47406e-06
3.69285e-06
-3.44949e-06
4.13013e-06
-3.38842e-06
4.56375e-06
-3.28077e-06
4.97803e-06
-3.11648e-06
5.35177e-06
-2.8869e-06
5.65751e-06
-2.58672e-06
5.86124e-06
-2.21659e-06
5.92269e-06
-1.78627e-06
5.79682e-06
-1.31779e-06
5.43673e-06
-8.47811e-07
4.79842e-06
-4.28067e-07
3.84689e-06
-1.22544e-07
2.56302e-06
9.51824e-07
-9.50041e-08
-7.89641e-07
-3.38599e-07
-2.127e-06
-6.84286e-07
-3.20442e-06
-1.0877e-06
-4.02351e-06
-1.51124e-06
-4.60075e-06
-1.92608e-06
-4.96205e-06
-2.31225e-06
-5.13857e-06
-2.6577e-06
-5.16312e-06
-2.95675e-06
-5.06747e-06
-3.20838e-06
-4.88054e-06
-3.4148e-06
-4.62746e-06
-3.58009e-06
-4.32928e-06
-3.70937e-06
-4.003e-06
-3.80805e-06
-3.66192e-06
-3.88143e-06
-3.31602e-06
-3.93443e-06
-2.97253e-06
-3.97146e-06
-2.63632e-06
-3.99634e-06
-2.31037e-06
-4.01233e-06
-1.9961e-06
-4.02217e-06
-1.69375e-06
-4.02809e-06
-1.40257e-06
-4.0319e-06
-1.12111e-06
-4.035e-06
-8.4732e-07
-4.03848e-06
-5.7876e-07
-4.04307e-06
-3.12679e-07
-4.04922e-06
-4.61306e-08
-4.05705e-06
2.23929e-07
-4.06638e-06
5.00553e-07
-4.07665e-06
7.86704e-07
-4.08688e-06
1.08514e-06
-4.0956e-06
1.39826e-06
-4.10078e-06
1.72798e-06
-4.0997e-06
2.07544e-06
-4.08887e-06
2.4408e-06
-4.06391e-06
2.82284e-06
-4.01952e-06
3.2186e-06
-3.94949e-06
3.62282e-06
-3.84677e-06
4.02741e-06
-3.70382e-06
4.4208e-06
-3.51311e-06
4.78731e-06
-3.26798e-06
5.10664e-06
-2.96396e-06
5.35349e-06
-2.60039e-06
5.49768e-06
-2.18253e-06
5.50484e-06
-1.72375e-06
5.33803e-06
-1.24748e-06
4.96046e-06
-7.88345e-07
4.33928e-06
-3.91587e-07
3.45013e-06
-1.10348e-07
2.28178e-06
8.41476e-07
-8.74597e-08
-7.02181e-07
-3.15309e-07
-1.89915e-06
-6.45002e-07
-2.87473e-06
-1.03903e-06
-3.62949e-06
-1.46441e-06
-4.17537e-06
-1.89446e-06
-4.53199e-06
-2.3093e-06
-4.72372e-06
-2.69546e-06
-4.77697e-06
-3.04492e-06
-4.71801e-06
-3.35401e-06
-4.57145e-06
-3.62223e-06
-4.35924e-06
-3.85126e-06
-4.10025e-06
-4.04413e-06
-3.81013e-06
-4.2046e-06
-3.50144e-06
-4.33671e-06
-3.18392e-06
-4.44444e-06
-2.8648e-06
-4.53155e-06
-2.54921e-06
-4.60145e-06
-2.24046e-06
-4.65716e-06
-1.94039e-06
-4.70127e-06
-1.64964e-06
-4.73596e-06
-1.36788e-06
-4.76301e-06
-1.09405e-06
-4.78385e-06
-8.26483e-07
-4.79952e-06
-5.63085e-07
-4.81075e-06
-3.01452e-07
-4.81791e-06
-3.89769e-08
-4.82102e-06
2.2704e-07
-4.81975e-06
4.99288e-07
-4.81339e-06
7.80338e-07
-4.80076e-06
1.07251e-06
-4.78022e-06
1.37773e-06
-4.74958e-06
1.69734e-06
-4.70605e-06
2.03191e-06
-4.64618e-06
2.38093e-06
-4.56585e-06
2.74251e-06
-4.46027e-06
3.11303e-06
-4.32413e-06
3.48667e-06
-4.15173e-06
3.85502e-06
-3.93744e-06
4.20651e-06
-3.67624e-06
4.52611e-06
-3.36454e-06
4.79494e-06
-3.00136e-06
4.99031e-06
-2.58965e-06
5.08597e-06
-2.13789e-06
5.05307e-06
-1.66151e-06
4.86166e-06
-1.18409e-06
4.48304e-06
-7.37612e-07
3.8928e-06
-3.6159e-07
3.07411e-06
-1.00589e-07
2.02078e-06
7.40888e-07
-8.16974e-08
-6.20484e-07
-2.97207e-07
-1.68364e-06
-6.13796e-07
-2.55814e-06
-9.99194e-07
-3.24409e-06
-1.42423e-06
-3.75033e-06
-1.86433e-06
-4.09189e-06
-2.30015e-06
-4.2879e-06
-2.71751e-06
-4.35961e-06
-3.10688e-06
-4.32864e-06
-3.46262e-06
-4.21571e-06
-3.78214e-06
-4.03973e-06
-4.06508e-06
-3.81731e-06
-4.31267e-06
-3.56254e-06
-4.52713e-06
-3.28698e-06
-4.71124e-06
-2.99981e-06
-4.86801e-06
-2.70803e-06
-5.00047e-06
-2.41675e-06
-5.11151e-06
-2.12943e-06
-5.20376e-06
-1.84814e-06
-5.27958e-06
-1.57382e-06
-5.34098e-06
-1.30649e-06
-5.38963e-06
-1.0454e-06
-5.42687e-06
-7.89241e-07
-5.45369e-06
-5.36268e-07
-5.47072e-06
-2.84417e-07
-5.47826e-06
-3.14353e-08
-5.47624e-06
2.25018e-07
-5.46421e-06
4.87258e-07
-5.44133e-06
7.57454e-07
-5.40632e-06
1.0375e-06
-5.35746e-06
1.32887e-06
-5.29254e-06
1.63242e-06
-5.20885e-06
1.94822e-06
-5.10317e-06
2.27525e-06
-4.97182e-06
2.61116e-06
-4.81074e-06
2.95194e-06
-4.61563e-06
3.29157e-06
-4.38227e-06
3.62166e-06
-4.10689e-06
3.93113e-06
-3.78678e-06
4.20599e-06
-3.42101e-06
4.42917e-06
-3.01142e-06
4.58072e-06
-2.56367e-06
4.63823e-06
-2.08837e-06
4.57777e-06
-1.60201e-06
4.37529e-06
-1.12754e-06
4.00857e-06
-6.94236e-07
3.4595e-06
-3.36678e-07
2.71655e-06
-9.2657e-08
1.77676e-06
6.48231e-07
-7.72589e-08
-5.43225e-07
-2.8307e-07
-1.47783e-06
-5.89002e-07
-2.25221e-06
-9.66794e-07
-2.8663e-06
-1.39036e-06
-3.32677e-06
-1.83704e-06
-3.64522e-06
-2.28821e-06
-3.83673e-06
-2.72947e-06
-3.91835e-06
-3.15033e-06
-3.90778e-06
-3.54372e-06
-3.82231e-06
-3.90543e-06
-3.67801e-06
-4.23349e-06
-3.48926e-06
-4.52755e-06
-3.26847e-06
-4.78848e-06
-3.02606e-06
-5.01788e-06
-2.77041e-06
-5.21781e-06
-2.5081e-06
-5.39055e-06
-2.24401e-06
-5.5384e-06
-1.98158e-06
-5.66356e-06
-1.72298e-06
-5.76805e-06
-1.46933e-06
-5.85366e-06
-1.22088e-06
-5.92188e-06
-9.77175e-07
-5.97391e-06
-7.37207e-07
-6.01064e-06
-4.99547e-07
-6.03258e-06
-2.62471e-07
-6.03995e-06
-2.4069e-08
-6.03257e-06
2.17641e-07
-6.00991e-06
4.64602e-07
-5.97106e-06
7.18601e-07
-5.9147e-06
9.81139e-07
-5.83911e-06
1.25328e-06
-5.74217e-06
1.53548e-06
-5.62137e-06
1.82742e-06
-5.47385e-06
2.12773e-06
-5.29649e-06
2.4338e-06
-5.08604e-06
2.74149e-06
-4.83932e-06
3.04484e-06
-4.55352e-06
3.33586e-06
-4.22663e-06
3.60425e-06
-3.85797e-06
3.83733e-06
-3.44883e-06
4.02003e-06
-3.00328e-06
4.13517e-06
-2.52895e-06
4.16389e-06
-2.0378e-06
4.08661e-06
-1.54668e-06
3.88418e-06
-1.07756e-06
3.53945e-06
-6.57146e-07
3.03909e-06
-3.15862e-07
2.37526e-06
-8.61436e-08
1.54704e-06
5.62087e-07
-7.38222e-08
-4.69403e-07
-2.72003e-07
-1.27964e-06
-5.69322e-07
-1.95489e-06
-9.40591e-07
-2.49503e-06
-1.3622e-06
-2.90516e-06
-1.81312e-06
-3.19429e-06
-2.27556e-06
-3.37429e-06
-2.7351e-06
-3.4588e-06
-3.18068e-06
-3.4622e-06
-3.60426e-06
-3.39874e-06
-4.00039e-06
-3.28188e-06
-4.36577e-06
-3.12387e-06
-4.69881e-06
-2.93544e-06
-4.99915e-06
-2.72571e-06
-5.26736e-06
-2.50219e-06
-5.50463e-06
-2.27083e-06
-5.71248e-06
-2.03616e-06
-5.89262e-06
-1.80144e-06
-6.04679e-06
-1.5688e-06
-6.17667e-06
-1.33946e-06
-6.28374e-06
-1.11381e-06
-6.36929e-06
-8.91623e-07
-6.43435e-06
-6.72149e-07
-6.47965e-06
-4.54247e-07
-6.50561e-06
-2.36506e-07
-6.51234e-06
-1.73445e-08
-6.49957e-06
2.04877e-07
-6.46672e-06
4.31753e-07
-6.41284e-06
6.64715e-07
-6.33661e-06
9.04911e-07
-6.2364e-06
1.15307e-06
-6.11024e-06
1.40933e-06
-5.95591e-06
1.67309e-06
-5.77099e-06
1.94281e-06
-5.55298e-06
2.21579e-06
-5.29946e-06
2.48797e-06
-5.00835e-06
2.75373e-06
-4.67817e-06
3.00568e-06
-4.30849e-06
3.23456e-06
-3.90035e-06
3.42919e-06
-3.45686e-06
3.57655e-06
-2.9838e-06
3.6621e-06
-2.49018e-06
3.67027e-06
-1.98876e-06
3.5852e-06
-1.49637e-06
3.39178e-06
-1.03383e-06
3.07691e-06
-6.25524e-07
2.63078e-06
-2.98442e-07
2.04818e-06
-8.07686e-08
1.32937e-06
4.81318e-07
-7.11576e-08
-3.98245e-07
-2.63347e-07
-1.08746e-06
-5.53756e-07
-1.66448e-06
-9.19551e-07
-2.12923e-06
-1.33908e-06
-2.48563e-06
-1.79271e-06
-2.74066e-06
-2.26339e-06
-2.90361e-06
-2.73688e-06
-2.98532e-06
-3.20177e-06
-2.9973e-06
-3.64935e-06
-2.95116e-06
-4.07325e-06
-2.85798e-06
-4.46916e-06
-2.72797e-06
-4.83441e-06
-2.57019e-06
-5.16767e-06
-2.39245e-06
-5.4686e-06
-2.20127e-06
-5.73756e-06
-2.00187e-06
-5.97542e-06
-1.7983e-06
-6.18333e-06
-1.59353e-06
-6.36256e-06
-1.38957e-06
-6.5144e-06
-1.18761e-06
-6.64007e-06
-9.88143e-07
-6.74061e-06
-7.91083e-07
-6.81686e-06
-5.95896e-07
-6.86941e-06
-4.01698e-07
-6.89856e-06
-2.0736e-07
-6.9043e-06
-1.16033e-08
-6.88632e-06
1.86894e-07
-6.84397e-06
3.89407e-07
-6.77631e-06
5.97052e-07
-6.68207e-06
8.10676e-07
-6.55974e-06
1.03073e-06
-6.40756e-06
1.25715e-06
-6.22364e-06
1.48916e-06
-6.00601e-06
1.72518e-06
-5.75282e-06
1.9626e-06
-5.46247e-06
2.19762e-06
-5.13388e-06
2.42514e-06
-4.76678e-06
2.63859e-06
-4.36209e-06
2.82987e-06
-3.9223e-06
2.9894e-06
-3.45196e-06
3.10621e-06
-2.95813e-06
3.16827e-06
-2.45077e-06
3.16292e-06
-1.94309e-06
3.07752e-06
-1.45162e-06
2.90031e-06
-9.96054e-07
2.62134e-06
-5.98763e-07
2.23349e-06
-2.83918e-07
1.73334e-06
-7.6338e-08
1.12179e-06
4.0498e-07
-6.90997e-08
-3.29145e-07
-2.56614e-07
-8.99942e-07
-5.4154e-07
-1.37955e-06
-9.02838e-07
-1.76793e-06
-1.32039e-06
-2.06808e-06
-1.77571e-06
-2.28534e-06
-2.25239e-06
-2.42693e-06
-2.73644e-06
-2.50127e-06
-3.21629e-06
-2.51746e-06
-3.68274e-06
-2.48472e-06
-4.12876e-06
-2.41196e-06
-4.54923e-06
-2.30749e-06
-4.94068e-06
-2.17874e-06
-5.30093e-06
-2.0322e-06
-5.62888e-06
-1.87332e-06
-5.92421e-06
-1.70654e-06
-6.18717e-06
-1.53534e-06
-6.4184e-06
-1.3623e-06
-6.61874e-06
-1.18923e-06
-6.78915e-06
-1.01721e-06
-6.93053e-06
-8.46759e-07
-7.04371e-06
-6.77901e-07
-7.12934e-06
-5.10266e-07
-7.18786e-06
-3.43185e-07
-7.21944e-06
-1.75779e-07
-7.22399e-06
-7.04824e-09
-7.20114e-06
1.64047e-07
-7.15023e-06
3.38495e-07
-7.07032e-06
5.1714e-07
-6.96023e-06
7.00583e-07
-6.81857e-06
8.89079e-07
-6.64384e-06
1.08241e-06
-6.43445e-06
1.27978e-06
-6.18893e-06
1.47966e-06
-5.90601e-06
1.67968e-06
-5.58485e-06
1.87646e-06
-5.22528e-06
2.06556e-06
-4.82806e-06
2.24137e-06
-4.39524e-06
2.39705e-06
-3.93049e-06
2.52465e-06
-3.43948e-06
2.6152e-06
-2.9302e-06
2.659e-06
-2.41328e-06
2.64599e-06
-1.90209e-06
2.56633e-06
-1.41278e-06
2.411e-06
-9.64e-07
2.17256e-06
-5.76419e-07
1.84591e-06
-2.71933e-07
1.42885e-06
-7.27157e-08
9.22572e-07
3.32265e-07
-6.75287e-08
-2.61616e-07
-2.51445e-07
-7.16026e-07
-5.32094e-07
-1.0989e-06
-8.89791e-07
-1.41024e-06
-1.3056e-06
-1.65227e-06
-1.76193e-06
-1.82902e-06
-2.24296e-06
-1.9459e-06
-2.73491e-06
-2.00931e-06
-3.22615e-06
-2.02621e-06
-3.70718e-06
-2.00369e-06
-4.17047e-06
-1.94867e-06
-4.61031e-06
-1.86765e-06
-5.02256e-06
-1.76649e-06
-5.40441e-06
-1.65035e-06
-5.75412e-06
-1.52361e-06
-6.07079e-06
-1.38987e-06
-6.35417e-06
-1.25196e-06
-6.60444e-06
-1.11204e-06
-6.82207e-06
-9.71592e-07
-7.00769e-06
-8.31585e-07
-7.16196e-06
-6.92488e-07
-7.28549e-06
-5.54379e-07
-7.37874e-06
-4.17015e-07
-7.44201e-06
-2.79909e-07
-7.47539e-06
-1.42404e-07
-7.4787e-06
-3.74131e-09
-7.45151e-06
1.36862e-07
-7.39316e-06
2.80145e-07
-7.30274e-06
4.26722e-07
-7.17916e-06
5.77002e-07
-7.02119e-06
7.31101e-07
-6.82752e-06
8.88749e-07
-6.59692e-06
1.04919e-06
-6.32833e-06
1.21107e-06
-6.02101e-06
1.37236e-06
-5.67479e-06
1.53024e-06
-5.29027e-06
1.68104e-06
-4.86907e-06
1.82017e-06
-4.41417e-06
1.94215e-06
-3.93015e-06
2.04064e-06
-3.42354e-06
2.10859e-06
-2.90301e-06
2.13847e-06
-2.37959e-06
2.12257e-06
-1.86671e-06
2.05344e-06
-1.38009e-06
1.92438e-06
-9.37489e-07
1.72996e-06
-5.5817e-07
1.46659e-06
-2.62237e-07
1.13292e-06
-6.98065e-08
7.30141e-07
2.62458e-07
-6.63585e-08
-1.95258e-07
-2.47578e-07
-5.34806e-07
-5.24988e-07
-8.21494e-07
-8.799e-07
-1.05533e-06
-1.29426e-06
-1.23791e-06
-1.75118e-06
-1.3721e-06
-2.23528e-06
-1.46179e-06
-2.73301e-06
-1.51159e-06
-3.23271e-06
-1.52651e-06
-3.72468e-06
-1.51173e-06
-4.20104e-06
-1.47231e-06
-4.65565e-06
-1.41303e-06
-5.08388e-06
-1.33826e-06
-5.48241e-06
-1.25182e-06
-5.84901e-06
-1.15702e-06
-6.18232e-06
-1.05656e-06
-6.48167e-06
-9.52614e-07
-6.74688e-06
-8.46824e-07
-6.97811e-06
-7.40361e-07
-7.17572e-06
-6.33979e-07
-7.34013e-06
-5.28074e-07
-7.47177e-06
-4.22736e-07
-7.57097e-06
-3.17817e-07
-7.6379e-06
-2.1298e-07
-7.67254e-06
-1.07758e-07
-7.67467e-06
-1.61227e-09
-7.64383e-06
1.06017e-07
-7.57933e-06
2.15651e-07
-7.48033e-06
3.27714e-07
-7.34579e-06
4.42466e-07
-7.17463e-06
5.59945e-07
-6.96577e-06
6.79886e-07
-6.71824e-06
8.01652e-07
-6.43133e-06
9.24162e-07
-6.10478e-06
1.04581e-06
-5.73896e-06
1.16442e-06
-5.33508e-06
1.27716e-06
-4.89546e-06
1.38055e-06
-4.42379e-06
1.47048e-06
-3.92537e-06
1.54221e-06
-3.40733e-06
1.59054e-06
-2.87882e-06
1.60996e-06
-2.35113e-06
1.59488e-06
-1.83765e-06
1.53997e-06
-1.35374e-06
1.44047e-06
-9.16395e-07
1.29262e-06
-5.43789e-07
1.09398e-06
-2.54651e-07
8.43781e-07
-6.75436e-08
5.43034e-07
1.94915e-07
-6.5528e-08
-1.2973e-07
-2.44824e-07
-3.5551e-07
-5.19907e-07
-5.46412e-07
-8.72787e-07
-7.02446e-07
-1.28605e-06
-8.24647e-07
-1.74328e-06
-9.14861e-07
-2.22948e-06
-9.75596e-07
-2.73123e-06
-1.00983e-06
-3.23691e-06
-1.02083e-06
-3.73667e-06
-1.01197e-06
-4.22241e-06
-9.86566e-07
-4.68769e-06
-9.47761e-07
-5.12751e-06
-8.98435e-07
-5.53819e-06
-8.41141e-07
-5.91714e-06
-7.78068e-07
-6.26267e-06
-7.11037e-07
-6.57377e-06
-6.41506e-07
-6.85001e-06
-5.70588e-07
-7.09129e-06
-4.99084e-07
-7.29775e-06
-4.27515e-07
-7.46966e-06
-3.56162e-07
-7.6073e-06
-2.85104e-07
-7.71086e-06
-2.14257e-07
-7.78043e-06
-1.43409e-07
-7.81592e-06
-7.22641e-08
-7.81706e-06
-4.75587e-10
-7.78336e-06
7.23141e-08
-7.71414e-06
1.46437e-07
-7.60858e-06
2.22157e-07
-7.46574e-06
2.99626e-07
-7.28464e-06
3.78843e-07
-7.06436e-06
4.59604e-07
-6.80416e-06
5.4145e-07
-6.50362e-06
6.23626e-07
-6.16284e-06
7.05028e-07
-5.78259e-06
7.84164e-07
-5.36456e-06
8.59128e-07
-4.91159e-06
9.27581e-07
-4.42788e-06
9.8677e-07
-3.91923e-06
1.03356e-06
-3.39321e-06
1.06453e-06
-2.85931e-06
1.07606e-06
-2.32894e-06
1.06452e-06
-1.81545e-06
1.02647e-06
-1.33387e-06
9.58888e-07
-9.00634e-07
8.59385e-07
-5.3312e-07
7.2647e-07
-2.49054e-07
5.59715e-07
-6.58808e-08
3.59861e-07
1.29034e-07
-6.49956e-08
-6.47343e-08
-2.43055e-07
-1.77451e-07
-5.16633e-07
-2.72834e-07
-8.68186e-07
-3.50893e-07
-1.2807e-06
-4.12133e-07
-1.7381e-06
-4.57461e-07
-2.22559e-06
-4.88104e-07
-2.72989e-06
-5.05529e-07
-3.23939e-06
-5.11342e-07
-3.74415e-06
-5.07207e-07
-4.23595e-06
-4.94766e-07
-4.70813e-06
-4.75577e-07
-5.1555e-06
-4.51073e-07
-5.57411e-06
-4.22527e-07
-5.96115e-06
-3.91032e-07
-6.31468e-06
-3.57502e-07
-6.63352e-06
-3.22669e-07
-6.91701e-06
-2.87095e-07
-7.16491e-06
-2.51186e-07
-7.37721e-06
-2.15209e-07
-7.55407e-06
-1.7931e-07
-7.69564e-06
-1.43532e-07
-7.80206e-06
-1.07838e-07
-7.87334e-06
-7.21271e-08
-7.90935e-06
-3.62556e-08
-7.90977e-06
-5.38415e-11
-7.87411e-06
3.66519e-08
-7.8017e-06
7.40234e-08
-7.69172e-06
1.12186e-07
-7.54331e-06
1.5121e-07
-7.35555e-06
1.91086e-07
-7.12765e-06
2.31704e-07
-6.85903e-06
2.72825e-07
-6.54946e-06
3.1406e-07
-6.19928e-06
3.54847e-07
-5.80955e-06
3.9443e-07
-5.38227e-06
4.31849e-07
-4.92061e-06
4.65928e-07
-4.42913e-06
4.9529e-07
-3.91395e-06
5.18375e-07
-3.3829e-06
5.3348e-07
-2.84566e-06
5.3882e-07
-2.31376e-06
5.32611e-07
-1.80045e-06
5.13163e-07
-1.32056e-06
4.79002e-07
-8.90152e-07
4.28977e-07
-5.2606e-07
3.62378e-07
-2.45363e-07
2.79018e-07
-6.47877e-08
1.79285e-07
6.42463e-08
-6.47356e-08
1.29811e-12
-2.4219e-07
3.24402e-12
-5.15029e-07
4.6461e-12
-8.65927e-07
5.60354e-12
-1.27807e-06
6.18166e-12
-1.73553e-06
6.42357e-12
-2.22364e-06
6.39931e-12
-2.72918e-06
6.14263e-12
-3.24053e-06
5.68692e-12
-3.74774e-06
5.06557e-12
-4.24251e-06
4.32059e-12
-4.71809e-06
3.48312e-12
-5.16917e-06
2.58128e-12
-5.59169e-06
1.63947e-12
-5.98273e-06
6.82771e-13
-6.34023e-06
-2.66233e-13
-6.6629e-06
-1.18807e-12
-6.94999e-06
-2.06731e-12
-7.20117e-06
-2.88922e-12
-7.41638e-06
-3.63979e-12
-7.59568e-06
-4.30584e-12
-7.73921e-06
-4.87658e-12
-7.84704e-06
-5.34384e-12
-7.91916e-06
-5.70159e-12
-7.95541e-06
-5.9474e-12
-7.95546e-06
-6.08857e-12
-7.9188e-06
-6.08821e-12
-7.84477e-06
-5.98254e-12
-7.73258e-06
-5.76283e-12
-7.58137e-06
-5.43302e-12
-7.39027e-06
-5.00108e-12
-7.15857e-06
-4.4765e-12
-6.88574e-06
-3.86863e-12
-6.57167e-06
-3.18819e-12
-6.21682e-06
-2.4488e-12
-5.82239e-06
-1.66543e-12
-5.39054e-06
-8.55837e-13
-4.92462e-06
-3.91448e-14
-4.42933e-06
7.61584e-13
-3.91095e-06
1.52095e-12
-3.37747e-06
2.21506e-12
-2.83866e-06
2.81788e-12
-2.30605e-06
3.29293e-12
-1.79289e-06
3.61482e-12
-1.31389e-06
3.76303e-12
-8.84918e-07
3.70494e-12
-5.22544e-07
3.40955e-12
-2.43529e-07
2.83683e-12
-6.42455e-08
1.97943e-12
7.90599e-13
-6.47356e-08
6.47369e-08
-2.4219e-07
1.77457e-07
-5.15029e-07
2.72843e-07
-8.65927e-07
3.50904e-07
-1.27807e-06
4.12145e-07
-1.73553e-06
4.57473e-07
-2.22364e-06
4.88117e-07
-2.72918e-06
5.05541e-07
-3.24053e-06
5.11354e-07
-3.74774e-06
5.07217e-07
-4.24251e-06
4.94774e-07
-4.71809e-06
4.75584e-07
-5.16917e-06
4.51079e-07
-5.59169e-06
4.2253e-07
-5.98273e-06
3.91033e-07
-6.34023e-06
3.57501e-07
-6.66289e-06
3.22666e-07
-6.94999e-06
2.87091e-07
-7.20117e-06
2.51181e-07
-7.41638e-06
2.15202e-07
-7.59568e-06
1.79301e-07
-7.73921e-06
1.43522e-07
-7.84704e-06
1.07827e-07
-7.91916e-06
7.21158e-08
-7.95541e-06
3.62439e-08
-7.95546e-06
4.17736e-11
-7.9188e-06
-3.6664e-08
-7.84477e-06
-7.40352e-08
-7.73258e-06
-1.12197e-07
-7.58137e-06
-1.51221e-07
-7.39027e-06
-1.91096e-07
-7.15857e-06
-2.31713e-07
-6.88574e-06
-2.72833e-07
-6.57167e-06
-3.14066e-07
-6.21682e-06
-3.54852e-07
-5.82239e-06
-3.94434e-07
-5.39054e-06
-4.3185e-07
-4.92462e-06
-4.65928e-07
-4.42933e-06
-4.95289e-07
-3.91095e-06
-5.18372e-07
-3.37747e-06
-5.33476e-07
-2.83866e-06
-5.38815e-07
-2.30605e-06
-5.32604e-07
-1.79289e-06
-5.13156e-07
-1.31389e-06
-4.78994e-07
-8.84918e-07
-4.28969e-07
-5.22544e-07
-3.62371e-07
-2.43529e-07
-2.79012e-07
-6.42455e-08
-1.79282e-07
-6.42447e-08
-6.49955e-08
1.29732e-07
-2.43055e-07
3.55517e-07
-5.16632e-07
5.46421e-07
-8.68185e-07
7.02457e-07
-1.2807e-06
8.24659e-07
-1.7381e-06
9.14874e-07
-2.22559e-06
9.75608e-07
-2.72989e-06
1.00984e-06
-3.23938e-06
1.02084e-06
-3.74415e-06
1.01198e-06
-4.23595e-06
9.86575e-07
-4.70813e-06
9.47768e-07
-5.15549e-06
8.98441e-07
-5.57411e-06
8.41144e-07
-5.96114e-06
7.78069e-07
-6.31468e-06
7.11037e-07
-6.63352e-06
6.41503e-07
-6.91701e-06
5.70584e-07
-7.16491e-06
4.99078e-07
-7.37721e-06
4.27508e-07
-7.55407e-06
3.56154e-07
-7.69564e-06
2.85095e-07
-7.80206e-06
2.14246e-07
-7.87334e-06
1.43398e-07
-7.90935e-06
7.22527e-08
-7.90977e-06
4.63921e-10
-7.87411e-06
-7.23258e-08
-7.8017e-06
-1.46449e-07
-7.69172e-06
-2.22168e-07
-7.54331e-06
-2.99637e-07
-7.35555e-06
-3.78853e-07
-7.12765e-06
-4.59612e-07
-6.85903e-06
-5.41458e-07
-6.54946e-06
-6.23632e-07
-6.19928e-06
-7.05033e-07
-5.80955e-06
-7.84168e-07
-5.38227e-06
-8.59129e-07
-4.92061e-06
-9.27581e-07
-4.42913e-06
-9.86769e-07
-3.91395e-06
-1.03356e-06
-3.3829e-06
-1.06452e-06
-2.84566e-06
-1.07605e-06
-2.31376e-06
-1.06451e-06
-1.80045e-06
-1.02647e-06
-1.32056e-06
-9.58881e-07
-8.90153e-07
-8.59378e-07
-5.2606e-07
-7.26464e-07
-2.45363e-07
-5.59709e-07
-6.47877e-08
-3.59857e-07
-1.29032e-07
-6.55279e-08
1.9526e-07
-2.44824e-07
5.34812e-07
-5.19906e-07
8.21503e-07
-8.72786e-07
1.05534e-06
-1.28604e-06
1.23792e-06
-1.74328e-06
1.37211e-06
-2.22948e-06
1.4618e-06
-2.73123e-06
1.5116e-06
-3.23691e-06
1.52652e-06
-3.73666e-06
1.51174e-06
-4.22241e-06
1.47232e-06
-4.68768e-06
1.41304e-06
-5.1275e-06
1.33826e-06
-5.53819e-06
1.25183e-06
-5.91714e-06
1.15702e-06
-6.26266e-06
1.05656e-06
-6.57377e-06
9.52612e-07
-6.85001e-06
8.4682e-07
-7.09128e-06
7.40355e-07
-7.29775e-06
6.33973e-07
-7.46966e-06
5.28066e-07
-7.60729e-06
4.22728e-07
-7.71085e-06
3.17807e-07
-7.78042e-06
2.12969e-07
-7.81592e-06
1.07747e-07
-7.81706e-06
1.60115e-09
-7.78335e-06
-1.06028e-07
-7.71414e-06
-2.15662e-07
-7.60858e-06
-3.27724e-07
-7.46574e-06
-4.42476e-07
-7.28464e-06
-5.59954e-07
-7.06436e-06
-6.79894e-07
-6.80416e-06
-8.01659e-07
-6.50362e-06
-9.24168e-07
-6.16284e-06
-1.04582e-06
-5.78259e-06
-1.16442e-06
-5.36456e-06
-1.27716e-06
-4.91159e-06
-1.38055e-06
-4.42788e-06
-1.47048e-06
-3.91923e-06
-1.54221e-06
-3.39322e-06
-1.59054e-06
-2.85931e-06
-1.60996e-06
-2.32894e-06
-1.59488e-06
-1.81545e-06
-1.53996e-06
-1.33387e-06
-1.44046e-06
-9.00635e-07
-1.29261e-06
-5.33121e-07
-1.09398e-06
-2.49054e-07
-8.43776e-07
-6.58809e-08
-5.4303e-07
-1.94913e-07
-6.63583e-08
2.61619e-07
-2.47577e-07
7.16031e-07
-5.24987e-07
1.09891e-06
-8.79898e-07
1.41025e-06
-1.29426e-06
1.65228e-06
-1.75118e-06
1.82903e-06
-2.23528e-06
1.94591e-06
-2.73301e-06
2.00932e-06
-3.23271e-06
2.02622e-06
-3.72467e-06
2.0037e-06
-4.20103e-06
1.94868e-06
-4.65564e-06
1.86765e-06
-5.08388e-06
1.76649e-06
-5.4824e-06
1.65035e-06
-5.849e-06
1.52361e-06
-6.18231e-06
1.38987e-06
-6.48166e-06
1.25196e-06
-6.74687e-06
1.11203e-06
-6.9781e-06
9.71587e-07
-7.17571e-06
8.31578e-07
-7.34012e-06
6.92481e-07
-7.47177e-06
5.54371e-07
-7.57097e-06
4.17006e-07
-7.6379e-06
2.79899e-07
-7.67254e-06
1.42394e-07
-7.67467e-06
3.73086e-09
-7.64383e-06
-1.36873e-07
-7.57933e-06
-2.80155e-07
-7.48033e-06
-4.26732e-07
-7.34579e-06
-5.77011e-07
-7.17464e-06
-7.3111e-07
-6.96577e-06
-8.88756e-07
-6.71824e-06
-1.04919e-06
-6.43133e-06
-1.21107e-06
-6.10479e-06
-1.37236e-06
-5.73896e-06
-1.53024e-06
-5.33508e-06
-1.68104e-06
-4.89547e-06
-1.82017e-06
-4.4238e-06
-1.94214e-06
-3.92537e-06
-2.04063e-06
-3.40733e-06
-2.10859e-06
-2.87882e-06
-2.13846e-06
-2.35113e-06
-2.12257e-06
-1.83766e-06
-2.05344e-06
-1.35374e-06
-1.92437e-06
-9.16397e-07
-1.72996e-06
-5.4379e-07
-1.46658e-06
-2.54652e-07
-1.13291e-06
-6.75437e-08
-7.30138e-07
-2.62457e-07
-6.75285e-08
3.29147e-07
-2.51444e-07
8.99946e-07
-5.32093e-07
1.37956e-06
-8.89788e-07
1.76794e-06
-1.3056e-06
2.06809e-06
-1.76192e-06
2.28535e-06
-2.24295e-06
2.42694e-06
-2.7349e-06
2.50128e-06
-3.22615e-06
2.51747e-06
-3.70717e-06
2.48472e-06
-4.17046e-06
2.41197e-06
-4.6103e-06
2.30749e-06
-5.02256e-06
2.17875e-06
-5.4044e-06
2.0322e-06
-5.75411e-06
1.87332e-06
-6.07078e-06
1.70654e-06
-6.35416e-06
1.53534e-06
-6.60443e-06
1.3623e-06
-6.82206e-06
1.18922e-06
-7.00769e-06
1.0172e-06
-7.16196e-06
8.46752e-07
-7.28548e-06
6.77894e-07
-7.37873e-06
5.10258e-07
-7.44201e-06
3.43176e-07
-7.47539e-06
1.7577e-07
-7.47869e-06
7.0386e-09
-7.45151e-06
-1.64057e-07
-7.39316e-06
-3.38504e-07
-7.30274e-06
-5.17149e-07
-7.17916e-06
-7.00592e-07
-7.02119e-06
-8.89087e-07
-6.82752e-06
-1.08242e-06
-6.59693e-06
-1.27979e-06
-6.32833e-06
-1.47967e-06
-6.02102e-06
-1.67968e-06
-5.6748e-06
-1.87646e-06
-5.29027e-06
-2.06557e-06
-4.86907e-06
-2.24137e-06
-4.41417e-06
-2.39705e-06
-3.93016e-06
-2.52465e-06
-3.42354e-06
-2.6152e-06
-2.90302e-06
-2.65899e-06
-2.3796e-06
-2.64599e-06
-1.86671e-06
-2.56632e-06
-1.38009e-06
-2.41099e-06
-9.37491e-07
-2.17256e-06
-5.58171e-07
-1.8459e-06
-2.62238e-07
-1.42885e-06
-6.98067e-08
-9.22569e-07
-3.32264e-07
-6.90995e-08
3.98247e-07
-2.56613e-07
1.08746e-06
-5.41538e-07
1.66449e-06
-9.02835e-07
2.12924e-06
-1.32039e-06
2.48564e-06
-1.7757e-06
2.74067e-06
-2.25239e-06
2.90362e-06
-2.73644e-06
2.98532e-06
-3.21628e-06
2.99731e-06
-3.68273e-06
2.95117e-06
-4.12875e-06
2.85799e-06
-4.54923e-06
2.72797e-06
-4.94067e-06
2.57019e-06
-5.30092e-06
2.39246e-06
-5.62887e-06
2.20127e-06
-5.9242e-06
2.00187e-06
-6.18716e-06
1.7983e-06
-6.41839e-06
1.59353e-06
-6.61873e-06
1.38957e-06
-6.78914e-06
1.18761e-06
-6.93052e-06
9.88137e-07
-7.04371e-06
7.91076e-07
-7.12934e-06
5.95889e-07
-7.18785e-06
4.0169e-07
-7.21943e-06
2.07351e-07
-7.22399e-06
1.15946e-08
-7.20114e-06
-1.86903e-07
-7.15023e-06
-3.89416e-07
-7.07032e-06
-5.9706e-07
-6.96023e-06
-8.10684e-07
-6.81857e-06
-1.03074e-06
-6.64384e-06
-1.25716e-06
-6.43446e-06
-1.48917e-06
-6.18894e-06
-1.72519e-06
-5.90602e-06
-1.9626e-06
-5.58486e-06
-2.19762e-06
-5.22528e-06
-2.42514e-06
-4.82806e-06
-2.63859e-06
-4.39524e-06
-2.82987e-06
-3.93049e-06
-2.9894e-06
-3.43948e-06
-3.10621e-06
-2.93021e-06
-3.16827e-06
-2.41328e-06
-3.16291e-06
-1.90209e-06
-3.07751e-06
-1.41278e-06
-2.9003e-06
-9.64002e-07
-2.62134e-06
-5.7642e-07
-2.23349e-06
-2.71934e-07
-1.73333e-06
-7.27159e-08
-1.12179e-06
-4.04979e-07
-7.11574e-08
4.69404e-07
-2.63346e-07
1.27965e-06
-5.53754e-07
1.95489e-06
-9.19548e-07
2.49504e-06
-1.33908e-06
2.90517e-06
-1.79271e-06
3.1943e-06
-2.26338e-06
3.3743e-06
-2.73687e-06
3.45881e-06
-3.20176e-06
3.46221e-06
-3.64934e-06
3.39875e-06
-4.07324e-06
3.28189e-06
-4.46915e-06
3.12388e-06
-4.8344e-06
2.93544e-06
-5.16766e-06
2.72572e-06
-5.46859e-06
2.5022e-06
-5.73755e-06
2.27083e-06
-5.97541e-06
2.03616e-06
-6.18332e-06
1.80143e-06
-6.36255e-06
1.5688e-06
-6.51439e-06
1.33945e-06
-6.64006e-06
1.1138e-06
-6.7406e-06
8.91617e-07
-6.81686e-06
6.72142e-07
-6.86941e-06
4.5424e-07
-6.89855e-06
2.36498e-07
-6.90429e-06
1.73369e-08
-6.88631e-06
-2.04885e-07
-6.84397e-06
-4.3176e-07
-6.77631e-06
-6.64722e-07
-6.68207e-06
-9.04918e-07
-6.55974e-06
-1.15307e-06
-6.40757e-06
-1.40933e-06
-6.22364e-06
-1.67309e-06
-6.00602e-06
-1.94281e-06
-5.75283e-06
-2.21579e-06
-5.46247e-06
-2.48797e-06
-5.13388e-06
-2.75373e-06
-4.76679e-06
-3.00568e-06
-4.3621e-06
-3.23456e-06
-3.92231e-06
-3.42918e-06
-3.45197e-06
-3.57655e-06
-2.95813e-06
-3.6621e-06
-2.45078e-06
-3.67027e-06
-1.9431e-06
-3.58519e-06
-1.45162e-06
-3.39178e-06
-9.96056e-07
-3.0769e-06
-5.98764e-07
-2.63078e-06
-2.83918e-07
-2.04818e-06
-7.63381e-08
-1.32937e-06
-4.81318e-07
-7.38219e-08
5.43226e-07
-2.72002e-07
1.47783e-06
-5.6932e-07
2.25221e-06
-9.40588e-07
2.8663e-06
-1.36219e-06
3.32677e-06
-1.81312e-06
3.64523e-06
-2.27555e-06
3.83673e-06
-2.73509e-06
3.91835e-06
-3.18068e-06
3.90779e-06
-3.60425e-06
3.82232e-06
-4.00038e-06
3.67802e-06
-4.36576e-06
3.48926e-06
-4.69879e-06
3.26848e-06
-4.99914e-06
3.02606e-06
-5.26735e-06
2.77041e-06
-5.50462e-06
2.5081e-06
-5.71246e-06
2.24401e-06
-5.89261e-06
1.98158e-06
-6.04679e-06
1.72298e-06
-6.17666e-06
1.46933e-06
-6.28373e-06
1.22087e-06
-6.36928e-06
9.7717e-07
-6.43434e-06
7.37201e-07
-6.47964e-06
4.99541e-07
-6.50561e-06
2.62465e-07
-6.51233e-06
2.40626e-08
-6.49957e-06
-2.17647e-07
-6.46672e-06
-4.64608e-07
-6.41284e-06
-7.18607e-07
-6.33661e-06
-9.81144e-07
-6.2364e-06
-1.25328e-06
-6.11024e-06
-1.53549e-06
-5.95591e-06
-1.82742e-06
-5.77099e-06
-2.12773e-06
-5.55298e-06
-2.4338e-06
-5.29947e-06
-2.74149e-06
-5.00835e-06
-3.04484e-06
-4.67818e-06
-3.33586e-06
-4.30849e-06
-3.60425e-06
-3.90035e-06
-3.83732e-06
-3.45687e-06
-4.02003e-06
-2.9838e-06
-4.13516e-06
-2.49018e-06
-4.16389e-06
-1.98877e-06
-4.08661e-06
-1.49637e-06
-3.88417e-06
-1.03383e-06
-3.53945e-06
-6.25525e-07
-3.03909e-06
-2.98443e-07
-2.37526e-06
-8.07688e-08
-1.54704e-06
-5.62086e-07
-7.72586e-08
6.20485e-07
-2.83069e-07
1.68364e-06
-5.89e-07
2.55814e-06
-9.66791e-07
3.24409e-06
-1.39036e-06
3.75034e-06
-1.83703e-06
4.0919e-06
-2.28821e-06
4.28791e-06
-2.72947e-06
4.35961e-06
-3.15032e-06
4.32864e-06
-3.54371e-06
4.21571e-06
-3.90542e-06
4.03973e-06
-4.23348e-06
3.81731e-06
-4.52754e-06
3.56254e-06
-4.78847e-06
3.28698e-06
-5.01787e-06
2.99981e-06
-5.2178e-06
2.70803e-06
-5.39054e-06
2.41675e-06
-5.53839e-06
2.12942e-06
-5.66355e-06
1.84814e-06
-5.76804e-06
1.57382e-06
-5.85365e-06
1.30648e-06
-5.92187e-06
1.04539e-06
-5.97391e-06
7.89237e-07
-6.01063e-06
5.36263e-07
-6.03258e-06
2.84412e-07
-6.03995e-06
3.143e-08
-6.03257e-06
-2.25024e-07
-6.00991e-06
-4.87263e-07
-5.97106e-06
-7.57458e-07
-5.9147e-06
-1.03751e-06
-5.83911e-06
-1.32887e-06
-5.74217e-06
-1.63243e-06
-5.62137e-06
-1.94822e-06
-5.47385e-06
-2.27525e-06
-5.2965e-06
-2.61116e-06
-5.08605e-06
-2.95194e-06
-4.83933e-06
-3.29157e-06
-4.55353e-06
-3.62166e-06
-4.22664e-06
-3.93113e-06
-3.85797e-06
-4.20599e-06
-3.44884e-06
-4.42917e-06
-3.00329e-06
-4.58071e-06
-2.52896e-06
-4.63822e-06
-2.0378e-06
-4.57777e-06
-1.54668e-06
-4.37529e-06
-1.07756e-06
-4.00856e-06
-6.57147e-07
-3.4595e-06
-3.15863e-07
-2.71654e-06
-8.61438e-08
-1.77676e-06
-6.4823e-07
-8.16971e-08
7.02182e-07
-2.97206e-07
1.89915e-06
-6.13794e-07
2.87473e-06
-9.99191e-07
3.62949e-06
-1.42423e-06
4.17537e-06
-1.86432e-06
4.532e-06
-2.30014e-06
4.72373e-06
-2.7175e-06
4.77697e-06
-3.10687e-06
4.71801e-06
-3.46261e-06
4.57145e-06
-3.78213e-06
4.35925e-06
-4.06507e-06
4.10026e-06
-4.31266e-06
3.81014e-06
-4.52712e-06
3.50144e-06
-4.71123e-06
3.18392e-06
-4.868e-06
2.8648e-06
-5.00046e-06
2.54921e-06
-5.1115e-06
2.24046e-06
-5.20375e-06
1.94039e-06
-5.27957e-06
1.64964e-06
-5.34097e-06
1.36788e-06
-5.38962e-06
1.09405e-06
-5.42686e-06
8.26479e-07
-5.45368e-06
5.63081e-07
-5.47072e-06
3.01448e-07
-5.47826e-06
3.89728e-08
-5.47624e-06
-2.27044e-07
-5.46421e-06
-4.99292e-07
-5.44133e-06
-7.80342e-07
-5.40632e-06
-1.07251e-06
-5.35746e-06
-1.37773e-06
-5.29254e-06
-1.69735e-06
-5.20885e-06
-2.03191e-06
-5.10318e-06
-2.38093e-06
-4.97183e-06
-2.74251e-06
-4.81074e-06
-3.11303e-06
-4.61563e-06
-3.48667e-06
-4.38228e-06
-3.85501e-06
-4.1069e-06
-4.20651e-06
-3.78678e-06
-4.5261e-06
-3.42101e-06
-4.79494e-06
-3.01142e-06
-4.99031e-06
-2.56368e-06
-5.08597e-06
-2.08837e-06
-5.05307e-06
-1.60201e-06
-4.86165e-06
-1.12754e-06
-4.48304e-06
-6.94238e-07
-3.8928e-06
-3.36678e-07
-3.0741e-06
-9.26572e-08
-2.02078e-06
-7.40887e-07
-8.74594e-08
7.89641e-07
-3.15308e-07
2.127e-06
-6.45e-07
3.20442e-06
-1.03902e-06
4.02351e-06
-1.4644e-06
4.60075e-06
-1.89445e-06
4.96205e-06
-2.3093e-06
5.13857e-06
-2.69545e-06
5.16313e-06
-3.04492e-06
5.06748e-06
-3.354e-06
4.88054e-06
-3.62222e-06
4.62746e-06
-3.85125e-06
4.32928e-06
-4.04412e-06
4.00301e-06
-4.20459e-06
3.66192e-06
-4.3367e-06
3.31602e-06
-4.44443e-06
2.97253e-06
-4.53154e-06
2.63632e-06
-4.60144e-06
2.31037e-06
-4.65715e-06
1.9961e-06
-4.70126e-06
1.69374e-06
-4.73595e-06
1.40257e-06
-4.76301e-06
1.12111e-06
-4.78384e-06
8.47318e-07
-4.79952e-06
5.78758e-07
-4.81075e-06
3.12676e-07
-4.8179e-06
4.61276e-08
-4.82101e-06
-2.23932e-07
-4.81975e-06
-5.00556e-07
-4.81339e-06
-7.86706e-07
-4.80076e-06
-1.08514e-06
-4.78022e-06
-1.39827e-06
-4.74959e-06
-1.72798e-06
-4.70606e-06
-2.07544e-06
-4.64619e-06
-2.4408e-06
-4.56585e-06
-2.82284e-06
-4.46028e-06
-3.2186e-06
-4.32413e-06
-3.62282e-06
-4.15174e-06
-4.02741e-06
-3.93745e-06
-4.4208e-06
-3.67624e-06
-4.78731e-06
-3.36454e-06
-5.10664e-06
-3.00136e-06
-5.35349e-06
-2.58966e-06
-5.49767e-06
-2.13789e-06
-5.50483e-06
-1.66151e-06
-5.33803e-06
-1.18409e-06
-4.96046e-06
-7.37613e-07
-4.33928e-06
-3.6159e-07
-3.45013e-06
-1.00589e-07
-2.28178e-06
-8.41476e-07
-9.50039e-08
8.84645e-07
-3.38598e-07
2.37059e-06
-6.84284e-07
3.55011e-06
-1.08769e-06
4.42692e-06
-1.51124e-06
5.0243e-06
-1.92608e-06
5.37689e-06
-2.31225e-06
5.52474e-06
-2.6577e-06
5.50858e-06
-2.95674e-06
5.36652e-06
-3.20838e-06
5.13218e-06
-3.41479e-06
4.83387e-06
-3.58008e-06
4.49458e-06
-3.70936e-06
4.13228e-06
-3.80804e-06
3.7606e-06
-3.88142e-06
3.3894e-06
-3.93442e-06
3.02554e-06
-3.97145e-06
2.67335e-06
-3.99633e-06
2.33525e-06
-4.01232e-06
2.0121e-06
-4.02216e-06
1.70358e-06
-4.02808e-06
1.40849e-06
-4.03189e-06
1.12491e-06
-4.035e-06
8.50425e-07
-4.03848e-06
5.82234e-07
-4.04307e-06
3.17268e-07
-4.04922e-06
5.22763e-08
-4.05705e-06
-2.16094e-07
-4.06638e-06
-4.91225e-07
-4.07665e-06
-7.7644e-07
-4.08688e-06
-1.07491e-06
-4.0956e-06
-1.38954e-06
-4.10079e-06
-1.7228e-06
-4.09971e-06
-2.07652e-06
-4.08887e-06
-2.45163e-06
-4.06391e-06
-2.8478e-06
-4.01953e-06
-3.26298e-06
-3.94949e-06
-3.69285e-06
-3.84678e-06
-4.13013e-06
-3.70383e-06
-4.56375e-06
-3.51311e-06
-4.97803e-06
-3.26798e-06
-5.35176e-06
-2.96396e-06
-5.65751e-06
-2.60039e-06
-5.86124e-06
-2.18253e-06
-5.92269e-06
-1.72375e-06
-5.79681e-06
-1.24749e-06
-5.43673e-06
-7.88347e-07
-4.79842e-06
-3.91588e-07
-3.84689e-06
-1.10348e-07
-2.56302e-06
-9.51824e-07
-1.04997e-07
9.89642e-07
-3.68757e-07
2.63435e-06
-7.33757e-07
3.91511e-06
-1.14667e-06
4.83983e-06
-1.56448e-06
5.44211e-06
-1.95642e-06
5.76883e-06
-2.30334e-06
5.87166e-06
-2.59576e-06
5.80099e-06
-2.83138e-06
5.60214e-06
-3.01278e-06
5.31358e-06
-3.14546e-06
4.96655e-06
-3.23634e-06
4.58546e-06
-3.29279e-06
4.18873e-06
-3.32189e-06
3.7897e-06
-3.33017e-06
3.39768e-06
-3.32332e-06
3.01869e-06
-3.30622e-06
2.65625e-06
-3.28294e-06
2.31196e-06
-3.25681e-06
1.98597e-06
-3.23054e-06
1.67731e-06
-3.20628e-06
1.38423e-06
-3.18573e-06
1.10436e-06
-3.17022e-06
8.3491e-07
-3.16074e-06
5.72755e-07
-3.15802e-06
3.14553e-07
-3.16255e-06
5.68024e-08
-3.17455e-06
-2.04099e-07
-3.19398e-06
-4.71796e-07
-3.2205e-06
-7.49918e-07
-3.2534e-06
-1.04201e-06
-3.29153e-06
-1.35142e-06
-3.33313e-06
-1.68119e-06
-3.37578e-06
-2.03388e-06
-3.41615e-06
-2.41127e-06
-3.44989e-06
-2.81406e-06
-3.47148e-06
-3.2414e-06
-3.47407e-06
-3.69027e-06
-3.4495e-06
-4.1547e-06
-3.38843e-06
-4.62482e-06
-3.28077e-06
-5.08568e-06
-3.11649e-06
-5.51605e-06
-2.88691e-06
-5.88709e-06
-2.58672e-06
-6.16143e-06
-2.21659e-06
-6.29282e-06
-1.78627e-06
-6.22713e-06
-1.31779e-06
-5.90521e-06
-8.47812e-07
-5.26839e-06
-4.28068e-07
-4.26663e-06
-1.22544e-07
-2.86855e-06
-1.07437e-06
-1.18436e-07
1.10808e-06
-4.08121e-07
2.92404e-06
-7.96023e-07
4.30301e-06
-1.21717e-06
5.26098e-06
-1.62252e-06
5.84746e-06
-1.98022e-06
6.12652e-06
-2.27345e-06
6.1649e-06
-2.49695e-06
6.02449e-06
-2.65327e-06
5.75845e-06
-2.74959e-06
5.4099e-06
-2.79538e-06
5.01233e-06
-2.80068e-06
4.59076e-06
-2.77514e-06
4.16319e-06
-2.72745e-06
3.74202e-06
-2.6651e-06
3.33532e-06
-2.59432e-06
2.94791e-06
-2.52019e-06
2.58212e-06
-2.44677e-06
2.23854e-06
-2.37722e-06
1.91643e-06
-2.31403e-06
1.61412e-06
-2.25908e-06
1.32928e-06
-2.21383e-06
1.05912e-06
-2.1794e-06
8.00483e-07
-2.15665e-06
5.49999e-07
-2.14621e-06
3.04115e-07
-2.14856e-06
5.91582e-08
-2.16403e-06
-1.88637e-07
-2.19273e-06
-4.43091e-07
-2.2346e-06
-7.08049e-07
-2.28927e-06
-9.87339e-07
-2.35599e-06
-1.2847e-06
-2.43349e-06
-1.60369e-06
-2.51982e-06
-1.94755e-06
-2.61212e-06
-2.31896e-06
-2.70641e-06
-2.71977e-06
-2.7973e-06
-3.15051e-06
-2.87775e-06
-3.60981e-06
-2.93889e-06
-4.09356e-06
-2.96994e-06
-4.59377e-06
-2.95841e-06
-5.09722e-06
-2.89072e-06
-5.58374e-06
-2.75347e-06
-6.02434e-06
-2.53556e-06
-6.37934e-06
-2.23134e-06
-6.59704e-06
-1.84481e-06
-6.61366e-06
-1.39447e-06
-6.35555e-06
-9.17675e-07
-5.74519e-06
-4.73014e-07
-4.71129e-06
-1.38112e-07
-3.20345e-06
-1.21248e-06
-1.3686e-07
1.24494e-06
-4.59944e-07
3.24712e-06
-8.74121e-07
4.71719e-06
-1.29957e-06
5.68643e-06
-1.68121e-06
6.2291e-06
-1.98798e-06
6.43328e-06
-2.20794e-06
6.38487e-06
-2.34239e-06
6.15894e-06
-2.40045e-06
5.81651e-06
-2.39502e-06
5.40448e-06
-2.34003e-06
4.95734e-06
-2.24875e-06
4.49948e-06
-2.13295e-06
4.04739e-06
-2.00255e-06
3.61162e-06
-1.86563e-06
3.1984e-06
-1.72854e-06
2.81082e-06
-1.59619e-06
2.44977e-06
-1.47227e-06
2.11462e-06
-1.35952e-06
1.80367e-06
-1.25993e-06
1.51453e-06
-1.17495e-06
1.2443e-06
-1.10564e-06
9.89809e-07
-1.05279e-06
7.47631e-07
-1.017e-06
5.14214e-07
-9.98787e-07
2.85899e-07
-9.98569e-07
5.89402e-08
-1.01673e-06
-1.70479e-07
-1.05357e-06
-4.06243e-07
-1.10932e-06
-6.52299e-07
-1.18403e-06
-9.12638e-07
-1.27745e-06
-1.19127e-06
-1.38897e-06
-1.49217e-06
-1.51734e-06
-1.81918e-06
-1.66046e-06
-2.17584e-06
-1.8151e-06
-2.56513e-06
-1.9765e-06
-2.98911e-06
-2.138e-06
-3.44831e-06
-2.29062e-06
-3.94093e-06
-2.42276e-06
-4.46163e-06
-2.52003e-06
-4.99995e-06
-2.56554e-06
-5.53823e-06
-2.54087e-06
-6.04901e-06
-2.42808e-06
-6.49212e-06
-2.21329e-06
-6.81183e-06
-1.89192e-06
-6.93503e-06
-1.47561e-06
-6.77186e-06
-9.99757e-07
-6.22104e-06
-5.29239e-07
-5.18181e-06
-1.58524e-07
-3.57416e-06
-1.371e-06
-1.62725e-07
1.40766e-06
-5.28755e-07
3.61315e-06
-9.71176e-07
5.15961e-06
-1.39196e-06
6.10722e-06
-1.73147e-06
6.5686e-06
-1.96311e-06
6.66493e-06
-2.08373e-06
6.50548e-06
-2.10421e-06
6.17942e-06
-2.0422e-06
5.75451e-06
-1.91725e-06
5.27952e-06
-1.74791e-06
4.788e-06
-1.5504e-06
4.30197e-06
-1.33805e-06
3.83504e-06
-1.1214e-06
3.39498e-06
-9.08479e-07
2.98548e-06
-7.05198e-07
2.60754e-06
-5.15795e-07
2.26037e-06
-3.43206e-07
1.94203e-06
-1.89396e-07
1.64986e-06
-5.56372e-08
1.38077e-06
5.7268e-08
1.1314e-06
1.48815e-07
8.98262e-07
2.1866e-07
6.77786e-07
2.66523e-07
4.66352e-07
2.92114e-07
2.60308e-07
2.95091e-07
5.5963e-08
2.75039e-07
-1.50427e-07
2.31474e-07
-3.62678e-07
1.63871e-07
-5.84696e-07
7.17279e-08
-8.20495e-07
-4.53421e-08
-1.0742e-06
-1.8747e-07
-1.35005e-06
-3.54337e-07
-1.65232e-06
-5.4491e-07
-1.98527e-06
-7.57103e-07
-2.35294e-06
-9.87338e-07
-2.75888e-06
-1.23002e-06
-3.20564e-06
-1.47691e-06
-3.69404e-06
-1.71652e-06
-4.22202e-06
-1.9335e-06
-4.78297e-06
-2.1084e-06
-5.36333e-06
-2.21804e-06
-5.93937e-06
-2.23707e-06
-6.47309e-06
-2.14144e-06
-6.90747e-06
-1.91452e-06
-7.16195e-06
-1.55637e-06
-7.13001e-06
-1.09553e-06
-6.68188e-06
-6.00683e-07
-5.67666e-06
-1.8617e-07
-3.98868e-06
-1.55718e-06
-2.00063e-07
1.60773e-06
-6.20684e-07
4.03377e-06
-1.08926e-06
5.62818e-06
-1.4873e-06
6.50526e-06
-1.75519e-06
6.83649e-06
-1.87731e-06
6.78705e-06
-1.86481e-06
6.49299e-06
-1.7418e-06
6.05641e-06
-1.53617e-06
5.54887e-06
-1.27443e-06
5.01778e-06
-9.79307e-07
4.49288e-06
-6.69022e-07
3.99168e-06
-3.57463e-07
3.52348e-06
-5.47789e-08
3.09229e-06
2.31917e-07
2.69878e-06
4.97864e-07
2.34159e-06
7.40059e-07
2.01817e-06
9.56766e-07
1.72532e-06
1.14712e-06
1.45951e-06
1.31081e-06
1.21708e-06
1.44786e-06
9.94344e-07
1.55846e-06
7.87666e-07
1.64279e-06
5.93452e-07
1.70098e-06
4.08161e-07
1.733e-06
2.28286e-07
1.73864e-06
5.03235e-08
1.71748e-06
-1.29261e-07
1.66887e-06
-3.14071e-07
1.59199e-06
-5.0782e-07
1.48587e-06
-7.14376e-07
1.34947e-06
-9.37798e-07
1.18179e-06
-1.18237e-06
9.82079e-07
-1.4526e-06
7.50055e-07
-1.75324e-06
4.8627e-07
-2.08915e-06
1.92571e-07
-2.46518e-06
-1.27274e-07
-2.88579e-06
-4.6679e-07
-3.35452e-06
-8.15847e-07
-3.87296e-06
-1.15961e-06
-4.43921e-06
-1.47755e-06
-5.04539e-06
-1.74292e-06
-5.674e-06
-1.92325e-06
-6.29276e-06
-1.98302e-06
-6.8477e-06
-1.88986e-06
-7.25511e-06
-1.62588e-06
-7.39399e-06
-1.20475e-06
-7.103e-06
-6.92629e-07
-6.18878e-06
-2.25017e-07
-4.45629e-06
-1.78219e-06
-2.55598e-07
1.86332e-06
-7.43368e-07
4.52154e-06
-1.22631e-06
6.11113e-06
-1.56758e-06
6.84653e-06
-1.71799e-06
6.9869e-06
-1.68331e-06
6.75237e-06
-1.49609e-06
6.30576e-06
-1.19706e-06
5.75738e-06
-8.25087e-07
5.1769e-06
-4.12785e-07
4.60548e-06
1.45712e-08
4.06553e-06
4.3851e-07
3.56774e-06
8.46214e-07
3.11578e-06
1.22927e-06
2.70923e-06
1.58254e-06
2.34551e-06
1.90324e-06
2.0209e-06
2.19017e-06
1.73124e-06
2.4432e-06
1.47229e-06
2.66286e-06
1.23985e-06
2.85e-06
1.02994e-06
3.00559e-06
8.38752e-07
3.13058e-06
6.62679e-07
3.22575e-06
4.9828e-07
3.29167e-06
3.42247e-07
3.32859e-06
1.9136e-07
3.33648e-06
4.24407e-08
3.31491e-06
-1.07699e-07
3.26315e-06
-2.62308e-07
3.18009e-06
-4.24755e-07
3.0643e-06
-5.9859e-07
2.91411e-06
-7.87604e-07
2.72764e-06
-9.959e-07
2.50299e-06
-1.22795e-06
2.23841e-06
-1.48866e-06
1.93263e-06
-1.78338e-06
1.5853e-06
-2.11785e-06
1.19762e-06
-2.49811e-06
7.73228e-07
-2.93012e-06
3.19366e-07
-3.4191e-06
-1.51598e-07
-3.96825e-06
-6.20423e-07
-4.57656e-06
-1.05923e-06
-5.23519e-06
-1.43037e-06
-5.92162e-06
-1.68713e-06
-6.59094e-06
-1.77853e-06
-7.1637e-06
-1.66124e-06
-7.51128e-06
-1.32199e-06
-7.44225e-06
-8.11357e-07
-6.69941e-06
-2.81706e-07
-4.98594e-06
-2.0639e-06
-3.40426e-07
2.20375e-06
-9.04046e-07
5.08516e-06
-1.3685e-06
6.57558e-06
-1.59225e-06
7.07028e-06
-1.55675e-06
6.95139e-06
-1.30392e-06
6.49955e-06
-8.94991e-07
5.89683e-06
-3.88914e-07
5.2513e-06
1.66156e-07
4.62183e-06
7.34494e-07
4.03714e-06
1.2914e-06
3.50862e-06
1.82089e-06
3.03825e-06
2.3134e-06
2.62327e-06
2.76385e-06
2.25878e-06
3.17023e-06
1.93913e-06
3.53247e-06
1.65866e-06
3.8517e-06
1.41202e-06
4.12969e-06
1.1943e-06
4.36851e-06
1.00103e-06
4.57027e-06
8.28184e-07
4.73692e-06
6.72099e-07
4.87018e-06
5.29421e-07
4.97141e-06
3.97042e-07
5.04162e-06
2.72042e-07
5.08136e-06
1.51623e-07
5.09074e-06
3.30578e-08
5.06942e-06
-8.63733e-08
5.01655e-06
-2.09441e-07
4.93082e-06
-3.3903e-07
4.81044e-06
-4.78211e-07
4.65316e-06
-6.3032e-07
4.4563e-06
-7.99042e-07
4.21686e-06
-9.88512e-07
3.93162e-06
-1.20342e-06
3.59738e-06
-1.44913e-06
3.2113e-06
-1.73177e-06
2.77146e-06
-2.05828e-06
2.27771e-06
-2.43637e-06
1.73286e-06
-2.87425e-06
1.1445e-06
-3.37989e-06
5.2743e-07
-3.95949e-06
-9.33384e-08
-4.61442e-06
-6.79234e-07
-5.33573e-06
-1.17569e-06
-6.09448e-06
-1.51311e-06
-6.82629e-06
-1.61606e-06
-7.40833e-06
-1.42843e-06
-7.62988e-06
-9.61714e-07
-7.16613e-06
-3.6711e-07
-5.58054e-06
-2.43101e-06
-4.71256e-07
2.67501e-06
-1.10148e-06
5.71539e-06
-1.47194e-06
6.94605e-06
-1.47596e-06
7.0743e-06
-1.15923e-06
6.63466e-06
-6.16639e-07
5.95696e-06
5.82215e-08
5.22197e-06
7.91604e-07
4.51792e-06
1.53199e-06
3.88145e-06
2.24643e-06
3.32271e-06
2.91564e-06
2.83941e-06
3.52969e-06
2.4242e-06
4.0847e-06
2.06826e-06
4.58053e-06
1.76295e-06
5.01921e-06
1.50045e-06
5.40393e-06
1.27394e-06
5.73836e-06
1.07759e-06
6.02626e-06
9.06386e-07
6.27125e-06
7.56043e-07
6.47658e-06
6.22852e-07
6.64511e-06
5.0357e-07
6.77922e-06
3.95315e-07
6.88077e-06
2.95484e-07
6.95114e-06
2.0168e-07
6.99112e-06
1.11642e-07
7.00099e-06
2.31897e-08
6.98045e-06
-6.584e-08
6.92866e-06
-1.57645e-07
6.84415e-06
-2.54525e-07
6.72489e-06
-3.58948e-07
6.5682e-06
-4.7363e-07
6.37079e-06
-6.01632e-07
6.12875e-06
-7.4647e-07
5.83758e-06
-9.12255e-07
5.4923e-06
-1.10386e-06
5.08764e-06
-1.32711e-06
4.61837e-06
-1.58901e-06
4.07996e-06
-1.89796e-06
3.4696e-06
-2.26389e-06
2.78793e-06
-2.69823e-06
2.04171e-06
-3.21327e-06
1.24779e-06
-3.8205e-06
4.38547e-07
-4.52649e-06
-3.31555e-07
-5.32437e-06
-9.80488e-07
-6.17736e-06
-1.39935e-06
-6.98947e-06
-1.47329e-06
-7.55594e-06
-1.13795e-06
-7.50147e-06
-4.9705e-07
-6.22144e-06
-2.92806e-06
-6.65089e-07
3.34009e-06
-1.29853e-06
6.34882e-06
-1.42105e-06
7.06857e-06
-1.04783e-06
6.70107e-06
-3.33279e-07
5.92011e-06
5.65073e-07
5.05861e-06
1.52907e-06
4.25797e-06
2.48292e-06
3.56407e-06
3.38352e-06
2.98085e-06
4.20958e-06
2.49665e-06
4.9532e-06
2.09579e-06
5.61413e-06
1.76327e-06
6.19623e-06
1.48617e-06
6.70526e-06
1.25391e-06
7.14769e-06
1.05802e-06
7.52995e-06
8.91681e-07
7.8581e-06
7.49441e-07
8.13762e-06
6.2687e-07
8.37333e-06
5.20327e-07
8.56941e-06
4.26781e-07
8.72932e-06
3.43656e-07
8.85591e-06
2.68726e-07
8.95137e-06
2.0002e-07
9.0173e-06
1.35757e-07
9.05466e-06
7.42789e-08
9.06384e-06
1.40036e-08
9.04464e-06
-4.66302e-08
8.9962e-06
-1.09206e-07
8.91706e-06
-1.75385e-07
8.80507e-06
-2.46965e-07
8.65739e-06
-3.25945e-07
8.47037e-06
-4.14615e-07
8.23956e-06
-5.15658e-07
7.9596e-06
-6.32292e-07
7.62418e-06
-7.68444e-07
7.22606e-06
-9.2899e-07
6.75712e-06
-1.12006e-06
6.20859e-06
-1.34943e-06
5.5717e-06
-1.627e-06
4.83881e-06
-1.96534e-06
4.00566e-06
-2.38012e-06
3.07529e-06
-2.89013e-06
2.06461e-06
-3.51581e-06
1.01459e-06
-4.27435e-06
3.90869e-09
-5.16668e-06
-8.38696e-07
-6.14687e-06
-1.33304e-06
-7.06159e-06
-1.29465e-06
-7.53986e-06
-6.85413e-07
-6.83068e-06
-3.61347e-06
-9.13173e-07
4.25327e-06
-1.34226e-06
6.77791e-06
-9.38649e-07
6.66496e-06
1.77616e-08
5.74466e-06
1.2331e-06
4.70477e-06
2.508e-06
3.78371e-06
3.72975e-06
3.03622e-06
4.84571e-06
2.44812e-06
5.83812e-06
1.98844e-06
6.70723e-06
1.62753e-06
7.46155e-06
1.34147e-06
8.11267e-06
1.11215e-06
8.67265e-06
9.26184e-07
9.15286e-06
7.73694e-07
9.56352e-06
6.4736e-07
9.91353e-06
5.41677e-07
1.02105e-05
4.52435e-07
1.0461e-05
3.76359e-07
1.06705e-05
3.10851e-07
1.08435e-05
2.53803e-07
1.09837e-05
2.03474e-07
1.1094e-05
1.58386e-07
1.11768e-05
1.17258e-07
1.12336e-05
7.89461e-08
1.12655e-05
4.24e-08
1.12728e-05
6.62616e-09
1.12556e-05
-2.93522e-08
1.12129e-05
-6.6522e-08
1.11434e-05
-1.05922e-07
1.10451e-05
-1.48683e-07
1.09153e-05
-1.96075e-07
1.07502e-05
-2.49568e-07
1.05455e-05
-3.10919e-07
1.02955e-05
-3.82273e-07
9.99333e-06
-4.66314e-07
9.63082e-06
-5.66477e-07
9.19799e-06
-6.87231e-07
8.68307e-06
-8.34507e-07
8.07236e-06
-1.01629e-06
7.35048e-06
-1.24346e-06
6.50135e-06
-1.53098e-06
5.51058e-06
-1.89936e-06
4.37088e-06
-2.37612e-06
3.09273e-06
-2.99619e-06
1.72356e-06
-3.79752e-06
3.78308e-07
-4.80161e-06
-7.27527e-07
-5.95576e-06
-1.26706e-06
-7.00033e-06
-9.16207e-07
-7.18153e-06
-4.52968e-06
-1.0824e-06
5.33567e-06
-7.54289e-07
6.4498e-06
5.88636e-07
5.32204e-06
2.29977e-06
4.03352e-06
4.00942e-06
2.99512e-06
5.55894e-06
2.23419e-06
6.90116e-06
1.694e-06
8.03972e-06
1.30956e-06
8.99725e-06
1.03091e-06
9.80059e-06
8.24195e-07
1.04748e-05
6.67225e-07
1.10416e-05
5.45424e-07
1.15187e-05
4.49099e-07
1.19207e-05
3.71663e-07
1.22595e-05
3.08524e-07
1.25448e-05
2.56396e-07
1.27844e-05
2.12865e-07
1.29846e-05
1.76109e-07
1.31508e-05
1.44721e-07
1.3287e-05
1.17587e-07
1.33966e-05
9.38012e-08
1.34824e-05
7.26096e-08
1.35463e-05
5.33664e-08
1.35898e-05
3.55026e-08
1.36137e-05
1.85009e-08
1.36184e-05
1.87521e-09
1.36039e-05
-1.48504e-08
1.35695e-05
-3.21558e-08
1.35142e-05
-5.0547e-08
1.34361e-05
-7.05767e-08
1.33329e-05
-9.28706e-08
1.32014e-05
-1.18161e-07
1.30379e-05
-1.47334e-07
1.28371e-05
-1.81486e-07
1.25928e-05
-2.22021e-07
1.22971e-05
-2.70769e-07
1.194e-05
-3.30185e-07
1.15092e-05
-4.03638e-07
1.09887e-05
-4.95867e-07
1.0359e-05
-6.13715e-07
9.59532e-06
-7.67318e-07
8.668e-06
-9.72031e-07
7.5434e-06
-1.25152e-06
6.18961e-06
-1.6424e-06
4.59184e-06
-2.19975e-06
2.78775e-06
-2.99751e-06
9.35946e-07
-4.10396e-06
-5.71516e-07
-5.49287e-06
-1.03835e-06
-6.7147e-06
-5.56803e-06
-1.19128e-07
5.45479e-06
1.83201e-06
4.49866e-06
4.41326e-06
2.74078e-06
6.72873e-06
1.71806e-06
8.60805e-06
1.1158e-06
1.00897e-05
7.52546e-07
1.12534e-05
5.30298e-07
1.21733e-05
3.89634e-07
1.2908e-05
2.96235e-07
1.3501e-05
2.31159e-07
1.39844e-05
1.83874e-07
1.43815e-05
1.48314e-07
1.47098e-05
1.20824e-07
1.49823e-05
9.91012e-08
1.52092e-05
8.16299e-08
1.53983e-05
6.73679e-08
1.55555e-05
5.55727e-08
1.5686e-05
4.56982e-08
1.57933e-05
3.73299e-08
1.58808e-05
3.01447e-08
1.59507e-05
2.38837e-08
1.6005e-05
1.83339e-08
1.6045e-05
1.33147e-08
1.60719e-05
8.66853e-09
1.60861e-05
4.25319e-09
1.60881e-05
-6.56075e-11
1.60776e-05
-4.41458e-09
1.60544e-05
-8.927e-09
1.60176e-05
-1.37397e-08
1.5966e-05
-1.90037e-08
1.5898e-05
-2.4891e-08
1.58115e-05
-3.16044e-08
1.57035e-05
-3.93913e-08
1.55706e-05
-4.85623e-08
1.54081e-05
-5.9519e-08
1.52101e-05
-7.27952e-08
1.49691e-05
-8.91206e-08
1.4675e-05
-1.09524e-07
1.43146e-05
-1.35505e-07
1.38702e-05
-1.69337e-07
1.33175e-05
-2.14623e-07
1.26228e-05
-2.77354e-07
1.17393e-05
-3.67993e-07
1.06025e-05
-5.05623e-07
9.1284e-06
-7.25616e-07
7.2224e-06
-1.09152e-06
4.83052e-06
-1.71207e-06
2.12067e-06
-2.78302e-06
1.06999e-08
-4.60473e-06
-5.55733e-06
5.45479e-06
9.95345e-06
1.26942e-05
1.44123e-05
1.55281e-05
1.62806e-05
1.68109e-05
1.72006e-05
1.74968e-05
1.7728e-05
1.79118e-05
1.80602e-05
1.8181e-05
1.82801e-05
1.83617e-05
1.84291e-05
1.84846e-05
1.85303e-05
1.85677e-05
1.85978e-05
1.86217e-05
1.864e-05
1.86534e-05
1.8662e-05
1.86663e-05
1.86662e-05
1.86618e-05
1.86529e-05
1.86391e-05
1.86201e-05
1.85952e-05
1.85636e-05
1.85242e-05
1.84757e-05
1.84162e-05
1.83434e-05
1.82542e-05
1.81447e-05
1.80092e-05
1.78399e-05
1.76253e-05
1.73479e-05
1.69799e-05
1.64743e-05
1.57487e-05
1.46572e-05
1.29451e-05
1.01621e-05
5.55733e-06
)
;

boundaryField
{
    movingWallTop
    {
        type            calculated;
        value           uniform 0;
    }
    movingWallBottom
    {
        type            calculated;
        value           uniform 0;
    }
    fixedWalls
    {
        type            calculated;
        value           uniform 0;
    }
    frontAndBack
    {
        type            empty;
        value           nonuniform 0();
    }
}


// ************************************************************************* //
