/*--------------------------------*- C++ -*----------------------------------*\
  =========                 |
  \\      /  F ield         | OpenFOAM: The Open Source CFD Toolbox
   \\    /   O peration     | Website:  https://openfoam.org
    \\  /    A nd           | Version:  7
     \\/     M anipulation  |
\*---------------------------------------------------------------------------*/
FoamFile
{
    version     2.0;
    format      ascii;
    class       volVectorField;
    location    "0.0372";
    object      U;
}
// * * * * * * * * * * * * * * * * * * * * * * * * * * * * * * * * * * * * * //

dimensions      [0 1 -1 0 0 0 0];

internalField   nonuniform List<vector> 
2500
(
(2.67211e-05 -2.6538e-05 0)
(7.82312e-05 -3.07725e-05 0)
(0.000101825 -1.35807e-05 0)
(6.48502e-05 1.02452e-05 0)
(-4.21109e-05 3.40823e-05 0)
(-0.000216566 5.58253e-05 0)
(-0.000451306 7.44264e-05 0)
(-0.000737858 8.96659e-05 0)
(-0.00106689 0.000101628 0)
(-0.00142894 0.000110489 0)
(-0.00181481 0.00011646 0)
(-0.0022157 0.000119756 0)
(-0.00262332 0.000120594 0)
(-0.00302993 0.000119186 0)
(-0.00342839 0.000115735 0)
(-0.00381215 0.000110438 0)
(-0.00417526 0.000103484 0)
(-0.00451237 9.50525e-05 0)
(-0.0048187 8.53175e-05 0)
(-0.00509005 7.4446e-05 0)
(-0.00532277 6.26002e-05 0)
(-0.00551378 4.99389e-05 0)
(-0.00566054 3.66189e-05 0)
(-0.00576107 2.27975e-05 0)
(-0.00581394 8.63371e-06 0)
(-0.00581829 -5.70967e-06 0)
(-0.00577382 -2.00647e-05 0)
(-0.00568086 -3.42569e-05 0)
(-0.00554033 -4.81041e-05 0)
(-0.00535381 -6.14158e-05 0)
(-0.00512352 -7.39934e-05 0)
(-0.00485238 -8.56304e-05 0)
(-0.00454401 -9.6113e-05 0)
(-0.00420274 -0.000105222 0)
(-0.00383364 -0.000112736 0)
(-0.00344247 -0.000118429 0)
(-0.00303572 -0.00012208 0)
(-0.00262054 -0.00012347 0)
(-0.00220473 -0.000122388 0)
(-0.00179666 -0.000118634 0)
(-0.00140521 -0.000112019 0)
(-0.00103964 -0.000102375 0)
(-0.000709452 -8.95597e-05 0)
(-0.000424168 -7.34832e-05 0)
(-0.000192944 -5.41691e-05 0)
(-2.38941e-05 -3.19404e-05 0)
(7.67409e-05 -7.82744e-06 0)
(0.000107725 1.57818e-05 0)
(7.95607e-05 3.19014e-05 0)
(2.64941e-05 2.6438e-05 0)
(3.12831e-05 -7.81655e-05 0)
(6.42935e-05 -6.31222e-05 0)
(4.73186e-06 3.11248e-05 0)
(-0.000196495 0.000154727 0)
(-0.000557731 0.000282918 0)
(-0.00107738 0.000403716 0)
(-0.00174324 0.000510699 0)
(-0.00253735 0.00060102 0)
(-0.00343855 0.000673667 0)
(-0.00442429 0.00072858 0)
(-0.00547172 0.000766231 0)
(-0.0065584 0.000787403 0)
(-0.00766276 0.000793057 0)
(-0.0087644 0.000784259 0)
(-0.00984421 0.000762128 0)
(-0.0108846 0.000727807 0)
(-0.0118693 0.000682441 0)
(-0.0127837 0.000627167 0)
(-0.0136149 0.000563109 0)
(-0.0143512 0.000491373 0)
(-0.0149825 0.000413052 0)
(-0.0155006 0.00032923 0)
(-0.0158982 0.000240988 0)
(-0.0161702 0.000149412 0)
(-0.0163125 5.56037e-05 0)
(-0.016323 -3.9313e-05 0)
(-0.0162008 -0.000134185 0)
(-0.015947 -0.000227821 0)
(-0.0155643 -0.000318991 0)
(-0.0150571 -0.000406422 0)
(-0.0144317 -0.000488799 0)
(-0.013696 -0.000564771 0)
(-0.0128601 -0.000632962 0)
(-0.0119359 -0.000691977 0)
(-0.0109371 -0.000740422 0)
(-0.00987927 -0.000776926 0)
(-0.00877986 -0.000800161 0)
(-0.00765796 -0.000808871 0)
(-0.00653417 -0.000801911 0)
(-0.0054304 -0.000778282 0)
(-0.00436958 -0.00073719 0)
(-0.00337518 -0.000678125 0)
(-0.00247072 -0.00060098 0)
(-0.00167891 -0.000506272 0)
(-0.00102048 -0.00039554 0)
(-0.000512316 -0.000272169 0)
(-0.000164812 -0.00014296 0)
(2.24586e-05 -2.06126e-05 0)
(7.0648e-05 6.97558e-05 0)
(3.21776e-05 7.9538e-05 0)
(1.50769e-05 -0.000103314 0)
(-2.68309e-05 -4.74847e-06 0)
(-0.000238279 0.000243597 0)
(-0.00065858 0.000553909 0)
(-0.00130485 0.000877827 0)
(-0.00217518 0.00118688 0)
(-0.00325396 0.00146458 0)
(-0.00451704 0.00170205 0)
(-0.00593521 0.00189504 0)
(-0.00747648 0.00204209 0)
(-0.00910782 0.00214346 0)
(-0.0107962 0.00220053 0)
(-0.0125096 0.00221539 0)
(-0.0142173 0.00219056 0)
(-0.0158902 0.00212886 0)
(-0.0175015 0.00203324 0)
(-0.0190264 0.00190676 0)
(-0.0204423 0.0017525 0)
(-0.021729 0.00157356 0)
(-0.0228687 0.00137301 0)
(-0.0238458 0.00115393 0)
(-0.0246472 0.00091937 0)
(-0.0252622 0.000672399 0)
(-0.0256823 0.000416109 0)
(-0.0259015 0.000153631 0)
(-0.0259165 -0.000111843 0)
(-0.0257262 -0.000377041 0)
(-0.0253323 -0.0006386 0)
(-0.024739 -0.000893053 0)
(-0.0239533 -0.00113683 0)
(-0.0229849 -0.00136628 0)
(-0.0218464 -0.00157765 0)
(-0.0205533 -0.00176714 0)
(-0.0191238 -0.00193094 0)
(-0.0175792 -0.00206529 0)
(-0.0159433 -0.00216649 0)
(-0.0142427 -0.00223104 0)
(-0.0125063 -0.00225571 0)
(-0.0107652 -0.00223761 0)
(-0.00905229 -0.00217441 0)
(-0.00740152 -0.00206445 0)
(-0.00584737 -0.00190705 0)
(-0.00442381 -0.00170286 0)
(-0.00316308 -0.00145446 0)
(-0.00209384 -0.00116738 0)
(-0.00123883 -0.000851784 0)
(-0.000611401 -0.000525373 0)
(-0.000210697 -0.000217692 0)
(-1.58945e-05 2.27297e-05 0)
(1.70339e-05 0.000109185 0)
(-7.50803e-06 -7.00468e-05 0)
(-0.000147105 0.000192652 0)
(-0.000544588 0.000662687 0)
(-0.00121513 0.00122264 0)
(-0.00216666 0.00180212 0)
(-0.00339365 0.00235602 0)
(-0.00487622 0.00285626 0)
(-0.00658481 0.00328637 0)
(-0.00848379 0.00363749 0)
(-0.0105339 0.00390577 0)
(-0.0126942 0.00409067 0)
(-0.0149234 0.00419393 0)
(-0.0171809 0.00421876 0)
(-0.0194276 0.00416941 0)
(-0.0216265 0.00405076 0)
(-0.0237428 0.00386813 0)
(-0.0257446 0.0036271 0)
(-0.0276026 0.00333337 0)
(-0.0292906 0.00299273 0)
(-0.0307852 0.00261098 0)
(-0.0320664 0.00219395 0)
(-0.0331168 0.00174747 0)
(-0.0339225 0.00127739 0)
(-0.0344726 0.000789644 0)
(-0.0347593 0.000290216 0)
(-0.0347782 -0.000214776 0)
(-0.034528 -0.000719078 0)
(-0.034011 -0.00121627 0)
(-0.0332328 -0.00169976 0)
(-0.0322025 -0.00216277 0)
(-0.0309329 -0.00259838 0)
(-0.0294405 -0.00299953 0)
(-0.0277453 -0.00335911 0)
(-0.0258712 -0.00367 0)
(-0.0238455 -0.0039252 0)
(-0.0216992 -0.00411794 0)
(-0.0194664 -0.00424183 0)
(-0.0171842 -0.00429108 0)
(-0.0148922 -0.00426068 0)
(-0.0126323 -0.00414672 0)
(-0.0104472 -0.00394674 0)
(-0.00838006 -0.00366023 0)
(-0.00647315 -0.00328934 0)
(-0.00476607 -0.00283987 0)
(-0.00329391 -0.00232286 0)
(-0.00208465 -0.00175702 0)
(-0.00115564 -0.00117252 0)
(-0.000509086 -0.000616126 0)
(-0.000132608 -0.000158912 0)
(-4.80503e-06 8.26599e-05 0)
(-3.03722e-05 3.11783e-05 0)
(-0.000274568 0.000549775 0)
(-0.000873025 0.00131025 0)
(-0.00180915 0.0021761 0)
(-0.00307683 0.0030596 0)
(-0.00466394 0.00390113 0)
(-0.0065447 0.0046615 0)
(-0.0086837 0.00531634 0)
(-0.0110394 0.00585161 0)
(-0.0135663 0.0062605 0)
(-0.0162169 0.00654125 0)
(-0.0189429 0.00669567 0)
(-0.021697 0.00672806 0)
(-0.024433 0.00664446 0)
(-0.0271072 0.00645211 0)
(-0.0296784 0.00615902 0)
(-0.0321087 0.00577372 0)
(-0.034363 0.00530508 0)
(-0.0364102 0.00476212 0)
(-0.0382222 0.00415397 0)
(-0.0397749 0.00348985 0)
(-0.0410477 0.002779 0)
(-0.0420237 0.00203075 0)
(-0.04269 0.00125451 0)
(-0.0430373 0.000459847 0)
(-0.0430601 -0.000343504 0)
(-0.0427571 -0.00114559 0)
(-0.0421311 -0.0019362 0)
(-0.0411887 -0.00270488 0)
(-0.039941 -0.00344092 0)
(-0.0384034 -0.00413337 0)
(-0.0365954 -0.00477113 0)
(-0.0345412 -0.00534305 0)
(-0.0322692 -0.005838 0)
(-0.029812 -0.0062451 0)
(-0.0272063 -0.00655389 0)
(-0.0244927 -0.00675462 0)
(-0.0217151 -0.0068385 0)
(-0.0189203 -0.00679813 0)
(-0.0161573 -0.00662794 0)
(-0.0134763 -0.00632476 0)
(-0.0109277 -0.00588857 0)
(-0.00856064 -0.00532354 0)
(-0.00642121 -0.00463938 0)
(-0.00455053 -0.00385333 0)
(-0.00298234 -0.00299311 0)
(-0.00173973 -0.00210102 0)
(-0.000831077 -0.00123921 0)
(-0.000257259 -0.000496863 0)
(-2.71268e-05 -1.00826e-05 0)
(-5.17629e-05 0.000199881 0)
(-0.000399877 0.00107114 0)
(-0.00120243 0.00219479 0)
(-0.002409 0.00342349 0)
(-0.00399682 0.00465706 0)
(-0.00594484 0.00582429 0)
(-0.0082197 0.00687631 0)
(-0.0107793 0.00778141 0)
(-0.013576 0.00852045 0)
(-0.0165583 0.00908354 0)
(-0.0196726 0.00946752 0)
(-0.022865 0.00967421 0)
(-0.0260818 0.00970896 0)
(-0.0292712 0.00957975 0)
(-0.0323838 0.00929632 0)
(-0.0353731 0.0088697 0)
(-0.0381957 0.00831176 0)
(-0.0408122 0.00763491 0)
(-0.0431867 0.0068519 0)
(-0.0452877 0.00597572 0)
(-0.0470875 0.00501946 0)
(-0.0485625 0.00399636 0)
(-0.0496937 0.00291976 0)
(-0.0504661 0.00180318 0)
(-0.0508691 0.000660326 0)
(-0.0508967 -0.000494839 0)
(-0.0505472 -0.00164804 0)
(-0.0498236 -0.00278468 0)
(-0.0487338 -0.00388979 0)
(-0.0472902 -0.00494808 0)
(-0.0455103 -0.00594396 0)
(-0.0434164 -0.00686166 0)
(-0.041036 -0.00768533 0)
(-0.0384013 -0.00839928 0)
(-0.0355493 -0.00898816 0)
(-0.0325218 -0.00943734 0)
(-0.0293645 -0.00973322 0)
(-0.0261271 -0.0098637 0)
(-0.0228627 -0.00981876 0)
(-0.0196264 -0.00959102 0)
(-0.016475 -0.00917663 0)
(-0.0134651 -0.0085762 0)
(-0.0106522 -0.00779612 0)
(-0.00808874 -0.00685023 0)
(-0.00582216 -0.00576206 0)
(-0.00389297 -0.00456789 0)
(-0.00233162 -0.00332095 0)
(-0.00115509 -0.00209615 0)
(-0.000380094 -0.000996155 0)
(-4.79908e-05 -0.000168849 0)
(-7.12085e-05 0.000432484 0)
(-0.0005194 0.00175433 0)
(-0.00152324 0.00331633 0)
(-0.00299917 0.00496614 0)
(-0.00490681 0.00659539 0)
(-0.00721468 0.0081242 0)
(-0.00988051 0.00949593 0)
(-0.0128545 0.0106726 0)
(-0.0160824 0.0116305 0)
(-0.0195065 0.0123571 0)
(-0.0230675 0.0128478 0)
(-0.0267057 0.0131047 0)
(-0.0303625 0.0131342 0)
(-0.0339806 0.0129464 0)
(-0.0375058 0.0125538 0)
(-0.0408867 0.0119707 0)
(-0.0440759 0.0112126 0)
(-0.0470296 0.0102959 0)
(-0.0497086 0.00923748 0)
(-0.0520779 0.00805453 0)
(-0.0541069 0.00676454 0)
(-0.0557698 0.00538516 0)
(-0.0570453 0.00393426 0)
(-0.0579169 0.0024299 0)
(-0.0583729 0.000890444 0)
(-0.0584066 -0.000665406 0)
(-0.058016 -0.00221856 0)
(-0.0572045 -0.00374948 0)
(-0.0559805 -0.00523817 0)
(-0.0543578 -0.00666424 0)
(-0.0523554 -0.0080069 0)
(-0.0499982 -0.00924515 0)
(-0.0473159 -0.010358 0)
(-0.0443443 -0.0113245 0)
(-0.041124 -0.0121245 0)
(-0.0377009 -0.0127386 0)
(-0.0341254 -0.0131491 0)
(-0.0304524 -0.0133401 0)
(-0.0267401 -0.0132987 0)
(-0.0230493 -0.0130156 0)
(-0.0194427 -0.0124861 0)
(-0.0159831 -0.0117113 0)
(-0.0127322 -0.0106998 0)
(-0.00974892 -0.00946934 0)
(-0.00708772 -0.00804925 0)
(-0.00479692 -0.00648355 0)
(-0.00291583 -0.0048347 0)
(-0.00147147 -0.00318774 0)
(-0.000497442 -0.00165489 0)
(-6.69386e-05 -0.000390315 0)
(-8.88899e-05 0.000725172 0)
(-0.000632607 0.00259431 0)
(-0.00183266 0.00467102 0)
(-0.00357426 0.00680158 0)
(-0.00579942 0.00887269 0)
(-0.0084654 0.0107984 0)
(-0.01152 0.0125164 0)
(-0.014905 0.0139836 0)
(-0.0185587 0.0151727 0)
(-0.0224169 0.016069 0)
(-0.0264145 0.0166672 0)
(-0.0304863 0.0169696 0)
(-0.0345685 0.0169842 0)
(-0.0385994 0.0167234 0)
(-0.0425199 0.0162027 0)
(-0.0462749 0.0154401 0)
(-0.049813 0.014455 0)
(-0.0530871 0.0132679 0)
(-0.0560546 0.0119004 0)
(-0.0586778 0.0103742 0)
(-0.0609239 0.00871152 0)
(-0.0627647 0.00693487 0)
(-0.0641774 0.00506699 0)
(-0.0651441 0.00313092 0)
(-0.065652 0.00115007 0)
(-0.0656938 -0.000851726 0)
(-0.0652672 -0.00285012 0)
(-0.0643756 -0.00482023 0)
(-0.0630281 -0.00673659 0)
(-0.0612393 -0.00857323 0)
(-0.0590296 -0.0103037 0)
(-0.0564255 -0.0119014 0)
(-0.0534591 -0.0133394 0)
(-0.0501688 -0.0145915 0)
(-0.0465984 -0.0156319 0)
(-0.0427973 -0.0164363 0)
(-0.0388201 -0.0169821 0)
(-0.0347262 -0.0172495 0)
(-0.0305786 -0.0172223 0)
(-0.0264436 -0.0168888 0)
(-0.0223895 -0.0162433 0)
(-0.0184851 -0.0152871 0)
(-0.0147988 -0.0140306 0)
(-0.0113965 -0.0124949 0)
(-0.00834041 -0.0107145 0)
(-0.00568763 -0.00873986 0)
(-0.00348735 -0.00664111 0)
(-0.00177758 -0.00451104 0)
(-0.000608795 -0.00246853 0)
(-8.41432e-05 -0.000670736 0)
(-0.000105193 0.00107446 0)
(-0.000740376 0.00358564 0)
(-0.00213152 0.00625397 0)
(-0.00413472 0.0089263 0)
(-0.0066749 0.0114867 0)
(-0.00969769 0.0138453 0)
(-0.0131404 0.0159357 0)
(-0.0169354 0.0177114 0)
(-0.021013 0.0191427 0)
(-0.0253023 0.0202132 0)
(-0.0297319 0.0209176 0)
(-0.034231 0.0212591 0)
(-0.0387309 0.0212476 0)
(-0.0431653 0.0208981 0)
(-0.0474711 0.0202297 0)
(-0.0515894 0.019264 0)
(-0.0554653 0.018025 0)
(-0.0590488 0.0165378 0)
(-0.0622947 0.0148285 0)
(-0.0651628 0.012924 0)
(-0.0676181 0.0108516 0)
(-0.0696309 0.00863887 0)
(-0.0711768 0.00631375 0)
(-0.0722366 0.00390459 0)
(-0.0727967 0.00144016 0)
(-0.0728491 -0.00105024 0)
(-0.0723912 -0.00353667 0)
(-0.0714265 -0.00598855 0)
(-0.069964 -0.00837459 0)
(-0.0680192 -0.0106629 0)
(-0.0656135 -0.0128209 0)
(-0.0627746 -0.0148158 0)
(-0.0595366 -0.0166149 0)
(-0.0559398 -0.0181855 0)
(-0.052031 -0.0194963 0)
(-0.0478627 -0.0205172 0)
(-0.0434932 -0.0212205 0)
(-0.0389858 -0.021582 0)
(-0.0344086 -0.0215817 0)
(-0.0298328 -0.0212052 0)
(-0.0253326 -0.020445 0)
(-0.0209832 -0.0193023 0)
(-0.0168599 -0.0177887 0)
(-0.0130362 -0.0159279 0)
(-0.00958282 -0.0137586 0)
(-0.00656663 -0.0113367 0)
(-0.00404744 -0.00873835 0)
(-0.00207464 -0.00606233 0)
(-0.000715146 -0.00343227 0)
(-0.000100001 -0.00100679 0)
(-0.000120529 0.00147764 0)
(-0.000844154 0.00472374 0)
(-0.00242246 0.00806092 0)
(-0.00468427 0.0113373 0)
(-0.00753804 0.0144359 0)
(-0.0109177 0.0172645 0)
(-0.0147494 0.0197541 0)
(-0.0189559 0.0218563 0)
(-0.0234589 0.0235399 0)
(-0.0281799 0.0247881 0)
(-0.0330412 0.0255962 0)
(-0.0379662 0.0259689 0)
(-0.0428811 0.0259187 0)
(-0.0477152 0.0254639 0)
(-0.0524015 0.0246271 0)
(-0.0568775 0.0234345 0)
(-0.0610853 0.0219146 0)
(-0.0649722 0.0200975 0)
(-0.0684907 0.0180146 0)
(-0.0715986 0.0156978 0)
(-0.0742591 0.0131798 0)
(-0.0764409 0.0104937 0)
(-0.0781183 0.00767277 0)
(-0.0792712 0.00475095 0)
(-0.0798851 0.00176263 0)
(-0.0799512 -0.00125719 0)
(-0.0794667 -0.00427273 0)
(-0.0784347 -0.00724743 0)
(-0.0768645 -0.0101439 0)
(-0.0747718 -0.0129238 0)
(-0.0721786 -0.0155485 0)
(-0.0691136 -0.0179784 0)
(-0.0656124 -0.0201743 0)
(-0.0617171 -0.0220973 0)
(-0.0574767 -0.0237093 0)
(-0.0529466 -0.0249744 0)
(-0.0481885 -0.0258592 0)
(-0.0432698 -0.0263344 0)
(-0.0382629 -0.0263756 0)
(-0.0332446 -0.0259651 0)
(-0.0282948 -0.0250932 0)
(-0.0234956 -0.0237601 0)
(-0.0189297 -0.0219778 0)
(-0.0146789 -0.0197721 0)
(-0.0108235 -0.0171845 0)
(-0.0074404 -0.0142754 0)
(-0.00460086 -0.0111257 0)
(-0.00236584 -0.00783893 0)
(-0.000818141 -0.00454244 0)
(-0.000114953 -0.00139601 0)
(-0.00013528 0.0019329 0)
(-0.000945574 0.00600558 0)
(-0.00270894 0.0100892 0)
(-0.00522829 0.0140333 0)
(-0.00839612 0.0177203 0)
(-0.0121346 0.0210573 0)
(-0.0163586 0.023974 0)
(-0.0209804 0.026421 0)
(-0.0259128 0.0283669 0)
(-0.0310695 0.0297957 0)
(-0.0363656 0.0307041 0)
(-0.0417188 0.0310993 0)
(-0.04705 0.0309968 0)
(-0.052284 0.0304187 0)
(-0.05735 0.0293921 0)
(-0.0621821 0.027948 0)
(-0.0667198 0.02612 0)
(-0.0709079 0.0239434 0)
(-0.0746967 0.021455 0)
(-0.0780423 0.0186925 0)
(-0.0809064 0.015694 0)
(-0.0832566 0.0124982 0)
(-0.0850659 0.00914417 0)
(-0.0863132 0.00567145 0)
(-0.0869834 0.00212023 0)
(-0.087067 -0.00146855 0)
(-0.0865606 -0.00505312 0)
(-0.085467 -0.00859071 0)
(-0.0837953 -0.0120375 0)
(-0.0815613 -0.0153489 0)
(-0.0787873 -0.0184791 0)
(-0.0755026 -0.0213821 0)
(-0.0717439 -0.0240115 0)
(-0.0675548 -0.0263214 0)
(-0.0629861 -0.028267 0)
(-0.0580959 -0.0298056 0)
(-0.0529489 -0.0308976 0)
(-0.0476165 -0.031508 0)
(-0.0421757 -0.0316072 0)
(-0.0367088 -0.0311735 0)
(-0.0313019 -0.0301942 0)
(-0.0260442 -0.0286677 0)
(-0.0210265 -0.0266055 0)
(-0.0163399 -0.0240342 0)
(-0.0120744 -0.0209978 0)
(-0.00831826 -0.0175596 0)
(-0.0051543 -0.0138046 0)
(-0.00265535 -0.00984023 0)
(-0.000919668 -0.00579721 0)
(-0.000129421 -0.00183697 0)
(-0.000149791 0.00243939 0)
(-0.00104627 0.00742993 0)
(-0.00299473 0.0123383 0)
(-0.00577289 0.017015 0)
(-0.00925763 0.0213425 0)
(-0.0133592 0.0252276 0)
(-0.0179811 0.0286001 0)
(-0.0230247 0.0314107 0)
(-0.0283932 0.0336292 0)
(-0.033992 0.0352411 0)
(-0.0397289 0.0362457 0)
(-0.0455155 0.0366536 0)
(-0.0512671 0.0364841 0)
(-0.0569041 0.035764 0)
(-0.0623519 0.0345254 0)
(-0.0675415 0.0328045 0)
(-0.0724097 0.0306405 0)
(-0.076899 0.0280745 0)
(-0.0809582 0.0251491 0)
(-0.0845417 0.0219077 0)
(-0.08761 0.0183943 0)
(-0.0901294 0.0146533 0)
(-0.0920724 0.0107296 0)
(-0.0934168 0.00666861 0)
(-0.0941466 0.00251647 0)
(-0.0942519 -0.00167994 0)
(-0.0937286 -0.00587268 0)
(-0.0925789 -0.0100127 0)
(-0.0908116 -0.0140496 0)
(-0.0884421 -0.0179319 0)
(-0.085493 -0.0216071 0)
(-0.0819937 -0.0250218 0)
(-0.0779815 -0.0281223 0)
(-0.0735011 -0.0308552 0)
(-0.0686051 -0.0331684 0)
(-0.0633537 -0.0350118 0)
(-0.0578148 -0.0363388 0)
(-0.0520634 -0.0371078 0)
(-0.0461813 -0.0372836 0)
(-0.0402563 -0.0368392 0)
(-0.0343813 -0.035758 0)
(-0.0286531 -0.0340357 0)
(-0.0231712 -0.0316823 0)
(-0.0180365 -0.0287243 0)
(-0.0133497 -0.0252069 0)
(-0.00921101 -0.0211959 0)
(-0.00571538 -0.0167793 0)
(-0.00294773 -0.0120683 0)
(-0.00102167 -0.00719691 0)
(-0.000143799 -0.00232931 0)
(-0.000164362 0.0029971 0)
(-0.00114782 0.00899742 0)
(-0.00328358 0.0148101 0)
(-0.00632437 0.0202857 0)
(-0.0101315 0.0253072 0)
(-0.0146032 0.0297816 0)
(-0.0196309 0.0336395 0)
(-0.0251049 0.0368332 0)
(-0.0309185 0.0393344 0)
(-0.0369681 0.0411317 0)
(-0.0431541 0.0422278 0)
(-0.0493812 0.0426377 0)
(-0.0555594 0.0423856 0)
(-0.0616046 0.0415037 0)
(-0.0674382 0.0400298 0)
(-0.0729884 0.038006 0)
(-0.0781893 0.0354777 0)
(-0.0829817 0.032492 0)
(-0.0873127 0.0290978 0)
(-0.0911354 0.0253445 0)
(-0.0944095 0.021282 0)
(-0.0971004 0.0169608 0)
(-0.0991795 0.0124316 0)
(-0.100624 0.00774583 0)
(-0.101418 0.00295546 0)
(-0.10155 -0.00188655 0)
(-0.101015 -0.00672608 0)
(-0.0998146 -0.0115076 0)
(-0.0979576 -0.0161743 0)
(-0.0954586 -0.0206675 0)
(-0.0923396 -0.0249276 0)
(-0.0886302 -0.0288936 0)
(-0.0843677 -0.0325042 0)
(-0.0795978 -0.0356979 0)
(-0.0743742 -0.0384145 0)
(-0.0687592 -0.0405961 0)
(-0.0628235 -0.0421882 0)
(-0.0566458 -0.0431417 0)
(-0.0503126 -0.0434146 0)
(-0.0439177 -0.0429738 0)
(-0.0375608 -0.0417977 0)
(-0.0313471 -0.039878 0)
(-0.0253854 -0.0372223 0)
(-0.019787 -0.0338558 0)
(-0.0146644 -0.0298241 0)
(-0.0101301 -0.0251944 0)
(-0.00629207 -0.0200576 0)
(-0.00324765 -0.0145282 0)
(-0.00112603 -0.00874418 0)
(-0.00015844 -0.00287371 0)
(-0.000179259 0.00360682 0)
(-0.00125166 0.0107105 0)
(-0.00357909 0.0175087 0)
(-0.00688887 0.0238514 0)
(-0.0110264 0.0296218 0)
(-0.0158777 0.034728 0)
(-0.0213217 0.0391019 0)
(-0.0272371 0.0426985 0)
(-0.0335067 0.0454926 0)
(-0.0400177 0.0474768 0)
(-0.0466623 0.0486589 0)
(-0.0533386 0.0490591 0)
(-0.059951 0.0487077 0)
(-0.0664104 0.047643 0)
(-0.0726348 0.0459094 0)
(-0.0785493 0.0435558 0)
(-0.084086 0.040634 0)
(-0.0891837 0.037198 0)
(-0.0937884 0.033303 0)
(-0.0978524 0.0290047 0)
(-0.101334 0.0243594 0)
(-0.104199 0.0194234 0)
(-0.106417 0.0142536 0)
(-0.107966 0.00890709 0)
(-0.108828 0.00344187 0)
(-0.108991 -0.00208311 0)
(-0.108451 -0.00760757 0)
(-0.107207 -0.0130696 0)
(-0.105266 -0.0184056 0)
(-0.102644 -0.02355 0)
(-0.0993609 -0.0284356 0)
(-0.0954462 -0.0329937 0)
(-0.0909371 -0.0371547 0)
(-0.0858793 -0.0408489 0)
(-0.0803277 -0.0440071 0)
(-0.0743463 -0.0465627 0)
(-0.0680082 -0.0484525 0)
(-0.0613958 -0.0496189 0)
(-0.0546006 -0.0500119 0)
(-0.0477221 -0.0495912 0)
(-0.0408676 -0.0483289 0)
(-0.0341509 -0.0462114 0)
(-0.0276909 -0.0432426 0)
(-0.0216101 -0.0394455 0)
(-0.0160336 -0.0348649 0)
(-0.0110871 -0.0295689 0)
(-0.00689233 -0.0236506 0)
(-0.00355971 -0.0172281 0)
(-0.00123459 -0.010444 0)
(-0.00017367 -0.00347181 0)
(-0.000194719 0.00427008 0)
(-0.00135913 0.0125733 0)
(-0.00388461 0.0204406 0)
(-0.00747219 0.0277206 0)
(-0.0119508 0.0342966 0)
(-0.0171936 0.040078 0)
(-0.0230666 0.0449991 0)
(-0.0294364 0.0490184 0)
(-0.0361746 0.0521152 0)
(-0.0431587 0.0542874 0)
(-0.0502727 0.0555489 0)
(-0.0574074 0.0559264 0)
(-0.0644616 0.0554575 0)
(-0.0713415 0.0541877 0)
(-0.0779616 0.0521689 0)
(-0.0842441 0.0494573 0)
(-0.0901191 0.0461122 0)
(-0.0955241 0.0421947 0)
(-0.100404 0.0377666 0)
(-0.104711 0.0328904 0)
(-0.108402 0.0276287 0)
(-0.111443 0.022044 0)
(-0.113804 0.016199 0)
(-0.11546 0.0101566 0)
(-0.116395 0.00398073 0)
(-0.116596 -0.00226387 0)
(-0.116056 -0.00851081 0)
(-0.114774 -0.0146919 0)
(-0.112758 -0.0207368 0)
(-0.11002 -0.0265729 0)
(-0.10658 -0.0321254 0)
(-0.102466 -0.0373176 0)
(-0.0977145 -0.0420711 0)
(-0.0923717 -0.0463073 0)
(-0.0864926 -0.0499477 0)
(-0.0801426 -0.0529158 0)
(-0.0733969 -0.0551389 0)
(-0.0663417 -0.0565495 0)
(-0.0590728 -0.0570885 0)
(-0.0516963 -0.056707 0)
(-0.044327 -0.0553692 0)
(-0.0370879 -0.0530551 0)
(-0.0301086 -0.0497632 0)
(-0.0235239 -0.0455133 0)
(-0.0174721 -0.0403483 0)
(-0.0120933 -0.0343364 0)
(-0.00752394 -0.0275728 0)
(-0.00388834 -0.0201793 0)
(-0.00134908 -0.0123034 0)
(-0.000189789 -0.00412621 0)
(-0.00021095 0.0049891 0)
(-0.00147144 0.0145917 0)
(-0.00420325 0.0236146 0)
(-0.00807974 0.0319042 0)
(-0.0129124 0.039344 0)
(-0.018561 0.045845 0)
(-0.0248778 0.0513449 0)
(-0.0317164 0.0558065 0)
(-0.0389369 0.059215 0)
(-0.0464067 0.0615751 0)
(-0.0540009 0.0629079 0)
(-0.0616033 0.0632482 0)
(-0.0691066 0.0626419 0)
(-0.0764125 0.0611431 0)
(-0.083432 0.0588121 0)
(-0.0900848 0.0557134 0)
(-0.0962994 0.0519142 0)
(-0.102012 0.0474832 0)
(-0.107168 0.0424897 0)
(-0.111717 0.0370029 0)
(-0.115619 0.0310917 0)
(-0.118837 0.024825 0)
(-0.121342 0.018271 0)
(-0.12311 0.0114987 0)
(-0.124123 0.00457733 0)
(-0.124367 -0.00242255 0)
(-0.123834 -0.00942873 0)
(-0.122524 -0.0163668 0)
(-0.12044 -0.02316 0)
(-0.117595 -0.0297285 0)
(-0.114006 -0.0359898 0)
(-0.109701 -0.041859 0)
(-0.104714 -0.0472488 0)
(-0.0990916 -0.0520707 0)
(-0.0928876 -0.0562364 0)
(-0.0861685 -0.0596586 0)
(-0.0790118 -0.0622536 0)
(-0.0715064 -0.0639432 0)
(-0.0637531 -0.0646575 0)
(-0.055864 -0.0643374 0)
(-0.047962 -0.0629376 0)
(-0.0401798 -0.0604301 0)
(-0.0326584 -0.0568068 0)
(-0.0255457 -0.0520823 0)
(-0.0189942 -0.0462968 0)
(-0.0131597 -0.0395179 0)
(-0.00819434 -0.0318423 0)
(-0.00423778 -0.0233957 0)
(-0.00147113 -0.0143319 0)
(-0.000207074 -0.00484038 0)
(-0.00022814 0.00576665 0)
(-0.0015897 0.0167729 0)
(-0.00453787 0.0270412 0)
(-0.00871646 0.0364153 0)
(-0.0139184 0.0447787 0)
(-0.0199889 0.0520446 0)
(-0.0267658 0.0581547 0)
(-0.034089 0.0630776 0)
(-0.0418063 0.0668057 0)
(-0.0497743 0.0693516 0)
(-0.0578593 0.0707457 0)
(-0.0659375 0.0710323 0)
(-0.0738957 0.0702668 0)
(-0.0816312 0.0685132 0)
(-0.0890518 0.0658413 0)
(-0.096075 0.0623249 0)
(-0.102628 0.0580399 0)
(-0.108647 0.0530632 0)
(-0.114076 0.0474717 0)
(-0.118866 0.0413417 0)
(-0.122977 0.0347487 0)
(-0.126372 0.0277675 0)
(-0.129023 0.0204723 0)
(-0.130905 0.0129372 0)
(-0.132 0.00523699 0)
(-0.132293 -0.00255245 0)
(-0.131776 -0.0103534 0)
(-0.130445 -0.0180855 0)
(-0.128305 -0.0256655 0)
(-0.125364 -0.0330069 0)
(-0.121638 -0.0400194 0)
(-0.117152 -0.0466095 0)
(-0.11194 -0.0526806 0)
(-0.106045 -0.0581342 0)
(-0.0995215 -0.0628709 0)
(-0.092436 -0.0667918 0)
(-0.0848672 -0.0698012 0)
(-0.0769068 -0.0718084 0)
(-0.0686599 -0.0727312 0)
(-0.0602448 -0.0724984 0)
(-0.0517925 -0.0710537 0)
(-0.043446 -0.068359 0)
(-0.0353584 -0.0643977 0)
(-0.0276914 -0.0591779 0)
(-0.0206132 -0.0527358 0)
(-0.0142964 -0.0451373 0)
(-0.00891066 -0.0364803 0)
(-0.00461209 -0.0268946 0)
(-0.0016023 -0.0165408 0)
(-0.000225789 -0.00561861 0)
(-0.000246462 0.00660611 0)
(-0.00171492 0.0191254 0)
(-0.00489105 0.030733 0)
(-0.00938685 0.0412691 0)
(-0.0149752 0.0506175 0)
(-0.0214855 0.0586939 0)
(-0.0287401 0.0654452 0)
(-0.0365642 0.0708471 0)
(-0.0447926 0.0749005 0)
(-0.0532709 0.0776283 0)
(-0.0618558 0.0790712 0)
(-0.070416 0.0792848 0)
(-0.0788325 0.0783358 0)
(-0.0869983 0.0762993 0)
(-0.0948184 0.073256 0)
(-0.102209 0.0692898 0)
(-0.109096 0.0644863 0)
(-0.115415 0.0589311 0)
(-0.121112 0.0527091 0)
(-0.126138 0.045904 0)
(-0.130454 0.0385978 0)
(-0.134024 0.0308712 0)
(-0.136819 0.0228039 0)
(-0.138817 0.0144753 0)
(-0.139997 0.00596484 0)
(-0.140345 -0.00264645 0)
(-0.139852 -0.0112757 0)
(-0.138513 -0.0198373 0)
(-0.136328 -0.0282417 0)
(-0.133304 -0.0363957 0)
(-0.129455 -0.0442015 0)
(-0.124803 -0.0515569 0)
(-0.119379 -0.0583559 0)
(-0.113225 -0.064489 0)
(-0.106392 -0.0698452 0)
(-0.0989471 -0.0743129 0)
(-0.0909693 -0.077783 0)
(-0.0825524 -0.0801508 0)
(-0.0738057 -0.0813198 0)
(-0.0648533 -0.081205 0)
(-0.0558347 -0.0797367 0)
(-0.046903 -0.0768647 0)
(-0.0382245 -0.0725617 0)
(-0.0299756 -0.0668279 0)
(-0.0223416 -0.0596934 0)
(-0.0155133 -0.0512215 0)
(-0.00967963 -0.041511 0)
(-0.00501512 -0.0306956 0)
(-0.00174409 -0.0189434 0)
(-0.000246186 -0.00646601 0)
(-0.000266073 0.00751131 0)
(-0.00184804 0.0216592 0)
(-0.0052652 0.0347042 0)
(-0.010095 0.0464826 0)
(-0.0160885 0.0568785 0)
(-0.0230578 0.0658111 0)
(-0.0308085 0.0732336 0)
(-0.0391499 0.0791303 0)
(-0.0479032 0.0835126 0)
(-0.0569022 0.0864149 0)
(-0.0659938 0.0878909 0)
(-0.0750392 0.0880091 0)
(-0.0839137 0.0868493 0)
(-0.0925065 0.0844992 0)
(-0.10072 0.0810517 0)
(-0.108469 0.0766021 0)
(-0.11568 0.0712463 0)
(-0.12229 0.0650795 0)
(-0.128245 0.0581949 0)
(-0.133498 0.0506836 0)
(-0.138011 0.0426342 0)
(-0.141749 0.0341332 0)
(-0.144687 0.0252654 0)
(-0.146799 0.0161148 0)
(-0.148068 0.00676558 0)
(-0.148477 -0.00269713 0)
(-0.148017 -0.0121858 0)
(-0.14668 -0.0216099 0)
(-0.144465 -0.0308743 0)
(-0.141376 -0.0398793 0)
(-0.137422 -0.0485198 0)
(-0.132624 -0.0566851 0)
(-0.127007 -0.0642592 0)
(-0.12061 -0.0711215 0)
(-0.113484 -0.0771484 0)
(-0.105692 -0.0822146 0)
(-0.0973138 -0.086196 0)
(-0.0884443 -0.0889722 0)
(-0.0791959 -0.0904305 0)
(-0.0696986 -0.0904697 0)
(-0.0600999 -0.0890044 0)
(-0.0505639 -0.0859697 0)
(-0.0412701 -0.0813255 0)
(-0.0324112 -0.0750613 0)
(-0.0241905 -0.0671998 0)
(-0.0168194 -0.0578004 0)
(-0.0105076 -0.0469615 0)
(-0.00545056 -0.0348209 0)
(-0.00189795 -0.0215549 0)
(-0.000268509 -0.00738841 0)
(-0.000287127 0.00848659 0)
(-0.00198995 0.0243852 0)
(-0.00566254 0.0389704 0)
(-0.0108447 0.0520743 0)
(-0.0172633 0.0635814 0)
(-0.0247118 0.0734156 0)
(-0.032977 0.0815376 0)
(-0.0418517 0.0879421 0)
(-0.0511422 0.092653 0)
(-0.0606697 0.095719 0)
(-0.0702716 0.0972084 0)
(-0.0798012 0.0972048 0)
(-0.0891285 0.0958031 0)
(-0.0981392 0.0931057 0)
(-0.106734 0.0892188 0)
(-0.114828 0.0842503 0)
(-0.122348 0.0783075 0)
(-0.129232 0.0714957 0)
(-0.135429 0.0639169 0)
(-0.140894 0.0556697 0)
(-0.145591 0.0468492 0)
(-0.149489 0.0375473 0)
(-0.152561 0.0278536 0)
(-0.154786 0.0178562 0)
(-0.156144 0.00764308 0)
(-0.15662 -0.00269697 0)
(-0.156203 -0.0130726 0)
(-0.154882 -0.0233889 0)
(-0.152654 -0.033546 0)
(-0.14952 -0.0434383 0)
(-0.145485 -0.0529534 0)
(-0.140564 -0.0619724 0)
(-0.134779 -0.0703693 0)
(-0.128165 -0.0780119 0)
(-0.120768 -0.0847632 0)
(-0.112649 -0.0904832 0)
(-0.103885 -0.095031 0)
(-0.0945735 -0.098269 0)
(-0.0848276 -0.100066 0)
(-0.0747829 -0.100301 0)
(-0.0645946 -0.0988719 0)
(-0.0544377 -0.095695 0)
(-0.0445059 -0.0907149 0)
(-0.035009 -0.083908 0)
(-0.0261701 -0.0752871 0)
(-0.0182229 -0.0649058 0)
(-0.0114006 -0.0528614 0)
(-0.00592196 -0.0392953 0)
(-0.00206526 -0.0243924 0)
(-0.000293003 -0.00839242 0)
(-0.000309774 0.00953672 0)
(-0.0021415 0.0273155 0)
(-0.00608522 0.0435487 0)
(-0.0116395 0.058064 0)
(-0.0185043 0.0707469 0)
(-0.0264525 0.0815267 0)
(-0.0352507 0.0903739 0)
(-0.0446731 0.0972956 0)
(-0.0545104 0.102331 0)
(-0.064571 0.105545 0)
(-0.0746818 0.107023 0)
(-0.084689 0.106866 0)
(-0.0944575 0.105187 0)
(-0.10387 0.102105 0)
(-0.112827 0.0977406 0)
(-0.121244 0.092216 0)
(-0.12905 0.0856506 0)
(-0.136185 0.0781605 0)
(-0.142601 0.0698569 0)
(-0.148257 0.0608459 0)
(-0.15312 0.051229 0)
(-0.157162 0.0411032 0)
(-0.160359 0.0305622 0)
(-0.16269 0.0196975 0)
(-0.164136 0.00860006 0)
(-0.164684 -0.00263851 0)
(-0.164319 -0.0139239 0)
(-0.16303 -0.0251579 0)
(-0.16081 -0.0362364 0)
(-0.157655 -0.0470486 0)
(-0.153566 -0.0574759 0)
(-0.148553 -0.067391 0)
(-0.142633 -0.076658 0)
(-0.135834 -0.0851328 0)
(-0.128197 -0.0926645 0)
(-0.119779 -0.0990969 0)
(-0.110655 -0.104271 0)
(-0.10092 -0.10803 0)
(-0.0906886 -0.110221 0)
(-0.0801007 -0.110703 0)
(-0.0693189 -0.10935 0)
(-0.0585291 -0.106059 0)
(-0.0479395 -0.100755 0)
(-0.0377779 -0.0933977 0)
(-0.0282893 -0.0839881 0)
(-0.0197316 -0.0725715 0)
(-0.0123644 -0.0592424 0)
(-0.00643276 -0.0441455 0)
(-0.00224744 -0.0274746 0)
(-0.000319912 -0.00948535 0)
(-0.000334168 0.0106669 0)
(-0.00230358 0.0304631 0)
(-0.00653535 0.0484574 0)
(-0.0124826 0.0644725 0)
(-0.0198158 0.0783959 0)
(-0.0282843 0.090164 0)
(-0.0376326 0.0997585 0)
(-0.0476151 0.107202 0)
(-0.0580055 0.112551 0)
(-0.0685986 0.115891 0)
(-0.0792113 0.117327 0)
(-0.0896823 0.116981 0)
(-0.0998723 0.114984 0)
(-0.109663 0.111476 0)
(-0.118953 0.106593 0)
(-0.127662 0.100472 0)
(-0.13572 0.0932481 0)
(-0.143074 0.0850468 0)
(-0.149678 0.0759892 0)
(-0.155497 0.0661892 0)
(-0.160501 0.0557542 0)
(-0.164666 0.0447857 0)
(-0.167971 0.0333809 0)
(-0.170398 0.0216339 0)
(-0.17193 0.00963758 0)
(-0.172552 -0.00251464 0)
(-0.17225 -0.0147267 0)
(-0.171009 -0.0268979 0)
(-0.16882 -0.0389212 0)
(-0.165673 -0.0506817 0)
(-0.161565 -0.0620547 0)
(-0.156498 -0.0729056 0)
(-0.150483 -0.0830887 0)
(-0.143541 -0.0924479 0)
(-0.135706 -0.100818 0)
(-0.127029 -0.108025 0)
(-0.11758 -0.11389 0)
(-0.10745 -0.118236 0)
(-0.0967554 -0.120885 0)
(-0.0856378 -0.121671 0)
(-0.0742664 -0.120444 0)
(-0.0628377 -0.117075 0)
(-0.0515747 -0.111467 0)
(-0.0407245 -0.103559 0)
(-0.0305553 -0.0933359 0)
(-0.0213523 -0.0808325 0)
(-0.0134044 -0.0661384 0)
(-0.00698637 -0.0494006 0)
(-0.00244587 -0.0308219 0)
(-0.000349495 -0.0106752 0)
(-0.000360481 0.0118829 0)
(-0.0024771 0.0338422 0)
(-0.00701515 0.053716 0)
(-0.0133776 0.0713219 0)
(-0.0212017 0.0865501 0)
(-0.0302109 0.0993459 0)
(-0.040125 0.109705 0)
(-0.0506767 0.117669 0)
(-0.0616216 0.123315 0)
(-0.0727406 0.12675 0)
(-0.0838401 0.128106 0)
(-0.0947523 0.127527 0)
(-0.105334 0.125168 0)
(-0.115467 0.121186 0)
(-0.125052 0.11574 0)
(-0.13401 0.108983 0)
(-0.142278 0.101063 0)
(-0.149807 0.0921179 0)
(-0.156558 0.0822794 0)
(-0.1625 0.0716684 0)
(-0.167612 0.0603979 0)
(-0.171872 0.0485734 0)
(-0.175264 0.0362945 0)
(-0.177773 0.0236571 0)
(-0.179384 0.0107546 0)
(-0.180083 -0.00231893 0)
(-0.179853 -0.0154669 0)
(-0.178679 -0.0285877 0)
(-0.176547 -0.0415725 0)
(-0.173443 -0.0543031 0)
(-0.169356 -0.0666504 0)
(-0.164281 -0.0784728 0)
(-0.158222 -0.0896154 0)
(-0.151189 -0.0999102 0)
(-0.143209 -0.109177 0)
(-0.134324 -0.117223 0)
(-0.124598 -0.12385 0)
(-0.114116 -0.128855 0)
(-0.102992 -0.132034 0)
(-0.0913698 -0.133193 0)
(-0.0794226 -0.132151 0)
(-0.0673572 -0.128751 0)
(-0.0554114 -0.122869 0)
(-0.0438527 -0.114418 0)
(-0.0329745 -0.103363 0)
(-0.0230916 -0.0897244 0)
(-0.0145259 -0.0735847 0)
(-0.00758621 -0.0550914 0)
(-0.00266202 -0.0344563 0)
(-0.000382022 -0.0119709 0)
(-0.000388906 0.0131908 0)
(-0.00266314 0.0374681 0)
(-0.00752709 0.0593454 0)
(-0.0143281 0.0786349 0)
(-0.0226662 0.0952309 0)
(-0.0322356 0.10909 0)
(-0.0427288 0.120225 0)
(-0.0538546 0.128699 0)
(-0.0653495 0.134615 0)
(-0.0769797 0.138109 0)
(-0.0885415 0.139338 0)
(-0.0998612 0.138475 0)
(-0.110794 0.135699 0)
(-0.121221 0.131193 0)
(-0.131047 0.125135 0)
(-0.1402 0.117698 0)
(-0.148621 0.109045 0)
(-0.15627 0.0993262 0)
(-0.163115 0.0886827 0)
(-0.169133 0.077243 0)
(-0.174308 0.0651252 0)
(-0.178627 0.0524379 0)
(-0.182078 0.0392823 0)
(-0.18465 0.0257544 0)
(-0.18633 0.0119473 0)
(-0.187104 -0.00204606 0)
(-0.186956 -0.01613 0)
(-0.185869 -0.0302037 0)
(-0.183824 -0.0441578 0)
(-0.180801 -0.0578727 0)
(-0.176783 -0.0712158 0)
(-0.171755 -0.0840398 0)
(-0.165712 -0.0961813 0)
(-0.158653 -0.107461 0)
(-0.150595 -0.117682 0)
(-0.141569 -0.126636 0)
(-0.131629 -0.134099 0)
(-0.120853 -0.139841 0)
(-0.109349 -0.143631 0)
(-0.0972607 -0.145241 0)
(-0.0847641 -0.144457 0)
(-0.0720748 -0.141087 0)
(-0.0594453 -0.134972 0)
(-0.047164 -0.125997 0)
(-0.0355513 -0.1141 0)
(-0.0249551 -0.0992832 0)
(-0.0157342 -0.0816181 0)
(-0.00823582 -0.0612508 0)
(-0.00289744 -0.0384017 0)
(-0.000417795 -0.0133818 0)
(-0.000419677 0.0145975 0)
(-0.00286292 0.0413573 0)
(-0.00807404 0.0653676 0)
(-0.0153384 0.0864352 0)
(-0.0242139 0.104459 0)
(-0.0343617 0.119411 0)
(-0.045444 0.131325 0)
(-0.0571433 0.14029 0)
(-0.0691758 0.14644 0)
(-0.0812927 0.149943 0)
(-0.0932806 0.150988 0)
(-0.104961 0.149779 0)
(-0.116188 0.146527 0)
(-0.126847 0.141439 0)
(-0.136848 0.134719 0)
(-0.146124 0.126557 0)
(-0.154628 0.117132 0)
(-0.162327 0.106611 0)
(-0.1692 0.0951423 0)
(-0.175234 0.0828618 0)
(-0.180419 0.0698917 0)
(-0.184751 0.0563429 0)
(-0.188224 0.0423169 0)
(-0.190832 0.0279084 0)
(-0.192566 0.0132086 0)
(-0.193413 -0.00169222 0)
(-0.193357 -0.0167013 0)
(-0.192377 -0.0317201 0)
(-0.190451 -0.0466409 0)
(-0.187554 -0.0613442 0)
(-0.183659 -0.0756956 0)
(-0.178743 -0.0895436 0)
(-0.172788 -0.102717 0)
(-0.165782 -0.115027 0)
(-0.157728 -0.126261 0)
(-0.148644 -0.136189 0)
(-0.13857 -0.144567 0)
(-0.127576 -0.151134 0)
(-0.11576 -0.155626 0)
(-0.103261 -0.157778 0)
(-0.0902571 -0.157337 0)
(-0.0769701 -0.154071 0)
(-0.0636668 -0.14778 0)
(-0.0506567 -0.138313 0)
(-0.0382893 -0.125575 0)
(-0.0269485 -0.109544 0)
(-0.0170346 -0.0902762 0)
(-0.00893898 -0.0679135 0)
(-0.00315382 -0.0426835 0)
(-0.000457152 -0.0149186 0)
(-0.000453089 0.0161104 0)
(-0.00307802 0.045528 0)
(-0.00865954 0.0718066 0)
(-0.0164136 0.0947471 0)
(-0.0258502 0.114256 0)
(-0.036593 0.130323 0)
(-0.04827 0.143007 0)
(-0.0605355 0.152431 0)
(-0.0730836 0.158765 0)
(-0.0856506 0.162214 0)
(-0.0980142 0.163007 0)
(-0.109993 0.161382 0)
(-0.121442 0.157585 0)
(-0.132252 0.151852 0)
(-0.142342 0.144412 0)
(-0.151654 0.135478 0)
(-0.160153 0.125248 0)
(-0.167818 0.113898 0)
(-0.174639 0.101589 0)
(-0.180613 0.0884615 0)
(-0.185743 0.0746423 0)
(-0.190032 0.0602428 0)
(-0.193483 0.0453633 0)
(-0.196094 0.0300959 0)
(-0.197862 0.0145276 0)
(-0.198775 -0.00125566 0)
(-0.198817 -0.0171659 0)
(-0.197966 -0.033109 0)
(-0.196196 -0.0489811 0)
(-0.193473 -0.0646647 0)
(-0.189765 -0.0800258 0)
(-0.185035 -0.0949103 0)
(-0.179253 -0.109142 0)
(-0.172393 -0.12252 0)
(-0.164442 -0.134821 0)
(-0.155401 -0.145793 0)
(-0.145296 -0.155167 0)
(-0.134179 -0.162651 0)
(-0.12214 -0.167946 0)
(-0.109307 -0.170745 0)
(-0.095856 -0.170749 0)
(-0.0820144 -0.167678 0)
(-0.0680607 -0.161286 0)
(-0.0543259 -0.151376 0)
(-0.0411901 -0.137812 0)
(-0.0290768 -0.120541 0)
(-0.0184328 -0.0995974 0)
(-0.00969988 -0.0751158 0)
(-0.00343311 -0.0473294 0)
(-0.000500488 -0.0165924 0)
(-0.00048952 0.017738 0)
(-0.00331041 0.0500003 0)
(-0.0092881 0.0786881 0)
(-0.0175601 0.103596 0)
(-0.0275818 0.124641 0)
(-0.0389338 0.141834 0)
(-0.051206 0.155268 0)
(-0.0640214 0.165103 0)
(-0.0770513 0.171555 0)
(-0.090017 0.174873 0)
(-0.102689 0.17533 0)
(-0.114884 0.173207 0)
(-0.126464 0.168786 0)
(-0.137324 0.162338 0)
(-0.147397 0.15412 0)
(-0.156638 0.144368 0)
(-0.165026 0.133296 0)
(-0.172554 0.121096 0)
(-0.179225 0.107937 0)
(-0.185053 0.0939658 0)
(-0.190049 0.0793106 0)
(-0.194228 0.0640824 0)
(-0.197602 0.0483787 0)
(-0.200176 0.032287 0)
(-0.201952 0.0158887 0)
(-0.20292 -0.000737248 0)
(-0.203067 -0.0175096 0)
(-0.202367 -0.0343411 0)
(-0.20079 -0.0511339 0)
(-0.198297 -0.0677752 0)
(-0.194844 -0.0841335 0)
(-0.190385 -0.100055 0)
(-0.184874 -0.115359 0)
(-0.178269 -0.129838 0)
(-0.170538 -0.143253 0)
(-0.161663 -0.155335 0)
(-0.151649 -0.165788 0)
(-0.140531 -0.17429 0)
(-0.128381 -0.180498 0)
(-0.115314 -0.184062 0)
(-0.101501 -0.18463 0)
(-0.0871685 -0.181867 0)
(-0.0726053 -0.17547 0)
(-0.0581632 -0.165185 0)
(-0.0442543 -0.150829 0)
(-0.0313452 -0.132305 0)
(-0.0199351 -0.10962 0)
(-0.0105234 -0.0828961 0)
(-0.0037376 -0.0523689 0)
(-0.000548279 -0.0184159 0)
(-0.000529471 0.0194898 0)
(-0.00356271 0.0547968 0)
(-0.00996562 0.0860403 0)
(-0.0187865 0.113009 0)
(-0.0294175 0.135633 0)
(-0.04139 0.15395 0)
(-0.0542509 0.168095 0)
(-0.0675891 0.178276 0)
(-0.0810523 0.184761 0)
(-0.0943475 0.187852 0)
(-0.10724 0.187874 0)
(-0.119549 0.185156 0)
(-0.131142 0.180024 0)
(-0.14193 0.172785 0)
(-0.151857 0.163725 0)
(-0.160898 0.153107 0)
(-0.169048 0.141162 0)
(-0.176317 0.128097 0)
(-0.182726 0.114087 0)
(-0.188302 0.0992842 0)
(-0.193073 0.0838175 0)
(-0.197064 0.0677955 0)
(-0.200296 0.0513111 0)
(-0.202785 0.0344452 0)
(-0.204536 0.0172711 0)
(-0.205545 -0.000140998 0)
(-0.205799 -0.0177193 0)
(-0.205271 -0.0353859 0)
(-0.203928 -0.0530513 0)
(-0.201723 -0.0706104 0)
(-0.198603 -0.0879371 0)
(-0.194509 -0.10488 0)
(-0.18938 -0.121258 0)
(-0.183155 -0.136856 0)
(-0.17578 -0.151426 0)
(-0.167216 -0.164681 0)
(-0.157443 -0.176298 0)
(-0.146472 -0.18592 0)
(-0.134352 -0.193163 0)
(-0.121182 -0.197625 0)
(-0.107117 -0.198895 0)
(-0.0923817 -0.196575 0)
(-0.077271 -0.190293 0)
(-0.0621558 -0.179728 0)
(-0.0474807 -0.164635 0)
(-0.0337591 -0.144864 0)
(-0.0215486 -0.120384 0)
(-0.0114152 -0.0912949 0)
(-0.00407006 -0.0578343 0)
(-0.000601111 -0.0204029 0)
(-0.000573613 0.0213772 0)
(-0.00383838 0.0599433 0)
(-0.0106999 0.0938949 0)
(-0.0201038 0.123014 0)
(-0.0313687 0.147248 0)
(-0.0439692 0.166671 0)
(-0.0574036 0.181467 0)
(-0.071224 0.191905 0)
(-0.0850538 0.198314 0)
(-0.0985876 0.201061 0)
(-0.111588 0.200531 0)
(-0.123881 0.197109 0)
(-0.135346 0.191166 0)
(-0.14591 0.183053 0)
(-0.155539 0.173088 0)
(-0.164227 0.161557 0)
(-0.171989 0.148713 0)
(-0.178858 0.134773 0)
(-0.184873 0.119921 0)
(-0.190079 0.104311 0)
(-0.194517 0.0880713 0)
(-0.198229 0.0713053 0)
(-0.201246 0.0540996 0)
(-0.203592 0.0365263 0)
(-0.20528 0.0186486 0)
(-0.206311 0.000525348 0)
(-0.206671 -0.0177836 0)
(-0.206336 -0.0362122 0)
(-0.205267 -0.0546826 0)
(-0.203413 -0.0730999 0)
(-0.200709 -0.0913467 0)
(-0.197084 -0.109277 0)
(-0.19246 -0.126713 0)
(-0.186757 -0.143437 0)
(-0.179896 -0.159191 0)
(-0.171811 -0.173672 0)
(-0.162455 -0.186532 0)
(-0.151809 -0.197381 0)
(-0.139893 -0.205789 0)
(-0.12678 -0.211297 0)
(-0.112608 -0.213431 0)
(-0.0975887 -0.211714 0)
(-0.0820192 -0.205697 0)
(-0.0662861 -0.194977 0)
(-0.0508667 -0.179231 0)
(-0.0363242 -0.158241 0)
(-0.023282 -0.131926 0)
(-0.0123824 -0.100355 0)
(-0.00443399 -0.0637609 0)
(-0.000659728 -0.0225688 0)
(-0.000622849 0.0234132 0)
(-0.00414208 0.0654701 0)
(-0.0115012 0.102288 0)
(-0.0215266 0.133642 0)
(-0.0334505 0.159502 0)
(-0.0466813 0.17999 0)
(-0.0606629 0.195351 0)
(-0.0749077 0.205927 0)
(-0.0890151 0.212124 0)
(-0.10267 0.214386 0)
(-0.115637 0.213166 0)
(-0.127754 0.208913 0)
(-0.138918 0.202052 0)
(-0.149079 0.192977 0)
(-0.158227 0.18204 0)
(-0.166382 0.169556 0)
(-0.173586 0.155793 0)
(-0.179892 0.14098 0)
(-0.185363 0.125306 0)
(-0.190062 0.108927 0)
(-0.194049 0.091967 0)
(-0.197379 0.0745235 0)
(-0.200097 0.0566738 0)
(-0.202235 0.0384788 0)
(-0.203814 0.0199891 0)
(-0.204841 0.00124984 0)
(-0.205305 -0.0176936 0)
(-0.205182 -0.0367896 0)
(-0.204429 -0.0559751 0)
(-0.202989 -0.0751687 0)
(-0.200789 -0.094265 0)
(-0.197746 -0.113128 0)
(-0.193762 -0.131585 0)
(-0.188736 -0.149421 0)
(-0.182566 -0.166371 0)
(-0.175154 -0.182121 0)
(-0.16642 -0.196299 0)
(-0.15631 -0.208481 0)
(-0.144807 -0.218191 0)
(-0.131953 -0.224909 0)
(-0.117855 -0.228087 0)
(-0.102707 -0.227165 0)
(-0.0867996 -0.221597 0)
(-0.0705303 -0.210883 0)
(-0.0544075 -0.194603 0)
(-0.0390474 -0.172454 0)
(-0.025146 -0.144284 0)
(-0.0134341 -0.110122 0)
(-0.00483383 -0.0701879 0)
(-0.000725087 -0.0249313 0)
(-0.000678412 0.025614 0)
(-0.00448004 0.0714133 0)
(-0.0123834 0.111261 0)
(-0.0230742 0.144924 0)
(-0.0356824 0.172407 0)
(-0.0495391 0.193889 0)
(-0.0640269 0.209695 0)
(-0.0786163 0.220257 0)
(-0.0928843 0.226075 0)
(-0.10651 0.227682 0)
(-0.119268 0.225613 0)
(-0.131013 0.220388 0)
(-0.141668 0.21249 0)
(-0.151214 0.202361 0)
(-0.159669 0.19039 0)
(-0.167086 0.176914 0)
(-0.173534 0.162222 0)
(-0.179094 0.146549 0)
(-0.183853 0.13009 0)
(-0.187895 0.112997 0)
(-0.191299 0.0953877 0)
(-0.194134 0.0773518 0)
(-0.196459 0.0589546 0)
(-0.198316 0.0402436 0)
(-0.199736 0.0212544 0)
(-0.200729 0.00201596 0)
(-0.201289 -0.0174432 0)
(-0.201392 -0.0370891 0)
(-0.200994 -0.0568757 0)
(-0.200034 -0.076739 0)
(-0.198431 -0.0965891 0)
(-0.196086 -0.116304 0)
(-0.192887 -0.135721 0)
(-0.188711 -0.154632 0)
(-0.183427 -0.172772 0)
(-0.176906 -0.189816 0)
(-0.169029 -0.205376 0)
(-0.1597 -0.218993 0)
(-0.148861 -0.230145 0)
(-0.136508 -0.238249 0)
(-0.12271 -0.242677 0)
(-0.107632 -0.24277 0)
(-0.0915472 -0.237875 0)
(-0.0748568 -0.227371 0)
(-0.0580963 -0.21072 0)
(-0.0419365 -0.187509 0)
(-0.0271541 -0.157494 0)
(-0.0145817 -0.120645 0)
(-0.0052754 -0.0771592 0)
(-0.000798451 -0.0275105 0)
(-0.000741991 0.0279995 0)
(-0.00486072 0.0778169 0)
(-0.013365 0.120863 0)
(-0.024772 0.156899 0)
(-0.0380895 0.185972 0)
(-0.0525579 0.208339 0)
(-0.0674916 0.224429 0)
(-0.0823177 0.234784 0)
(-0.0965944 0.240018 0)
(-0.110003 0.240768 0)
(-0.122333 0.237667 0)
(-0.13347 0.231312 0)
(-0.14337 0.222252 0)
(-0.152051 0.210976 0)
(-0.15957 0.197911 0)
(-0.166013 0.183419 0)
(-0.171486 0.167799 0)
(-0.176098 0.151298 0)
(-0.179961 0.134106 0)
(-0.183182 0.116372 0)
(-0.185859 0.098205 0)
(-0.188078 0.0796823 0)
(-0.189909 0.0608551 0)
(-0.191407 0.0417552 0)
(-0.192609 0.0224008 0)
(-0.193533 0.00280245 0)
(-0.194177 -0.0170305 0)
(-0.194518 -0.0370841 0)
(-0.194513 -0.0573326 0)
(-0.194097 -0.0777322 0)
(-0.19318 -0.0982128 0)
(-0.191656 -0.118671 0)
(-0.189394 -0.138959 0)
(-0.186249 -0.15888 0)
(-0.182063 -0.178175 0)
(-0.176672 -0.196518 0)
(-0.169917 -0.213504 0)
(-0.161652 -0.228648 0)
(-0.151769 -0.241382 0)
(-0.140208 -0.251059 0)
(-0.126989 -0.256963 0)
(-0.112231 -0.258329 0)
(-0.0961778 -0.254373 0)
(-0.0792231 -0.244336 0)
(-0.0619225 -0.227531 0)
(-0.0450009 -0.203403 0)
(-0.0293236 -0.171591 0)
(-0.0158406 -0.131978 0)
(-0.00576641 -0.0847255 0)
(-0.000881508 -0.0303304 0)
(-0.000815921 0.0305948 0)
(-0.00529559 0.0847351 0)
(-0.0144704 0.131152 0)
(-0.0266531 0.169605 0)
(-0.0407033 0.200199 0)
(-0.0557554 0.223297 0)
(-0.0710483 0.239455 0)
(-0.0859665 0.249359 0)
(-0.100056 0.253759 0)
(-0.113009 0.253419 0)
(-0.124646 0.249078 0)
(-0.13489 0.241422 0)
(-0.143745 0.231069 0)
(-0.151274 0.218558 0)
(-0.157579 0.20435 0)
(-0.162789 0.188829 0)
(-0.167044 0.172304 0)
(-0.170487 0.155023 0)
(-0.173258 0.137173 0)
(-0.175485 0.118894 0)
(-0.177285 0.100282 0)
(-0.178759 0.0814004 0)
(-0.179991 0.0622827 0)
(-0.181046 0.0429428 0)
(-0.181969 0.0233796 0)
(-0.182784 0.0035834 0)
(-0.183496 -0.0164579 0)
(-0.184083 -0.0367523 0)
(-0.184503 -0.0572971 0)
(-0.184689 -0.0780717 0)
(-0.184549 -0.0990297 0)
(-0.183964 -0.12009 0)
(-0.182792 -0.141127 0)
(-0.180868 -0.161961 0)
(-0.178005 -0.182347 0)
(-0.174005 -0.201961 0)
(-0.168662 -0.220394 0)
(-0.161781 -0.237139 0)
(-0.153191 -0.251587 0)
(-0.142767 -0.263028 0)
(-0.130462 -0.270654 0)
(-0.116334 -0.273582 0)
(-0.100582 -0.270884 0)
(-0.0835718 -0.261629 0)
(-0.06587 -0.244951 0)
(-0.0482515 -0.220115 0)
(-0.0316765 -0.186603 0)
(-0.0172306 -0.144178 0)
(-0.0063172 -0.0929457 0)
(-0.00097656 -0.0334195 0)
(-0.000903465 0.0334319 0)
(-0.00580029 0.092236 0)
(-0.0157325 0.1422 0)
(-0.0287603 0.183084 0)
(-0.0435625 0.215081 0)
(-0.0591497 0.238691 0)
(-0.0746789 0.25464 0)
(-0.089496 0.26379 0)
(-0.103146 0.267058 0)
(-0.115348 0.265356 0)
(-0.125967 0.259545 0)
(-0.134982 0.250408 0)
(-0.142454 0.238632 0)
(-0.148504 0.224807 0)
(-0.153286 0.209424 0)
(-0.156976 0.192881 0)
(-0.159754 0.175496 0)
(-0.161796 0.157509 0)
(-0.163268 0.139102 0)
(-0.164322 0.120398 0)
(-0.165092 0.101478 0)
(-0.165693 0.0823878 0)
(-0.16622 0.0631414 0)
(-0.166747 0.0437324 0)
(-0.167327 0.0241387 0)
(-0.167992 0.00432868 0)
(-0.168749 -0.0157324 0)
(-0.169583 -0.0360765 0)
(-0.170454 -0.0567259 0)
(-0.171296 -0.077686 0)
(-0.172013 -0.0989373 0)
(-0.172482 -0.120426 0)
(-0.172551 -0.142054 0)
(-0.172036 -0.163665 0)
(-0.170728 -0.185037 0)
(-0.168391 -0.205858 0)
(-0.164777 -0.225725 0)
(-0.159631 -0.244117 0)
(-0.152715 -0.260394 0)
(-0.143829 -0.273786 0)
(-0.13284 -0.283394 0)
(-0.119725 -0.288209 0)
(-0.104613 -0.287136 0)
(-0.087824 -0.27905 0)
(-0.0699142 -0.26286 0)
(-0.0517001 -0.237605 0)
(-0.0342414 -0.202555 0)
(-0.0187786 -0.157312 0)
(-0.00694191 -0.10189 0)
(-0.0010868 -0.0368129 0)
(-0.00100924 0.0365528 0)
(-0.00639636 0.100406 0)
(-0.017195 0.154092 0)
(-0.0311484 0.197384 0)
(-0.0467129 0.230596 0)
(-0.0627551 0.25442 0)
(-0.0783473 0.269802 0)
(-0.0928063 0.277824 0)
(-0.105694 0.279608 0)
(-0.116777 0.276237 0)
(-0.125987 0.268708 0)
(-0.133376 0.257905 0)
(-0.139078 0.244587 0)
(-0.143283 0.229387 0)
(-0.146205 0.21282 0)
(-0.14807 0.195294 0)
(-0.149098 0.177121 0)
(-0.1495 0.158535 0)
(-0.149467 0.139697 0)
(-0.149171 0.120716 0)
(-0.148761 0.101652 0)
(-0.148363 0.0825273 0)
(-0.148082 0.0633361 0)
(-0.148 0.0440499 0)
(-0.148175 0.0246243 0)
(-0.148645 0.00500495 0)
(-0.149424 -0.0148665 0)
(-0.1505 -0.0350468 0)
(-0.151839 -0.0555843 0)
(-0.153377 -0.0765127 0)
(-0.155021 -0.0978422 0)
(-0.156647 -0.11955 0)
(-0.158096 -0.141572 0)
(-0.159172 -0.163783 0)
(-0.159645 -0.18599 0)
(-0.159251 -0.207909 0)
(-0.157694 -0.22915 0)
(-0.154665 -0.249196 0)
(-0.149849 -0.267386 0)
(-0.142957 -0.2829 0)
(-0.133757 -0.294754 0)
(-0.12212 -0.301807 0)
(-0.108076 -0.302784 0)
(-0.0918682 -0.29633 0)
(-0.0740153 -0.281085 0)
(-0.0553581 -0.255799 0)
(-0.0370543 -0.219464 0)
(-0.0205203 -0.171453 0)
(-0.00766001 -0.111643 0)
(-0.00121674 -0.0405544 0)
(-0.00113993 0.0400126 0)
(-0.00711369 0.109357 0)
(-0.0189163 0.166933 0)
(-0.0338864 0.212548 0)
(-0.0502052 0.246697 0)
(-0.0665749 0.270332 0)
(-0.0819857 0.284691 0)
(-0.0957443 0.291133 0)
(-0.107456 0.291024 0)
(-0.116967 0.285644 0)
(-0.124299 0.276139 0)
(-0.129602 0.263494 0)
(-0.1331 0.248535 0)
(-0.135058 0.23193 0)
(-0.13576 0.214207 0)
(-0.135481 0.195771 0)
(-0.134486 0.176923 0)
(-0.133013 0.157876 0)
(-0.131277 0.138771 0)
(-0.129464 0.11969 0)
(-0.127737 0.10067 0)
(-0.126228 0.0817088 0)
(-0.125047 0.0627778 0)
(-0.124281 0.0438252 0)
(-0.123994 0.0247839 0)
(-0.124227 0.005577 0)
(-0.124999 -0.0138775 0)
(-0.126306 -0.033661 0)
(-0.128118 -0.0538487 0)
(-0.13038 -0.074503 0)
(-0.133003 -0.095666 0)
(-0.135868 -0.11735 0)
(-0.138815 -0.139527 0)
(-0.141645 -0.162114 0)
(-0.144114 -0.184955 0)
(-0.145933 -0.207806 0)
(-0.146768 -0.230306 0)
(-0.146253 -0.251958 0)
(-0.143997 -0.272098 0)
(-0.139612 -0.289873 0)
(-0.13275 -0.304226 0)
(-0.123149 -0.313886 0)
(-0.110705 -0.317387 0)
(-0.0955444 -0.313112 0)
(-0.0781088 -0.299381 0)
(-0.0592323 -0.274579 0)
(-0.0401604 -0.237328 0)
(-0.0225041 -0.186683 0)
(-0.00849881 -0.12231 0)
(-0.00137291 -0.0447006 0)
(-0.00130539 0.043886 0)
(-0.00799441 0.119232 0)
(-0.0209747 0.180848 0)
(-0.0370598 0.228613 0)
(-0.0540904 0.263295 0)
(-0.0705869 0.286207 0)
(-0.0854714 0.298968 0)
(-0.098074 0.303289 0)
(-0.108085 0.300824 0)
(-0.115467 0.293073 0)
(-0.12037 0.281336 0)
(-0.123061 0.266699 0)
(-0.123873 0.250038 0)
(-0.123158 0.232042 0)
(-0.121268 0.213239 0)
(-0.118531 0.194017 0)
(-0.115248 0.17465 0)
(-0.111683 0.155324 0)
(-0.108067 0.136148 0)
(-0.104596 0.117175 0)
(-0.101436 0.0984143 0)
(-0.0987234 0.0798371 0)
(-0.0965688 0.0613894 0)
(-0.0950597 0.0429967 0)
(-0.0942615 0.0245699 0)
(-0.0942189 0.00600987 0)
(-0.0949556 -0.0127874 0)
(-0.096474 -0.031927 0)
(-0.0987533 -0.0515097 0)
(-0.101746 -0.0716268 0)
(-0.105377 -0.0923528 0)
(-0.109535 -0.113737 0)
(-0.114069 -0.135792 0)
(-0.118784 -0.158481 0)
(-0.123433 -0.181699 0)
(-0.127712 -0.205251 0)
(-0.131259 -0.228825 0)
(-0.133658 -0.251962 0)
(-0.134444 -0.274021 0)
(-0.133127 -0.294141 0)
(-0.129225 -0.311211 0)
(-0.12232 -0.323846 0)
(-0.112132 -0.330385 0)
(-0.0986185 -0.328926 0)
(-0.0820877 -0.317408 0)
(-0.0633174 -0.293762 0)
(-0.0436141 -0.256122 0)
(-0.0247952 -0.203093 0)
(-0.00949723 -0.134024 0)
(-0.00156503 -0.0493255 0)
(-0.00152069 0.0482745 0)
(-0.00909892 0.13022 0)
(-0.0234749 0.195985 0)
(-0.0407707 0.245598 0)
(-0.0584076 0.280234 0)
(-0.0747176 0.301719 0)
(-0.0885893 0.312172 0)
(-0.099431 0.313738 0)
(-0.107077 0.308407 0)
(-0.111657 0.297919 0)
(-0.113488 0.283724 0)
(-0.112984 0.266989 0)
(-0.110595 0.248625 0)
(-0.10677 0.22932 0)
(-0.101925 0.209576 0)
(-0.0964361 0.189748 0)
(-0.0906321 0.170073 0)
(-0.0847941 0.150693 0)
(-0.079159 0.131683 0)
(-0.0739243 0.113058 0)
(-0.0692523 0.0947961 0)
(-0.0652753 0.0768411 0)
(-0.0620995 0.059114 0)
(-0.0598086 0.041518 0)
(-0.0584663 0.0239434 0)
(-0.0581181 0.00627147 0)
(-0.0587915 -0.0116219 0)
(-0.0604958 -0.0298627 0)
(-0.0632201 -0.0485754 0)
(-0.0669307 -0.0678779 0)
(-0.0715667 -0.0878761 0)
(-0.0770344 -0.108656 0)
(-0.0832006 -0.130276 0)
(-0.0898844 -0.152747 0)
(-0.0968483 -0.176024 0)
(-0.103789 -0.199975 0)
(-0.110332 -0.224354 0)
(-0.116023 -0.248766 0)
(-0.120334 -0.27262 0)
(-0.122675 -0.295083 0)
(-0.122424 -0.315023 0)
(-0.118979 -0.33097 0)
(-0.111844 -0.34108 0)
(-0.100742 -0.343153 0)
(-0.0857732 -0.334692 0)
(-0.0675808 -0.313067 0)
(-0.0474771 -0.275773 0)
(-0.0274815 -0.220782 0)
(-0.0107118 -0.146953 0)
(-0.00180809 -0.0545289 0)
(-0.00180975 0.0533206 0)
(-0.0105156 0.142566 0)
(-0.0265566 0.212513 0)
(-0.045133 0.263472 0)
(-0.0631595 0.297251 0)
(-0.0787973 0.316391 0)
(-0.090971 0.32367 0)
(-0.0992534 0.321762 0)
(-0.103703 0.313036 0)
(-0.104683 0.299471 0)
(-0.102716 0.282651 0)
(-0.098386 0.263797 0)
(-0.0922733 0.243816 0)
(-0.0849151 0.223366 0)
(-0.0767879 0.202901 0)
(-0.0683012 0.182721 0)
(-0.0597985 0.163006 0)
(-0.0515639 0.143849 0)
(-0.0438286 0.125277 0)
(-0.0367793 0.107268 0)
(-0.030566 0.0897652 0)
(-0.0253083 0.0726844 0)
(-0.021101 0.0559231 0)
(-0.0180191 0.0393641 0)
(-0.0161206 0.02288 0)
(-0.0154491 0.00633574 0)
(-0.0160344 -0.010409 0)
(-0.0178925 -0.0274976 0)
(-0.021024 -0.0450738 0)
(-0.0254112 -0.063279 0)
(-0.0310135 -0.0822475 0)
(-0.0377613 -0.102101 0)
(-0.0455479 -0.12294 0)
(-0.0542199 -0.14483 0)
(-0.063565 -0.16779 0)
(-0.073299 -0.191762 0)
(-0.0830525 -0.216584 0)
(-0.0923585 -0.241951 0)
(-0.100645 -0.267358 0)
(-0.107235 -0.292038 0)
(-0.11137 -0.314893 0)
(-0.112249 -0.334412 0)
(-0.109116 -0.348608 0)
(-0.101392 -0.354987 0)
(-0.0888659 -0.350576 0)
(-0.0719325 -0.332072 0)
(-0.0518105 -0.296134 0)
(-0.0306809 -0.239846 0)
(-0.0122263 -0.161315 0)
(-0.00212612 -0.0604493 0)
(-0.00221221 0.0592279 0)
(-0.0123769 0.156595 0)
(-0.0304035 0.230604 0)
(-0.0502569 0.282113 0)
(-0.0682629 0.313904 0)
(-0.0824814 0.329526 0)
(-0.0919982 0.332608 0)
(-0.09668 0.326448 0)
(-0.0969154 0.313817 0)
(-0.0933705 0.296914 0)
(-0.0868158 0.277413 0)
(-0.0780191 0.256536 0)
(-0.0676853 0.235146 0)
(-0.0564288 0.213828 0)
(-0.0447655 0.192958 0)
(-0.0331182 0.172756 0)
(-0.0218259 0.153334 0)
(-0.0111568 0.134723 0)
(-0.00132053 0.116898 0)
(0.00751986 0.0997959 0)
(0.0152382 0.0833256 0)
(0.0217366 0.0673768 0)
(0.0269384 0.0518256 0)
(0.0307833 0.0365385 0)
(0.0332231 0.0213743 0)
(0.0342189 0.00618619 0)
(0.0337405 -0.00917747 0)
(0.0317657 -0.024872 0)
(0.0282818 -0.0410555 0)
(0.0232881 -0.057887 0)
(0.0168009 -0.0755243 0)
(0.00885899 -0.0941199 0)
(-0.000466974 -0.113814 0)
(-0.0110638 -0.134727 0)
(-0.0227615 -0.15694 0)
(-0.0353165 -0.180481 0)
(-0.0483921 -0.205286 0)
(-0.0615373 -0.231163 0)
(-0.0741678 -0.257731 0)
(-0.085552 -0.284341 0)
(-0.0948121 -0.309991 0)
(-0.100951 -0.333202 0)
(-0.102925 -0.351914 0)
(-0.0997774 -0.363384 0)
(-0.0908633 -0.364151 0)
(-0.0761695 -0.350132 0)
(-0.0566525 -0.316923 0)
(-0.0345476 -0.260363 0)
(-0.0141678 -0.177391 0)
(-0.00255934 -0.0672848 0)
(-0.00279667 0.0662972 0)
(-0.0148848 0.172724 0)
(-0.0352492 0.250404 0)
(-0.0562054 0.30122 0)
(-0.0734524 0.32947 0)
(-0.0851154 0.340109 0)
(-0.0906511 0.337836 0)
(-0.0904019 0.326647 0)
(-0.0852127 0.309699 0)
(-0.0761227 0.289349 0)
(-0.0641747 0.267283 0)
(-0.050315 0.244654 0)
(-0.035351 0.222217 0)
(-0.0199433 0.200441 0)
(-0.00461567 0.179587 0)
(0.0102264 0.159779 0)
(0.024275 0.141044 0)
(0.0373001 0.123344 0)
(0.049132 0.106601 0)
(0.0596462 0.0907105 0)
(0.0687518 0.0755497 0)
(0.0763816 0.0609855 0)
(0.0824844 0.0468776 0)
(0.0870195 0.0330808 0)
(0.0899526 0.0194457 0)
(0.0912529 0.00581951 0)
(0.0908915 -0.00795459 0)
(0.088841 -0.0220376 0)
(0.0850766 -0.0365949 0)
(0.0795782 -0.0517966 0)
(0.0723344 -0.0678167 0)
(0.0633482 -0.0848311 0)
(0.052646 -0.103014 0)
(0.0402884 -0.122532 0)
(0.0263859 -0.143533 0)
(0.0111181 -0.166125 0)
(-0.00524167 -0.190355 0)
(-0.0222971 -0.216164 0)
(-0.0394967 -0.243328 0)
(-0.0561019 -0.271374 0)
(-0.0711626 -0.299469 0)
(-0.0835152 -0.326268 0)
(-0.0918236 -0.349748 0)
(-0.0946967 -0.367015 0)
(-0.0909247 -0.374169 0)
(-0.0798713 -0.36628 0)
(-0.0619672 -0.337629 0)
(-0.0392734 -0.282339 0)
(-0.0167323 -0.195543 0)
(-0.003178 -0.0753285 0)
(-0.00368612 0.0749877 0)
(-0.0183518 0.191489 0)
(-0.041364 0.271943 0)
(-0.062891 0.320161 0)
(-0.0780962 0.342785 0)
(-0.0855062 0.346686 0)
(-0.0852752 0.337842 0)
(-0.0784544 0.320963 0)
(-0.066475 0.299501 0)
(-0.0507958 0.275849 0)
(-0.032723 0.251586 0)
(-0.0133426 0.227699 0)
(0.006486 0.204766 0)
(0.0261076 0.183089 0)
(0.0450377 0.162786 0)
(0.0629274 0.143865 0)
(0.0795323 0.126261 0)
(0.0946857 0.109867 0)
(0.108277 0.0945536 0)
(0.120235 0.0801779 0)
(0.130514 0.0665922 0)
(0.139086 0.0536462 0)
(0.145931 0.0411896 0)
(0.151033 0.029072 0)
(0.154375 0.0171425 0)
(0.155936 0.00524879 0)
(0.15569 -0.00676421 0)
(0.153608 -0.0190559 0)
(0.149652 -0.0317914 0)
(0.143782 -0.0451434 0)
(0.13596 -0.0592929 0)
(0.126149 -0.0744299 0)
(0.114325 -0.0907524 0)
(0.100487 -0.108464 0)
(0.0846709 -0.127766 0)
(0.0669694 -0.148848 0)
(0.0475604 -0.171863 0)
(0.0267417 -0.196896 0)
(0.00497495 -0.223909 0)
(-0.0170632 -0.252652 0)
(-0.0384272 -0.282546 0)
(-0.0578585 -0.3125 0)
(-0.0737752 -0.340682 0)
(-0.0843366 -0.364227 0)
(-0.0876517 -0.378938 0)
(-0.0822092 -0.379063 0)
(-0.0675266 -0.357348 0)
(-0.0450648 -0.305613 0)
(-0.0202238 -0.216219 0)
(-0.00410865 -0.085031 0)
(-0.00510558 0.0860258 0)
(-0.023255 0.213522 0)
(-0.0489823 0.294952 0)
(-0.06984 0.337712 0)
(-0.0808496 0.35201 0)
(-0.0815437 0.347212 0)
(-0.0732344 0.330703 0)
(-0.0579384 0.307781 0)
(-0.0377642 0.281993 0)
(-0.014575 0.255565 0)
(0.0101295 0.229809 0)
(0.0352114 0.205432 0)
(0.0598457 0.182761 0)
(0.0834575 0.161887 0)
(0.105662 0.142768 0)
(0.126213 0.125286 0)
(0.144965 0.109288 0)
(0.161838 0.0946021 0)
(0.176799 0.0810551 0)
(0.189842 0.0684763 0)
(0.200975 0.0567009 0)
(0.210214 0.0455705 0)
(0.217575 0.0349326 0)
(0.223067 0.0246392 0)
(0.226693 0.0145451 0)
(0.228445 0.0045058 0)
(0.228302 -0.00562502 0)
(0.226231 -0.0159975 0)
(0.222188 -0.0267686 0)
(0.216114 -0.0381042 0)
(0.207941 -0.0501823 0)
(0.197596 -0.0631952 0)
(0.185002 -0.0773513 0)
(0.170091 -0.0928764 0)
(0.152815 -0.110012 0)
(0.13316 -0.12901 0)
(0.111182 -0.15012 0)
(0.087035 -0.173567 0)
(0.0610269 -0.199505 0)
(0.0336859 -0.227946 0)
(0.00584358 -0.258636 0)
(-0.0212722 -0.290868 0)
(-0.0459536 -0.323198 0)
(-0.0659822 -0.353051 0)
(-0.0787413 -0.376218 0)
(-0.0816003 -0.386329 0)
(-0.072657 -0.374512 0)
(-0.0520519 -0.329645 0)
(-0.0251043 -0.239924 0)
(-0.00558278 -0.09711 0)
(-0.00746276 0.100588 0)
(-0.0302814 0.239451 0)
(-0.058059 0.318469 0)
(-0.0756756 0.351623 0)
(-0.0790193 0.354323 0)
(-0.0695948 0.338933 0)
(-0.050423 0.314113 0)
(-0.0246788 0.285404 0)
(0.00488064 0.25608 0)
(0.0361209 0.22792 0)
(0.0675098 0.20178 0)
(0.0980081 0.177973 0)
(0.126948 0.156517 0)
(0.15393 0.137273 0)
(0.178735 0.120033 0)
(0.201267 0.104566 0)
(0.221509 0.09064 0)
(0.23949 0.0780368 0)
(0.255264 0.0665539 0)
(0.268897 0.0560058 0)
(0.280455 0.046223 0)
(0.289998 0.0370493 0)
(0.297578 0.0283394 0)
(0.303231 0.0199559 0)
(0.30698 0.0117666 0)
(0.308829 0.00364155 0)
(0.308763 -0.00454967 0)
(0.30675 -0.012941 0)
(0.302737 -0.021673 0)
(0.296653 -0.0308962 0)
(0.288406 -0.0407748 0)
(0.277886 -0.0514908 0)
(0.264971 -0.0632479 0)
(0.249526 -0.0762758 0)
(0.231414 -0.0908339 0)
(0.210512 -0.107213 0)
(0.186729 -0.125733 0)
(0.160043 -0.146732 0)
(0.130547 -0.170544 0)
(0.098527 -0.197442 0)
(0.0645652 -0.227545 0)
(0.0296773 -0.260638 0)
(-0.0045188 -0.295875 0)
(-0.0356385 -0.331307 0)
(-0.0604571 -0.363175 0)
(-0.0751027 -0.384975 0)
(-0.0757054 -0.386463 0)
(-0.0600107 -0.353097 0)
(-0.0320223 -0.267087 0)
(-0.00801623 -0.11273 0)
(-0.0114371 0.120548 0)
(-0.0402212 0.269512 0)
(-0.0675672 0.340098 0)
(-0.0770257 0.357988 0)
(-0.0674432 0.345623 0)
(-0.0435896 0.318398 0)
(-0.0106409 0.28562 0)
(0.0271287 0.252372 0)
(0.0665863 0.221134 0)
(0.10564 0.192906 0)
(0.142998 0.167909 0)
(0.17793 0.145992 0)
(0.210072 0.126843 0)
(0.239297 0.110107 0)
(0.265613 0.0954374 0)
(0.28911 0.0825186 0)
(0.309919 0.0710713 0)
(0.328181 0.060853 0)
(0.344043 0.0516537 0)
(0.357639 0.0432906 0)
(0.369089 0.0356036 0)
(0.378494 0.0284503 0)
(0.385937 0.0217017 0)
(0.391479 0.015239 0)
(0.395157 0.00894966 0)
(0.396987 0.00272446 0)
(0.396964 -0.00354542 0)
(0.395055 -0.00997162 0)
(0.391204 -0.0166718 0)
(0.38533 -0.0237732 0)
(0.377326 -0.0314168 0)
(0.367055 -0.039762 0)
(0.354354 -0.0489922 0)
(0.339035 -0.0593211 0)
(0.320883 -0.0710003 0)
(0.299667 -0.0843271 0)
(0.275152 -0.0996516 0)
(0.24712 -0.117382 0)
(0.215411 -0.13798 0)
(0.179989 -0.161944 0)
(0.141046 -0.189748 0)
(0.0991695 -0.221715 0)
(0.0555727 -0.257766 0)
(0.0124115 -0.296934 0)
(-0.0268809 -0.336523 0)
(-0.0573967 -0.370762 0)
(-0.0729619 -0.388886 0)
(-0.0676079 -0.373064 0)
(-0.0416571 -0.297609 0)
(-0.012084 -0.133726 0)
(-0.0178751 0.14882 0)
(-0.0531607 0.302425 0)
(-0.0736041 0.354595 0)
(-0.0663132 0.350455 0)
(-0.0366502 0.320455 0)
(0.00620285 0.281875 0)
(0.0550513 0.243234 0)
(0.105132 0.2081 0)
(0.153588 0.177545 0)
(0.198894 0.151513 0)
(0.240365 0.129507 0)
(0.277808 0.110921 0)
(0.311301 0.095173 0)
(0.341056 0.0817537 0)
(0.367344 0.0702381 0)
(0.390445 0.0602763 0)
(0.410633 0.0515827 0)
(0.428154 0.0439235 0)
(0.44323 0.0371057 0)
(0.456051 0.030968 0)
(0.466777 0.025374 0)
(0.475542 0.0202057 0)
(0.482448 0.0153589 0)
(0.487573 0.0107394 0)
(0.490966 0.00625958 0)
(0.492654 0.00183527 0)
(0.492633 -0.00261684 0)
(0.490877 -0.00718208 0)
(0.487331 -0.0119507 0)
(0.48191 -0.017021 0)
(0.474498 -0.0225035 0)
(0.464947 -0.0285253 0)
(0.45307 -0.0352357 0)
(0.438642 -0.0428138 0)
(0.421393 -0.0514777 0)
(0.40101 -0.0614956 0)
(0.377133 -0.0732004 0)
(0.349367 -0.0870062 0)
(0.317297 -0.103426 0)
(0.28053 -0.123086 0)
(0.238774 -0.14672 0)
(0.191981 -0.175128 0)
(0.1406 -0.209026 0)
(0.0859886 -0.248676 0)
(0.0310112 -0.293091 0)
(-0.0192062 -0.338439 0)
(-0.0565799 -0.375168 0)
(-0.0704662 -0.383694 0)
(-0.0537947 -0.329652 0)
(-0.0185613 -0.162916 0)
(-0.0268116 0.190325 0)
(-0.0655557 0.332536 0)
(-0.0647235 0.351137 0)
(-0.0275768 0.319188 0)
(0.0298371 0.272366 0)
(0.0944728 0.226329 0)
(0.158658 0.186508 0)
(0.218591 0.153776 0)
(0.272746 0.127376 0)
(0.320807 0.106158 0)
(0.363044 0.0890324 0)
(0.399964 0.0750915 0)
(0.432139 0.0636256 0)
(0.460124 0.0540901 0)
(0.484419 0.0460698 0)
(0.505462 0.0392471 0)
(0.523629 0.0333768 0)
(0.539235 0.0282672 0)
(0.552548 0.0237659 0)
(0.563785 0.0197498 0)
(0.573128 0.0161176 0)
(0.580719 0.0127836 0)
(0.586671 0.00967396 0)
(0.591065 0.00672286 0)
(0.593958 0.00386994 0)
(0.595377 0.00105785 0)
(0.595327 -0.00176986 0)
(0.593782 -0.00467089 0)
(0.590694 -0.00770643 0)
(0.585983 -0.0109436 0)
(0.579537 -0.0144587 0)
(0.571209 -0.0183405 0)
(0.560813 -0.0226957 0)
(0.548112 -0.0276549 0)
(0.532818 -0.0333815 0)
(0.514576 -0.0400834 0)
(0.492956 -0.0480292 0)
(0.467443 -0.0575704 0)
(0.437426 -0.0691713 0)
(0.402202 -0.0834478 0)
(0.360998 -0.101215 0)
(0.313045 -0.123528 0)
(0.257751 -0.151693 0)
(0.195069 -0.187134 0)
(0.126206 -0.230918 0)
(0.0548752 -0.282362 0)
(-0.0108336 -0.335713 0)
(-0.0566526 -0.373685 0)
(-0.0642706 -0.356753 0)
(-0.0272259 -0.205008 0)
(-0.0329657 0.250188 0)
(-0.0617671 0.3437 0)
(-0.0118057 0.31029 0)
(0.0704645 0.251393 0)
(0.158688 0.196108 0)
(0.241512 0.151821 0)
(0.314598 0.118415 0)
(0.377255 0.0936022 0)
(0.430371 0.0750721 0)
(0.475279 0.061036 0)
(0.513291 0.0502143 0)
(0.545555 0.041715 0)
(0.573021 0.0349191 0)
(0.596463 0.0293933 0)
(0.616502 0.0248299 0)
(0.633637 0.021006 0)
(0.648272 0.0177573 0)
(0.66073 0.0149597 0)
(0.671273 0.0125177 0)
(0.680111 0.010356 0)
(0.687414 0.0084142 0)
(0.693313 0.00664197 0)
(0.697911 0.00499673 0)
(0.701282 0.00344109 0)
(0.703478 0.00194113 0)
(0.704524 0.0004649 0)
(0.704427 -0.00101889 0)
(0.703167 -0.00254216 0)
(0.700705 -0.00413881 0)
(0.696973 -0.00584629 0)
(0.691877 -0.00770741 0)
(0.685291 -0.00977277 0)
(0.67705 -0.0121039 0)
(0.666944 -0.0147776 0)
(0.654707 -0.017892 0)
(0.640004 -0.0215753 0)
(0.622414 -0.0259986 0)
(0.6014 -0.0313949 0)
(0.576289 -0.0380879 0)
(0.546221 -0.0465359 0)
(0.51012 -0.0573991 0)
(0.466648 -0.071639 0)
(0.414215 -0.0906554 0)
(0.351097 -0.116442 0)
(0.275895 -0.151641 0)
(0.188771 -0.199011 0)
(0.093794 -0.259084 0)
(0.00261027 -0.324008 0)
(-0.0566864 -0.361888 0)
(-0.0321431 -0.264026 0)
(0.00104401 0.294801 0)
(0.0166834 0.298438 0)
(0.15198 0.212846 0)
(0.282405 0.145218 0)
(0.387573 0.0996333 0)
(0.470929 0.0699264 0)
(0.536641 0.0506988 0)
(0.58856 0.0380183 0)
(0.630021 0.029367 0)
(0.663566 0.023239 0)
(0.691041 0.0187418 0)
(0.713781 0.0153362 0)
(0.732763 0.0126864 0)
(0.748711 0.0105766 0)
(0.76217 0.00886295 0)
(0.773557 0.00744622 0)
(0.783194 0.006256 0)
(0.791334 0.00524076 0)
(0.798174 0.00436177 0)
(0.803872 0.00358913 0)
(0.808551 0.00289917 0)
(0.812307 0.00227261 0)
(0.815213 0.00169327 0)
(0.817323 0.00114712 0)
(0.818673 0.000621543 0)
(0.819282 0.000104744 0)
(0.819155 -0.000414773 0)
(0.81828 -0.000948747 0)
(0.81663 -0.00150965 0)
(0.814158 -0.00211131 0)
(0.8108 -0.00276968 0)
(0.806468 -0.00350375 0)
(0.801046 -0.00433694 0)
(0.794384 -0.00529888 0)
(0.78629 -0.00642811 0)
(0.776516 -0.00777602 0)
(0.764743 -0.00941303 0)
(0.75055 -0.0114382 0)
(0.733384 -0.0139952 0)
(0.712501 -0.0172995 0)
(0.68689 -0.0216863 0)
(0.655149 -0.0276962 0)
(0.61532 -0.0362331 0)
(0.564648 -0.0488473 0)
(0.499425 -0.0681959 0)
(0.41521 -0.0985798 0)
(0.307127 -0.146108 0)
(0.170873 -0.217506 0)
(0.0269766 -0.307263 0)
(0.00517712 -0.302971 0)
(0.290232 0.152395 0)
(0.389443 0.12819 0)
(0.565223 0.0746851 0)
(0.682963 0.0421965 0)
(0.752519 0.0245151 0)
(0.797559 0.0148976 0)
(0.828821 0.00961366 0)
(0.851456 0.00661211 0)
(0.868488 0.00480712 0)
(0.881729 0.0036482 0)
(0.892281 0.00285688 0)
(0.900843 0.00228767 0)
(0.907882 0.0018608 0)
(0.913725 0.00153001 0)
(0.918607 0.00126686 0)
(0.922702 0.00105296 0)
(0.926141 0.000875767 0)
(0.929024 0.000726449 0)
(0.931432 0.000598521 0)
(0.933423 0.000487092 0)
(0.935046 0.000388353 0)
(0.936338 0.000299252 0)
(0.937327 0.000217262 0)
(0.938032 0.000140218 0)
(0.938467 6.61908e-05 0)
(0.93864 -6.60761e-06 0)
(0.938552 -7.98988e-05 0)
(0.938199 -0.000155479 0)
(0.937569 -0.000235233 0)
(0.936647 -0.000321266 0)
(0.935408 -0.000416029 0)
(0.933817 -0.000522481 0)
(0.931832 -0.000644315 0)
(0.929394 -0.000786282 0)
(0.92643 -0.000954681 0)
(0.922842 -0.00115811 0)
(0.918504 -0.00140868 0)
(0.913245 -0.00172408 0)
(0.906835 -0.00213131 0)
(0.898953 -0.00267372 0)
(0.889138 -0.00342525 0)
(0.876703 -0.00452006 0)
(0.860565 -0.00621659 0)
(0.83893 -0.00903523 0)
(0.808753 -0.0140355 0)
(0.764773 -0.0233086 0)
(0.696068 -0.0408157 0)
(0.577964 -0.0737678 0)
(0.398006 -0.128737 0)
(0.293841 -0.15376 0)
)
;

boundaryField
{
    movingWall
    {
        type            fixedValue;
        value           uniform (1 0 0);
    }
    fixedWalls
    {
        type            noSlip;
    }
    frontAndBack
    {
        type            empty;
    }
}


// ************************************************************************* //
