/*--------------------------------*- C++ -*----------------------------------*\
  =========                 |
  \\      /  F ield         | OpenFOAM: The Open Source CFD Toolbox
   \\    /   O peration     | Website:  https://openfoam.org
    \\  /    A nd           | Version:  7
     \\/     M anipulation  |
\*---------------------------------------------------------------------------*/
FoamFile
{
    version     2.0;
    format      ascii;
    class       volVectorField;
    location    "0.012";
    object      U;
}
// * * * * * * * * * * * * * * * * * * * * * * * * * * * * * * * * * * * * * //

dimensions      [0 1 -1 0 0 0 0];

internalField   nonuniform List<vector> 
2500
(
(2.28355e-05 -2.28511e-05 0)
(5.07612e-05 -1.6006e-05 0)
(2.97604e-05 6.20431e-06 0)
(-5.54674e-05 2.92346e-05 0)
(-0.000202419 4.94415e-05 0)
(-0.000401388 6.55205e-05 0)
(-0.000641975 7.75291e-05 0)
(-0.000913747 8.59391e-05 0)
(-0.00120711 9.12751e-05 0)
(-0.00151359 9.40219e-05 0)
(-0.00182579 9.46062e-05 0)
(-0.00213742 9.33961e-05 0)
(-0.00244312 9.07047e-05 0)
(-0.00273837 8.67956e-05 0)
(-0.00301943 8.18885e-05 0)
(-0.00328317 7.61646e-05 0)
(-0.00352699 6.97724e-05 0)
(-0.00374876 6.28331e-05 0)
(-0.00394672 5.54455e-05 0)
(-0.00411942 4.76906e-05 0)
(-0.00426566 3.96362e-05 0)
(-0.0043845 3.13397e-05 0)
(-0.00447515 2.28519e-05 0)
(-0.00453705 1.42187e-05 0)
(-0.00456976 5.48347e-06 0)
(-0.004573 -3.31116e-06 0)
(-0.00454668 -1.21218e-05 0)
(-0.00449084 -2.09034e-05 0)
(-0.0044057 -2.96069e-05 0)
(-0.00429165 -3.81784e-05 0)
(-0.00414931 -4.65566e-05 0)
(-0.0039795 -5.46713e-05 0)
(-0.00378333 -6.244e-05 0)
(-0.00356222 -6.97652e-05 0)
(-0.00331793 -7.65307e-05 0)
(-0.00305266 -8.25978e-05 0)
(-0.00276913 -8.78008e-05 0)
(-0.00247062 -9.19426e-05 0)
(-0.00216108 -9.47908e-05 0)
(-0.00184526 -9.60729e-05 0)
(-0.00152876 -9.54718e-05 0)
(-0.00121815 -9.26214e-05 0)
(-0.000921033 -8.71034e-05 0)
(-0.0006461 -7.84489e-05 0)
(-0.000403089 -6.61557e-05 0)
(-0.000202506 -4.97797e-05 0)
(-5.47118e-05 -2.92991e-05 0)
(3.06662e-05 -6.08335e-06 0)
(5.13139e-05 1.61987e-05 0)
(2.30188e-05 2.29735e-05 0)
(1.62438e-05 -5.08638e-05 0)
(-5.91531e-06 6.53335e-06 0)
(-0.000152129 0.000116765 0)
(-0.0004391 0.000233299 0)
(-0.000862916 0.000339408 0)
(-0.00140784 0.000428027 0)
(-0.00205283 0.000497366 0)
(-0.00277518 0.00054805 0)
(-0.00355273 0.00058167 0)
(-0.00436489 0.000600147 0)
(-0.00519316 0.000605447 0)
(-0.00602123 0.000599442 0)
(-0.00683499 0.000583844 0)
(-0.00762235 0.000560174 0)
(-0.00837307 0.000529756 0)
(-0.00907852 0.000493724 0)
(-0.00973149 0.000453039 0)
(-0.010326 0.000408506 0)
(-0.010857 0.000360803 0)
(-0.0113205 0.000310497 0)
(-0.0117131 0.000258073 0)
(-0.012032 0.000203946 0)
(-0.0122752 0.000148488 0)
(-0.0124409 9.20344e-05 0)
(-0.0125281 3.49037e-05 0)
(-0.012536 -2.25943e-05 0)
(-0.0124642 -8.01467e-05 0)
(-0.0123131 -0.000137428 0)
(-0.0120833 -0.00019409 0)
(-0.011776 -0.00024975 0)
(-0.0113929 -0.000303979 0)
(-0.0109365 -0.000356287 0)
(-0.01041 -0.000406109 0)
(-0.00981725 -0.000452785 0)
(-0.00916338 -0.000495543 0)
(-0.00845452 -0.00053348 0)
(-0.00769814 -0.000565543 0)
(-0.00690324 -0.000590515 0)
(-0.00608055 -0.000607006 0)
(-0.00524268 -0.000613447 0)
(-0.00440433 -0.000608111 0)
(-0.00358239 -0.000589139 0)
(-0.00279589 -0.000554613 0)
(-0.00206588 -0.000502698 0)
(-0.00141484 -0.000431924 0)
(-0.000865635 -0.000341808 0)
(-0.000439284 -0.000234316 0)
(-0.00015131 -0.000116725 0)
(-5.19278e-06 -5.92218e-06 0)
(1.64961e-05 5.14033e-05 0)
(-5.27815e-06 -3.09227e-05 0)
(-0.000114362 0.000152098 0)
(-0.000422021 0.00042456 0)
(-0.000926749 0.000709799 0)
(-0.00161839 0.000972919 0)
(-0.00247736 0.0011972 0)
(-0.0034764 0.00137628 0)
(-0.00458513 0.00150963 0)
(-0.00577308 0.00159968 0)
(-0.00701127 0.00165029 0)
(-0.00827303 0.00166586 0)
(-0.00953448 0.00165087 0)
(-0.0107746 0.00160959 0)
(-0.0119752 0.00154592 0)
(-0.0131206 0.00146336 0)
(-0.0141977 0.00136497 0)
(-0.0151952 0.00125335 0)
(-0.0161037 0.00113076 0)
(-0.0169156 0.000999091 0)
(-0.0176244 0.000859963 0)
(-0.0182247 0.000714762 0)
(-0.0187124 0.000564694 0)
(-0.019084 0.000410832 0)
(-0.019337 0.000254156 0)
(-0.0194696 9.55894e-05 0)
(-0.0194807 -6.39683e-05 0)
(-0.0193699 -0.000223612 0)
(-0.0191376 -0.000382403 0)
(-0.0187849 -0.000539337 0)
(-0.0183137 -0.000693317 0)
(-0.0177269 -0.000843118 0)
(-0.0170282 -0.000987348 0)
(-0.0162228 -0.00112441 0)
(-0.0153168 -0.00125246 0)
(-0.0143183 -0.00136935 0)
(-0.0132366 -0.00147259 0)
(-0.0120833 -0.00155934 0)
(-0.0108723 -0.00162633 0)
(-0.00961982 -0.00166991 0)
(-0.00834475 -0.00168605 0)
(-0.00706894 -0.00167046 0)
(-0.00581706 -0.00161869 0)
(-0.00461653 -0.00152646 0)
(-0.00349694 -0.00139014 0)
(-0.00248923 -0.00120758 0)
(-0.00162396 -0.000979683 0)
(-0.000928393 -0.000713204 0)
(-0.000421821 -0.000425297 0)
(-0.000113845 -0.000151254 0)
(-5.07926e-06 3.18909e-05 0)
(-2.7615e-05 5.20978e-05 0)
(-0.000229858 0.000437609 0)
(-0.000707831 0.000929137 0)
(-0.00143169 0.00143081 0)
(-0.00238021 0.00189298 0)
(-0.00352887 0.00228942 0)
(-0.0048452 0.00260868 0)
(-0.00629325 0.00284842 0)
(-0.00783667 0.00301154 0)
(-0.00944048 0.00310379 0)
(-0.0110721 0.00313227 0)
(-0.0127019 0.0031045 0)
(-0.0143037 0.00302789 0)
(-0.0158543 0.00290935 0)
(-0.017334 0.0027552 0)
(-0.0187255 0.00257099 0)
(-0.0200146 0.0023616 0)
(-0.021189 0.0021312 0)
(-0.0222386 0.00188341 0)
(-0.0231549 0.00162128 0)
(-0.0239311 0.00134748 0)
(-0.0245615 0.00106435 0)
(-0.0250416 0.000773944 0)
(-0.0253683 0.000478172 0)
(-0.025539 0.000178823 0)
(-0.0255525 -0.000122361 0)
(-0.0254082 -0.000423628 0)
(-0.0251066 -0.000723164 0)
(-0.0246494 -0.00101904 0)
(-0.024039 -0.00130914 0)
(-0.0232792 -0.00159112 0)
(-0.0223751 -0.00186232 0)
(-0.0213333 -0.00211971 0)
(-0.0201622 -0.00235979 0)
(-0.0188718 -0.00257855 0)
(-0.0174747 -0.00277137 0)
(-0.0159857 -0.00293297 0)
(-0.0144226 -0.00305741 0)
(-0.0128059 -0.00313813 0)
(-0.0111597 -0.00316799 0)
(-0.00951119 -0.00313954 0)
(-0.00789088 -0.00304531 0)
(-0.00633226 -0.00287845 0)
(-0.00487106 -0.00263358 0)
(-0.00354414 -0.00230831 0)
(-0.00238775 -0.00190559 0)
(-0.00143431 -0.00143759 0)
(-0.000708008 -0.000931226 0)
(-0.000229413 -0.000436829 0)
(-2.74076e-05 -5.0827e-05 0)
(-4.75035e-05 0.000196453 0)
(-0.000337691 0.00086203 0)
(-0.000979774 0.00162533 0)
(-0.00191362 0.00238229 0)
(-0.00310419 0.00307401 0)
(-0.00452041 0.00366724 0)
(-0.00612438 0.00414631 0)
(-0.00787519 0.00450724 0)
(-0.00973182 0.00475337 0)
(-0.0116547 0.00489228 0)
(-0.0136069 0.00493386 0)
(-0.0155543 0.00488888 0)
(-0.0174667 0.00476818 0)
(-0.0193172 0.00458209 0)
(-0.0210827 0.00434011 0)
(-0.0227429 0.00405077 0)
(-0.0242808 0.00372155 0)
(-0.0256819 0.00335899 0)
(-0.026934 0.00296873 0)
(-0.0280272 0.00255564 0)
(-0.028953 0.00212394 0)
(-0.0297048 0.00167734 0)
(-0.0302773 0.00121918 0)
(-0.0306665 0.00075249 0)
(-0.0308695 0.000280158 0)
(-0.0308848 -0.000195023 0)
(-0.0307118 -0.000670245 0)
(-0.0303511 -0.0011426 0)
(-0.0298045 -0.001609 0)
(-0.0290753 -0.00206608 0)
(-0.028168 -0.0025101 0)
(-0.0270888 -0.00293685 0)
(-0.0258455 -0.00334154 0)
(-0.024448 -0.00371868 0)
(-0.0229087 -0.00406198 0)
(-0.0212422 -0.00436426 0)
(-0.0194662 -0.00461743 0)
(-0.0176014 -0.00481242 0)
(-0.0156721 -0.00493929 0)
(-0.0137061 -0.00498745 0)
(-0.0117347 -0.00494596 0)
(-0.00979311 -0.00480416 0)
(-0.00791923 -0.00455251 0)
(-0.00615349 -0.00418397 0)
(-0.00453751 -0.00369598 0)
(-0.00311252 -0.00309343 0)
(-0.00191641 -0.00239304 0)
(-0.000979849 -0.00162907 0)
(-0.000337132 -0.000861424 0)
(-4.72616e-05 -0.00019493 0)
(-6.39612e-05 0.000394345 0)
(-0.000432636 0.00141499 0)
(-0.00122586 0.00250223 0)
(-0.00235489 0.00355155 0)
(-0.00377025 0.0044999 0)
(-0.00543323 0.00531004 0)
(-0.00729992 0.00596372 0)
(-0.00932443 0.00645612 0)
(-0.0114615 0.00679135 0)
(-0.0136678 0.00697904 0)
(-0.0159026 0.007032 0)
(-0.0181285 0.00696446 0)
(-0.020312 0.00679092 0)
(-0.0224235 0.00652538 0)
(-0.0244368 0.00618084 0)
(-0.0263295 0.00576908 0)
(-0.0280823 0.00530056 0)
(-0.029679 0.00478445 0)
(-0.0311057 0.0042287 0)
(-0.0323512 0.00364024 0)
(-0.0334058 0.00302512 0)
(-0.0342621 0.00238865 0)
(-0.034914 0.00173561 0)
(-0.035357 0.00107039 0)
(-0.0355878 0.000397133 0)
(-0.0356047 -0.000280129 0)
(-0.0354069 -0.000957355 0)
(-0.0349954 -0.00163037 0)
(-0.0343722 -0.00229472 0)
(-0.0335408 -0.0029456 0)
(-0.0325066 -0.00357765 0)
(-0.0312764 -0.00418486 0)
(-0.0298594 -0.00476042 0)
(-0.0282667 -0.00529656 0)
(-0.0265122 -0.00578441 0)
(-0.0246124 -0.00621393 0)
(-0.0225873 -0.00657382 0)
(-0.0204601 -0.00685158 0)
(-0.0182578 -0.00703361 0)
(-0.0160112 -0.00710554 0)
(-0.0137551 -0.00705273 0)
(-0.0115281 -0.00686111 0)
(-0.00937185 -0.00651835 0)
(-0.00733082 -0.00601557 0)
(-0.00545091 -0.00534969 0)
(-0.00377837 -0.0045268 0)
(-0.00235708 -0.00356656 0)
(-0.00122533 -0.00250762 0)
(-0.000431725 -0.00141438 0)
(-6.36254e-05 -0.000392392 0)
(-7.73131e-05 0.000638194 0)
(-0.000514438 0.00208299 0)
(-0.00144372 0.00354433 0)
(-0.00275127 0.00492184 0)
(-0.00437376 0.00615221 0)
(-0.00626439 0.00719707 0)
(-0.0083728 0.00803743 0)
(-0.0106479 0.00866878 0)
(-0.0130402 0.00909668 0)
(-0.0155027 0.00933323 0)
(-0.0179915 0.00939444 0)
(-0.0204665 0.00929823 0)
(-0.0228914 0.00906301 0)
(-0.025234 0.00870665 0)
(-0.0274663 0.00824593 0)
(-0.0295638 0.00769613 0)
(-0.0315055 0.0070709 0)
(-0.0332738 0.00638227 0)
(-0.0348534 0.00564078 0)
(-0.0362321 0.00485561 0)
(-0.0373994 0.00403479 0)
(-0.038347 0.00318545 0)
(-0.0390683 0.00231397 0)
(-0.0395583 0.00142624 0)
(-0.0398136 0.000527825 0)
(-0.0398321 -0.000375882 0)
(-0.0396131 -0.00127946 0)
(-0.0391575 -0.00217731 0)
(-0.0384677 -0.00306348 0)
(-0.0375474 -0.00393154 0)
(-0.0364026 -0.00477434 0)
(-0.0350407 -0.00558388 0)
(-0.0334716 -0.00635111 0)
(-0.0317077 -0.00706573 0)
(-0.029764 -0.00771607 0)
(-0.0276587 -0.00828895 0)
(-0.0254133 -0.00876962 0)
(-0.0230531 -0.00914185 0)
(-0.0206075 -0.00938811 0)
(-0.0181096 -0.00949003 0)
(-0.0155972 -0.00942902 0)
(-0.0131117 -0.00918738 0)
(-0.0106982 -0.0087497 0)
(-0.00840496 -0.00810483 0)
(-0.00628207 -0.00724859 0)
(-0.00438108 -0.00618711 0)
(-0.00275237 -0.00494121 0)
(-0.00144225 -0.00355114 0)
(-0.000512992 -0.00208199 0)
(-7.6836e-05 -0.000635545 0)
(-8.82284e-05 0.000921087 0)
(-0.000584922 0.00285262 0)
(-0.00163602 0.00473561 0)
(-0.00310621 0.00647605 0)
(-0.00491959 0.00801309 0)
(-0.00702129 0.0093095 0)
(-0.00935422 0.0103474 0)
(-0.0118618 0.0111237 0)
(-0.0144903 0.0116464 0)
(-0.0171891 0.0119307 0)
(-0.0199112 0.0119961 0)
(-0.0226138 0.0118646 0)
(-0.0252583 0.0115587 0)
(-0.0278105 0.0111005 0)
(-0.0302406 0.0105108 0)
(-0.0325224 0.0098085 0)
(-0.0346338 0.00901069 0)
(-0.0365557 0.00813249 0)
(-0.0382721 0.00718715 0)
(-0.0397696 0.00618628 0)
(-0.0410374 0.00514009 0)
(-0.0420665 0.00405761 0)
(-0.0428498 0.002947 0)
(-0.043382 0.00181574 0)
(-0.0436594 0.00067091 0)
(-0.0436798 -0.000480599 0)
(-0.0434425 -0.00163189 0)
(-0.0429484 -0.00277583 0)
(-0.0421998 -0.00390486 0)
(-0.041201 -0.00501078 0)
(-0.0399581 -0.00608451 0)
(-0.038479 -0.00711592 0)
(-0.0367744 -0.00809351 0)
(-0.0348573 -0.00900432 0)
(-0.0327438 -0.00983361 0)
(-0.0304532 -0.0105649 0)
(-0.0280086 -0.0111796 0)
(-0.0254368 -0.0116577 0)
(-0.0227691 -0.0119775 0)
(-0.0200411 -0.0121161 0)
(-0.0172926 -0.012051 0)
(-0.0145682 -0.0117604 0)
(-0.0119161 -0.0112253 0)
(-0.00938819 -0.0104319 0)
(-0.00703919 -0.009374 0)
(-0.00492613 -0.00805656 0)
(-0.00310611 -0.00649986 0)
(-0.00163346 -0.00474352 0)
(-0.000582853 -0.00285074 0)
(-8.75837e-05 -0.000917396 0)
(-9.73688e-05 0.00123748 0)
(-0.000646571 0.00371243 0)
(-0.00180761 0.00606196 0)
(-0.00342709 0.00819921 0)
(-0.00541789 0.0100674 0)
(-0.00771736 0.0116321 0)
(-0.0102617 0.0128781 0)
(-0.0129886 0.0138051 0)
(-0.0158399 0.0144242 0)
(-0.0187611 0.0147544 0)
(-0.0217022 0.0148194 0)
(-0.0246178 0.0146456 0)
(-0.0274672 0.01426 0)
(-0.0302142 0.0136892 0)
(-0.0328274 0.012958 0)
(-0.0352794 0.0120895 0)
(-0.0375468 0.0111043 0)
(-0.0396098 0.0100207 0)
(-0.0414514 0.0088549 0)
(-0.0430578 0.00762108 0)
(-0.0444175 0.00633171 0)
(-0.045521 0.00499787 0)
(-0.0463612 0.00362955 0)
(-0.0469322 0.00223592 0)
(-0.0472304 0.000825678 0)
(-0.0472533 -0.000592746 0)
(-0.0470001 -0.00201089 0)
(-0.0464717 -0.00342002 0)
(-0.0456705 -0.00481087 0)
(-0.0446009 -0.00617339 0)
(-0.0432692 -0.00749647 0)
(-0.0416837 -0.00876767 0)
(-0.0398554 -0.00997297 0)
(-0.037798 -0.0110965 0)
(-0.0355282 -0.0121203 0)
(-0.0330666 -0.0130244 0)
(-0.0304371 -0.0137862 0)
(-0.0276682 -0.0143816 0)
(-0.0247928 -0.0147842 0)
(-0.0218484 -0.0149668 0)
(-0.0188775 -0.0149022 0)
(-0.0159272 -0.0145642 0)
(-0.0130492 -0.0139299 0)
(-0.0102992 -0.0129819 0)
(-0.00773662 -0.0117111 0)
(-0.00542431 -0.0101203 0)
(-0.00342611 -0.0082277 0)
(-0.00180407 -0.00607072 0)
(-0.000643887 -0.00370914 0)
(-9.65487e-05 -0.00123238 0)
(-0.00010531 0.00158333 0)
(-0.000701944 0.00465357 0)
(-0.00196416 0.00751229 0)
(-0.00372301 0.0100796 0)
(-0.00588138 0.0123035 0)
(-0.00836925 0.0141537 0)
(-0.0111161 0.0156187 0)
(-0.014054 0.0167021 0)
(-0.0171197 0.0174191 0)
(-0.0202551 0.0177932 0)
(-0.0234068 0.017853 0)
(-0.0265268 0.0176297 0)
(-0.0295721 0.0171553 0)
(-0.0325049 0.0164609 0)
(-0.0352922 0.0155762 0)
(-0.0379055 0.0145281 0)
(-0.0403204 0.0133412 0)
(-0.0425163 0.0120372 0)
(-0.0444758 0.0106353 0)
(-0.0461845 0.00915244 0)
(-0.0476304 0.00760338 0)
(-0.0488041 0.00600136 0)
(-0.0496977 0.00435826 0)
(-0.0503057 0.00268501 0)
(-0.050624 0.00099195 0)
(-0.05065 -0.000710899 0)
(-0.050383 -0.00241347 0)
(-0.0498237 -0.00410538 0)
(-0.0489745 -0.00577561 0)
(-0.0478398 -0.00741217 0)
(-0.0464258 -0.00900185 0)
(-0.0447413 -0.0105298 0)
(-0.0427973 -0.0119794 0)
(-0.0406081 -0.0133316 0)
(-0.0381909 -0.0145652 0)
(-0.0355669 -0.0156562 0)
(-0.0327614 -0.0165782 0)
(-0.0298038 -0.0173023 0)
(-0.0267289 -0.0177975 0)
(-0.023576 -0.0180317 0)
(-0.0203901 -0.0179724 0)
(-0.0172213 -0.0175889 0)
(-0.0141246 -0.0168535 0)
(-0.01116 -0.0157445 0)
(-0.00839191 -0.0142493 0)
(-0.00588899 -0.0123672 0)
(-0.00372189 -0.0101134 0)
(-0.00195998 -0.00752189 0)
(-0.000698747 -0.00464849 0)
(-0.000104324 -0.00157647 0)
(-0.000112537 0.00195597 0)
(-0.00075346 0.00567005 0)
(-0.00211137 0.00907902 0)
(-0.00400351 0.0121092 0)
(-0.00632371 0.0147138 0)
(-0.00899491 0.0168674 0)
(-0.01194 0.0185629 0)
(-0.015085 0.0198088 0)
(-0.0183619 0.0206255 0)
(-0.0217082 0.0210416 0)
(-0.0250673 0.0210912 0)
(-0.0283881 0.020811 0)
(-0.0316257 0.0202383 0)
(-0.0347402 0.0194094 0)
(-0.0376974 0.0183588 0)
(-0.0404676 0.0171179 0)
(-0.0430257 0.0157153 0)
(-0.0453503 0.0141762 0)
(-0.0474237 0.0125232 0)
(-0.0492311 0.0107758 0)
(-0.0507603 0.00895135 0)
(-0.0520015 0.00706524 0)
(-0.0529472 0.00513129 0)
(-0.0535913 0.00316222 0)
(-0.0539297 0.00117001 0)
(-0.0539598 -0.000833702 0)
(-0.0536807 -0.00283724 0)
(-0.053093 -0.00482855 0)
(-0.0521991 -0.00679482 0)
(-0.051003 -0.00872212 0)
(-0.0495113 -0.010595 0)
(-0.0477323 -0.0123963 0)
(-0.0456776 -0.0141063 0)
(-0.0433613 -0.015703 0)
(-0.0408014 -0.0171616 0)
(-0.0380195 -0.0184541 0)
(-0.0350417 -0.0195496 0)
(-0.031899 -0.0204143 0)
(-0.0286274 -0.0210122 0)
(-0.0252685 -0.0213058 0)
(-0.0218698 -0.0212571 0)
(-0.0184843 -0.0208299 0)
(-0.0151711 -0.0199913 0)
(-0.0119944 -0.0187146 0)
(-0.00902396 -0.0169826 0)
(-0.00633452 -0.0147905 0)
(-0.00400346 -0.0121495 0)
(-0.00210714 -0.00908985 0)
(-0.000749941 -0.00566301 0)
(-0.000111408 -0.00194708 0)
(-0.000119456 0.00235397 0)
(-0.000803321 0.00675861 0)
(-0.0022547 0.0107582 0)
(-0.00427801 0.0142842 0)
(-0.00675855 0.0172952 0)
(-0.00961246 0.0197706 0)
(-0.0127559 0.0217088 0)
(-0.016109 0.0231241 0)
(-0.0195984 0.0240425 0)
(-0.0231572 0.0244988 0)
(-0.026725 0.0245331 0)
(-0.0302479 0.0241883 0)
(-0.0336785 0.0235075 0)
(-0.0369751 0.0225329 0)
(-0.040102 0.0213037 0)
(-0.0430286 0.0198566 0)
(-0.0457289 0.018224 0)
(-0.0481812 0.0164353 0)
(-0.0503673 0.0145162 0)
(-0.0522722 0.0124891 0)
(-0.0538837 0.0103739 0)
(-0.055192 0.00818833 0)
(-0.0561892 0.00594805 0)
(-0.0568696 0.00366757 0)
(-0.0572288 0.00136054 0)
(-0.0572641 -0.000959826 0)
(-0.0569746 -0.00328026 0)
(-0.0563605 -0.00558705 0)
(-0.055424 -0.0078656 0)
(-0.0541692 -0.0101 0)
(-0.0526021 -0.0122726 0)
(-0.0507313 -0.0143636 0)
(-0.0485679 -0.0163505 0)
(-0.0461265 -0.0182079 0)
(-0.043425 -0.0199071 0)
(-0.0404858 -0.021416 0)
(-0.0373357 -0.0226989 0)
(-0.0340068 -0.0237168 0)
(-0.0305369 -0.0244281 0)
(-0.0269697 -0.0247894 0)
(-0.0233553 -0.0247568 0)
(-0.0197503 -0.0242878 0)
(-0.0162175 -0.0233435 0)
(-0.0128263 -0.0218918 0)
(-0.00965187 -0.0199098 0)
(-0.00677526 -0.017388 0)
(-0.00428066 -0.0143331 0)
(-0.00225124 -0.0107712 0)
(-0.00079975 -0.00674981 0)
(-0.00011822 -0.00234289 0)
(-0.000126409 0.002777 0)
(-0.000853501 0.00791863 0)
(-0.00239922 0.0125494 0)
(-0.00455544 0.016605 0)
(-0.00719909 0.0200487 0)
(-0.0102396 0.0228654 0)
(-0.0135862 0.0250595 0)
(-0.0171528 0.0266514 0)
(-0.0208605 0.0276738 0)
(-0.0246376 0.0281684 0)
(-0.0284199 0.0281821 0)
(-0.0321502 0.0277646 0)
(-0.0357784 0.0269656 0)
(-0.0392611 0.0258332 0)
(-0.042561 0.0244125 0)
(-0.0456466 0.022745 0)
(-0.0484912 0.020868 0)
(-0.0510726 0.0188147 0)
(-0.0533724 0.0166143 0)
(-0.0553757 0.0142923 0)
(-0.0570703 0.0118712 0)
(-0.0584463 0.00937087 0)
(-0.059496 0.00680899 0)
(-0.0602136 0.00420182 0)
(-0.0605947 0.00156459 0)
(-0.0606365 -0.00108792 0)
(-0.0603379 -0.00374092 0)
(-0.059699 -0.00637909 0)
(-0.0587216 -0.00898608 0)
(-0.0574095 -0.011544 0)
(-0.0557683 -0.014033 0)
(-0.0538064 -0.0164305 0)
(-0.0515346 -0.0187112 0)
(-0.0489674 -0.0208461 0)
(-0.0461229 -0.0228024 0)
(-0.0430238 -0.0245436 0)
(-0.0396978 -0.0260287 0)
(-0.0361781 -0.0272133 0)
(-0.0325041 -0.0280495 0)
(-0.028722 -0.0284876 0)
(-0.0248846 -0.0284768 0)
(-0.0210523 -0.0279679 0)
(-0.0172924 -0.0269154 0)
(-0.0136793 -0.0252804 0)
(-0.0102943 -0.0230344 0)
(-0.00722512 -0.0201621 0)
(-0.00456286 -0.0166655 0)
(-0.00239757 -0.0125664 0)
(-0.000850227 -0.00790873 0)
(-0.000125109 -0.00276373 0)
(-0.000133684 0.00322569 0)
(-0.000905767 0.00915191 0)
(-0.00254959 0.0144556 0)
(-0.00484416 0.0190756 0)
(-0.00765787 0.0229797 0)
(-0.0108931 0.0261584 0)
(-0.0144521 0.0286222 0)
(-0.0182421 0.0303985 0)
(-0.0221782 0.0315275 0)
(-0.0261837 0.0320584 0)
(-0.03019 0.0320458 0)
(-0.0341366 0.0315469 0)
(-0.0379705 0.0306186 0)
(-0.0416464 0.0293157 0)
(-0.0451255 0.0276894 0)
(-0.0483752 0.0257868 0)
(-0.0513683 0.0236501 0)
(-0.0540824 0.0213167 0)
(-0.0564989 0.0188195 0)
(-0.058603 0.016187 0)
(-0.0603826 0.0134446 0)
(-0.0618281 0.0106141 0)
(-0.0629319 0.00771539 0)
(-0.0636882 0.00476627 0)
(-0.0640927 0.00178356 0)
(-0.0641426 -0.00121655 0)
(-0.0638364 -0.0042178 0)
(-0.063174 -0.00720333 0)
(-0.0621569 -0.0101551 0)
(-0.0607882 -0.0130533 0)
(-0.0590733 -0.0158758 0)
(-0.0570197 -0.0185974 0)
(-0.0546383 -0.0211895 0)
(-0.0519429 -0.0236197 0)
(-0.0489519 -0.0258508 0)
(-0.045688 -0.0278413 0)
(-0.0421796 -0.0295448 0)
(-0.0384612 -0.0309107 0)
(-0.034574 -0.0318845 0)
(-0.0305663 -0.0324092 0)
(-0.0264945 -0.0324267 0)
(-0.0224227 -0.0318802 0)
(-0.0184233 -0.0307167 0)
(-0.0145763 -0.02889 0)
(-0.0109694 -0.0263648 0)
(-0.00769746 -0.0231199 0)
(-0.00485896 -0.0191522 0)
(-0.00255107 -0.0144793 0)
(-0.000903224 -0.00914215 0)
(-0.000132377 -0.00321044 0)
(-0.000141534 0.00370157 0)
(-0.000961724 0.0104625 0)
(-0.00271015 0.016483 0)
(-0.00515206 0.0217043 0)
(-0.00814677 0.0260981 0)
(-0.0115893 0.0296605 0)
(-0.0153742 0.0324087 0)
(-0.0194017 0.0343776 0)
(-0.0235804 0.0356156 0)
(-0.0278282 0.0361804 0)
(-0.0320717 0.0361351 0)
(-0.0362466 0.0355453 0)
(-0.0402973 0.0344756 0)
(-0.0441761 0.0329883 0)
(-0.0478428 0.0311415 0)
(-0.0512639 0.0289879 0)
(-0.0544116 0.0265753 0)
(-0.0572633 0.0239454 0)
(-0.0598006 0.021135 0)
(-0.0620089 0.0181761 0)
(-0.0638765 0.0150964 0)
(-0.0653939 0.0119202 0)
(-0.0665539 0.00866914 0)
(-0.067351 0.00536271 0)
(-0.0677808 0.00201909 0)
(-0.0678405 -0.00134416 0)
(-0.0675283 -0.00470949 0)
(-0.0668438 -0.00805861 0)
(-0.0657879 -0.0113719 0)
(-0.0643631 -0.0146277 0)
(-0.0625741 -0.0178015 0)
(-0.0604279 -0.0208656 0)
(-0.0579345 -0.0237881 0)
(-0.0551074 -0.0265326 0)
(-0.0519646 -0.0290575 0)
(-0.0485291 -0.0313159 0)
(-0.0448298 -0.0332556 0)
(-0.0409022 -0.0348191 0)
(-0.0367893 -0.0359447 0)
(-0.0325422 -0.0365673 0)
(-0.0282206 -0.0366206 0)
(-0.0238931 -0.0360393 0)
(-0.0196373 -0.034762 0)
(-0.0155396 -0.0327345 0)
(-0.0116947 -0.0299142 0)
(-0.0082051 -0.0262732 0)
(-0.0051774 -0.0218029 0)
(-0.00271635 -0.0165173 0)
(-0.000960443 -0.0104548 0)
(-0.000140287 -0.00368475 0)
(-0.000150187 0.00420692 0)
(-0.00102286 0.0118564 0)
(-0.00288497 0.0186409 0)
(-0.0054866 0.0245028 0)
(-0.00867719 0.0294175 0)
(-0.0123436 0.0333868 0)
(-0.0163723 0.0364349 0)
(-0.0206555 0.0386049 0)
(-0.0250949 0.0399542 0)
(-0.0296023 0.0405498 0)
(-0.0340993 0.0404645 0)
(-0.0385178 0.0397727 0)
(-0.0427987 0.0385483 0)
(-0.0468923 0.0368613 0)
(-0.0507568 0.0347773 0)
(-0.0543579 0.0323557 0)
(-0.0576674 0.0296496 0)
(-0.0606627 0.0267059 0)
(-0.0633258 0.0235652 0)
(-0.0656423 0.020263 0)
(-0.0676012 0.0168296 0)
(-0.0691934 0.0132917 0)
(-0.0704123 0.00967255 0)
(-0.0712524 0.00599322 0)
(-0.0717097 0.00227314 0)
(-0.0717811 -0.001469 0)
(-0.0714647 -0.00521448 0)
(-0.0707596 -0.00894377 0)
(-0.0696659 -0.0126358 0)
(-0.0681856 -0.016267 0)
(-0.0663223 -0.019811 0)
(-0.0640821 -0.0232371 0)
(-0.061474 -0.0265101 0)
(-0.058511 -0.0295896 0)
(-0.0552104 -0.0324292 0)
(-0.0515952 -0.0349762 0)
(-0.0476945 -0.0371719 0)
(-0.0435451 -0.0389514 0)
(-0.0391916 -0.0402447 0)
(-0.0346881 -0.0409781 0)
(-0.0300978 -0.0410761 0)
(-0.0254943 -0.0404638 0)
(-0.020961 -0.0390704 0)
(-0.0165912 -0.0368329 0)
(-0.0124873 -0.0337003 0)
(-0.00876061 -0.0296379 0)
(-0.0055264 -0.0246315 0)
(-0.00289784 -0.0186912 0)
(-0.00102349 -0.0118537 0)
(-0.00014908 -0.00418926 0)
(-0.000159856 0.00474476 0)
(-0.00109061 0.0133417 0)
(-0.003078 0.0209415 0)
(-0.00585513 0.0274865 0)
(-0.00926033 0.0329558 0)
(-0.0131714 0.0373566 0)
(-0.0174658 0.0407208 0)
(-0.0220269 0.0431004 0)
(-0.0267488 0.0445627 0)
(-0.0315366 0.0451851 0)
(-0.0363066 0.0450509 0)
(-0.0409859 0.0442448 0)
(-0.0455126 0.0428503 0)
(-0.0498345 0.0409466 0)
(-0.0539083 0.0386072 0)
(-0.0576989 0.0358986 0)
(-0.0611781 0.0328802 0)
(-0.0643235 0.0296039 0)
(-0.0671175 0.0261148 0)
(-0.0695465 0.0224516 0)
(-0.0716002 0.0186476 0)
(-0.0732703 0.0147314 0)
(-0.0745506 0.0107282 0)
(-0.0754362 0.00666016 0)
(-0.0759232 0.00254787 0)
(-0.0760086 -0.00158906 0)
(-0.0756901 -0.00573099 0)
(-0.0749663 -0.00985735 0)
(-0.0738364 -0.0139458 0)
(-0.0723015 -0.0179713 0)
(-0.070364 -0.021905 0)
(-0.0680287 -0.0257139 0)
(-0.0653035 -0.0293592 0)
(-0.0622003 -0.0327962 0)
(-0.0587355 -0.0359734 0)
(-0.0549316 -0.038832 0)
(-0.0508182 -0.0413059 0)
(-0.0464327 -0.0433222 0)
(-0.0418217 -0.0448019 0)
(-0.037042 -0.0456613 0)
(-0.0321609 -0.0458147 0)
(-0.0272573 -0.0451764 0)
(-0.022421 -0.0436654 0)
(-0.017753 -0.0412085 0)
(-0.0133647 -0.0377458 0)
(-0.0093766 -0.0332348 0)
(-0.00591415 -0.0276557 0)
(-0.00309997 -0.0210149 0)
(-0.00109396 -0.0133479 0)
(-0.00015899 -0.00472734 0)
(-0.000170752 0.00531886 0)
(-0.0011664 0.0149286 0)
(-0.00329322 0.0233999 0)
(-0.00626501 0.0306745 0)
(-0.00990748 0.0367347 0)
(-0.0140882 0.0415934 0)
(-0.0186743 0.0452906 0)
(-0.0235394 0.0478881 0)
(-0.0285692 0.0494642 0)
(-0.0336614 0.0501078 0)
(-0.0387261 0.049914 0)
(-0.043686 0.048979 0)
(-0.0484756 0.047397 0)
(-0.0530402 0.0452572 0)
(-0.0573355 0.0426419 0)
(-0.0613256 0.0396256 0)
(-0.0649825 0.0362743 0)
(-0.0682841 0.0326454 0)
(-0.071214 0.0287884 0)
(-0.0737595 0.0247457 0)
(-0.0759111 0.0205534 0)
(-0.0776618 0.0162422 0)
(-0.079006 0.0118385 0)
(-0.0799396 0.00736594 0)
(-0.0804588 0.00284566 0)
(-0.0805607 -0.00170201 0)
(-0.0802427 -0.00625681 0)
(-0.0795025 -0.0107974 0)
(-0.0783388 -0.0153005 0)
(-0.0767509 -0.0197395 0)
(-0.0747401 -0.0240838 0)
(-0.0723096 -0.0282975 0)
(-0.0694656 -0.0323386 0)
(-0.0662184 -0.0361577 0)
(-0.0625833 -0.0396979 0)
(-0.0585821 -0.0428936 0)
(-0.0542439 -0.045671 0)
(-0.0496071 -0.0479481 0)
(-0.04472 -0.0496357 0)
(-0.0396421 -0.0506392 0)
(-0.0344452 -0.0508611 0)
(-0.0292137 -0.0502041 0)
(-0.0240448 -0.048575 0)
(-0.019048 -0.0458896 0)
(-0.0143446 -0.042078 0)
(-0.0100661 -0.0370893 0)
(-0.00634917 -0.0308975 0)
(-0.0033273 -0.0235057 0)
(-0.00117347 -0.0149489 0)
(-0.000170252 -0.0053032 0)
(-0.000183099 0.00593371 0)
(-0.00125175 0.016629 0)
(-0.00353482 0.0260342 0)
(-0.00672399 0.0340895 0)
(-0.0106304 0.0407799 0)
(-0.01511 0.0461247 0)
(-0.020018 0.0501723 0)
(-0.0252173 0.0529956 0)
(-0.0305837 0.0546849 0)
(-0.036007 0.0553423 0)
(-0.0413907 0.0550758 0)
(-0.0466523 0.0539945 0)
(-0.0517229 0.0522047 0)
(-0.0565455 0.0498067 0)
(-0.0610744 0.0468927 0)
(-0.0652737 0.0435457 0)
(-0.0691156 0.0398388 0)
(-0.0725792 0.0358356 0)
(-0.0756491 0.0315902 0)
(-0.0783141 0.0271487 0)
(-0.0805662 0.0225499 0)
(-0.0823996 0.0178264 0)
(-0.0838098 0.013006 0)
(-0.0847934 0.00811299 0)
(-0.0853473 0.00316909 0)
(-0.0854685 -0.00180513 0)
(-0.085154 -0.00678913 0)
(-0.0844009 -0.0117612 0)
(-0.0832064 -0.0166973 0)
(-0.0815687 -0.0215698 0)
(-0.0794869 -0.0263463 0)
(-0.0769623 -0.0309884 0)
(-0.0739992 -0.0354504 0)
(-0.0706056 -0.0396785 0)
(-0.0667952 -0.0436098 0)
(-0.0625885 -0.0471714 0)
(-0.058014 -0.050281 0)
(-0.0531103 -0.0528464 0)
(-0.0479273 -0.0547672 0)
(-0.0425274 -0.0559365 0)
(-0.0369869 -0.0562434 0)
(-0.0313964 -0.0555772 0)
(-0.0258612 -0.0538314 0)
(-0.0205004 -0.0509091 0)
(-0.0154464 -0.0467291 0)
(-0.0108432 -0.0412313 0)
(-0.0068406 -0.0343832 0)
(-0.00358474 -0.0261845 0)
(-0.00126379 -0.0166705 0)
(-0.000183126 -0.00592189 0)
(-0.000197143 0.00659459 0)
(-0.00134831 0.0184572 0)
(-0.00380734 0.0288658 0)
(-0.00724041 0.037758 0)
(-0.0114418 0.0451217 0)
(-0.0162539 0.0509824 0)
(-0.0215184 0.0553982 0)
(-0.0270857 0.0584541 0)
(-0.0328209 0.0602542 0)
(-0.0386046 0.0609151 0)
(-0.0443333 0.0605596 0)
(-0.0499191 0.0593115 0)
(-0.0552893 0.0572903 0)
(-0.0603848 0.0546089 0)
(-0.0651591 0.0513703 0)
(-0.0695762 0.047667 0)
(-0.0736094 0.0435799 0)
(-0.0772391 0.039179 0)
(-0.0804518 0.0345234 0)
(-0.083238 0.0296629 0)
(-0.0855918 0.0246389 0)
(-0.0875089 0.0194858 0)
(-0.0889864 0.0142325 0)
(-0.0900219 0.00890355 0)
(-0.0906129 0.00352082 0)
(-0.0907564 -0.00189527 0)
(-0.0904491 -0.0073244 0)
(-0.0896873 -0.0127449 0)
(-0.0884667 -0.0181326 0)
(-0.0867837 -0.0234589 0)
(-0.0846352 -0.02869 0)
(-0.0820199 -0.0337852 0)
(-0.0789394 -0.0386953 0)
(-0.0753991 -0.0433616 0)
(-0.0714104 -0.047715 0)
(-0.0669915 -0.0516749 0)
(-0.0621701 -0.0551493 0)
(-0.0569843 -0.058035 0)
(-0.0514853 -0.0602188 0)
(-0.0457384 -0.0615799 0)
(-0.0398244 -0.0619925 0)
(-0.0338407 -0.0613302 0)
(-0.0279013 -0.0594715 0)
(-0.0221363 -0.056305 0)
(-0.0166908 -0.0517366 0)
(-0.0117233 -0.0456961 0)
(-0.00739859 -0.0381439 0)
(-0.0038778 -0.0290761 0)
(-0.00136691 -0.0185288 0)
(-0.000197906 -0.00658938 0)
(-0.000213169 0.00730768 0)
(-0.00145793 0.0204298 0)
(-0.00411588 0.0319195 0)
(-0.00782358 0.041711 0)
(-0.0123557 0.0497946 0)
(-0.0175386 0.0562028 0)
(-0.0231986 0.0610046 0)
(-0.0291719 0.0642985 0)
(-0.0353111 0.0662042 0)
(-0.0414869 0.066855 0)
(-0.0475881 0.0663905 0)
(-0.0535209 0.0649507 0)
(-0.0592091 0.0626705 0)
(-0.0645916 0.0596766 0)
(-0.0696214 0.0560842 0)
(-0.0742632 0.0519961 0)
(-0.0784918 0.0475018 0)
(-0.0822897 0.042678 0)
(-0.0856456 0.0375892 0)
(-0.0885529 0.0322888 0)
(-0.0910077 0.0268208 0)
(-0.0930082 0.0212211 0)
(-0.0945532 0.0155191 0)
(-0.0956416 0.00973949 0)
(-0.0962717 0.00390362 0)
(-0.0964409 -0.00196878 0)
(-0.0961453 -0.00785816 0)
(-0.0953803 -0.0137435 0)
(-0.09414 -0.0196008 0)
(-0.0924184 -0.0254013 0)
(-0.0902099 -0.03111 0)
(-0.08751 -0.0366841 0)
(-0.0843168 -0.0420711 0)
(-0.0806326 -0.0472075 0)
(-0.0764652 -0.0520174 0)
(-0.0718302 -0.0564118 0)
(-0.0667532 -0.0602883 0)
(-0.0612716 -0.0635313 0)
(-0.0554372 -0.0660134 0)
(-0.0493176 -0.0675977 0)
(-0.0429985 -0.0681415 0)
(-0.0365844 -0.0675009 0)
(-0.0301991 -0.0655364 0)
(-0.0239848 -0.0621203 0)
(-0.0181013 -0.0571437 0)
(-0.0127237 -0.0505247 0)
(-0.00803465 -0.0422157 0)
(-0.00421275 -0.0322093 0)
(-0.00148512 -0.0205432 0)
(-0.000214938 -0.00731275 0)
(-0.000231512 0.00808017 0)
(-0.00158279 0.0225661 0)
(-0.00446626 0.0352242 0)
(-0.00848402 0.0459839 0)
(-0.0133876 0.054838 0)
(-0.0189849 0.061827 0)
(-0.0250841 0.067032 0)
(-0.031505 0.070567 0)
(-0.0380864 0.0725697 0)
(-0.0446879 0.0731924 0)
(-0.0511897 0.0725939 0)
(-0.0574923 0.0709327 0)
(-0.0635157 0.0683612 0)
(-0.0691975 0.0650213 0)
(-0.0744906 0.061042 0)
(-0.0793611 0.0565374 0)
(-0.0837862 0.0516064 0)
(-0.0877511 0.0463328 0)
(-0.091248 0.0407866 0)
(-0.0942732 0.035025 0)
(-0.0968261 0.0290942 0)
(-0.0989075 0.0230313 0)
(-0.100519 0.0168659 0)
(-0.10166 0.0106221 0)
(-0.102331 0.00432018 0)
(-0.102529 -0.00202152 0)
(-0.102251 -0.00838487 0)
(-0.101489 -0.0147502 0)
(-0.100238 -0.0210943 0)
(-0.098487 -0.0273889 0)
(-0.0962283 -0.0335984 0)
(-0.0934534 -0.0396782 0)
(-0.0901562 -0.0455726 0)
(-0.0863346 -0.0512132 0)
(-0.0819923 -0.0565173 0)
(-0.077141 -0.0613869 0)
(-0.0718032 -0.065708 0)
(-0.0660145 -0.0693512 0)
(-0.0598265 -0.0721732 0)
(-0.0533091 -0.0740189 0)
(-0.0465525 -0.0747261 0)
(-0.0396686 -0.0741302 0)
(-0.0327917 -0.0720718 0)
(-0.026078 -0.0684035 0)
(-0.0197041 -0.0629995 0)
(-0.0138643 -0.0557642 0)
(-0.00876204 -0.0466407 0)
(-0.00459692 -0.0356181 0)
(-0.00162113 -0.0227363 0)
(-0.000234641 -0.00810034 0)
(-0.000252576 0.00892047 0)
(-0.00172543 0.0248885 0)
(-0.00486527 0.038813 0)
(-0.00923383 0.0506173 0)
(-0.0145554 0.060297 0)
(-0.0206161 0.0679012 0)
(-0.0272029 0.0735252 0)
(-0.0341169 0.0773013 0)
(-0.0411813 0.0793877 0)
(-0.0482432 0.0799586 0)
(-0.0551738 0.0791952 0)
(-0.0618676 0.0772769 0)
(-0.0682413 0.0743759 0)
(-0.0742314 0.0706516 0)
(-0.0797919 0.0662479 0)
(-0.0848912 0.0612917 0)
(-0.0895096 0.0558918 0)
(-0.0936364 0.0501398 0)
(-0.0972678 0.0441112 0)
(-0.100404 0.0378669 0)
(-0.103049 0.0314551 0)
(-0.105206 0.0249136 0)
(-0.10688 0.0182716 0)
(-0.108073 0.0115519 0)
(-0.108786 0.00477301 0)
(-0.109017 -0.00204884 0)
(-0.108762 -0.00889781 0)
(-0.108013 -0.0157563 0)
(-0.10676 -0.022603 0)
(-0.104993 -0.0294105 0)
(-0.102698 -0.0361435 0)
(-0.0998618 -0.0427561 0)
(-0.0964741 -0.0491897 0)
(-0.0925271 -0.0553712 0)
(-0.0880189 -0.0612109 0)
(-0.0829561 -0.0666009 0)
(-0.0773569 -0.0714148 0)
(-0.0712539 -0.0755081 0)
(-0.0646975 -0.078719 0)
(-0.0577587 -0.0808722 0)
(-0.0505321 -0.0817826 0)
(-0.0431373 -0.0812623 0)
(-0.0357201 -0.0791276 0)
(-0.0284521 -0.0752087 0)
(-0.021529 -0.0693596 0)
(-0.0151677 -0.0614684 0)
(-0.00959612 -0.0514677 0)
(-0.00503887 -0.0393421 0)
(-0.00177814 -0.0251345 0)
(-0.000257523 -0.00896198 0)
(-0.000276851 0.00983837 0)
(-0.00188885 0.0274231 0)
(-0.00532078 0.0427242 0)
(-0.0100869 0.0556577 0)
(-0.0158793 0.066222 0)
(-0.0224582 0.0744766 0)
(-0.029586 0.0805335 0)
(-0.037042 0.0845459 0)
(-0.044632 0.0866966 0)
(-0.0521895 0.0871853 0)
(-0.0595757 0.0862185 0)
(-0.0666795 0.0840004 0)
(-0.0734148 0.0807251 0)
(-0.0797179 0.076572 0)
(-0.0855448 0.0717018 0)
(-0.0908673 0.0662551 0)
(-0.0956704 0.0603516 0)
(-0.0999484 0.054091 0)
(-0.103703 0.0475543 0)
(-0.106939 0.0408061 0)
(-0.109665 0.0338962 0)
(-0.11189 0.0268623 0)
(-0.11362 0.0197326 0)
(-0.114861 0.012528 0)
(-0.115616 0.00526421 0)
(-0.115884 -0.00204565 0)
(-0.115658 -0.00938895 0)
(-0.114932 -0.0167512 0)
(-0.113693 -0.0241138 0)
(-0.111925 -0.0314513 0)
(-0.109611 -0.0387293 0)
(-0.106734 -0.0459015 0)
(-0.103275 -0.052907 0)
(-0.0992213 -0.0596683 0)
(-0.094563 -0.0660881 0)
(-0.0893005 -0.0720487 0)
(-0.083446 -0.0774102 0)
(-0.0770273 -0.0820108 0)
(-0.0700923 -0.0856686 0)
(-0.0627121 -0.0881847 0)
(-0.0549847 -0.0893481 0)
(-0.0470375 -0.0889429 0)
(-0.0390287 -0.0867577 0)
(-0.0311469 -0.0825955 0)
(-0.0236095 -0.0762864 0)
(-0.0166597 -0.067699 0)
(-0.0105547 -0.0567528 0)
(-0.00554866 -0.0434274 0)
(-0.00195996 -0.0277689 0)
(-0.000284204 -0.00990931 0)
(-0.000304929 0.0108454 0)
(-0.0020766 0.0302002 0)
(-0.00584199 0.047002 0)
(-0.0110593 0.0611581 0)
(-0.0173822 0.0726702 0)
(-0.0245402 0.0816102 0)
(-0.0322669 0.0881099 0)
(-0.0403171 0.092348 0)
(-0.0484763 0.0945356 0)
(-0.0565632 0.0949028 0)
(-0.0644293 0.0936856 0)
(-0.0719576 0.0911162 0)
(-0.07906 0.0874143 0)
(-0.0856741 0.0827816 0)
(-0.0917592 0.0773974 0)
(-0.0972923 0.0714173 0)
(-0.102264 0.0649728 0)
(-0.106676 0.0581721 0)
(-0.110535 0.0511017 0)
(-0.113854 0.0438293 0)
(-0.116646 0.0364058 0)
(-0.118925 0.0288684 0)
(-0.120703 0.0212432 0)
(-0.121987 0.0135481 0)
(-0.122782 0.00579523 0)
(-0.123089 -0.00200656 0)
(-0.122902 -0.00984895 0)
(-0.122211 -0.0177217 0)
(-0.121001 -0.02561 0)
(-0.119253 -0.0334917 0)
(-0.116944 -0.0413343 0)
(-0.114051 -0.0490919 0)
(-0.110548 -0.0567022 0)
(-0.106413 -0.0640833 0)
(-0.101629 -0.0711314 0)
(-0.0961878 -0.0777177 0)
(-0.0900927 -0.083688 0)
(-0.0833653 -0.0888618 0)
(-0.0760487 -0.0930345 0)
(-0.0682126 -0.0959802 0)
(-0.0599574 -0.0974577 0)
(-0.0514178 -0.097219 0)
(-0.0427648 -0.0950191 0)
(-0.0342056 -0.090629 0)
(-0.0259828 -0.0838495 0)
(-0.0183698 -0.0745255 0)
(-0.0116582 -0.0625605 0)
(-0.00613798 -0.0479274 0)
(-0.00217112 -0.0306762 0)
(-0.000315434 -0.0109561 0)
(-0.000337524 0.011955 0)
(-0.00229286 0.0332548 0)
(-0.00643955 0.0516971 0)
(-0.0121692 0.0671785 0)
(-0.0190896 0.0797051 0)
(-0.0268938 0.0893641 0)
(-0.035282 0.0963113 0)
(-0.04398 0.100756 0)
(-0.0527515 0.102943 0)
(-0.0613991 0.103139 0)
(-0.069764 0.101613 0)
(-0.0777244 0.0986312 0)
(-0.0851916 0.0944417 0)
(-0.0921058 0.0892712 0)
(-0.0984316 0.0833199 0)
(-0.104153 0.0767599 0)
(-0.109268 0.0697348 0)
(-0.113787 0.0623616 0)
(-0.117725 0.0547324 0)
(-0.121102 0.0469172 0)
(-0.123939 0.0389674 0)
(-0.126255 0.0309186 0)
(-0.128066 0.0227942 0)
(-0.129384 0.0146077 0)
(-0.130217 0.00636648 0)
(-0.130566 -0.00192604 0)
(-0.130425 -0.0102672 0)
(-0.129783 -0.0186522 0)
(-0.128622 -0.0270716 0)
(-0.126918 -0.0355075 0)
(-0.124644 -0.0439308 0)
(-0.121768 -0.0522974 0)
(-0.118256 -0.0605443 0)
(-0.114077 -0.0685864 0)
(-0.109203 -0.0763131 0)
(-0.103614 -0.0835851 0)
(-0.0973044 -0.0902325 0)
(-0.0902862 -0.0960548 0)
(-0.0825954 -0.100821 0)
(-0.0742977 -0.104276 0)
(-0.0654942 -0.106143 0)
(-0.0563259 -0.106136 0)
(-0.0469768 -0.103971 0)
(-0.0376746 -0.0993788 0)
(-0.0286896 -0.0921254 0)
(-0.0203306 -0.0820263 0)
(-0.0129297 -0.0689645 0)
(-0.00682036 -0.0529042 0)
(-0.0024169 -0.0338989 0)
(-0.000352119 -0.0121187 0)
(-0.000375494 0.0131831 0)
(-0.00254254 0.0366279 0)
(-0.00712572 0.0568678 0)
(-0.0134373 0.0737869 0)
(-0.02103 0.0873974 0)
(-0.0295534 0.0978056 0)
(-0.0386686 0.105197 0)
(-0.0480688 0.109818 0)
(-0.0574928 0.111955 0)
(-0.0667266 0.111916 0)
(-0.0756014 0.110011 0)
(-0.0839917 0.106544 0)
(-0.0918099 0.101796 0)
(-0.0990013 0.0960214 0)
(-0.105538 0.0894443 0)
(-0.111413 0.0822538 0)
(-0.116636 0.0746068 0)
(-0.121225 0.0666288 0)
(-0.125206 0.0584167 0)
(-0.128608 0.0500429 0)
(-0.13146 0.0415578 0)
(-0.133788 0.0329947 0)
(-0.135613 0.0243724 0)
(-0.136954 0.0156995 0)
(-0.137818 0.00697686 0)
(-0.13821 -0.00179878 0)
(-0.138124 -0.0106318 0)
(-0.137547 -0.0195245 0)
(-0.136458 -0.0284741 0)
(-0.134829 -0.0374688 0)
(-0.132626 -0.0464843 0)
(-0.129808 -0.0554796 0)
(-0.126332 -0.0643927 0)
(-0.122156 -0.0731364 0)
(-0.117239 -0.081594 0)
(-0.111549 -0.0896155 0)
(-0.105066 -0.0970153 0)
(-0.0977893 -0.103571 0)
(-0.0897455 -0.109023 0)
(-0.0809931 -0.113082 0)
(-0.0716313 -0.11543 0)
(-0.0618055 -0.115737 0)
(-0.0517122 -0.113672 0)
(-0.0416009 -0.108918 0)
(-0.0317729 -0.101197 0)
(-0.0225777 -0.0902884 0)
(-0.0143954 -0.0760485 0)
(-0.00761119 -0.058429 0)
(-0.00270346 -0.0374871 0)
(-0.000395341 -0.0134163 0)
(-0.000419862 0.0145483 0)
(-0.0028313 0.0403668 0)
(-0.00791443 0.0625804 0)
(-0.0148864 0.0810594 0)
(-0.0232339 0.0958242 0)
(-0.0325548 0.107006 0)
(-0.0424642 0.114828 0)
(-0.0526186 0.119581 0)
(-0.0627296 0.121602 0)
(-0.0725657 0.121248 0)
(-0.0819495 0.118878 0)
(-0.0907534 0.11484 0)
(-0.0988939 0.109451 0)
(-0.106324 0.102999 0)
(-0.113026 0.0957316 0)
(-0.119006 0.0878571 0)
(-0.124285 0.0795457 0)
(-0.128893 0.0709313 0)
(-0.13287 0.0621154 0)
(-0.136254 0.0531708 0)
(-0.139083 0.0441466 0)
(-0.141391 0.0350719 0)
(-0.143207 0.0259601 0)
(-0.144552 0.0168128 0)
(-0.14544 0.00762323 0)
(-0.145875 -0.00162006 0)
(-0.145853 -0.0109301 0)
(-0.145358 -0.020318 0)
(-0.144367 -0.0297892 0)
(-0.142847 -0.0393399 0)
(-0.140757 -0.0489523 0)
(-0.138047 -0.0585906 0)
(-0.134664 -0.0681954 0)
(-0.130551 -0.077679 0)
(-0.125655 -0.0869197 0)
(-0.119926 -0.0957578 0)
(-0.113328 -0.103991 0)
(-0.105845 -0.111374 0)
(-0.0974883 -0.117618 0)
(-0.0883057 -0.122391 0)
(-0.0783908 -0.125332 0)
(-0.0678909 -0.126056 0)
(-0.0570135 -0.124177 0)
(-0.0460302 -0.11932 0)
(-0.0352768 -0.111153 0)
(-0.025149 -0.0994073 0)
(-0.0160835 -0.0839064 0)
(-0.00852775 -0.0645838 0)
(-0.00303786 -0.0414988 0)
(-0.000446374 -0.0148718 0)
(-0.00047184 0.0160723 0)
(-0.0031657 0.044526 0)
(-0.00882134 0.0689105 0)
(-0.0165418 0.0890805 0)
(-0.0257338 0.105069 0)
(-0.0359339 0.11704 0)
(-0.0467039 0.125262 0)
(-0.0576585 0.130084 0)
(-0.0684805 0.131903 0)
(-0.078921 0.131136 0)
(-0.0887956 0.128199 0)
(-0.097978 0.123488 0)
(-0.106392 0.117366 0)
(-0.114002 0.110153 0)
(-0.120805 0.102126 0)
(-0.126821 0.0935115 0)
(-0.132088 0.0844935 0)
(-0.136651 0.0752138 0)
(-0.140562 0.0657768 0)
(-0.143872 0.0562552 0)
(-0.14663 0.0466945 0)
(-0.148878 0.0371186 0)
(-0.150653 0.0275335 0)
(-0.151981 0.0179326 0)
(-0.152879 0.00829978 0)
(-0.153355 -0.00138632 0)
(-0.153404 -0.011149 0)
(-0.15301 -0.0210098 0)
(-0.152146 -0.0309845 0)
(-0.150775 -0.0410789 0)
(-0.148847 -0.0512843 0)
(-0.146305 -0.0615721 0)
(-0.143083 -0.0718876 0)
(-0.13911 -0.0821447 0)
(-0.134314 -0.0922189 0)
(-0.128628 -0.101942 0)
(-0.121997 -0.111095 0)
(-0.114382 -0.11941 0)
(-0.105777 -0.126562 0)
(-0.0962127 -0.132179 0)
(-0.0857721 -0.135845 0)
(-0.0746001 -0.137115 0)
(-0.0629127 -0.135533 0)
(-0.0510032 -0.130656 0)
(-0.0392441 -0.122083 0)
(-0.0280836 -0.109486 0)
(-0.0180245 -0.0926424 0)
(-0.00958909 -0.0714613 0)
(-0.00342808 -0.0460008 0)
(-0.000506708 -0.0165118 0)
(-0.000532859 0.0177808 0)
(-0.00355323 0.0491684 0)
(-0.00986393 0.075943 0)
(-0.0184303 0.0979431 0)
(-0.0285629 0.11522 0)
(-0.039725 0.127981 0)
(-0.051417 0.136554 0)
(-0.0632069 0.141358 0)
(-0.0747472 0.142865 0)
(-0.0857733 0.141563 0)
(-0.0960968 0.137935 0)
(-0.105597 0.132435 0)
(-0.114209 0.125474 0)
(-0.121915 0.117411 0)
(-0.12873 0.10855 0)
(-0.134692 0.0991393 0)
(-0.139859 0.0893747 0)
(-0.144293 0.0794047 0)
(-0.148061 0.0693357 0)
(-0.151229 0.0592381 0)
(-0.153855 0.0491522 0)
(-0.155994 0.0390946 0)
(-0.157688 0.0290625 0)
(-0.158971 0.019039 0)
(-0.159863 0.00899726 0)
(-0.160374 -0.00109578 0)
(-0.1605 -0.0112754 0)
(-0.160226 -0.0215753 0)
(-0.159521 -0.0320237 0)
(-0.158342 -0.0426382 0)
(-0.156634 -0.0534215 0)
(-0.154329 -0.0643544 0)
(-0.151349 -0.0753904 0)
(-0.147606 -0.0864472 0)
(-0.143011 -0.0974 0)
(-0.137475 -0.108074 0)
(-0.130917 -0.118236 0)
(-0.123275 -0.127593 0)
(-0.114516 -0.135787 0)
(-0.10465 -0.142396 0)
(-0.0937406 -0.146944 0)
(-0.0819257 -0.148916 0)
(-0.0694245 -0.147775 0)
(-0.0565499 -0.142991 0)
(-0.0437126 -0.134078 0)
(-0.0314195 -0.120632 0)
(-0.0202499 -0.10237 0)
(-0.0108159 -0.0791655 0)
(-0.00388305 -0.0510699 0)
(-0.000578075 -0.0183675 0)
(-0.000604613 0.0197034 0)
(-0.00400245 0.0543658 0)
(-0.0110615 0.0837729 0)
(-0.0205808 0.107748 0)
(-0.0317541 0.126369 0)
(-0.0439581 0.139899 0)
(-0.0566223 0.148746 0)
(-0.0692641 0.153415 0)
(-0.0815056 0.15447 0)
(-0.0930692 0.152485 0)
(-0.103768 0.148022 0)
(-0.113492 0.1416 0)
(-0.122195 0.133683 0)
(-0.129881 0.124673 0)
(-0.136589 0.114902 0)
(-0.142382 0.10464 0)
(-0.147337 0.094093 0)
(-0.151538 0.083415 0)
(-0.155069 0.0727116 0)
(-0.15801 0.0620487 0)
(-0.160434 0.0514595 0)
(-0.162403 0.0409509 0)
(-0.163969 0.0305095 0)
(-0.16517 0.0201065 0)
(-0.166033 0.00970235 0)
(-0.16657 -0.000749194 0)
(-0.166779 -0.0112971 0)
(-0.166642 -0.0219892 0)
(-0.166128 -0.0328677 0)
(-0.16519 -0.0439648 0)
(-0.163765 -0.0552966 0)
(-0.161776 -0.066857 0)
(-0.159131 -0.07861 0)
(-0.155727 -0.0904813 0)
(-0.151455 -0.102349 0)
(-0.146199 -0.114035 0)
(-0.139853 -0.125294 0)
(-0.132322 -0.135809 0)
(-0.123543 -0.145187 0)
(-0.113494 -0.152954 0)
(-0.102214 -0.158569 0)
(-0.0898228 -0.161432 0)
(-0.0765366 -0.16091 0)
(-0.0626833 -0.156371 0)
(-0.0487116 -0.14722 0)
(-0.0351919 -0.132954 0)
(-0.0227917 -0.113212 0)
(-0.0122301 -0.087812 0)
(-0.00441272 -0.0567936 0)
(-0.000662477 -0.0204751 0)
(-0.000689127 0.0218747 0)
(-0.00452323 0.0601999 0)
(-0.0124355 0.0925054 0)
(-0.0230228 0.1186 0)
(-0.035338 0.138603 0)
(-0.0486548 0.152855 0)
(-0.0623227 0.161862 0)
(-0.075805 0.166242 0)
(-0.0886951 0.16667 0)
(-0.100708 0.163824 0)
(-0.111665 0.158356 0)
(-0.121477 0.150861 0)
(-0.130123 0.141863 0)
(-0.137636 0.131804 0)
(-0.144085 0.121049 0)
(-0.149561 0.109886 0)
(-0.154167 0.0985293 0)
(-0.158009 0.0871357 0)
(-0.16119 0.075807 0)
(-0.163806 0.0646021 0)
(-0.165942 0.0535443 0)
(-0.16767 0.0426288 0)
(-0.169051 0.0318292 0)
(-0.17013 0.0211032 0)
(-0.170936 0.0103969 0)
(-0.171486 -0.000350614 0)
(-0.171778 -0.0112037 0)
(-0.171796 -0.0222257 0)
(-0.171506 -0.0334753 0)
(-0.170859 -0.0450009 0)
(-0.169784 -0.0568353 0)
(-0.168197 -0.0689882 0)
(-0.165994 -0.081438 0)
(-0.163054 -0.0941224 0)
(-0.159247 -0.106927 0)
(-0.154432 -0.119674 0)
(-0.148469 -0.132112 0)
(-0.141229 -0.143901 0)
(-0.132609 -0.154614 0)
(-0.122546 -0.163724 0)
(-0.111044 -0.170615 0)
(-0.0981944 -0.174594 0)
(-0.0841983 -0.174915 0)
(-0.0693908 -0.170818 0)
(-0.0542553 -0.161576 0)
(-0.0394296 -0.146559 0)
(-0.0256809 -0.125293 0)
(-0.0138552 -0.097527 0)
(-0.00502815 -0.06327 0)
(-0.000762251 -0.0228763 0)
(-0.000788863 0.0243352 0)
(-0.00512711 0.0667636 0)
(-0.0140097 0.102255 0)
(-0.0257872 0.13061 0)
(-0.0393413 0.152007 0)
(-0.0538246 0.16689 0)
(-0.0684973 0.175897 0)
(-0.0827674 0.179788 0)
(-0.0962048 0.179372 0)
(-0.108526 0.175454 0)
(-0.119571 0.168789 0)
(-0.129281 0.160055 0)
(-0.137672 0.149841 0)
(-0.144815 0.138633 0)
(-0.150814 0.126825 0)
(-0.155793 0.11472 0)
(-0.159885 0.102539 0)
(-0.163218 0.0904365 0)
(-0.165917 0.078507 0)
(-0.168093 0.066799 0)
(-0.169843 0.0553229 0)
(-0.171251 0.0440598 0)
(-0.172383 0.0329684 0)
(-0.173289 0.0219909 0)
(-0.174005 0.0110578 0)
(-0.174549 9.19098e-05 0)
(-0.174922 -0.0109874 0)
(-0.175109 -0.0222609 0)
(-0.175075 -0.0338049 0)
(-0.174768 -0.0456864 0)
(-0.174115 -0.0579574 0)
(-0.173023 -0.0706469 0)
(-0.171377 -0.0837519 0)
(-0.169042 -0.0972267 0)
(-0.165866 -0.11097 0)
(-0.161679 -0.124811 0)
(-0.156309 -0.138494 0)
(-0.149585 -0.151668 0)
(-0.141355 -0.163868 0)
(-0.131509 -0.174517 0)
(-0.12 -0.18292 0)
(-0.106874 -0.188278 0)
(-0.0923057 -0.189715 0)
(-0.0766233 -0.186316 0)
(-0.0603368 -0.177189 0)
(-0.0441518 -0.161537 0)
(-0.0289465 -0.138742 0)
(-0.0157155 -0.108446 0)
(-0.00574178 -0.0706094 0)
(-0.000880169 -0.0256194 0)
(-0.000906921 0.0271318 0)
(-0.005828 0.0741621 0)
(-0.0158114 0.113147 0)
(-0.0289055 0.143887 0)
(-0.0437841 0.166648 0)
(-0.0594588 0.182018 0)
(-0.0750921 0.190805 0)
(-0.0900392 0.193949 0)
(-0.103856 0.192427 0)
(-0.116274 0.187188 0)
(-0.127168 0.179109 0)
(-0.136524 0.16896 0)
(-0.144405 0.157394 0)
(-0.150929 0.144943 0)
(-0.156244 0.132026 0)
(-0.160512 0.118954 0)
(-0.163894 0.105952 0)
(-0.166548 0.0931664 0)
(-0.168615 0.08068 0)
(-0.170222 0.0685267 0)
(-0.171478 0.0567009 0)
(-0.172475 0.0451669 0)
(-0.173285 0.0338666 0)
(-0.173965 0.0227252 0)
(-0.174552 0.0116562 0)
(-0.175067 0.000565774 0)
(-0.175514 -0.0106444 0)
(-0.175879 -0.0220732 0)
(-0.176129 -0.033816 0)
(-0.176212 -0.0459604 0)
(-0.176051 -0.0585796 0)
(-0.17555 -0.0717254 0)
(-0.174585 -0.0854176 0)
(-0.173008 -0.0996326 0)
(-0.170646 -0.114288 0)
(-0.167305 -0.129229 0)
(-0.162774 -0.144204 0)
(-0.156839 -0.158853 0)
(-0.149293 -0.172687 0)
(-0.139963 -0.185077 0)
(-0.128739 -0.195248 0)
(-0.115605 -0.202287 0)
(-0.100685 -0.205167 0)
(-0.0842823 -0.20279 0)
(-0.0669194 -0.194057 0)
(-0.0493641 -0.177958 0)
(-0.0326141 -0.15368 0)
(-0.0178374 -0.120711 0)
(-0.00656805 -0.0789341 0)
(-0.00101962 -0.0287595 0)
(-0.00104738 0.03032 0)
(-0.00664339 0.0825148 0)
(-0.0178726 0.125314 0)
(-0.0324102 0.158533 0)
(-0.0486775 0.182569 0)
(-0.0655228 0.198205 0)
(-0.0820068 0.206478 0)
(-0.0974401 0.208551 0)
(-0.111382 0.205605 0)
(-0.123598 0.198763 0)
(-0.134019 0.189035 0)
(-0.142691 0.177288 0)
(-0.149741 0.164242 0)
(-0.155343 0.150469 0)
(-0.159696 0.136405 0)
(-0.163001 0.122368 0)
(-0.165454 0.108573 0)
(-0.167235 0.0951548 0)
(-0.168505 0.0821791 0)
(-0.169404 0.0696609 0)
(-0.17005 0.0575747 0)
(-0.170541 0.0458659 0)
(-0.170954 0.0344573 0)
(-0.171346 0.0232562 0)
(-0.171761 0.0121588 0)
(-0.172219 0.00105358 0)
(-0.172729 -0.0101755 0)
(-0.173277 -0.0216457 0)
(-0.173835 -0.0334723 0)
(-0.17435 -0.0457644 0)
(-0.174749 -0.0586189 0)
(-0.174933 -0.0721127 0)
(-0.174773 -0.0862932 0)
(-0.174114 -0.101164 0)
(-0.172766 -0.116671 0)
(-0.17051 -0.13268 0)
(-0.167102 -0.148957 0)
(-0.162278 -0.165146 0)
(-0.155772 -0.18074 0)
(-0.14734 -0.195067 0)
(-0.136787 -0.207275 0)
(-0.124014 -0.21633 0)
(-0.10907 -0.221037 0)
(-0.0922037 -0.220084 0)
(-0.0739257 -0.212117 0)
(-0.055053 -0.195853 0)
(-0.0367056 -0.170213 0)
(-0.02025 -0.13447 0)
(-0.00752445 -0.0883797 0)
(-0.00118498 -0.0323606 0)
(-0.00121588 0.033966 0)
(-0.00759647 0.0919582 0)
(-0.0202333 0.138894 0)
(-0.0363364 0.174635 0)
(-0.0540193 0.19977 0)
(-0.0719465 0.215354 0)
(-0.0890783 0.222722 0)
(-0.104699 0.223321 0)
(-0.118398 0.218581 0)
(-0.130006 0.209821 0)
(-0.139531 0.198197 0)
(-0.147105 0.184677 0)
(-0.152931 0.170042 0)
(-0.157252 0.154894 0)
(-0.16032 0.13968 0)
(-0.16238 0.124709 0)
(-0.16366 0.110184 0)
(-0.164362 0.0962153 0)
(-0.164662 0.0828472 0)
(-0.164708 0.0700703 0)
(-0.164625 0.0578363 0)
(-0.164513 0.0460688 0)
(-0.16445 0.0346709 0)
(-0.164495 0.0235313 0)
(-0.164691 0.0125283 0)
(-0.165063 0.00153334 0)
(-0.165618 -0.00958671 0)
(-0.166349 -0.0209673 0)
(-0.167229 -0.0327435 0)
(-0.168212 -0.0450462 0)
(-0.169229 -0.0579969 0)
(-0.170184 -0.0717006 0)
(-0.170951 -0.0862352 0)
(-0.171369 -0.101638 0)
(-0.17124 -0.11789 0)
(-0.170327 -0.13489 0)
(-0.168353 -0.152432 0)
(-0.165008 -0.170178 0)
(-0.159965 -0.187621 0)
(-0.152894 -0.204058 0)
(-0.143504 -0.218569 0)
(-0.131585 -0.23 0)
(-0.117077 -0.236975 0)
(-0.100136 -0.237935 0)
(-0.0812242 -0.231218 0)
(-0.0611795 -0.215191 0)
(-0.0412379 -0.18842 0)
(-0.0229872 -0.14987 0)
(-0.00863358 -0.0990966 0)
(-0.00138218 -0.0364974 0)
(-0.00142076 0.0381509 0)
(-0.00871972 0.102651 0)
(-0.0229459 0.154034 0)
(-0.0407219 0.192254 0)
(-0.0597883 0.218189 0)
(-0.0786083 0.233271 0)
(-0.0960565 0.239228 0)
(-0.111425 0.237865 0)
(-0.124372 0.230905 0)
(-0.134831 0.219889 0)
(-0.142926 0.206127 0)
(-0.148894 0.190682 0)
(-0.153032 0.174384 0)
(-0.155658 0.157853 0)
(-0.157083 0.141529 0)
(-0.157593 0.125704 0)
(-0.157443 0.110552 0)
(-0.156854 0.0961536 0)
(-0.156009 0.0825232 0)
(-0.155061 0.0696228 0)
(-0.154135 0.0573781 0)
(-0.153328 0.0456892 0)
(-0.152715 0.0344388 0)
(-0.152356 0.0234969 0)
(-0.152288 0.0127252 0)
(-0.152539 0.00197927 0)
(-0.153119 -0.00889008 0)
(-0.154023 -0.020035 0)
(-0.155232 -0.0316089 0)
(-0.156707 -0.043764 0)
(-0.158387 -0.0566465 0)
(-0.160186 -0.0703902 0)
(-0.161986 -0.0851071 0)
(-0.16363 -0.100873 0)
(-0.164921 -0.117711 0)
(-0.16561 -0.135565 0)
(-0.165399 -0.154272 0)
(-0.163938 -0.173529 0)
(-0.160835 -0.192848 0)
(-0.155676 -0.211522 0)
(-0.148053 -0.228577 0)
(-0.137622 -0.242751 0)
(-0.12417 -0.252482 0)
(-0.107714 -0.255936 0)
(-0.0886091 -0.251085 0)
(-0.0676696 -0.235854 0)
(-0.0462225 -0.208335 0)
(-0.026092 -0.167053 0)
(-0.00992656 -0.111253 0)
(-0.00161987 -0.0412593 0)
(-0.00167495 0.0429775 0)
(-0.0100608 0.11478 0)
(-0.0260817 0.170879 0)
(-0.0456088 0.211404 0)
(-0.0659331 0.237667 0)
(-0.0853114 0.251628 0)
(-0.102568 0.255532 0)
(-0.117059 0.251627 0)
(-0.128571 0.241978 0)
(-0.137193 0.228365 0)
(-0.143199 0.212249 0)
(-0.146959 0.194774 0)
(-0.148879 0.176799 0)
(-0.149355 0.158939 0)
(-0.148755 0.14161 0)
(-0.147401 0.125066 0)
(-0.145567 0.109441 0)
(-0.143482 0.094778 0)
(-0.141332 0.0810528 0)
(-0.139263 0.0681948 0)
(-0.137393 0.0561012 0)
(-0.135812 0.0446483 0)
(-0.134588 0.033698 0)
(-0.133773 0.0231035 0)
(-0.133403 0.0127114 0)
(-0.133501 0.00236332 0)
(-0.134081 -0.00810317 0)
(-0.135143 -0.0188545 0)
(-0.136675 -0.0300601 0)
(-0.138648 -0.0418912 0)
(-0.141017 -0.0545174 0)
(-0.14371 -0.0681014 0)
(-0.146624 -0.0827899 0)
(-0.14962 -0.0987014 0)
(-0.152509 -0.115908 0)
(-0.155047 -0.134408 0)
(-0.156926 -0.1541 0)
(-0.157768 -0.174736 0)
(-0.157128 -0.195875 0)
(-0.154504 -0.216831 0)
(-0.149366 -0.236614 0)
(-0.141206 -0.253874 0)
(-0.129619 -0.266876 0)
(-0.114415 -0.273492 0)
(-0.0957714 -0.271272 0)
(-0.0743985 -0.257594 0)
(-0.0516625 -0.229917 0)
(-0.0296214 -0.186146 0)
(-0.0114489 -0.125042 0)
(-0.00191141 -0.0467565 0)
(-0.00199969 0.0485814 0)
(-0.0116928 0.128574 0)
(-0.0297405 0.189569 0)
(-0.0510401 0.23202 0)
(-0.0723502 0.2579 0)
(-0.0917422 0.269909 0)
(-0.108063 0.270964 0)
(-0.120818 0.263853 0)
(-0.130007 0.251025 0)
(-0.135936 0.234504 0)
(-0.139072 0.215881 0)
(-0.139942 0.196351 0)
(-0.139064 0.176771 0)
(-0.136916 0.157723 0)
(-0.133909 0.13957 0)
(-0.130391 0.122512 0)
(-0.126643 0.10663 0)
(-0.122888 0.0919157 0)
(-0.119299 0.0783023 0)
(-0.116012 0.0656831 0)
(-0.113125 0.053926 0)
(-0.110715 0.0428835 0)
(-0.108836 0.032399 0)
(-0.10753 0.0223107 0)
(-0.106826 0.012453 0)
(-0.106744 0.0026574 0)
(-0.107299 -0.00724856 0)
(-0.108495 -0.0174417 0)
(-0.11033 -0.0281038 0)
(-0.11279 -0.0394216 0)
(-0.115847 -0.0515848 0)
(-0.119451 -0.0647825 0)
(-0.123526 -0.0791958 0)
(-0.127957 -0.0949867 0)
(-0.132582 -0.112281 0)
(-0.137177 -0.131144 0)
(-0.141443 -0.151546 0)
(-0.144995 -0.17332 0)
(-0.147351 -0.196103 0)
(-0.147937 -0.219272 0)
(-0.146097 -0.241862 0)
(-0.141145 -0.262484 0)
(-0.132438 -0.279259 0)
(-0.119508 -0.289774 0)
(-0.102252 -0.291109 0)
(-0.0811628 -0.279978 0)
(-0.0575461 -0.253018 0)
(-0.0336541 -0.207251 0)
(-0.0132703 -0.140684 0)
(-0.00227865 -0.0531315 0)
(-0.00243147 0.0551511 0)
(-0.0137305 0.144315 0)
(-0.0340616 0.210219 0)
(-0.0570477 0.253911 0)
(-0.0788404 0.278372 0)
(-0.0974003 0.287336 0)
(-0.111725 0.284587 0)
(-0.121603 0.273548 0)
(-0.127351 0.257075 0)
(-0.129565 0.237412 0)
(-0.128946 0.21624 0)
(-0.126188 0.194754 0)
(-0.121923 0.173764 0)
(-0.116691 0.153777 0)
(-0.110933 0.13508 0)
(-0.104999 0.117795 0)
(-0.0991566 0.101935 0)
(-0.0936085 0.0874329 0)
(-0.0885023 0.074176 0)
(-0.083944 0.0620198 0)
(-0.0800086 0.0508037 0)
(-0.0767485 0.0403588 0)
(-0.0742 0.0305128 0)
(-0.0723891 0.0210929 0)
(-0.0713354 0.0119256 0)
(-0.0710543 0.00283629 0)
(-0.0715587 -0.0063525 0)
(-0.0728595 -0.0158231 0)
(-0.0749645 -0.0257647 0)
(-0.0778763 -0.0363741 0)
(-0.0815889 -0.0478563 0)
(-0.0860814 -0.060422 0)
(-0.0913113 -0.0742832 0)
(-0.0972032 -0.0896437 0)
(-0.103636 -0.106685 0)
(-0.110427 -0.125543 0)
(-0.117312 -0.146276 0)
(-0.123926 -0.168819 0)
(-0.12978 -0.192922 0)
(-0.134253 -0.218071 0)
(-0.136584 -0.243387 0)
(-0.135906 -0.267513 0)
(-0.131306 -0.28849 0)
(-0.121962 -0.303659 0)
(-0.107364 -0.309618 0)
(-0.0876274 -0.30231 0)
(-0.0638263 -0.277315 0)
(-0.0382984 -0.230414 0)
(-0.0155007 -0.158447 0)
(-0.00275914 -0.0605783 0)
(-0.00303539 0.0629625 0)
(-0.0163574 0.162361 0)
(-0.0392327 0.232886 0)
(-0.0636146 0.27667 0)
(-0.085021 0.298245 0)
(-0.101474 0.302775 0)
(-0.112337 0.295132 0)
(-0.117866 0.279445 0)
(-0.118821 0.258958 0)
(-0.11616 0.236075 0)
(-0.11084 0.212485 0)
(-0.103723 0.189315 0)
(-0.0955264 0.167265 0)
(-0.0868246 0.146726 0)
(-0.0780556 0.127873 0)
(-0.0695429 0.110733 0)
(-0.0615171 0.0952381 0)
(-0.0541367 0.0812604 0)
(-0.0475063 0.0686374 0)
(-0.0416916 0.0571895 0)
(-0.0367318 0.0467307 0)
(-0.0326485 0.0370752 0)
(-0.0294535 0.0280401 0)
(-0.027154 0.0194466 0)
(-0.0257561 0.0111186 0)
(-0.025268 0.00288101 0)
(-0.0257014 -0.0054431 0)
(-0.0270718 -0.0140357 0)
(-0.0293981 -0.0230868 0)
(-0.0327012 -0.032797 0)
(-0.0370004 -0.0433794 0)
(-0.0423088 -0.0550595 0)
(-0.0486258 -0.0680731 0)
(-0.0559266 -0.0826601 0)
(-0.0641484 -0.0990542 0)
(-0.0731712 -0.117463 0)
(-0.0827948 -0.138041 0)
(-0.0927098 -0.160842 0)
(-0.102466 -0.185763 0)
(-0.111438 -0.21245 0)
(-0.118804 -0.240185 0)
(-0.12354 -0.267734 0)
(-0.124457 -0.293169 0)
(-0.120317 -0.313682 0)
(-0.110068 -0.32543 0)
(-0.0932281 -0.323515 0)
(-0.0703728 -0.302208 0)
(-0.0436942 -0.255578 0)
(-0.018317 -0.17865 0)
(-0.00341997 -0.0693764 0)
(-0.00393093 0.0724396 0)
(-0.0198681 0.18316 0)
(-0.0454809 0.257482 0)
(-0.0705797 0.299524 0)
(-0.090153 0.3162 0)
(-0.102629 0.314611 0)
(-0.108066 0.300924 0)
(-0.107424 0.279983 0)
(-0.10204 0.255331 0)
(-0.0932798 0.229403 0)
(-0.0823499 0.203782 0)
(-0.0702361 0.179426 0)
(-0.057697 0.156857 0)
(-0.0452884 0.136301 0)
(-0.0333997 0.117795 0)
(-0.02229 0.101255 0)
(-0.012121 0.0865282 0)
(-0.00298456 0.0734226 0)
(0.00507557 0.0617318 0)
(0.0120469 0.0512465 0)
(0.0179355 0.0417618 0)
(0.0227568 0.0330817 0)
(0.0265282 0.0250194 0)
(0.0292648 0.0173964 0)
(0.0309758 0.0100405 0)
(0.0316618 0.00278237 0)
(0.0313139 -0.00454816 0)
(0.0299125 -0.012126 0)
(0.0274277 -0.0201349 0)
(0.0238203 -0.0287715 0)
(0.0190437 -0.0382483 0)
(0.0130482 -0.0487961 0)
(0.00578668 -0.0606645 0)
(-0.00277603 -0.0741198 0)
(-0.0126495 -0.0894379 0)
(-0.0237983 -0.106892 0)
(-0.036117 -0.12673 0)
(-0.0493946 -0.149138 0)
(-0.0632716 -0.174178 0)
(-0.0771885 -0.20171 0)
(-0.0903319 -0.231255 0)
(-0.101589 -0.261821 0)
(-0.109537 -0.291662 0)
(-0.112501 -0.317992 0)
(-0.108763 -0.336671 0)
(-0.0969874 -0.34198 0)
(-0.0768596 -0.326661 0)
(-0.0499939 -0.282478 0)
(-0.0220021 -0.201676 0)
(-0.00438419 -0.0799521 0)
(-0.0053399 0.0842648 0)
(-0.0247247 0.20724 0)
(-0.053006 0.283591 0)
(-0.0774114 0.32108 0)
(-0.0928089 0.330214 0)
(-0.0986436 0.32061 0)
(-0.0961366 0.299844 0)
(-0.0872086 0.273352 0)
(-0.0738677 0.244766 0)
(-0.0578706 0.216352 0)
(-0.0406058 0.189421 0)
(-0.0230975 0.16465 0)
(-0.00605768 0.142311 0)
(0.0100478 0.122426 0)
(0.0249374 0.104874 0)
(0.0384608 0.0894553 0)
(0.0505576 0.0759347 0)
(0.0612252 0.0640663 0)
(0.0704965 0.0536084 0)
(0.0784223 0.0443319 0)
(0.0850604 0.0360231 0)
(0.0904672 0.0284846 0)
(0.0946919 0.0215339 0)
(0.0977732 0.0150005 0)
(0.0997366 0.00872292 0)
(0.100593 0.002544 0)
(0.100336 -0.00369293 0)
(0.0989435 -0.0101489 0)
(0.0963764 -0.0169942 0)
(0.0925776 -0.0244128 0)
(0.0874746 -0.0326071 0)
(0.0809805 -0.0418021 0)
(0.072999 -0.0522483 0)
(0.0634304 -0.0642233 0)
(0.052183 -0.0780302 0)
(0.0391903 -0.0939922 0)
(0.0244358 -0.112438 0)
(0.00798982 -0.133677 0)
(-0.00994071 -0.157953 0)
(-0.0289447 -0.185364 0)
(-0.0483236 -0.215747 0)
(-0.066998 -0.248477 0)
(-0.0834221 -0.282186 0)
(-0.0955515 -0.314368 0)
(-0.100952 -0.340867 0)
(-0.0971801 -0.355343 0)
(-0.0825173 -0.348924 0)
(-0.057273 -0.310432 0)
(-0.0269967 -0.227935 0)
(-0.00587952 -0.092988 0)
(-0.00766771 0.0995632 0)
(-0.0316051 0.235112 0)
(-0.0617438 0.310093 0)
(-0.0827029 0.338898 0)
(-0.090253 0.337261 0)
(-0.0858287 0.3178 0)
(-0.0723674 0.289365 0)
(-0.0529471 0.257626 0)
(-0.0302175 0.225936 0)
(-0.00619618 0.196107 0)
(0.0177075 0.16899 0)
(0.0405788 0.14487 0)
(0.0618729 0.123709 0)
(0.0813056 0.105307 0)
(0.0987674 0.0893854 0)
(0.114261 0.0756394 0)
(0.127855 0.0637682 0)
(0.139654 0.053488 0)
(0.149776 0.0445388 0)
(0.15834 0.0366861 0)
(0.165458 0.0297202 0)
(0.171226 0.0234531 0)
(0.175726 0.0177158 0)
(0.179017 0.0123537 0)
(0.181142 0.00722271 0)
(0.18212 0.00218451 0)
(0.181949 -0.00289809 0)
(0.180606 -0.00816595 0)
(0.178044 -0.0137686 0)
(0.174191 -0.0198696 0)
(0.168952 -0.0266513 0)
(0.162207 -0.0343207 0)
(0.153815 -0.0431145 0)
(0.143612 -0.0533037 0)
(0.131423 -0.0651971 0)
(0.117073 -0.079143 0)
(0.100405 -0.0955254 0)
(0.0813138 -0.114752 0)
(0.0597974 -0.137228 0)
(0.0360275 -0.163301 0)
(0.0104556 -0.193159 0)
(-0.0160482 -0.226657 0)
(-0.0420266 -0.263011 0)
(-0.0652683 -0.30033 0)
(-0.0827327 -0.334898 0)
(-0.0907396 -0.360243 0)
(-0.0856077 -0.366117 0)
(-0.0652579 -0.337922 0)
(-0.033929 -0.257734 0)
(-0.00831785 -0.109602 0)
(-0.0115932 0.120153 0)
(-0.0412995 0.266888 0)
(-0.0706718 0.334424 0)
(-0.0830922 0.348883 0)
(-0.0773373 0.33303 0)
(-0.058129 0.302507 0)
(-0.030568 0.266796 0)
(0.00116765 0.231099 0)
(0.0340583 0.197958 0)
(0.0661371 0.168399 0)
(0.0962442 0.142636 0)
(0.123781 0.120485 0)
(0.148512 0.101589 0)
(0.170429 0.0855392 0)
(0.189651 0.071927 0)
(0.206365 0.060376 0)
(0.220784 0.0505495 0)
(0.233125 0.0421522 0)
(0.24359 0.0349277 0)
(0.252363 0.0286545 0)
(0.259602 0.0231409 0)
(0.26544 0.0182203 0)
(0.269983 0.013746 0)
(0.27331 0.00958682 0)
(0.275476 0.00562224 0)
(0.276509 0.00173793 0)
(0.27641 -0.00217871 0)
(0.275155 -0.00624324 0)
(0.272694 -0.0105788 0)
(0.268944 -0.0153213 0)
(0.263794 -0.0206244 0)
(0.257101 -0.0266661 0)
(0.248685 -0.0336539 0)
(0.238331 -0.0418331 0)
(0.22579 -0.051493 0)
(0.210784 -0.062975 0)
(0.193017 -0.076679 0)
(0.172193 -0.0930664 0)
(0.148063 -0.112656 0)
(0.120482 -0.136001 0)
(0.0895207 -0.163631 0)
(0.0556254 -0.195924 0)
(0.0198572 -0.232848 0)
(-0.0157938 -0.27348 0)
(-0.0480722 -0.315164 0)
(-0.0722565 -0.352149 0)
(-0.0823564 -0.37367 0)
(-0.0725752 -0.361839 0)
(-0.04346 -0.290833 0)
(-0.0123702 -0.131572 0)
(-0.0179649 0.148897 0)
(-0.0539085 0.301175 0)
(-0.075925 0.35119 0)
(-0.0710647 0.344501 0)
(-0.0446766 0.311866 0)
(-0.00591626 0.270777 0)
(0.0380913 0.22991 0)
(0.0826765 0.192926 0)
(0.1251 0.160947 0)
(0.163965 0.133929 0)
(0.198722 0.111367 0)
(0.229313 0.0926265 0)
(0.255943 0.0770857 0)
(0.278944 0.0641908 0)
(0.298689 0.0534686 0)
(0.315554 0.0445224 0)
(0.329885 0.0370221 0)
(0.341998 0.030694 0)
(0.352163 0.0253105 0)
(0.360613 0.0206821 0)
(0.367539 0.0166492 0)
(0.373098 0.0130769 0)
(0.377413 0.00984878 0)
(0.380572 0.00686263 0)
(0.382639 0.00402596 0)
(0.383644 0.00125195 0)
(0.383594 -0.00154435 0)
(0.382466 -0.00445001 0)
(0.380206 -0.0075582 0)
(0.376731 -0.0109725 0)
(0.371923 -0.0148117 0)
(0.365625 -0.0192153 0)
(0.357637 -0.0243498 0)
(0.347713 -0.0304162 0)
(0.33555 -0.0376596 0)
(0.320795 -0.04638 0)
(0.303032 -0.056946 0)
(0.281799 -0.0698105 0)
(0.256598 -0.085527 0)
(0.226938 -0.104762 0)
(0.192413 -0.128291 0)
(0.152849 -0.156952 0)
(0.108555 -0.191495 0)
(0.0607362 -0.232216 0)
(0.0120933 -0.278156 0)
(-0.0324195 -0.3255 0)
(-0.0648873 -0.364695 0)
(-0.0748251 -0.376106 0)
(-0.0553625 -0.325235 0)
(-0.018808 -0.161648 0)
(-0.0268241 0.190674 0)
(-0.065922 0.332237 0)
(-0.0661373 0.349457 0)
(-0.0307872 0.31578 0)
(0.0240373 0.267141 0)
(0.0853 0.219376 0)
(0.145399 0.178028 0)
(0.20062 0.144039 0)
(0.249553 0.116681 0)
(0.292011 0.0948128 0)
(0.328394 0.0773296 0)
(0.359339 0.0633031 0)
(0.385538 0.0519932 0)
(0.407653 0.0428222 0)
(0.42628 0.0353409 0)
(0.441937 0.0291988 0)
(0.455067 0.0241202 0)
(0.466041 0.0198864 0)
(0.475165 0.0163221 0)
(0.482692 0.0132855 0)
(0.488825 0.0106606 0)
(0.493724 0.00835091 0)
(0.497514 0.0062752 0)
(0.500286 0.00436309 0)
(0.5021 0.00255177 0)
(0.502991 0.00078292 0)
(0.502964 -0.00100025 0)
(0.501998 -0.00285584 0)
(0.500046 -0.00484625 0)
(0.497027 -0.00704137 0)
(0.492828 -0.00952226 0)
(0.487295 -0.0123854 0)
(0.480231 -0.0157481 0)
(0.471381 -0.0197549 0)
(0.460432 -0.0245866 0)
(0.446993 -0.0304715 0)
(0.430589 -0.0377015 0)
(0.410645 -0.0466532 0)
(0.386479 -0.0578174 0)
(0.357304 -0.071837 0)
(0.322249 -0.0895528 0)
(0.280435 -0.112046 0)
(0.231148 -0.140646 0)
(0.174209 -0.176799 0)
(0.110681 -0.22159 0)
(0.0441292 -0.274352 0)
(-0.017503 -0.329329 0)
(-0.0600852 -0.369198 0)
(-0.065468 -0.354317 0)
(-0.0274035 -0.20446 0)
(-0.0329029 0.250594 0)
(-0.0617595 0.343894 0)
(-0.0123175 0.309732 0)
(0.0688155 0.249839 0)
(0.155213 0.193491 0)
(0.235521 0.148201 0)
(0.305461 0.113919 0)
(0.364426 0.0883944 0)
(0.413413 0.0693313 0)
(0.453871 0.0549407 0)
(0.487229 0.0439331 0)
(0.514746 0.0354007 0)
(0.537475 0.0287054 0)
(0.556278 0.0233938 0)
(0.571854 0.0191378 0)
(0.584767 0.0156956 0)
(0.59547 0.0128854 0)
(0.60433 0.0105682 0)
(0.611637 0.00863584 0)
(0.617625 0.00700289 0)
(0.622477 0.00560101 0)
(0.626336 0.00437454 0)
(0.629311 0.00327722 0)
(0.63148 0.00226962 0)
(0.632896 0.00131696 0)
(0.633588 0.000387199 0)
(0.633561 -0.000550676 0)
(0.632799 -0.00152838 0)
(0.631261 -0.00258009 0)
(0.628881 -0.00374437 0)
(0.625561 -0.00506634 0)
(0.621171 -0.00660044 0)
(0.615537 -0.00841372 0)
(0.608437 -0.0105904 0)
(0.599586 -0.0132379 0)
(0.58862 -0.0164954 0)
(0.575082 -0.0205465 0)
(0.558391 -0.025638 0)
(0.537815 -0.0321077 0)
(0.512431 -0.0404287 0)
(0.481083 -0.0512754 0)
(0.442345 -0.0656233 0)
(0.39453 -0.0848853 0)
(0.335808 -0.111068 0)
(0.264665 -0.146826 0)
(0.181146 -0.194929 0)
(0.0891947 -0.255907 0)
(0.000352681 -0.321894 0)
(-0.0573934 -0.360903 0)
(-0.0322156 -0.263969 0)
(0.00115418 0.295073 0)
(0.0169582 0.298713 0)
(0.152171 0.21283 0)
(0.282066 0.14479 0)
(0.386184 0.0987666 0)
(0.467972 0.0686528 0)
(0.531646 0.0490777 0)
(0.581132 0.0361217 0)
(0.619847 0.0272702 0)
(0.650427 0.0210144 0)
(0.674802 0.0164558 0)
(0.694387 0.0130473 0)
(0.710232 0.0104448 0)
(0.723121 0.00842361 0)
(0.733653 0.00683173 0)
(0.742284 0.00556247 0)
(0.749372 0.00453868 0)
(0.755191 0.00370315 0)
(0.759959 0.00301247 0)
(0.763843 0.00243313 0)
(0.766976 0.00193876 0)
(0.769457 0.00150824 0)
(0.771361 0.00112428 0)
(0.772743 0.000772341 0)
(0.773638 0.000439725 0)
(0.774066 0.000114834 0)
(0.774031 -0.000213526 0)
(0.773521 -0.000556808 0)
(0.772508 -0.000927403 0)
(0.770946 -0.0013394 0)
(0.768768 -0.00180944 0)
(0.765885 -0.00235784 0)
(0.762173 -0.00300995 0)
(0.757477 -0.00379805 0)
(0.751591 -0.00476403 0)
(0.74425 -0.00596334 0)
(0.735109 -0.00747095 0)
(0.723719 -0.00939094 0)
(0.709491 -0.0118723 0)
(0.691635 -0.0151357 0)
(0.669088 -0.0195215 0)
(0.640391 -0.0255757 0)
(0.603519 -0.0342071 0)
(0.555648 -0.0469714 0)
(0.492989 -0.0665315 0)
(0.41102 -0.0971947 0)
(0.304777 -0.145074 0)
(0.169882 -0.216892 0)
(0.0267931 -0.307099 0)
(0.00521484 -0.303119 0)
(0.290322 0.152478 0)
(0.389721 0.128302 0)
(0.565618 0.0747442 0)
(0.683278 0.0421727 0)
(0.752514 0.0244049 0)
(0.797001 0.0147103 0)
(0.827508 0.00936369 0)
(0.849223 0.00631512 0)
(0.865212 0.00447818 0)
(0.877328 0.00330087 0)
(0.886709 0.00250286 0)
(0.894085 0.00193679 0)
(0.899954 0.00152103 0)
(0.904665 0.00120763 0)
(0.908472 0.000966629 0)
(0.911564 0.000778287 0)
(0.914083 0.000628965 0)
(0.916138 0.000508897 0)
(0.917812 0.000410886 0)
(0.919169 0.000329512 0)
(0.920258 0.000260605 0)
(0.921116 0.000200897 0)
(0.921771 0.000147763 0)
(0.922242 9.90366e-05 0)
(0.922542 5.28517e-05 0)
(0.922677 7.52138e-06 0)
(0.922649 -3.85736e-05 0)
(0.922452 -8.71134e-05 0)
(0.922076 -0.000139919 0)
(0.921504 -0.000199092 0)
(0.92071 -0.000267158 0)
(0.91966 -0.00034725 0)
(0.918309 -0.000443342 0)
(0.916597 -0.000560589 0)
(0.914443 -0.000705807 0)
(0.911746 -0.000888223 0)
(0.908369 -0.00112066 0)
(0.904131 -0.0014216 0)
(0.898789 -0.00181884 0)
(0.892004 -0.00235655 0)
(0.883296 -0.00310944 0)
(0.871957 -0.00421244 0)
(0.856878 -0.00592482 0)
(0.836239 -0.00876795 0)
(0.806964 -0.0138027 0)
(0.763759 -0.0231221 0)
(0.695663 -0.0406899 0)
(0.577963 -0.0737193 0)
(0.398171 -0.128778 0)
(0.293934 -0.153846 0)
)
;

boundaryField
{
    movingWall
    {
        type            fixedValue;
        value           uniform (1 0 0);
    }
    fixedWalls
    {
        type            noSlip;
    }
    frontAndBack
    {
        type            empty;
    }
}


// ************************************************************************* //
