/*--------------------------------*- C++ -*----------------------------------*\
  =========                 |
  \\      /  F ield         | OpenFOAM: The Open Source CFD Toolbox
   \\    /   O peration     | Website:  https://openfoam.org
    \\  /    A nd           | Version:  7
     \\/     M anipulation  |
\*---------------------------------------------------------------------------*/
FoamFile
{
    version     2.0;
    format      ascii;
    class       volVectorField;
    location    "0.0496";
    object      U;
}
// * * * * * * * * * * * * * * * * * * * * * * * * * * * * * * * * * * * * * //

dimensions      [0 1 -1 0 0 0 0];

internalField   nonuniform List<vector> 
2500
(
(0.290247 -0.152408 0)
(0.389521 -0.128229 0)
(0.565402 -0.0747297 0)
(0.683229 -0.042231 0)
(0.752829 -0.0245315 0)
(0.797855 -0.0148925 0)
(0.829041 -0.00958638 0)
(0.851537 -0.006564 0)
(0.868371 -0.00474054 0)
(0.881363 -0.00356605 0)
(0.891623 -0.00276231 0)
(0.899858 -0.00218389 0)
(0.906546 -0.00175093 0)
(0.912021 -0.001417 0)
(0.916529 -0.00115345 0)
(0.920251 -0.000941603 0)
(0.923325 -0.000768683 0)
(0.925861 -0.000625558 0)
(0.927941 -0.000505474 0)
(0.929632 -0.000403271 0)
(0.930986 -0.000314888 0)
(0.932044 -0.00023703 0)
(0.932835 -0.000166948 0)
(0.933384 -0.00010227 0)
(0.933703 -4.08918e-05 0)
(0.933803 1.91451e-05 0)
(0.933684 7.98862e-05 0)
(0.933342 0.00014313 0)
(0.932765 0.000210914 0)
(0.931936 0.000285492 0)
(0.930828 0.000369447 0)
(0.929405 0.000465853 0)
(0.927621 0.000578513 0)
(0.925416 0.000712281 0)
(0.922711 0.000873546 0)
(0.919407 0.00107099 0)
(0.915371 0.00131681 0)
(0.910431 0.00162877 0)
(0.90435 0.00203395 0)
(0.896804 0.00257578 0)
(0.887325 0.00332829 0)
(0.87522 0.00442578 0)
(0.859402 0.0061269 0)
(0.838068 0.00895237 0)
(0.808165 0.0139621 0)
(0.764423 0.023248 0)
(0.695911 0.0407724 0)
(0.57794 0.0737471 0)
(0.398044 0.128743 0)
(0.293867 0.153783 0)
(0.00108024 -0.294878 0)
(0.0168431 -0.298601 0)
(0.152306 -0.213013 0)
(0.282848 -0.145328 0)
(0.388033 -0.0996506 0)
(0.471277 -0.0698313 0)
(0.536732 -0.0504856 0)
(0.588249 -0.0376905 0)
(0.629167 -0.0289345 0)
(0.662045 -0.0227157 0)
(0.688744 -0.0181439 0)
(0.710621 -0.0146809 0)
(0.728675 -0.0119913 0)
(0.743652 -0.00985895 0)
(0.75612 -0.00813899 0)
(0.766515 -0.00673122 0)
(0.775181 -0.00556384 0)
(0.782387 -0.00458388 0)
(0.788347 -0.00375107 0)
(0.793232 -0.00303402 0)
(0.797178 -0.00240753 0)
(0.800292 -0.00185088 0)
(0.802654 -0.00134647 0)
(0.804325 -0.000878964 0)
(0.805346 -0.000434491 0)
(0.805739 -7.67712e-08 0)
(0.805511 0.000437005 0)
(0.804648 0.000889432 0)
(0.803123 0.00137067 0)
(0.800887 0.00189549 0)
(0.79787 0.00248071 0)
(0.79398 0.00314618 0)
(0.789093 0.00391609 0)
(0.783053 0.00482081 0)
(0.775658 0.00589957 0)
(0.766652 0.00720445 0)
(0.755702 0.00880647 0)
(0.742379 0.0108053 0)
(0.726116 0.0133454 0)
(0.706156 0.0166427 0)
(0.681471 0.0210333 0)
(0.650647 0.0270587 0)
(0.611704 0.0356241 0)
(0.561872 0.0482813 0)
(0.497421 0.0676895 0)
(0.413886 0.0981519 0)
(0.306368 0.14578 0)
(0.170539 0.217301 0)
(0.0269038 0.307194 0)
(0.00518439 0.303005 0)
(-0.0329206 -0.250371 0)
(-0.0615906 -0.344029 0)
(-0.0114827 -0.310594 0)
(0.0708463 -0.251546 0)
(0.158982 -0.196027 0)
(0.241536 -0.15146 0)
(0.314151 -0.117758 0)
(0.376133 -0.0926547 0)
(0.428379 -0.073856 0)
(0.472239 -0.0595838 0)
(0.509049 -0.0485655 0)
(0.539985 -0.039913 0)
(0.566029 -0.033009 0)
(0.587986 -0.0274198 0)
(0.606509 -0.0228362 0)
(0.622128 -0.019033 0)
(0.635275 -0.0158426 0)
(0.646301 -0.0131374 0)
(0.655491 -0.0108181 0)
(0.663078 -0.00880561 0)
(0.669249 -0.00703531 0)
(0.674153 -0.0054532 0)
(0.677905 -0.00401287 0)
(0.680591 -0.00267333 0)
(0.682268 -0.00139718 0)
(0.68297 -0.0001492 0)
(0.682704 0.00110497 0)
(0.681452 0.00240026 0)
(0.679173 0.00377337 0)
(0.675796 0.00526439 0)
(0.671221 0.00691865 0)
(0.665312 0.00878913 0)
(0.657897 0.0109397 0)
(0.648755 0.0134492 0)
(0.637605 0.0164179 0)
(0.624098 0.019976 0)
(0.607796 0.0242966 0)
(0.588146 0.0296144 0)
(0.564453 0.0362552 0)
(0.535839 0.0446792 0)
(0.501201 0.0555491 0)
(0.459179 0.0698288 0)
(0.408156 0.0889213 0)
(0.346378 0.114825 0)
(0.272414 0.150184 0)
(0.186394 0.197763 0)
(0.0923493 0.258097 0)
(0.00189337 0.323335 0)
(-0.0569152 0.361555 0)
(-0.032168 0.263989 0)
(-0.0267688 -0.190605 0)
(-0.0654131 -0.332999 0)
(-0.0645136 -0.351508 0)
(-0.0274295 -0.319269 0)
(0.029731 -0.272024 0)
(0.0938876 -0.225492 0)
(0.157351 -0.185147 0)
(0.216317 -0.1519 0)
(0.26927 -0.125021 0)
(0.315916 -0.103381 0)
(0.356552 -0.085901 0)
(0.391721 -0.0716827 0)
(0.422031 -0.0600196 0)
(0.448076 -0.0503677 0)
(0.470395 -0.0423097 0)
(0.489465 -0.0355242 0)
(0.505695 -0.0297607 0)
(0.519438 -0.0248215 0)
(0.53099 -0.0205474 0)
(0.540597 -0.0168086 0)
(0.548464 -0.0134964 0)
(0.554756 -0.0105183 0)
(0.559602 -0.00779336 0)
(0.563098 -0.00524915 0)
(0.565311 -0.00281883 0)
(0.566277 -0.000438894 0)
(0.566004 0.00195297 0)
(0.564469 0.00442009 0)
(0.56162 0.007029 0)
(0.557375 0.00985194 0)
(0.551615 0.01297 0)
(0.544183 0.0164766 0)
(0.534881 0.020483 0)
(0.523458 0.0251239 0)
(0.509608 0.0305669 0)
(0.492958 0.0370238 0)
(0.473056 0.044767 0)
(0.449364 0.0541518 0)
(0.421245 0.0656465 0)
(0.387969 0.079871 0)
(0.348731 0.0976443 0)
(0.30273 0.120028 0)
(0.249338 0.148332 0)
(0.18847 0.183988 0)
(0.121289 0.22807 0)
(0.0514679 0.279898 0)
(-0.0129492 0.333729 0)
(-0.0577419 0.372269 0)
(-0.06465 0.355964 0)
(-0.0272817 0.204815 0)
(-0.0178438 -0.149168 0)
(-0.053089 -0.302943 0)
(-0.0735885 -0.354905 0)
(-0.0665339 -0.350291 0)
(-0.0373408 -0.319641 0)
(0.00477827 -0.28031 0)
(0.0526154 -0.240884 0)
(0.101409 -0.204978 0)
(0.148316 -0.173706 0)
(0.191837 -0.147037 0)
(0.231318 -0.124499 0)
(0.266605 -0.105495 0)
(0.297819 -0.0894498 0)
(0.325216 -0.0758561 0)
(0.34911 -0.0642864 0)
(0.369827 -0.0543856 0)
(0.387679 -0.0458608 0)
(0.402955 -0.0384693 0)
(0.415912 -0.0320082 0)
(0.426772 -0.0263059 0)
(0.435725 -0.0212152 0)
(0.442929 -0.0166074 0)
(0.448507 -0.0123676 0)
(0.452555 -0.0083913 0)
(0.455137 -0.00458084 0)
(0.456286 -0.000842422 0)
(0.456007 0.00291656 0)
(0.454275 0.00679029 0)
(0.451034 0.0108775 0)
(0.446194 0.0152847 0)
(0.439633 0.0201301 0)
(0.431191 0.0255483 0)
(0.420667 0.031696 0)
(0.407819 0.038759 0)
(0.392358 0.0469623 0)
(0.373946 0.0565805 0)
(0.352199 0.0679529 0)
(0.326693 0.0815002 0)
(0.296981 0.0977416 0)
(0.262637 0.117309 0)
(0.223329 0.140946 0)
(0.17897 0.169459 0)
(0.129964 0.203571 0)
(0.0776219 0.243556 0)
(0.0247494 0.288438 0)
(-0.0235714 0.334392 0)
(-0.0593119 0.371871 0)
(-0.0718923 0.381282 0)
(-0.0543022 0.328229 0)
(-0.018639 0.162496 0)
(-0.0114221 -0.12092 0)
(-0.0402457 -0.269971 0)
(-0.0678073 -0.340177 0)
(-0.0777191 -0.357362 0)
(-0.0688682 -0.344077 0)
(-0.046047 -0.315814 0)
(-0.0144381 -0.281958 0)
(0.0216919 -0.247658 0)
(0.0592296 -0.215443 0)
(0.0961121 -0.186351 0)
(0.131085 -0.160631 0)
(0.163461 -0.138147 0)
(0.192922 -0.118598 0)
(0.219388 -0.101631 0)
(0.242919 -0.0868981 0)
(0.26365 -0.0740755 0)
(0.281759 -0.0628752 0)
(0.297432 -0.0530427 0)
(0.310854 -0.0443549 0)
(0.322197 -0.0366149 0)
(0.331612 -0.0296479 0)
(0.339231 -0.0232965 0)
(0.345159 -0.0174173 0)
(0.349477 -0.0118767 0)
(0.352238 -0.00654816 0)
(0.353471 -0.00130896 0)
(0.353176 0.00396294 0)
(0.351323 0.00939179 0)
(0.347858 0.0151074 0)
(0.342694 0.0212489 0)
(0.335714 0.0279684 0)
(0.326771 0.0354362 0)
(0.315686 0.0438463 0)
(0.302251 0.0534227 0)
(0.286229 0.0644269 0)
(0.267362 0.0771659 0)
(0.245385 0.0919996 0)
(0.220046 0.109345 0)
(0.191148 0.129676 0)
(0.158613 0.153498 0)
(0.122591 0.181296 0)
(0.083618 0.213408 0)
(0.0428548 0.249763 0)
(0.00239988 0.28941 0)
(-0.0343773 0.329667 0)
(-0.0626298 0.364779 0)
(-0.0762485 0.383976 0)
(-0.0693298 0.369423 0)
(-0.0422719 0.295396 0)
(-0.0121778 0.133017 0)
(-0.00746674 -0.100929 0)
(-0.0304196 -0.239711 0)
(-0.058602 -0.318111 0)
(-0.0769257 -0.350275 0)
(-0.081303 -0.351744 0)
(-0.0732507 -0.334995 0)
(-0.0557866 -0.308782 0)
(-0.0320697 -0.278721 0)
(-0.00483109 -0.248147 0)
(0.0238298 -0.218887 0)
(0.0524228 -0.191829 0)
(0.0799556 -0.167308 0)
(0.105811 -0.145354 0)
(0.129641 -0.125831 0)
(0.151279 -0.108529 0)
(0.170682 -0.0932094 0)
(0.187881 -0.0796285 0)
(0.202952 -0.0675529 0)
(0.215993 -0.0567633 0)
(0.227109 -0.0470563 0)
(0.236401 -0.0382435 0)
(0.243962 -0.0301495 0)
(0.249869 -0.0226098 0)
(0.254181 -0.0154682 0)
(0.256936 -0.00857387 0)
(0.258153 -0.00177904 0)
(0.257825 0.00506419 0)
(0.255924 0.0121066 0)
(0.252397 0.019505 0)
(0.247168 0.0274258 0)
(0.240135 0.0360486 0)
(0.231177 0.04557 0)
(0.220152 0.0562083 0)
(0.206905 0.0682074 0)
(0.191274 0.0818405 0)
(0.173105 0.0974119 0)
(0.152273 0.115255 0)
(0.128717 0.135723 0)
(0.102486 0.159161 0)
(0.0738196 0.185859 0)
(0.0432466 0.215949 0)
(0.0117254 0.249233 0)
(-0.0191886 0.284882 0)
(-0.0471777 0.320966 0)
(-0.0690891 0.353741 0)
(-0.0811242 0.376721 0)
(-0.0794866 0.379663 0)
(-0.0619908 0.348015 0)
(-0.0327272 0.263948 0)
(-0.0081225 0.111681 0)
(-0.00513031 -0.0862723 0)
(-0.02352 -0.213424 0)
(-0.0498653 -0.293921 0)
(-0.0717158 -0.335348 0)
(-0.0840978 -0.348059 0)
(-0.0865428 -0.341548 0)
(-0.080348 -0.323305 0)
(-0.067504 -0.298718 0)
(-0.050085 -0.2714 0)
(-0.0299121 -0.243633 0)
(-0.00843764 -0.216767 0)
(0.0132526 -0.191536 0)
(0.0343882 -0.168278 0)
(0.0544499 -0.147092 0)
(0.0731085 -0.127931 0)
(0.0901731 -0.11067 0)
(0.105549 -0.0951381 0)
(0.119208 -0.0811483 0)
(0.131161 -0.068506 0)
(0.141445 -0.0570184 0)
(0.150105 -0.0464975 0)
(0.157191 -0.0367612 0)
(0.162745 -0.0276331 0)
(0.166802 -0.0189417 0)
(0.169383 -0.0105187 0)
(0.170494 -0.00219686 0)
(0.170124 0.00619212 0)
(0.168244 0.0148198 0)
(0.164808 0.0238639 0)
(0.159755 0.0335107 0)
(0.153007 0.0439579 0)
(0.144475 0.0554171 0)
(0.134065 0.0681159 0)
(0.121684 0.0822984 0)
(0.107254 0.0982248 0)
(0.0907305 0.116165 0)
(0.0721278 0.136388 0)
(0.0515568 0.159136 0)
(0.0292759 0.184583 0)
(0.00575817 0.212758 0)
(-0.0182256 0.24343 0)
(-0.041514 0.275912 0)
(-0.0624709 0.308784 0)
(-0.0789547 0.339491 0)
(-0.0884292 0.363846 0)
(-0.0883467 0.375494 0)
(-0.0768857 0.365567 0)
(-0.0542611 0.32293 0)
(-0.0258867 0.235739 0)
(-0.00569901 0.0956799 0)
(-0.00373288 -0.0750709 0)
(-0.018754 -0.190855 0)
(-0.0426175 -0.269978 0)
(-0.0654509 -0.316452 0)
(-0.0824004 -0.337084 0)
(-0.0919764 -0.338883 0)
(-0.0943045 -0.327943 0)
(-0.0903979 -0.309071 0)
(-0.0816434 -0.285795 0)
(-0.0694496 -0.260568 0)
(-0.0550684 -0.235012 0)
(-0.0395284 -0.210142 0)
(-0.0236299 -0.186553 0)
(-0.00796848 -0.164549 0)
(0.00703025 -0.144249 0)
(0.0210748 -0.125646 0)
(0.0339756 -0.108659 0)
(0.0456174 -0.0931602 0)
(0.0559374 -0.0789955 0)
(0.0649082 -0.065996 0)
(0.0725239 -0.0539858 0)
(0.0787903 -0.0427864 0)
(0.0837174 -0.032219 0)
(0.0873135 -0.0221045 0)
(0.0895813 -0.0122642 0)
(0.0905153 -0.00251809 0)
(0.0900999 0.00731566 0)
(0.0883092 0.0174228 0)
(0.0851068 0.0279941 0)
(0.0804478 0.0392275 0)
(0.074282 0.0513287 0)
(0.0665581 0.064512 0)
(0.0572315 0.0789996 0)
(0.0462742 0.0950186 0)
(0.0336902 0.112795 0)
(0.0195348 0.132541 0)
(0.00394204 0.154434 0)
(-0.0128403 0.178584 0)
(-0.030407 0.204976 0)
(-0.0481441 0.233388 0)
(-0.0651751 0.263264 0)
(-0.0803173 0.293544 0)
(-0.0920699 0.322421 0)
(-0.0986783 0.347057 0)
(-0.0983407 0.363278 0)
(-0.0896366 0.365349 0)
(-0.072171 0.346017 0)
(-0.0474835 0.297087 0)
(-0.0210757 0.210878 0)
(-0.0042333 0.0831837 0)
(-0.00286651 -0.066144 0)
(-0.0154328 -0.171364 0)
(-0.0368991 -0.247219 0)
(-0.0595 -0.29581 0)
(-0.0788932 -0.32161 0)
(-0.0931711 -0.32972 0)
(-0.101747 -0.324965 0)
(-0.10491 -0.311443 0)
(-0.103451 -0.292394 0)
(-0.0983494 -0.270239 0)
(-0.0905851 -0.246708 0)
(-0.0810408 -0.222985 0)
(-0.07046 -0.199843 0)
(-0.0594393 -0.177753 0)
(-0.0484405 -0.156974 0)
(-0.037809 -0.137613 0)
(-0.0277957 -0.119678 0)
(-0.0185772 -0.103107 0)
(-0.0102739 -0.0877936 0)
(-0.00296516 -0.0736018 0)
(0.00329835 -0.0603768 0)
(0.00848487 -0.0479521 0)
(0.012574 -0.036154 0)
(0.0155505 -0.0248037 0)
(0.0174006 -0.0137189 0)
(0.0181089 -0.00271409 0)
(0.0176568 0.0083994 0)
(0.0160218 0.019814 0)
(0.013179 0.0317261 0)
(0.00910258 0.0443362 0)
(0.00376984 0.0578484 0)
(-0.00283296 0.0724685 0)
(-0.0107025 0.0884009 0)
(-0.019807 0.105841 0)
(-0.0300716 0.124967 0)
(-0.0413587 0.145918 0)
(-0.0534439 0.168771 0)
(-0.0659873 0.193497 0)
(-0.0785007 0.219904 0)
(-0.0903165 0.247553 0)
(-0.100563 0.275642 0)
(-0.10816 0.302861 0)
(-0.111863 0.327217 0)
(-0.110376 0.345849 0)
(-0.102587 0.354881 0)
(-0.0879573 0.349399 0)
(-0.0670105 0.323682 0)
(-0.0418912 0.271834 0)
(-0.0176491 0.188945 0)
(-0.00331027 0.073031 0)
(-0.00230605 -0.0587609 0)
(-0.0130782 -0.154304 0)
(-0.0324727 -0.225896 0)
(-0.0543309 -0.274621 0)
(-0.0749121 -0.303443 0)
(-0.0922258 -0.316069 0)
(-0.105297 -0.316257 0)
(-0.113925 -0.307413 0)
(-0.118431 -0.292392 0)
(-0.11941 -0.273461 0)
(-0.117562 -0.252339 0)
(-0.113584 -0.230279 0)
(-0.10811 -0.208161 0)
(-0.101687 -0.186572 0)
(-0.0947659 -0.16588 0)
(-0.0877054 -0.14629 0)
(-0.0807861 -0.127889 0)
(-0.0742211 -0.11068 0)
(-0.0681695 -0.0946054 0)
(-0.0627483 -0.0795661 0)
(-0.0580426 -0.0654338 0)
(-0.0541143 -0.0520601 0)
(-0.0510086 -0.0392828 0)
(-0.0487601 -0.0269295 0)
(-0.0473961 -0.0148211 0)
(-0.0469397 -0.00277292 0)
(-0.0474109 0.00940394 0)
(-0.0488269 0.0219016 0)
(-0.0512011 0.0349144 0)
(-0.0545404 0.0486378 0)
(-0.058841 0.0632655 0)
(-0.0640823 0.0789858 0)
(-0.0702191 0.0959756 0)
(-0.07717 0.114391 0)
(-0.0848042 0.134351 0)
(-0.0929248 0.155919 0)
(-0.10125 0.179071 0)
(-0.109391 0.203653 0)
(-0.116835 0.229323 0)
(-0.122929 0.255473 0)
(-0.126883 0.28114 0)
(-0.127794 0.304886 0)
(-0.124716 0.324689 0)
(-0.116797 0.337837 0)
(-0.103499 0.340896 0)
(-0.0849119 0.329797 0)
(-0.0620922 0.300131 0)
(-0.0373624 0.247714 0)
(-0.0151484 0.169437 0)
(-0.00269906 0.0645056 0)
(-0.00192844 -0.0524591 0)
(-0.0113771 -0.139132 0)
(-0.0290654 -0.20596 0)
(-0.0500263 -0.253491 0)
(-0.0710817 -0.283721 0)
(-0.0903231 -0.299353 0)
(-0.106596 -0.303299 0)
(-0.119392 -0.298341 0)
(-0.128685 -0.286936 0)
(-0.134757 -0.271129 0)
(-0.13805 -0.25255 0)
(-0.139069 -0.232449 0)
(-0.138318 -0.211747 0)
(-0.136262 -0.191103 0)
(-0.133306 -0.170958 0)
(-0.129796 -0.151594 0)
(-0.126013 -0.133162 0)
(-0.122185 -0.115723 0)
(-0.118492 -0.0992653 0)
(-0.115074 -0.0837274 0)
(-0.11204 -0.0690095 0)
(-0.109472 -0.0549848 0)
(-0.107434 -0.0415069 0)
(-0.105975 -0.0284149 0)
(-0.105132 -0.0155381 0)
(-0.104933 -0.00269821 0)
(-0.105397 0.0102877 0)
(-0.106537 0.0236053 0)
(-0.108354 0.0374407 0)
(-0.110837 0.0519773 0)
(-0.113959 0.0673918 0)
(-0.11767 0.0838485 0)
(-0.121893 0.101491 0)
(-0.126508 0.12043 0)
(-0.131346 0.140727 0)
(-0.136175 0.16237 0)
(-0.140685 0.185246 0)
(-0.144479 0.209094 0)
(-0.147064 0.233458 0)
(-0.147851 0.257621 0)
(-0.146176 0.280531 0)
(-0.141341 0.300724 0)
(-0.1327 0.316255 0)
(-0.119786 0.324665 0)
(-0.102499 0.323009 0)
(-0.0813486 0.307992 0)
(-0.057657 0.276267 0)
(-0.0336979 0.224886 0)
(-0.0132727 0.151905 0)
(-0.00227358 0.0571567 0)
(-0.00166503 -0.0469345 0)
(-0.0101268 -0.125417 0)
(-0.0264417 -0.187251 0)
(-0.0465192 -0.232702 0)
(-0.0676607 -0.263142 0)
(-0.0881084 -0.280559 0)
(-0.106653 -0.287209 0)
(-0.122603 -0.285346 0)
(-0.135696 -0.277046 0)
(-0.145966 -0.264113 0)
(-0.153639 -0.24804 0)
(-0.159041 -0.230021 0)
(-0.16254 -0.210976 0)
(-0.164504 -0.19159 0)
(-0.165278 -0.17235 0)
(-0.165169 -0.153586 0)
(-0.164442 -0.135501 0)
(-0.16332 -0.118201 0)
(-0.161989 -0.101716 0)
(-0.160598 -0.0860181 0)
(-0.159269 -0.0710358 0)
(-0.158097 -0.0566654 0)
(-0.157158 -0.042779 0)
(-0.156508 -0.0292307 0)
(-0.156192 -0.0158622 0)
(-0.156239 -0.00250627 0)
(-0.156667 0.0110093 0)
(-0.157481 0.0248589 0)
(-0.158673 0.0392149 0)
(-0.160215 0.0542438 0)
(-0.162064 0.0701009 0)
(-0.164146 0.0869223 0)
(-0.166359 0.104816 0)
(-0.16856 0.123847 0)
(-0.170559 0.144022 0)
(-0.172109 0.165264 0)
(-0.172901 0.187384 0)
(-0.172559 0.210043 0)
(-0.17064 0.232708 0)
(-0.16665 0.254601 0)
(-0.16007 0.274649 0)
(-0.150413 0.291432 0)
(-0.137299 0.303155 0)
(-0.120572 0.307654 0)
(-0.100453 0.302457 0)
(-0.0777052 0.284943 0)
(-0.0537528 0.252591 0)
(-0.0307129 0.203337 0)
(-0.0118284 0.135983 0)
(-0.00196403 0.0506894 0)
(-0.00147613 -0.0419804 0)
(-0.00919432 -0.11283 0)
(-0.0244161 -0.16958 0)
(-0.0436959 -0.212357 0)
(-0.0647263 -0.242123 0)
(-0.0859172 -0.260359 0)
(-0.106073 -0.268816 0)
(-0.124406 -0.269313 0)
(-0.140494 -0.263587 0)
(-0.15419 -0.253199 0)
(-0.165542 -0.239487 0)
(-0.174721 -0.223557 0)
(-0.181966 -0.206291 0)
(-0.187548 -0.188369 0)
(-0.19174 -0.170297 0)
(-0.194799 -0.152433 0)
(-0.196959 -0.135013 0)
(-0.198427 -0.118177 0)
(-0.199381 -0.101988 0)
(-0.199969 -0.0864473 0)
(-0.200316 -0.0715105 0)
(-0.200522 -0.0570961 0)
(-0.200667 -0.0430955 0)
(-0.200813 -0.0293801 0)
(-0.201006 -0.0158067 0)
(-0.201275 -0.00222251 0)
(-0.201634 0.0115306 0)
(-0.202083 0.0256115 0)
(-0.202604 0.0401756 0)
(-0.203157 0.0553695 0)
(-0.203685 0.0713238 0)
(-0.204099 0.0881458 0)
(-0.204281 0.105908 0)
(-0.204078 0.124633 0)
(-0.203293 0.14428 0)
(-0.201685 0.164718 0)
(-0.198964 0.185703 0)
(-0.194795 0.206841 0)
(-0.188809 0.22756 0)
(-0.180618 0.247065 0)
(-0.169855 0.264309 0)
(-0.156222 0.277966 0)
(-0.139566 0.286427 0)
(-0.119973 0.287828 0)
(-0.0978829 0.280133 0)
(-0.0742005 0.261276 0)
(-0.0503518 0.229371 0)
(-0.0282586 0.182979 0)
(-0.0106908 0.121383 0)
(-0.00173054 0.0449027 0)
(-0.00133778 -0.0374519 0)
(-0.00849074 -0.101114 0)
(-0.0228471 -0.152769 0)
(-0.0414388 -0.19247 0)
(-0.0622698 -0.220911 0)
(-0.0839103 -0.239207 0)
(-0.105212 -0.248726 0)
(-0.125346 -0.250935 0)
(-0.143788 -0.247273 0)
(-0.160259 -0.239074 0)
(-0.174669 -0.227518 0)
(-0.187059 -0.213604 0)
(-0.197555 -0.198154 0)
(-0.206333 -0.181821 0)
(-0.213593 -0.165103 0)
(-0.219536 -0.148369 0)
(-0.224359 -0.131874 0)
(-0.228242 -0.115781 0)
(-0.231346 -0.100175 0)
(-0.23381 -0.0850838 0)
(-0.235754 -0.0704837 0)
(-0.237277 -0.0563147 0)
(-0.238458 -0.0424876 0)
(-0.23936 -0.0288916 0)
(-0.240027 -0.0154004 0)
(-0.240485 -0.0018775 0)
(-0.240746 0.0118184 0)
(-0.240802 0.0258287 0)
(-0.240627 0.0402896 0)
(-0.240175 0.0553258 0)
(-0.239377 0.0710433 0)
(-0.238136 0.0875207 0)
(-0.23633 0.104798 0)
(-0.233803 0.122862 0)
(-0.230366 0.141633 0)
(-0.225795 0.16094 0)
(-0.219836 0.1805 0)
(-0.21221 0.199895 0)
(-0.202627 0.218539 0)
(-0.190812 0.235657 0)
(-0.176538 0.250263 0)
(-0.159675 0.261152 0)
(-0.140252 0.266914 0)
(-0.118536 0.265974 0)
(-0.0951077 0.256672 0)
(-0.0709384 0.237394 0)
(-0.0474023 0.206736 0)
(-0.0262227 0.1637 0)
(-0.00977779 0.107877 0)
(-0.00154938 0.0396541 0)
(-0.00123484 -0.0332448 0)
(-0.00795515 -0.0900754 0)
(-0.0216284 -0.136657 0)
(-0.0396423 -0.173009 0)
(-0.0602461 -0.199642 0)
(-0.0821523 -0.21741 0)
(-0.104274 -0.227384 0)
(-0.125771 -0.230744 0)
(-0.146059 -0.228682 0)
(-0.164767 -0.222324 0)
(-0.1817 -0.212693 0)
(-0.196791 -0.200676 0)
(-0.21007 -0.187022 0)
(-0.221628 -0.172336 0)
(-0.231593 -0.157098 0)
(-0.240114 -0.141669 0)
(-0.247342 -0.126309 0)
(-0.253426 -0.111192 0)
(-0.258505 -0.0964213 0)
(-0.262704 -0.0820401 0)
(-0.266132 -0.0680443 0)
(-0.26888 -0.0543921 0)
(-0.271024 -0.0410124 0)
(-0.272623 -0.027812 0)
(-0.273716 -0.014682 0)
(-0.274328 -0.00150337 0)
(-0.274463 0.0118474 0)
(-0.27411 0.025493 0)
(-0.273238 0.0395496 0)
(-0.271792 0.0541199 0)
(-0.269701 0.0692864 0)
(-0.266865 0.0851013 0)
(-0.263163 0.101577 0)
(-0.258446 0.118672 0)
(-0.252541 0.136275 0)
(-0.245254 0.154193 0)
(-0.236374 0.172122 0)
(-0.225684 0.189638 0)
(-0.212978 0.206169 0)
(-0.198087 0.220983 0)
(-0.180908 0.233178 0)
(-0.161453 0.241685 0)
(-0.139896 0.245292 0)
(-0.11663 0.242683 0)
(-0.0923227 0.232522 0)
(-0.0679642 0.213554 0)
(-0.0448511 0.184737 0)
(-0.0245218 0.145383 0)
(-0.00903479 0.0952824 0)
(-0.00140585 0.034839 0)
(-0.0011574 -0.0292823 0)
(-0.0075449 -0.079564 0)
(-0.02068 -0.121109 0)
(-0.0382177 -0.153923 0)
(-0.0585987 -0.178392 0)
(-0.0806565 -0.195172 0)
(-0.103367 -0.20511 0)
(-0.1259 -0.209154 0)
(-0.147634 -0.208281 0)
(-0.168138 -0.203439 0)
(-0.187136 -0.195499 0)
(-0.204478 -0.185238 0)
(-0.220112 -0.173322 0)
(-0.234054 -0.160301 0)
(-0.246369 -0.14662 0)
(-0.257152 -0.132623 0)
(-0.266512 -0.118564 0)
(-0.274563 -0.104619 0)
(-0.28142 -0.0908987 0)
(-0.287188 -0.0774586 0)
(-0.291961 -0.0643086 0)
(-0.295823 -0.0514225 0)
(-0.29884 -0.0387452 0)
(-0.301064 -0.0262003 0)
(-0.302531 -0.0136959 0)
(-0.303258 -0.00113057 0)
(-0.303249 0.0116012 0)
(-0.302484 0.0246033 0)
(-0.30093 0.0379721 0)
(-0.298529 0.0517898 0)
(-0.295209 0.0661171 0)
(-0.290872 0.080984 0)
(-0.285403 0.0963803 0)
(-0.278669 0.112243 0)
(-0.27052 0.128445 0)
(-0.260794 0.144776 0)
(-0.249329 0.160934 0)
(-0.235972 0.176504 0)
(-0.220598 0.190947 0)
(-0.203131 0.203592 0)
(-0.183581 0.213633 0)
(-0.162071 0.220142 0)
(-0.138886 0.222091 0)
(-0.114506 0.218398 0)
(-0.0896498 0.207993 0)
(-0.0652943 0.189908 0)
(-0.0426513 0.163372 0)
(-0.023095 0.127915 0)
(-0.00842444 0.0834529 0)
(-0.00129049 0.0303774 0)
(-0.00109871 -0.0255073 0)
(-0.00722958 -0.0694631 0)
(-0.0199421 -0.106013 0)
(-0.0370926 -0.135159 0)
(-0.0572709 -0.157196 0)
(-0.079411 -0.172634 0)
(-0.102548 -0.182141 0)
(-0.125868 -0.18648 0)
(-0.148735 -0.186446 0)
(-0.170674 -0.182826 0)
(-0.19135 -0.176357 0)
(-0.210549 -0.167704 0)
(-0.228151 -0.157449 0)
(-0.244111 -0.146081 0)
(-0.258437 -0.134002 0)
(-0.271172 -0.121529 0)
(-0.282388 -0.108899 0)
(-0.292164 -0.0962853 0)
(-0.300588 -0.0837984 0)
(-0.307744 -0.0715 0)
(-0.313713 -0.0594101 0)
(-0.318562 -0.0475144 0)
(-0.322352 -0.0357721 0)
(-0.325124 -0.0241218 0)
(-0.326909 -0.0124878 0)
(-0.327719 -0.000785412 0)
(-0.327551 0.0110732 0)
(-0.326385 0.0231741 0)
(-0.324182 0.035595 0)
(-0.320887 0.0483995 0)
(-0.316426 0.0616296 0)
(-0.31071 0.0752974 0)
(-0.303635 0.0893763 0)
(-0.295085 0.10379 0)
(-0.284935 0.118403 0)
(-0.273062 0.133005 0)
(-0.259352 0.147304 0)
(-0.243712 0.16091 0)
(-0.226091 0.173331 0)
(-0.2065 0.183969 0)
(-0.185036 0.19212 0)
(-0.161916 0.196991 0)
(-0.137504 0.197726 0)
(-0.11234 0.193443 0)
(-0.0871662 0.183297 0)
(-0.0629319 0.166542 0)
(-0.0407646 0.142611 0)
(-0.0218977 0.111189 0)
(-0.00792093 0.0722662 0)
(-0.00119701 0.0262063 0)
(-0.00105411 -0.0218762 0)
(-0.00698723 -0.0596815 0)
(-0.0193694 -0.0912757 0)
(-0.0362091 -0.116662 0)
(-0.0562116 -0.136067 0)
(-0.0783928 -0.149889 0)
(-0.101839 -0.158653 0)
(-0.125759 -0.162968 0)
(-0.149509 -0.163478 0)
(-0.172586 -0.160827 0)
(-0.194615 -0.155627 0)
(-0.215329 -0.14844 0)
(-0.234556 -0.139762 0)
(-0.252199 -0.130018 0)
(-0.268215 -0.119561 0)
(-0.282608 -0.108674 0)
(-0.295408 -0.0975744 0)
(-0.306666 -0.0864204 0)
(-0.316443 -0.0753196 0)
(-0.324803 -0.0643347 0)
(-0.331809 -0.0534914 0)
(-0.337516 -0.0427844 0)
(-0.341972 -0.0321846 0)
(-0.345213 -0.0216439 0)
(-0.347262 -0.0111015 0)
(-0.348125 -0.000488295 0)
(-0.347795 0.0102673 0)
(-0.346249 0.0212344 0)
(-0.343447 0.0324744 0)
(-0.339335 0.0440344 0)
(-0.333844 0.0559414 0)
(-0.326892 0.0681942 0)
(-0.31839 0.0807559 0)
(-0.308239 0.0935445 0)
(-0.296345 0.106424 0)
(-0.282621 0.119196 0)
(-0.266997 0.131587 0)
(-0.249438 0.143246 0)
(-0.229958 0.153737 0)
(-0.208638 0.162538 0)
(-0.185651 0.16905 0)
(-0.161284 0.172609 0)
(-0.13596 0.172513 0)
(-0.110257 0.168056 0)
(-0.084923 0.158572 0)
(-0.0608745 0.143494 0)
(-0.0391612 0.122408 0)
(-0.020898 0.0951049 0)
(-0.00750616 0.0616187 0)
(-0.00112113 0.0222746 0)
(-0.00102029 -0.0183554 0)
(-0.00680182 -0.0501471 0)
(-0.0189279 -0.0768215 0)
(-0.0355217 -0.0983829 0)
(-0.0553774 -0.115006 0)
(-0.0775758 -0.127 0)
(-0.101247 -0.134775 0)
(-0.125622 -0.138811 0)
(-0.150056 -0.139621 0)
(-0.174028 -0.137723 0)
(-0.197132 -0.133617 0)
(-0.219065 -0.127765 0)
(-0.239612 -0.120581 0)
(-0.258633 -0.112424 0)
(-0.276045 -0.103595 0)
(-0.291815 -0.0943376 0)
(-0.30594 -0.0848427 0)
(-0.318443 -0.0752518 0)
(-0.329361 -0.0656629 0)
(-0.338738 -0.0561359 0)
(-0.346622 -0.0466984 0)
(-0.353054 -0.0373516 0)
(-0.358073 -0.0280753 0)
(-0.361705 -0.0188331 0)
(-0.363966 -0.00957708 0)
(-0.364858 -0.000252664 0)
(-0.36437 0.009197 0)
(-0.362476 0.0188262 0)
(-0.359138 0.0286816 0)
(-0.354302 0.0387971 0)
(-0.347906 0.049188 0)
(-0.339878 0.0598443 0)
(-0.33014 0.0707245 0)
(-0.318617 0.0817476 0)
(-0.305239 0.0927862 0)
(-0.289953 0.103659 0)
(-0.272734 0.114123 0)
(-0.253594 0.123873 0)
(-0.232602 0.132532 0)
(-0.2099 0.139663 0)
(-0.185719 0.144765 0)
(-0.1604 0.147298 0)
(-0.134408 0.146696 0)
(-0.108345 0.142402 0)
(-0.0829545 0.133903 0)
(-0.0591183 0.12077 0)
(-0.0378185 0.102703 0)
(-0.0200723 0.0795678 0)
(-0.00716736 0.0514196 0)
(-0.00105989 0.0185391 0)
(-0.000994902 -0.0149185 0)
(-0.00666165 -0.0408023 0)
(-0.0185921 -0.062587 0)
(-0.0349951 -0.0802777 0)
(-0.0547323 -0.0940079 0)
(-0.0769352 -0.104013 0)
(-0.10077 -0.110607 0)
(-0.125486 -0.114161 0)
(-0.150441 -0.115074 0)
(-0.175105 -0.113752 0)
(-0.19905 -0.110591 0)
(-0.221943 -0.105961 0)
(-0.243538 -0.100196 0)
(-0.263661 -0.0935865 0)
(-0.282197 -0.0863806 0)
(-0.299081 -0.078781 0)
(-0.314284 -0.0709477 0)
(-0.327804 -0.0630009 0)
(-0.339656 -0.0550255 0)
(-0.349869 -0.0470751 0)
(-0.358473 -0.0391763 0)
(-0.365501 -0.031334 0)
(-0.370979 -0.0235348 0)
(-0.374927 -0.0157521 0)
(-0.377354 -0.00794933 0)
(-0.378257 -8.46433e-05 0)
(-0.377623 0.00788563 0)
(-0.375425 0.0160026 0)
(-0.371624 0.0243008 0)
(-0.36617 0.0328034 0)
(-0.359006 0.0415175 0)
(-0.350069 0.0504288 0)
(-0.339296 0.0594959 0)
(-0.326631 0.0686447 0)
(-0.312028 0.0777625 0)
(-0.295464 0.0866925 0)
(-0.27695 0.0952294 0)
(-0.256541 0.103116 0)
(-0.23435 0.110044 0)
(-0.210568 0.115655 0)
(-0.18547 0.119549 0)
(-0.159438 0.121296 0)
(-0.132967 0.120455 0)
(-0.10667 0.116597 0)
(-0.0812847 0.109334 0)
(-0.0576595 0.0983488 0)
(-0.0367196 0.083428 0)
(-0.0194039 0.0644874 0)
(-0.0068955 0.041588 0)
(-0.00101123 0.0149625 0)
(-0.000976261 -0.0115444 0)
(-0.00655819 -0.0316003 0)
(-0.0183431 -0.0485194 0)
(-0.0346026 -0.0623071 0)
(-0.054248 -0.0730619 0)
(-0.076449 -0.0809571 0)
(-0.1004 -0.0862251 0)
(-0.125366 -0.0891407 0)
(-0.15071 -0.0900023 0)
(-0.175894 -0.0891157 0)
(-0.200474 -0.0867804 0)
(-0.2241 -0.083278 0)
(-0.2465 -0.0788648 0)
(-0.267474 -0.0737665 0)
(-0.286883 -0.0681758 0)
(-0.304636 -0.0622519 0)
(-0.320682 -0.0561215 0)
(-0.335 -0.0498809 0)
(-0.347588 -0.0435988 0)
(-0.358459 -0.0373197 0)
(-0.367632 -0.0310669 0)
(-0.375128 -0.0248464 0)
(-0.380967 -0.0186502 0)
(-0.38516 -0.0124593 0)
(-0.387711 -0.00624722 0)
(-0.388615 1.67907e-05 0)
(-0.387855 0.00636476 0)
(-0.385403 0.0128265 0)
(-0.381221 0.0194264 0)
(-0.375262 0.0261794 0)
(-0.367475 0.0330877 0)
(-0.357806 0.040136 0)
(-0.346204 0.0472877 0)
(-0.332628 0.0544802 0)
(-0.317054 0.0616207 0)
(-0.299485 0.0685822 0)
(-0.27996 0.0752009 0)
(-0.258568 0.0812738 0)
(-0.235459 0.0865598 0)
(-0.210859 0.0907821 0)
(-0.185079 0.0936347 0)
(-0.158528 0.0947924 0)
(-0.131722 0.0939251 0)
(-0.10528 0.0907158 0)
(-0.079931 0.0848814 0)
(-0.0564953 0.0761957 0)
(-0.0358524 0.0645113 0)
(-0.0188809 0.049777 0)
(-0.00668421 0.0320496 0)
(-0.000973694 0.0115116 0)
(-0.000963188 -0.00821558 0)
(-0.00648536 -0.022502 0)
(-0.0181672 -0.0345741 0)
(-0.0343242 -0.0444366 0)
(-0.0539027 -0.0521573 0)
(-0.0760998 -0.0578553 0)
(-0.100131 -0.0616903 0)
(-0.125272 -0.063852 0)
(-0.150891 -0.064547 0)
(-0.176445 -0.0639885 0)
(-0.201483 -0.0623857 0)
(-0.225638 -0.0599369 0)
(-0.248622 -0.0568233 0)
(-0.270216 -0.0532051 0)
(-0.290263 -0.0492202 0)
(-0.308654 -0.0449829 0)
(-0.325321 -0.0405849 0)
(-0.340228 -0.0360962 0)
(-0.35336 -0.0315675 0)
(-0.364718 -0.0270318 0)
(-0.374312 -0.0225073 0)
(-0.382155 -0.0179996 0)
(-0.388259 -0.0135041 0)
(-0.392631 -0.00900817 0)
(-0.395271 -0.00449411 0)
(-0.396171 5.90931e-05 0)
(-0.39531 0.00467319 0)
(-0.392661 0.00936829 0)
(-0.388188 0.0141603 0)
(-0.381845 0.0190585 0)
(-0.373587 0.0240622 0)
(-0.363366 0.0291586 0)
(-0.351141 0.0343189 0)
(-0.336885 0.0394957 0)
(-0.320589 0.0446202 0)
(-0.302276 0.0495991 0)
(-0.282008 0.0543131 0)
(-0.259899 0.058616 0)
(-0.236126 0.0623351 0)
(-0.21094 0.0652739 0)
(-0.184677 0.0672167 0)
(-0.157767 0.0679365 0)
(-0.130736 0.0672043 0)
(-0.10421 0.0648025 0)
(-0.0789058 0.0605389 0)
(-0.0556235 0.0542621 0)
(-0.0352085 0.0458762 0)
(-0.0184949 0.0353523 0)
(-0.00652908 0.0227352 0)
(-0.000946294 0.008156 0)
(-0.000954884 -0.00491752 0)
(-0.00643896 -0.013474 0)
(-0.0180549 -0.0207121 0)
(-0.034146 -0.026635 0)
(-0.0536808 -0.0312825 0)
(-0.0758743 -0.034724 0)
(-0.0999548 -0.0370532 0)
(-0.125208 -0.0383812 0)
(-0.151002 -0.0388297 0)
(-0.176796 -0.0385241 0)
(-0.202129 -0.0375885 0)
(-0.226627 -0.0361404 0)
(-0.249991 -0.0342877 0)
(-0.27199 -0.0321265 0)
(-0.292454 -0.0297392 0)
(-0.311264 -0.0271948 0)
(-0.328339 -0.0245486 0)
(-0.343634 -0.0218432 0)
(-0.357124 -0.0191095 0)
(-0.368804 -0.0163681 0)
(-0.378676 -0.0136303 0)
(-0.386748 -0.0108999 0)
(-0.393026 -0.00817471 0)
(-0.397515 -0.00544765 0)
(-0.400212 -0.00270845 0)
(-0.401105 5.50707e-05 0)
(-0.400174 0.00285548 0)
(-0.397392 0.00570435 0)
(-0.392721 0.00861065 0)
(-0.386121 0.0115792 0)
(-0.377546 0.014609 0)
(-0.366956 0.0176912 0)
(-0.354316 0.0208078 0)
(-0.339608 0.0239292 0)
(-0.322835 0.0270129 0)
(-0.304031 0.0300022 0)
(-0.283276 0.0328245 0)
(-0.260698 0.0353917 0)
(-0.236493 0.0376 0)
(-0.21093 0.0393321 0)
(-0.184359 0.0404599 0)
(-0.157223 0.040849 0)
(-0.130056 0.0403651 0)
(-0.103484 0.0388809 0)
(-0.0782177 0.0362851 0)
(-0.0550429 0.0324908 0)
(-0.034782 0.0274441 0)
(-0.0182404 0.0211305 0)
(-0.00642715 0.0135785 0)
(-0.000928363 0.0048672 0)
(-0.00095085 -0.0016372 0)
(-0.00641639 -0.00448681 0)
(-0.0180002 -0.00689864 0)
(-0.034059 -0.00887379 0)
(-0.0535724 -0.0104254 0)
(-0.0757637 -0.0115763 0)
(-0.0998681 -0.0123573 0)
(-0.125175 -0.0128051 0)
(-0.151056 -0.0129598 0)
(-0.176966 -0.0128628 0)
(-0.202444 -0.0125553 0)
(-0.22711 -0.0120761 0)
(-0.250661 -0.0114612 0)
(-0.27286 -0.0107425 0)
(-0.293531 -0.00994735 0)
(-0.312548 -0.0090989 0)
(-0.329826 -0.00821565 0)
(-0.345313 -0.00731187 0)
(-0.358981 -0.00639796 0)
(-0.370821 -0.00548084 0)
(-0.380831 -0.0045644 0)
(-0.389016 -0.00365001 0)
(-0.395381 -0.00273698 0)
(-0.399928 -0.00182305 0)
(-0.402652 -0.000904852 0)
(-0.403541 2.15857e-05 0)
(-0.402575 0.000960383 0)
(-0.399725 0.00191531 0)
(-0.394955 0.00288925 0)
(-0.388224 0.00388371 0)
(-0.379491 0.0048982 0)
(-0.368716 0.00592967 0)
(-0.355869 0.00697189 0)
(-0.340935 0.00801486 0)
(-0.323924 0.00904425 0)
(-0.304877 0.0100409 0)
(-0.28388 0.0109807 0)
(-0.261071 0.0118339 0)
(-0.236654 0.0125661 0)
(-0.210906 0.0131383 0)
(-0.184185 0.0135079 0)
(-0.15694 0.0136305 0)
(-0.129709 0.0134618 0)
(-0.103117 0.01296 0)
(-0.0778723 0.0120885 0)
(-0.0547528 0.0108191 0)
(-0.0345696 0.00913447 0)
(-0.018114 0.00703008 0)
(-0.00637662 0.00451582 0)
(-0.000919494 0.00161803 0)
(-0.000950849 0.0016373 0)
(-0.00641639 0.00448701 0)
(-0.0180002 0.00689893 0)
(-0.034059 0.00887414 0)
(-0.0535723 0.0104258 0)
(-0.0757637 0.0115767 0)
(-0.0998681 0.0123577 0)
(-0.125175 0.0128055 0)
(-0.151056 0.0129602 0)
(-0.176966 0.0128632 0)
(-0.202444 0.0125556 0)
(-0.22711 0.0120764 0)
(-0.250661 0.0114614 0)
(-0.27286 0.0107426 0)
(-0.293531 0.00994739 0)
(-0.312548 0.00909888 0)
(-0.329826 0.00821557 0)
(-0.345313 0.00731173 0)
(-0.358981 0.00639776 0)
(-0.370821 0.00548059 0)
(-0.380831 0.0045641 0)
(-0.389016 0.00364968 0)
(-0.395381 0.00273661 0)
(-0.399928 0.00182266 0)
(-0.402652 0.000904446 0)
(-0.403541 -2.19979e-05 0)
(-0.402575 -0.000960793 0)
(-0.399725 -0.00191571 0)
(-0.394955 -0.00288964 0)
(-0.388224 -0.00388407 0)
(-0.379491 -0.00489853 0)
(-0.368716 -0.00592996 0)
(-0.355869 -0.00697214 0)
(-0.340935 -0.00801506 0)
(-0.323924 -0.00904441 0)
(-0.304877 -0.010041 0)
(-0.28388 -0.0109807 0)
(-0.261071 -0.0118339 0)
(-0.236654 -0.0125661 0)
(-0.210906 -0.0131382 0)
(-0.184185 -0.0135078 0)
(-0.15694 -0.0136304 0)
(-0.129709 -0.0134616 0)
(-0.103117 -0.0129598 0)
(-0.0778723 -0.0120883 0)
(-0.0547528 -0.010819 0)
(-0.0345696 -0.00913429 0)
(-0.018114 -0.00702995 0)
(-0.00637662 -0.00451573 0)
(-0.000919494 -0.00161801 0)
(-0.000954883 0.00491761 0)
(-0.00643896 0.0134742 0)
(-0.0180549 0.0207124 0)
(-0.034146 0.0266353 0)
(-0.0536808 0.0312828 0)
(-0.0758742 0.0347244 0)
(-0.0999547 0.0370536 0)
(-0.125208 0.0383816 0)
(-0.151002 0.03883 0)
(-0.176796 0.0385244 0)
(-0.202129 0.0375887 0)
(-0.226627 0.0361406 0)
(-0.249991 0.0342879 0)
(-0.27199 0.0321266 0)
(-0.292454 0.0297392 0)
(-0.311263 0.0271947 0)
(-0.328339 0.0245485 0)
(-0.343634 0.021843 0)
(-0.357124 0.0191093 0)
(-0.368804 0.0163678 0)
(-0.378676 0.01363 0)
(-0.386747 0.0108996 0)
(-0.393026 0.00817435 0)
(-0.397515 0.00544727 0)
(-0.400212 0.00270805 0)
(-0.401105 -5.54764e-05 0)
(-0.400174 -0.00285588 0)
(-0.397392 -0.00570474 0)
(-0.392721 -0.00861103 0)
(-0.386121 -0.0115796 0)
(-0.377546 -0.0146093 0)
(-0.366956 -0.0176915 0)
(-0.354316 -0.020808 0)
(-0.339608 -0.0239294 0)
(-0.322835 -0.0270131 0)
(-0.304031 -0.0300023 0)
(-0.283276 -0.0328246 0)
(-0.260698 -0.0353917 0)
(-0.236494 -0.0375999 0)
(-0.21093 -0.039332 0)
(-0.184359 -0.0404598 0)
(-0.157223 -0.0408489 0)
(-0.130056 -0.0403649 0)
(-0.103484 -0.0388807 0)
(-0.0782177 -0.0362849 0)
(-0.0550429 -0.0324906 0)
(-0.034782 -0.027444 0)
(-0.0182404 -0.0211304 0)
(-0.00642715 -0.0135784 0)
(-0.000928363 -0.00486718 0)
(-0.000963187 0.00821568 0)
(-0.00648535 0.0225021 0)
(-0.0181672 0.0345743 0)
(-0.0343242 0.0444369 0)
(-0.0539026 0.0521577 0)
(-0.0760997 0.0578557 0)
(-0.10013 0.0616907 0)
(-0.125272 0.0638524 0)
(-0.150891 0.0645474 0)
(-0.176445 0.0639888 0)
(-0.201483 0.062386 0)
(-0.225638 0.0599372 0)
(-0.248622 0.0568234 0)
(-0.270216 0.0532052 0)
(-0.290263 0.0492202 0)
(-0.308654 0.0449829 0)
(-0.325321 0.0405848 0)
(-0.340228 0.0360961 0)
(-0.35336 0.0315673 0)
(-0.364718 0.0270315 0)
(-0.374312 0.0225071 0)
(-0.382155 0.0179993 0)
(-0.388259 0.0135037 0)
(-0.392631 0.0090078 0)
(-0.395271 0.00449373 0)
(-0.39617 -5.94865e-05 0)
(-0.39531 -0.00467358 0)
(-0.392661 -0.00936867 0)
(-0.388188 -0.0141607 0)
(-0.381845 -0.0190588 0)
(-0.373587 -0.0240625 0)
(-0.363366 -0.0291589 0)
(-0.351141 -0.0343191 0)
(-0.336885 -0.0394959 0)
(-0.320589 -0.0446204 0)
(-0.302276 -0.0495992 0)
(-0.282008 -0.0543132 0)
(-0.259899 -0.058616 0)
(-0.236126 -0.062335 0)
(-0.21094 -0.0652738 0)
(-0.184677 -0.0672166 0)
(-0.157767 -0.0679363 0)
(-0.130737 -0.0672041 0)
(-0.10421 -0.0648023 0)
(-0.0789058 -0.0605387 0)
(-0.0556235 -0.0542619 0)
(-0.0352085 -0.0458761 0)
(-0.0184949 -0.0353522 0)
(-0.00652908 -0.0227351 0)
(-0.000946295 -0.00815598 0)
(-0.000976258 0.0115444 0)
(-0.00655818 0.0316005 0)
(-0.0183431 0.0485197 0)
(-0.0346025 0.0623074 0)
(-0.0542479 0.0730623 0)
(-0.0764489 0.0809574 0)
(-0.1004 0.0862255 0)
(-0.125366 0.0891411 0)
(-0.15071 0.0900026 0)
(-0.175893 0.089116 0)
(-0.200474 0.0867806 0)
(-0.2241 0.0832782 0)
(-0.2465 0.0788649 0)
(-0.267474 0.0737666 0)
(-0.286882 0.0681758 0)
(-0.304635 0.0622519 0)
(-0.320682 0.0561214 0)
(-0.334999 0.0498808 0)
(-0.347587 0.0435987 0)
(-0.358458 0.0373194 0)
(-0.367632 0.0310666 0)
(-0.375128 0.0248461 0)
(-0.380967 0.0186499 0)
(-0.38516 0.0124589 0)
(-0.387711 0.00624686 0)
(-0.388615 -1.71656e-05 0)
(-0.387855 -0.00636513 0)
(-0.385403 -0.0128269 0)
(-0.381221 -0.0194267 0)
(-0.375262 -0.0261797 0)
(-0.367475 -0.033088 0)
(-0.357806 -0.0401363 0)
(-0.346204 -0.047288 0)
(-0.332628 -0.0544804 0)
(-0.317054 -0.0616208 0)
(-0.299485 -0.0685823 0)
(-0.27996 -0.0752009 0)
(-0.258568 -0.0812738 0)
(-0.235459 -0.0865598 0)
(-0.210859 -0.090782 0)
(-0.185079 -0.0936346 0)
(-0.158528 -0.0947923 0)
(-0.131722 -0.093925 0)
(-0.105281 -0.0907156 0)
(-0.0799311 -0.0848812 0)
(-0.0564953 -0.0761955 0)
(-0.0358524 -0.0645111 0)
(-0.0188809 -0.0497769 0)
(-0.00668422 -0.0320495 0)
(-0.000973695 -0.0115116 0)
(-0.000994899 0.0149186 0)
(-0.00666164 0.0408025 0)
(-0.018592 0.0625872 0)
(-0.0349951 0.0802779 0)
(-0.0547323 0.0940082 0)
(-0.0769351 0.104013 0)
(-0.10077 0.110608 0)
(-0.125486 0.114161 0)
(-0.150441 0.115074 0)
(-0.175105 0.113752 0)
(-0.199049 0.110592 0)
(-0.221943 0.105962 0)
(-0.243538 0.100196 0)
(-0.26366 0.0935866 0)
(-0.282197 0.0863807 0)
(-0.299081 0.078781 0)
(-0.314284 0.0709476 0)
(-0.327803 0.0630008 0)
(-0.339656 0.0550254 0)
(-0.349869 0.0470748 0)
(-0.358473 0.0391761 0)
(-0.365501 0.0313337 0)
(-0.370979 0.0235345 0)
(-0.374927 0.0157517 0)
(-0.377354 0.00794899 0)
(-0.378257 8.42924e-05 0)
(-0.377623 -0.00788598 0)
(-0.375425 -0.016003 0)
(-0.371624 -0.0243012 0)
(-0.36617 -0.0328037 0)
(-0.359006 -0.0415178 0)
(-0.350069 -0.050429 0)
(-0.339296 -0.0594961 0)
(-0.326631 -0.0686449 0)
(-0.312028 -0.0777626 0)
(-0.295464 -0.0866926 0)
(-0.27695 -0.0952294 0)
(-0.256541 -0.103116 0)
(-0.23435 -0.110044 0)
(-0.210568 -0.115655 0)
(-0.18547 -0.119549 0)
(-0.159438 -0.121296 0)
(-0.132967 -0.120455 0)
(-0.106671 -0.116597 0)
(-0.0812848 -0.109334 0)
(-0.0576596 -0.0983486 0)
(-0.0367196 -0.0834279 0)
(-0.0194039 -0.0644873 0)
(-0.00689551 -0.0415879 0)
(-0.00101123 -0.0149625 0)
(-0.00102029 0.0183555 0)
(-0.00680181 0.0501472 0)
(-0.0189278 0.0768217 0)
(-0.0355216 0.0983832 0)
(-0.0553773 0.115007 0)
(-0.0775757 0.127001 0)
(-0.101247 0.134776 0)
(-0.125622 0.138811 0)
(-0.150056 0.139621 0)
(-0.174028 0.137723 0)
(-0.197132 0.133617 0)
(-0.219065 0.127765 0)
(-0.239612 0.120581 0)
(-0.258632 0.112424 0)
(-0.276045 0.103595 0)
(-0.291815 0.0943376 0)
(-0.30594 0.0848426 0)
(-0.318443 0.0752517 0)
(-0.329361 0.0656628 0)
(-0.338738 0.0561357 0)
(-0.346622 0.0466982 0)
(-0.353054 0.0373513 0)
(-0.358073 0.028075 0)
(-0.361705 0.0188328 0)
(-0.363965 0.00957676 0)
(-0.364857 0.000252342 0)
(-0.36437 -0.00919732 0)
(-0.362476 -0.0188265 0)
(-0.359138 -0.0286819 0)
(-0.354302 -0.0387974 0)
(-0.347906 -0.0491882 0)
(-0.339878 -0.0598445 0)
(-0.33014 -0.0707247 0)
(-0.318617 -0.0817478 0)
(-0.305239 -0.0927863 0)
(-0.289953 -0.103659 0)
(-0.272734 -0.114123 0)
(-0.253594 -0.123873 0)
(-0.232602 -0.132532 0)
(-0.2099 -0.139663 0)
(-0.18572 -0.144765 0)
(-0.1604 -0.147298 0)
(-0.134409 -0.146696 0)
(-0.108345 -0.142402 0)
(-0.0829546 -0.133903 0)
(-0.0591183 -0.120769 0)
(-0.0378185 -0.102703 0)
(-0.0200723 -0.0795677 0)
(-0.00716737 -0.0514195 0)
(-0.0010599 -0.0185391 0)
(-0.00105411 0.0218763 0)
(-0.00698721 0.0596816 0)
(-0.0193694 0.0912759 0)
(-0.036209 0.116662 0)
(-0.0562115 0.136067 0)
(-0.0783927 0.149889 0)
(-0.101839 0.158653 0)
(-0.125759 0.162968 0)
(-0.149509 0.163478 0)
(-0.172586 0.160827 0)
(-0.194614 0.155627 0)
(-0.215329 0.14844 0)
(-0.234556 0.139762 0)
(-0.252198 0.130018 0)
(-0.268215 0.119561 0)
(-0.282608 0.108674 0)
(-0.295408 0.0975743 0)
(-0.306666 0.0864203 0)
(-0.316443 0.0753195 0)
(-0.324803 0.0643346 0)
(-0.331808 0.0534912 0)
(-0.337516 0.0427842 0)
(-0.341972 0.0321843 0)
(-0.345213 0.0216437 0)
(-0.347261 0.0111012 0)
(-0.348124 0.000488005 0)
(-0.347795 -0.0102675 0)
(-0.346248 -0.0212347 0)
(-0.343447 -0.0324746 0)
(-0.339335 -0.0440347 0)
(-0.333844 -0.0559417 0)
(-0.326893 -0.0681944 0)
(-0.31839 -0.080756 0)
(-0.308239 -0.0935447 0)
(-0.296346 -0.106424 0)
(-0.282621 -0.119196 0)
(-0.266997 -0.131587 0)
(-0.249438 -0.143246 0)
(-0.229958 -0.153737 0)
(-0.208638 -0.162538 0)
(-0.185651 -0.16905 0)
(-0.161284 -0.172609 0)
(-0.13596 -0.172513 0)
(-0.110257 -0.168056 0)
(-0.0849231 -0.158572 0)
(-0.0608745 -0.143494 0)
(-0.0391613 -0.122408 0)
(-0.020898 -0.0951049 0)
(-0.00750617 -0.0616186 0)
(-0.00112114 -0.0222746 0)
(-0.00109871 0.0255074 0)
(-0.00722957 0.0694632 0)
(-0.0199421 0.106013 0)
(-0.0370925 0.135159 0)
(-0.0572707 0.157196 0)
(-0.0794109 0.172634 0)
(-0.102547 0.182142 0)
(-0.125868 0.18648 0)
(-0.148735 0.186446 0)
(-0.170673 0.182826 0)
(-0.191349 0.176357 0)
(-0.210548 0.167705 0)
(-0.228151 0.157449 0)
(-0.244111 0.146081 0)
(-0.258436 0.134002 0)
(-0.271172 0.121529 0)
(-0.282387 0.108899 0)
(-0.292163 0.0962852 0)
(-0.300587 0.0837983 0)
(-0.307744 0.0714999 0)
(-0.313712 0.0594099 0)
(-0.318562 0.0475142 0)
(-0.322351 0.0357719 0)
(-0.325124 0.0241215 0)
(-0.326908 0.0124875 0)
(-0.327719 0.000785155 0)
(-0.327551 -0.0110735 0)
(-0.326385 -0.0231743 0)
(-0.324182 -0.0355953 0)
(-0.320887 -0.0483998 0)
(-0.316426 -0.0616298 0)
(-0.310711 -0.0752976 0)
(-0.303635 -0.0893764 0)
(-0.295085 -0.10379 0)
(-0.284935 -0.118403 0)
(-0.273062 -0.133005 0)
(-0.259352 -0.147304 0)
(-0.243712 -0.16091 0)
(-0.226092 -0.173331 0)
(-0.2065 -0.183969 0)
(-0.185036 -0.19212 0)
(-0.161916 -0.196991 0)
(-0.137504 -0.197725 0)
(-0.112341 -0.193443 0)
(-0.0871663 -0.183297 0)
(-0.0629319 -0.166542 0)
(-0.0407647 -0.142611 0)
(-0.0218978 -0.111189 0)
(-0.00792094 -0.0722662 0)
(-0.00119702 -0.0262063 0)
(-0.0011574 0.0292824 0)
(-0.00754488 0.0795641 0)
(-0.02068 0.121109 0)
(-0.0382177 0.153924 0)
(-0.0585986 0.178392 0)
(-0.0806564 0.195173 0)
(-0.103367 0.20511 0)
(-0.125899 0.209154 0)
(-0.147634 0.208281 0)
(-0.168138 0.203439 0)
(-0.187136 0.195499 0)
(-0.204478 0.185238 0)
(-0.220111 0.173322 0)
(-0.234053 0.160301 0)
(-0.246369 0.14662 0)
(-0.257152 0.132623 0)
(-0.266511 0.118564 0)
(-0.274563 0.104619 0)
(-0.28142 0.0908986 0)
(-0.287187 0.0774585 0)
(-0.291961 0.0643085 0)
(-0.295823 0.0514223 0)
(-0.29884 0.038745 0)
(-0.301064 0.0262001 0)
(-0.30253 0.0136957 0)
(-0.303258 0.00113035 0)
(-0.303249 -0.0116014 0)
(-0.302484 -0.0246035 0)
(-0.30093 -0.0379723 0)
(-0.29853 -0.05179 0)
(-0.295209 -0.0661172 0)
(-0.290872 -0.0809842 0)
(-0.285403 -0.0963804 0)
(-0.27867 -0.112243 0)
(-0.27052 -0.128445 0)
(-0.260794 -0.144776 0)
(-0.24933 -0.160934 0)
(-0.235972 -0.176504 0)
(-0.220598 -0.190947 0)
(-0.203131 -0.203591 0)
(-0.183581 -0.213633 0)
(-0.162071 -0.220142 0)
(-0.138886 -0.222091 0)
(-0.114506 -0.218398 0)
(-0.0896498 -0.207993 0)
(-0.0652944 -0.189908 0)
(-0.0426513 -0.163371 0)
(-0.023095 -0.127915 0)
(-0.00842445 -0.0834528 0)
(-0.0012905 -0.0303774 0)
(-0.00123484 0.0332448 0)
(-0.00795513 0.0900755 0)
(-0.0216283 0.136657 0)
(-0.0396423 0.173009 0)
(-0.060246 0.199642 0)
(-0.0821522 0.21741 0)
(-0.104273 0.227384 0)
(-0.125771 0.230744 0)
(-0.146058 0.228682 0)
(-0.164767 0.222324 0)
(-0.181699 0.212693 0)
(-0.196791 0.200677 0)
(-0.21007 0.187022 0)
(-0.221628 0.172336 0)
(-0.231593 0.157098 0)
(-0.240113 0.141669 0)
(-0.247341 0.126309 0)
(-0.253426 0.111192 0)
(-0.258505 0.0964212 0)
(-0.262704 0.08204 0)
(-0.266131 0.0680442 0)
(-0.26888 0.054392 0)
(-0.271024 0.0410123 0)
(-0.272623 0.0278119 0)
(-0.273716 0.0146818 0)
(-0.274328 0.00150318 0)
(-0.274463 -0.0118476 0)
(-0.27411 -0.0254932 0)
(-0.273238 -0.0395497 0)
(-0.271793 -0.0541201 0)
(-0.269701 -0.0692865 0)
(-0.266865 -0.0851015 0)
(-0.263163 -0.101577 0)
(-0.258446 -0.118672 0)
(-0.252541 -0.136276 0)
(-0.245255 -0.154193 0)
(-0.236374 -0.172122 0)
(-0.225684 -0.189638 0)
(-0.212979 -0.206169 0)
(-0.198087 -0.220983 0)
(-0.180908 -0.233178 0)
(-0.161454 -0.241685 0)
(-0.139896 -0.245291 0)
(-0.11663 -0.242683 0)
(-0.0923228 -0.232522 0)
(-0.0679642 -0.213554 0)
(-0.0448512 -0.184737 0)
(-0.0245218 -0.145383 0)
(-0.00903479 -0.0952823 0)
(-0.00140585 -0.034839 0)
(-0.00133778 0.037452 0)
(-0.00849073 0.101114 0)
(-0.022847 0.152769 0)
(-0.0414387 0.19247 0)
(-0.0622697 0.220911 0)
(-0.0839102 0.239207 0)
(-0.105212 0.248727 0)
(-0.125346 0.250935 0)
(-0.143787 0.247273 0)
(-0.160259 0.239074 0)
(-0.174669 0.227518 0)
(-0.187059 0.213604 0)
(-0.197555 0.198154 0)
(-0.206333 0.181821 0)
(-0.213592 0.165103 0)
(-0.219536 0.148369 0)
(-0.224359 0.131874 0)
(-0.228242 0.115781 0)
(-0.231346 0.100175 0)
(-0.23381 0.0850837 0)
(-0.235754 0.0704836 0)
(-0.237277 0.0563145 0)
(-0.238458 0.0424875 0)
(-0.23936 0.0288915 0)
(-0.240027 0.0154002 0)
(-0.240485 0.00187735 0)
(-0.240746 -0.0118185 0)
(-0.240802 -0.0258289 0)
(-0.240627 -0.0402897 0)
(-0.240175 -0.0553259 0)
(-0.239377 -0.0710434 0)
(-0.238136 -0.0875208 0)
(-0.236331 -0.104798 0)
(-0.233804 -0.122862 0)
(-0.230366 -0.141633 0)
(-0.225795 -0.16094 0)
(-0.219836 -0.1805 0)
(-0.21221 -0.199895 0)
(-0.202627 -0.218539 0)
(-0.190813 -0.235657 0)
(-0.176538 -0.250263 0)
(-0.159675 -0.261152 0)
(-0.140252 -0.266914 0)
(-0.118536 -0.265974 0)
(-0.0951078 -0.256672 0)
(-0.0709384 -0.237394 0)
(-0.0474024 -0.206736 0)
(-0.0262227 -0.1637 0)
(-0.0097778 -0.107877 0)
(-0.00154938 -0.0396541 0)
(-0.00147613 0.0419805 0)
(-0.00919431 0.11283 0)
(-0.024416 0.16958 0)
(-0.0436959 0.212357 0)
(-0.0647262 0.242124 0)
(-0.0859171 0.260359 0)
(-0.106073 0.268816 0)
(-0.124406 0.269313 0)
(-0.140494 0.263587 0)
(-0.15419 0.253199 0)
(-0.165542 0.239487 0)
(-0.17472 0.223557 0)
(-0.181966 0.206291 0)
(-0.187548 0.18837 0)
(-0.19174 0.170298 0)
(-0.194798 0.152433 0)
(-0.196959 0.135013 0)
(-0.198427 0.118177 0)
(-0.199381 0.101988 0)
(-0.199969 0.0864473 0)
(-0.200316 0.0715105 0)
(-0.200522 0.057096 0)
(-0.200667 0.0430954 0)
(-0.200813 0.02938 0)
(-0.201006 0.0158066 0)
(-0.201275 0.00222239 0)
(-0.201634 -0.0115307 0)
(-0.202083 -0.0256116 0)
(-0.202604 -0.0401757 0)
(-0.203157 -0.0553696 0)
(-0.203685 -0.0713239 0)
(-0.204099 -0.0881458 0)
(-0.204281 -0.105908 0)
(-0.204078 -0.124633 0)
(-0.203294 -0.14428 0)
(-0.201685 -0.164719 0)
(-0.198964 -0.185703 0)
(-0.194796 -0.206841 0)
(-0.188809 -0.22756 0)
(-0.180618 -0.247065 0)
(-0.169855 -0.264309 0)
(-0.156222 -0.277966 0)
(-0.139566 -0.286427 0)
(-0.119973 -0.287828 0)
(-0.097883 -0.280133 0)
(-0.0742005 -0.261276 0)
(-0.0503518 -0.229371 0)
(-0.0282587 -0.182979 0)
(-0.0106908 -0.121383 0)
(-0.00173054 -0.0449027 0)
(-0.00166503 0.0469345 0)
(-0.0101268 0.125417 0)
(-0.0264417 0.187251 0)
(-0.0465192 0.232702 0)
(-0.0676606 0.263142 0)
(-0.0881083 0.280559 0)
(-0.106653 0.287209 0)
(-0.122603 0.285346 0)
(-0.135696 0.277047 0)
(-0.145966 0.264113 0)
(-0.153639 0.24804 0)
(-0.159041 0.230021 0)
(-0.16254 0.210976 0)
(-0.164504 0.19159 0)
(-0.165278 0.17235 0)
(-0.165169 0.153586 0)
(-0.164441 0.135501 0)
(-0.16332 0.118201 0)
(-0.161989 0.101716 0)
(-0.160598 0.0860181 0)
(-0.159269 0.0710358 0)
(-0.158097 0.0566654 0)
(-0.157157 0.0427789 0)
(-0.156508 0.0292306 0)
(-0.156192 0.0158621 0)
(-0.156239 0.00250619 0)
(-0.156667 -0.0110094 0)
(-0.157481 -0.024859 0)
(-0.158673 -0.0392149 0)
(-0.160215 -0.0542439 0)
(-0.162064 -0.0701009 0)
(-0.164146 -0.0869223 0)
(-0.166359 -0.104816 0)
(-0.16856 -0.123847 0)
(-0.170559 -0.144022 0)
(-0.172109 -0.165264 0)
(-0.172902 -0.187384 0)
(-0.172559 -0.210043 0)
(-0.17064 -0.232708 0)
(-0.16665 -0.254601 0)
(-0.160071 -0.274649 0)
(-0.150413 -0.291432 0)
(-0.137299 -0.303155 0)
(-0.120572 -0.307654 0)
(-0.100453 -0.302457 0)
(-0.0777053 -0.284943 0)
(-0.0537529 -0.252591 0)
(-0.0307129 -0.203337 0)
(-0.0118285 -0.135984 0)
(-0.00196403 -0.0506894 0)
(-0.00192844 0.0524591 0)
(-0.0113771 0.139132 0)
(-0.0290654 0.20596 0)
(-0.0500263 0.253491 0)
(-0.0710816 0.283722 0)
(-0.090323 0.299353 0)
(-0.106596 0.303299 0)
(-0.119391 0.298341 0)
(-0.128685 0.286936 0)
(-0.134757 0.271129 0)
(-0.13805 0.25255 0)
(-0.139069 0.232449 0)
(-0.138318 0.211747 0)
(-0.136262 0.191103 0)
(-0.133306 0.170958 0)
(-0.129795 0.151594 0)
(-0.126013 0.133162 0)
(-0.122185 0.115723 0)
(-0.118492 0.0992653 0)
(-0.115074 0.0837274 0)
(-0.11204 0.0690095 0)
(-0.109471 0.0549848 0)
(-0.107434 0.0415068 0)
(-0.105974 0.0284149 0)
(-0.105132 0.015538 0)
(-0.104933 0.00269815 0)
(-0.105397 -0.0102877 0)
(-0.106537 -0.0236054 0)
(-0.108354 -0.0374408 0)
(-0.110837 -0.0519773 0)
(-0.113959 -0.0673918 0)
(-0.117671 -0.0838486 0)
(-0.121893 -0.101491 0)
(-0.126508 -0.12043 0)
(-0.131346 -0.140727 0)
(-0.136175 -0.16237 0)
(-0.140685 -0.185246 0)
(-0.14448 -0.209094 0)
(-0.147064 -0.233458 0)
(-0.147851 -0.257621 0)
(-0.146176 -0.280531 0)
(-0.141341 -0.300724 0)
(-0.132701 -0.316255 0)
(-0.119786 -0.324665 0)
(-0.1025 -0.323009 0)
(-0.0813487 -0.307992 0)
(-0.057657 -0.276267 0)
(-0.033698 -0.224886 0)
(-0.0132727 -0.151905 0)
(-0.00227358 -0.0571567 0)
(-0.00230605 0.0587609 0)
(-0.0130782 0.154304 0)
(-0.0324727 0.225896 0)
(-0.0543308 0.274621 0)
(-0.0749121 0.303443 0)
(-0.0922257 0.316069 0)
(-0.105296 0.316257 0)
(-0.113925 0.307413 0)
(-0.118431 0.292392 0)
(-0.11941 0.273461 0)
(-0.117562 0.252339 0)
(-0.113584 0.230279 0)
(-0.10811 0.208161 0)
(-0.101687 0.186573 0)
(-0.0947657 0.16588 0)
(-0.0877052 0.14629 0)
(-0.0807859 0.127889 0)
(-0.0742209 0.11068 0)
(-0.0681693 0.0946054 0)
(-0.0627481 0.0795661 0)
(-0.0580425 0.0654338 0)
(-0.0541141 0.0520601 0)
(-0.0510085 0.0392828 0)
(-0.04876 0.0269295 0)
(-0.047396 0.0148211 0)
(-0.0469396 0.00277289 0)
(-0.0474108 -0.00940397 0)
(-0.0488269 -0.0219016 0)
(-0.0512011 -0.0349145 0)
(-0.0545404 -0.0486378 0)
(-0.058841 -0.0632655 0)
(-0.0640824 -0.0789858 0)
(-0.0702192 -0.0959756 0)
(-0.0771701 -0.114391 0)
(-0.0848043 -0.134351 0)
(-0.0929249 -0.155919 0)
(-0.10125 -0.179071 0)
(-0.109391 -0.203653 0)
(-0.116835 -0.229323 0)
(-0.12293 -0.255473 0)
(-0.126883 -0.28114 0)
(-0.127794 -0.304886 0)
(-0.124716 -0.324689 0)
(-0.116797 -0.337837 0)
(-0.103499 -0.340896 0)
(-0.0849119 -0.329797 0)
(-0.0620922 -0.300131 0)
(-0.0373624 -0.247714 0)
(-0.0151485 -0.169437 0)
(-0.00269906 -0.0645057 0)
(-0.00286651 0.066144 0)
(-0.0154328 0.171364 0)
(-0.0368991 0.247219 0)
(-0.0595 0.29581 0)
(-0.0788932 0.32161 0)
(-0.0931711 0.32972 0)
(-0.101747 0.324965 0)
(-0.10491 0.311443 0)
(-0.103451 0.292394 0)
(-0.0983493 0.270239 0)
(-0.090585 0.246708 0)
(-0.0810407 0.222985 0)
(-0.0704598 0.199843 0)
(-0.0594392 0.177753 0)
(-0.0484403 0.156974 0)
(-0.0378088 0.137613 0)
(-0.0277955 0.119678 0)
(-0.018577 0.103107 0)
(-0.0102738 0.0877936 0)
(-0.00296505 0.0736018 0)
(0.00329846 0.0603768 0)
(0.00848497 0.0479521 0)
(0.012574 0.036154 0)
(0.0155505 0.0248036 0)
(0.0174007 0.0137188 0)
(0.018109 0.00271407 0)
(0.0176568 -0.00839942 0)
(0.0160218 -0.019814 0)
(0.013179 -0.0317261 0)
(0.00910255 -0.0443362 0)
(0.0037698 -0.0578484 0)
(-0.00283301 -0.0724685 0)
(-0.0107025 -0.0884009 0)
(-0.0198071 -0.105841 0)
(-0.0300717 -0.124967 0)
(-0.0413588 -0.145918 0)
(-0.053444 -0.168771 0)
(-0.0659874 -0.193497 0)
(-0.0785008 -0.219904 0)
(-0.0903166 -0.247553 0)
(-0.100563 -0.275642 0)
(-0.10816 -0.302861 0)
(-0.111863 -0.327217 0)
(-0.110377 -0.345849 0)
(-0.102587 -0.354882 0)
(-0.0879573 -0.349399 0)
(-0.0670105 -0.323682 0)
(-0.0418912 -0.271834 0)
(-0.0176491 -0.188945 0)
(-0.00331027 -0.0730311 0)
(-0.00373288 0.075071 0)
(-0.018754 0.190855 0)
(-0.0426175 0.269978 0)
(-0.0654509 0.316452 0)
(-0.0824004 0.337084 0)
(-0.0919764 0.338883 0)
(-0.0943044 0.327943 0)
(-0.0903978 0.309071 0)
(-0.0816433 0.285795 0)
(-0.0694496 0.260568 0)
(-0.0550684 0.235012 0)
(-0.0395284 0.210142 0)
(-0.0236299 0.186553 0)
(-0.00796839 0.164549 0)
(0.00703034 0.144249 0)
(0.0210749 0.125646 0)
(0.0339757 0.108659 0)
(0.0456175 0.0931602 0)
(0.0559375 0.0789956 0)
(0.0649083 0.065996 0)
(0.072524 0.0539858 0)
(0.0787904 0.0427865 0)
(0.0837174 0.032219 0)
(0.0873135 0.0221045 0)
(0.0895813 0.0122642 0)
(0.0905153 0.0025181 0)
(0.0901 -0.00731566 0)
(0.0883092 -0.0174228 0)
(0.0851068 -0.0279941 0)
(0.0804478 -0.0392275 0)
(0.074282 -0.0513287 0)
(0.0665581 -0.064512 0)
(0.0572314 -0.0789996 0)
(0.0462742 -0.0950186 0)
(0.0336902 -0.112795 0)
(0.0195347 -0.132541 0)
(0.00394198 -0.154434 0)
(-0.0128404 -0.178584 0)
(-0.030407 -0.204976 0)
(-0.0481441 -0.233388 0)
(-0.0651752 -0.263264 0)
(-0.0803173 -0.293544 0)
(-0.0920699 -0.322421 0)
(-0.0986783 -0.347057 0)
(-0.0983408 -0.363278 0)
(-0.0896366 -0.365349 0)
(-0.072171 -0.346017 0)
(-0.0474835 -0.297087 0)
(-0.0210757 -0.210878 0)
(-0.0042333 -0.0831837 0)
(-0.00513031 0.0862724 0)
(-0.02352 0.213424 0)
(-0.0498653 0.293921 0)
(-0.0717158 0.335348 0)
(-0.0840978 0.348059 0)
(-0.0865428 0.341548 0)
(-0.080348 0.323305 0)
(-0.067504 0.298718 0)
(-0.050085 0.2714 0)
(-0.0299121 0.243633 0)
(-0.00843761 0.216767 0)
(0.0132527 0.191536 0)
(0.0343883 0.168278 0)
(0.0544499 0.147092 0)
(0.0731086 0.127931 0)
(0.0901732 0.11067 0)
(0.10555 0.0951381 0)
(0.119208 0.0811483 0)
(0.131161 0.068506 0)
(0.141445 0.0570185 0)
(0.150105 0.0464975 0)
(0.157191 0.0367612 0)
(0.162745 0.0276331 0)
(0.166802 0.0189418 0)
(0.169383 0.0105187 0)
(0.170494 0.00219687 0)
(0.170124 -0.00619211 0)
(0.168244 -0.0148198 0)
(0.164808 -0.0238639 0)
(0.159755 -0.0335107 0)
(0.153007 -0.0439579 0)
(0.144475 -0.0554171 0)
(0.134065 -0.0681158 0)
(0.121684 -0.0822984 0)
(0.107254 -0.0982248 0)
(0.0907305 -0.116165 0)
(0.0721278 -0.136388 0)
(0.0515568 -0.159136 0)
(0.0292759 -0.184583 0)
(0.00575815 -0.212758 0)
(-0.0182256 -0.24343 0)
(-0.041514 -0.275912 0)
(-0.0624709 -0.308784 0)
(-0.0789547 -0.339491 0)
(-0.0884292 -0.363846 0)
(-0.0883467 -0.375494 0)
(-0.0768858 -0.365567 0)
(-0.0542611 -0.32293 0)
(-0.0258867 -0.235739 0)
(-0.00569901 -0.0956799 0)
(-0.00746674 0.100929 0)
(-0.0304196 0.239711 0)
(-0.058602 0.318111 0)
(-0.0769257 0.350275 0)
(-0.0813031 0.351744 0)
(-0.0732507 0.334995 0)
(-0.0557866 0.308782 0)
(-0.0320697 0.278721 0)
(-0.00483111 0.248147 0)
(0.0238298 0.218887 0)
(0.0524228 0.191829 0)
(0.0799556 0.167308 0)
(0.105811 0.145354 0)
(0.129641 0.125831 0)
(0.151279 0.108529 0)
(0.170682 0.0932094 0)
(0.187881 0.0796285 0)
(0.202952 0.0675529 0)
(0.215993 0.0567633 0)
(0.227109 0.0470563 0)
(0.236401 0.0382435 0)
(0.243962 0.0301495 0)
(0.249869 0.0226098 0)
(0.254181 0.0154682 0)
(0.256936 0.00857389 0)
(0.258153 0.00177906 0)
(0.257825 -0.00506417 0)
(0.255924 -0.0121066 0)
(0.252397 -0.019505 0)
(0.247168 -0.0274258 0)
(0.240135 -0.0360486 0)
(0.231177 -0.04557 0)
(0.220152 -0.0562083 0)
(0.206905 -0.0682074 0)
(0.191274 -0.0818405 0)
(0.173105 -0.0974119 0)
(0.152273 -0.115255 0)
(0.128717 -0.135723 0)
(0.102486 -0.159161 0)
(0.0738196 -0.185859 0)
(0.0432466 -0.215949 0)
(0.0117254 -0.249233 0)
(-0.0191886 -0.284882 0)
(-0.0471777 -0.320966 0)
(-0.0690891 -0.353741 0)
(-0.0811242 -0.376721 0)
(-0.0794866 -0.379663 0)
(-0.0619908 -0.348015 0)
(-0.0327272 -0.263948 0)
(-0.0081225 -0.111681 0)
(-0.0114221 0.12092 0)
(-0.0402458 0.269971 0)
(-0.0678073 0.340177 0)
(-0.0777191 0.357362 0)
(-0.0688682 0.344077 0)
(-0.046047 0.315814 0)
(-0.0144381 0.281958 0)
(0.0216919 0.247658 0)
(0.0592295 0.215443 0)
(0.0961121 0.186351 0)
(0.131085 0.160631 0)
(0.163461 0.138147 0)
(0.192922 0.118598 0)
(0.219388 0.101631 0)
(0.242919 0.0868981 0)
(0.26365 0.0740756 0)
(0.281759 0.0628752 0)
(0.297432 0.0530428 0)
(0.310854 0.044355 0)
(0.322197 0.036615 0)
(0.331612 0.0296479 0)
(0.339231 0.0232966 0)
(0.345159 0.0174173 0)
(0.349477 0.0118767 0)
(0.352238 0.00654818 0)
(0.353471 0.00130897 0)
(0.353176 -0.00396292 0)
(0.351323 -0.00939178 0)
(0.347858 -0.0151074 0)
(0.342694 -0.0212489 0)
(0.335714 -0.0279683 0)
(0.326771 -0.0354362 0)
(0.315686 -0.0438463 0)
(0.302251 -0.0534227 0)
(0.286229 -0.0644269 0)
(0.267362 -0.0771659 0)
(0.245385 -0.0919996 0)
(0.220046 -0.109345 0)
(0.191148 -0.129676 0)
(0.158613 -0.153498 0)
(0.122591 -0.181296 0)
(0.083618 -0.213408 0)
(0.0428548 -0.249763 0)
(0.0023999 -0.28941 0)
(-0.0343773 -0.329667 0)
(-0.0626298 -0.364779 0)
(-0.0762485 -0.383976 0)
(-0.0693298 -0.369423 0)
(-0.0422719 -0.295396 0)
(-0.0121778 -0.133017 0)
(-0.0178438 0.149168 0)
(-0.053089 0.302943 0)
(-0.0735885 0.354905 0)
(-0.0665339 0.350291 0)
(-0.0373408 0.319641 0)
(0.00477823 0.28031 0)
(0.0526154 0.240884 0)
(0.101409 0.204978 0)
(0.148316 0.173706 0)
(0.191837 0.147037 0)
(0.231317 0.124499 0)
(0.266605 0.105495 0)
(0.297819 0.0894498 0)
(0.325216 0.0758562 0)
(0.34911 0.0642864 0)
(0.369827 0.0543856 0)
(0.387679 0.0458608 0)
(0.402955 0.0384693 0)
(0.415912 0.0320082 0)
(0.426772 0.026306 0)
(0.435725 0.0212153 0)
(0.442929 0.0166074 0)
(0.448507 0.0123676 0)
(0.452555 0.00839132 0)
(0.455137 0.00458086 0)
(0.456286 0.000842439 0)
(0.456007 -0.00291654 0)
(0.454275 -0.00679027 0)
(0.451034 -0.0108775 0)
(0.446194 -0.0152847 0)
(0.439633 -0.0201301 0)
(0.431191 -0.0255483 0)
(0.420667 -0.0316959 0)
(0.407819 -0.038759 0)
(0.392358 -0.0469623 0)
(0.373946 -0.0565805 0)
(0.352199 -0.0679529 0)
(0.326693 -0.0815002 0)
(0.296981 -0.0977416 0)
(0.262637 -0.117309 0)
(0.223329 -0.140946 0)
(0.17897 -0.169459 0)
(0.129964 -0.203571 0)
(0.0776219 -0.243556 0)
(0.0247494 -0.288438 0)
(-0.0235714 -0.334392 0)
(-0.0593119 -0.371871 0)
(-0.0718923 -0.381282 0)
(-0.0543022 -0.328229 0)
(-0.018639 -0.162496 0)
(-0.0267688 0.190605 0)
(-0.0654131 0.332999 0)
(-0.0645136 0.351508 0)
(-0.0274295 0.319269 0)
(0.0297309 0.272024 0)
(0.0938875 0.225492 0)
(0.157351 0.185147 0)
(0.216317 0.1519 0)
(0.26927 0.125021 0)
(0.315916 0.103381 0)
(0.356552 0.085901 0)
(0.391721 0.0716827 0)
(0.422031 0.0600197 0)
(0.448076 0.0503677 0)
(0.470395 0.0423097 0)
(0.489465 0.0355242 0)
(0.505695 0.0297608 0)
(0.519438 0.0248215 0)
(0.53099 0.0205475 0)
(0.540597 0.0168086 0)
(0.548464 0.0134964 0)
(0.554756 0.0105183 0)
(0.559602 0.00779338 0)
(0.563098 0.00524916 0)
(0.565311 0.00281884 0)
(0.566277 0.000438909 0)
(0.566004 -0.00195295 0)
(0.564469 -0.00442008 0)
(0.56162 -0.00702899 0)
(0.557375 -0.00985193 0)
(0.551615 -0.01297 0)
(0.544183 -0.0164766 0)
(0.534881 -0.020483 0)
(0.523458 -0.0251239 0)
(0.509608 -0.0305669 0)
(0.492958 -0.0370238 0)
(0.473056 -0.044767 0)
(0.449364 -0.0541518 0)
(0.421245 -0.0656465 0)
(0.387969 -0.079871 0)
(0.348731 -0.0976443 0)
(0.30273 -0.120028 0)
(0.249338 -0.148332 0)
(0.18847 -0.183989 0)
(0.121289 -0.22807 0)
(0.0514679 -0.279898 0)
(-0.0129491 -0.333729 0)
(-0.0577419 -0.372269 0)
(-0.06465 -0.355964 0)
(-0.0272817 -0.204815 0)
(-0.0329206 0.250371 0)
(-0.0615906 0.344029 0)
(-0.0114827 0.310594 0)
(0.0708463 0.251546 0)
(0.158982 0.196027 0)
(0.241536 0.15146 0)
(0.314151 0.117758 0)
(0.376133 0.0926547 0)
(0.428379 0.073856 0)
(0.472239 0.0595838 0)
(0.509049 0.0485655 0)
(0.539985 0.0399131 0)
(0.566029 0.033009 0)
(0.587986 0.0274198 0)
(0.606509 0.0228362 0)
(0.622128 0.019033 0)
(0.635275 0.0158426 0)
(0.646301 0.0131374 0)
(0.655491 0.0108181 0)
(0.663078 0.00880562 0)
(0.669249 0.00703532 0)
(0.674153 0.00545321 0)
(0.677905 0.00401288 0)
(0.680591 0.00267334 0)
(0.682268 0.00139719 0)
(0.68297 0.000149209 0)
(0.682704 -0.00110496 0)
(0.681452 -0.00240025 0)
(0.679173 -0.00377336 0)
(0.675796 -0.00526438 0)
(0.671221 -0.00691864 0)
(0.665312 -0.00878913 0)
(0.657898 -0.0109397 0)
(0.648755 -0.0134492 0)
(0.637605 -0.0164179 0)
(0.624098 -0.019976 0)
(0.607796 -0.0242966 0)
(0.588147 -0.0296144 0)
(0.564453 -0.0362552 0)
(0.535839 -0.0446792 0)
(0.501201 -0.0555491 0)
(0.459179 -0.0698288 0)
(0.408156 -0.0889213 0)
(0.346378 -0.114825 0)
(0.272414 -0.150184 0)
(0.186394 -0.197763 0)
(0.0923493 -0.258097 0)
(0.00189338 -0.323335 0)
(-0.0569151 -0.361555 0)
(-0.032168 -0.263989 0)
(0.00108028 0.294878 0)
(0.0168432 0.298601 0)
(0.152306 0.213013 0)
(0.282848 0.145328 0)
(0.388033 0.0996506 0)
(0.471277 0.0698313 0)
(0.536732 0.0504856 0)
(0.588249 0.0376905 0)
(0.629167 0.0289345 0)
(0.662045 0.0227157 0)
(0.688744 0.0181439 0)
(0.710621 0.0146809 0)
(0.728675 0.0119914 0)
(0.743652 0.00985895 0)
(0.75612 0.00813899 0)
(0.766515 0.00673122 0)
(0.775181 0.00556385 0)
(0.782386 0.00458388 0)
(0.788347 0.00375107 0)
(0.793232 0.00303402 0)
(0.797178 0.00240754 0)
(0.800292 0.00185088 0)
(0.802654 0.00134648 0)
(0.804325 0.000878968 0)
(0.805346 0.000434495 0)
(0.805739 8.05937e-08 0)
(0.805511 -0.000437001 0)
(0.804648 -0.000889429 0)
(0.803123 -0.00137066 0)
(0.800887 -0.00189548 0)
(0.79787 -0.00248071 0)
(0.79398 -0.00314618 0)
(0.789093 -0.00391609 0)
(0.783053 -0.00482081 0)
(0.775658 -0.00589957 0)
(0.766652 -0.00720445 0)
(0.755702 -0.00880647 0)
(0.742379 -0.0108053 0)
(0.726116 -0.0133454 0)
(0.706156 -0.0166427 0)
(0.681471 -0.0210333 0)
(0.650647 -0.0270587 0)
(0.611704 -0.0356241 0)
(0.561872 -0.0482813 0)
(0.497421 -0.0676895 0)
(0.413886 -0.0981519 0)
(0.306368 -0.14578 0)
(0.170539 -0.217301 0)
(0.0269038 -0.307194 0)
(0.00518439 -0.303005 0)
(0.290247 0.152408 0)
(0.389521 0.128229 0)
(0.565402 0.0747297 0)
(0.683229 0.042231 0)
(0.752829 0.0245315 0)
(0.797855 0.0148925 0)
(0.829041 0.00958638 0)
(0.851537 0.006564 0)
(0.868371 0.00474054 0)
(0.881363 0.00356605 0)
(0.891623 0.00276231 0)
(0.899858 0.00218389 0)
(0.906546 0.00175093 0)
(0.912021 0.001417 0)
(0.916529 0.00115345 0)
(0.920251 0.000941604 0)
(0.923325 0.000768684 0)
(0.925861 0.000625559 0)
(0.927941 0.000505475 0)
(0.929632 0.000403273 0)
(0.930986 0.000314889 0)
(0.932044 0.000237031 0)
(0.932835 0.000166949 0)
(0.933384 0.000102272 0)
(0.933703 4.08934e-05 0)
(0.933803 -1.91438e-05 0)
(0.933684 -7.98848e-05 0)
(0.933342 -0.000143129 0)
(0.932765 -0.000210912 0)
(0.931936 -0.00028549 0)
(0.930828 -0.000369444 0)
(0.929405 -0.000465852 0)
(0.927621 -0.000578512 0)
(0.925416 -0.000712279 0)
(0.922711 -0.000873545 0)
(0.919407 -0.00107099 0)
(0.915371 -0.00131681 0)
(0.910431 -0.00162877 0)
(0.90435 -0.00203394 0)
(0.896804 -0.00257578 0)
(0.887325 -0.00332829 0)
(0.87522 -0.00442578 0)
(0.859402 -0.0061269 0)
(0.838068 -0.00895237 0)
(0.808165 -0.0139621 0)
(0.764423 -0.0232481 0)
(0.695911 -0.0407724 0)
(0.57794 -0.0737471 0)
(0.398044 -0.128743 0)
(0.293867 -0.153783 0)
)
;

boundaryField
{
    movingWallTop
    {
        type            fixedValue;
        value           uniform (1 0 0);
    }
    movingWallBottom
    {
        type            fixedValue;
        value           uniform (1 0 0);
    }
    fixedWalls
    {
        type            noSlip;
    }
    frontAndBack
    {
        type            empty;
    }
}


// ************************************************************************* //
