/*--------------------------------*- C++ -*----------------------------------*\
  =========                 |
  \\      /  F ield         | OpenFOAM: The Open Source CFD Toolbox
   \\    /   O peration     | Website:  https://openfoam.org
    \\  /    A nd           | Version:  7
     \\/     M anipulation  |
\*---------------------------------------------------------------------------*/
FoamFile
{
    version     2.0;
    format      ascii;
    class       surfaceScalarField;
    location    "0.0008";
    object      phi;
}
// * * * * * * * * * * * * * * * * * * * * * * * * * * * * * * * * * * * * * //

dimensions      [0 3 -1 0 0 0 0];

internalField   nonuniform List<scalar> 
4900
(
-7.37136e-10
7.37108e-10
-3.70463e-09
2.9675e-09
-7.96875e-09
4.26412e-09
-1.26852e-08
4.71647e-09
-1.74885e-08
4.80328e-09
-2.22399e-08
4.75137e-09
-2.68856e-08
4.64575e-09
-3.13998e-08
4.51418e-09
-3.57638e-08
4.36396e-09
-3.99602e-08
4.19639e-09
-4.39719e-08
4.01177e-09
-4.77825e-08
3.81059e-09
-5.13762e-08
3.59364e-09
-5.4738e-08
3.36185e-09
-5.78543e-08
3.1163e-09
-6.07124e-08
2.8581e-09
-6.33009e-08
2.58844e-09
-6.56093e-08
2.30849e-09
-6.76288e-08
2.01946e-09
-6.93514e-08
1.72256e-09
-7.07704e-08
1.419e-09
-7.18804e-08
1.11002e-09
-7.26772e-08
7.96842e-10
-7.31579e-08
4.80672e-10
-7.33206e-08
1.62685e-10
-7.31646e-08
-1.55946e-10
-7.26906e-08
-4.74025e-10
-7.19002e-08
-7.90348e-10
-7.07966e-08
-1.10368e-09
-6.93838e-08
-1.41278e-09
-6.76674e-08
-1.71643e-09
-6.56539e-08
-2.01348e-09
-6.33512e-08
-2.3027e-09
-6.07683e-08
-2.58288e-09
-5.79155e-08
-2.85283e-09
-5.48041e-08
-3.11133e-09
-5.1447e-08
-3.35717e-09
-4.78578e-08
-3.58916e-09
-4.40515e-08
-3.80626e-09
-4.0044e-08
-4.00751e-09
-3.5852e-08
-4.19207e-09
-3.14926e-08
-4.35939e-09
-2.69833e-08
-4.50928e-09
-2.23424e-08
-4.64089e-09
-1.75943e-08
-4.74809e-09
-1.27895e-08
-4.80482e-09
-8.06224e-09
-4.72725e-09
-3.77272e-09
-4.28951e-09
-7.38684e-10
-3.03404e-09
-7.38679e-10
-3.08883e-09
3.82594e-09
-1.00528e-08
9.93144e-09
-1.90321e-08
1.32435e-08
-2.88563e-08
1.45407e-08
-3.89031e-08
1.48501e-08
-4.88894e-08
1.47377e-08
-5.86858e-08
1.44421e-08
-6.82219e-08
1.40503e-08
-7.74485e-08
1.35906e-08
-8.63239e-08
1.30717e-08
-9.48094e-08
1.24974e-08
-1.02869e-07
1.18704e-08
-1.1047e-07
1.1194e-08
-1.17579e-07
1.04712e-08
-1.24168e-07
9.70561e-09
-1.30211e-07
8.90076e-09
-1.35683e-07
8.06033e-09
-1.40562e-07
7.18801e-09
-1.4483e-07
6.28756e-09
-1.48471e-07
5.36274e-09
-1.51469e-07
4.41731e-09
-1.53814e-07
3.45508e-09
-1.55497e-07
2.47979e-09
-1.56511e-07
1.49517e-09
-1.56854e-07
5.049e-10
-1.56522e-07
-4.87359e-10
-1.55518e-07
-1.47792e-09
-1.53846e-07
-2.46305e-09
-1.5151e-07
-3.43896e-09
-1.48521e-07
-4.40187e-09
-1.4489e-07
-5.34802e-09
-1.40629e-07
-6.27369e-09
-1.35757e-07
-7.17517e-09
-1.30291e-07
-8.04866e-09
-1.24254e-07
-8.89041e-09
-1.17668e-07
-9.69665e-09
-1.10562e-07
-1.04636e-08
-1.02963e-07
-1.11877e-08
-9.49041e-08
-1.18655e-08
-8.64179e-08
-1.24937e-08
-7.75406e-08
-1.30693e-08
-6.83103e-08
-1.35897e-08
-5.8768e-08
-1.40516e-08
-4.89616e-08
-1.44473e-08
-3.89587e-08
-1.47509e-08
-2.88858e-08
-1.48778e-08
-1.90243e-08
-1.45888e-08
-1.00012e-08
-1.33126e-08
-3.0298e-09
-1.00054e-08
-3.76849e-09
-4.32707e-09
8.15302e-09
-1.34435e-08
1.90478e-08
-2.48616e-08
2.46616e-08
-3.72108e-08
2.68898e-08
-4.97999e-08
2.74392e-08
-6.23087e-08
2.72465e-08
-7.45839e-08
2.67172e-08
-8.65374e-08
2.60038e-08
-9.81054e-08
2.51587e-08
-1.09234e-07
2.42002e-08
-1.19874e-07
2.31372e-08
-1.29979e-07
2.1976e-08
-1.39508e-07
2.07227e-08
-1.4842e-07
1.93836e-08
-1.5668e-07
1.79652e-08
-1.64254e-07
1.64743e-08
-1.71111e-07
1.49178e-08
-1.77225e-07
1.33024e-08
-1.82573e-07
1.16353e-08
-1.87134e-07
9.92321e-09
-1.9089e-07
8.17324e-09
-1.93827e-07
6.39232e-09
-1.95934e-07
4.58734e-09
-1.97204e-07
2.76515e-09
-1.97632e-07
9.32539e-10
-1.97216e-07
-9.03696e-10
-1.95957e-07
-2.73678e-09
-1.9386e-07
-4.55986e-09
-1.90933e-07
-6.36603e-09
-1.87186e-07
-8.14834e-09
-1.82634e-07
-9.89991e-09
-1.77294e-07
-1.16138e-08
-1.71186e-07
-1.32832e-08
-1.64334e-07
-1.49009e-08
-1.56764e-07
-1.64602e-08
-1.48507e-07
-1.79539e-08
-1.39596e-07
-1.93752e-08
-1.30066e-07
-2.07172e-08
-1.19958e-07
-2.19736e-08
-1.09314e-07
-2.3138e-08
-9.81785e-08
-2.42045e-08
-8.66013e-08
-2.51669e-08
-7.46353e-08
-2.60175e-08
-6.23436e-08
-2.67391e-08
-4.98137e-08
-2.72809e-08
-3.72e-08
-2.74914e-08
-2.48276e-08
-2.69612e-08
-1.34003e-08
-2.474e-08
-4.31137e-09
-1.90943e-08
-8.0799e-09
-4.82179e-09
1.29748e-08
-1.49326e-08
2.91586e-08
-2.75091e-08
3.72382e-08
-4.10352e-08
4.04159e-08
-5.4784e-08
4.11881e-08
-6.84283e-08
4.08908e-08
-8.18116e-08
4.01005e-08
-9.4842e-08
3.90343e-08
-1.07451e-07
3.7768e-08
-1.19581e-07
3.63297e-08
-1.31177e-07
3.47332e-08
-1.42189e-07
3.29886e-08
-1.52572e-07
3.11056e-08
-1.62283e-07
2.90938e-08
-1.7128e-07
2.69631e-08
-1.7953e-07
2.47239e-08
-1.86999e-07
2.23864e-08
-1.93657e-07
1.99611e-08
-1.9948e-07
1.74583e-08
-2.04446e-07
1.48885e-08
-2.08535e-07
1.22622e-08
-2.11732e-07
9.58965e-09
-2.14026e-07
6.88123e-09
-2.15408e-07
4.14713e-09
-2.15873e-07
1.3975e-09
-2.15419e-07
-1.35752e-09
-2.14048e-07
-4.1078e-09
-2.11765e-07
-6.84316e-09
-2.08577e-07
-9.55335e-09
-2.04498e-07
-1.22281e-08
-1.9954e-07
-1.4857e-08
-1.93725e-07
-1.74297e-08
-1.87072e-07
-1.9936e-08
-1.79608e-07
-2.23651e-08
-1.71361e-07
-2.47068e-08
-1.62364e-07
-2.69505e-08
-1.52654e-07
-2.90858e-08
-1.42269e-07
-3.11024e-08
-1.31252e-07
-3.29904e-08
-1.19649e-07
-3.47403e-08
-1.07511e-07
-3.63426e-08
-9.48908e-08
-3.77874e-08
-8.18465e-08
-3.90619e-08
-6.84467e-08
-4.01388e-08
-5.47845e-08
-4.09431e-08
-4.1019e-08
-4.12569e-08
-2.74831e-08
-4.04971e-08
-1.49108e-08
-3.73123e-08
-4.82073e-09
-2.91844e-08
-1.29006e-08
-5.0096e-09
1.79844e-08
-1.55831e-08
3.97321e-08
-2.87325e-08
5.03876e-08
-4.28475e-08
5.45309e-08
-5.71727e-08
5.55132e-08
-7.13753e-08
5.50934e-08
-8.52985e-08
5.40237e-08
-9.88503e-08
5.2586e-08
-1.11961e-07
5.0879e-08
-1.24571e-07
4.89396e-08
-1.36625e-07
4.67866e-08
-1.4807e-07
4.44339e-08
-1.58859e-07
4.18946e-08
-1.68947e-07
3.91822e-08
-1.78294e-07
3.631e-08
-1.86862e-07
3.32921e-08
-1.94618e-07
3.01423e-08
-2.01532e-07
2.68748e-08
-2.07577e-07
2.35036e-08
-2.12732e-07
2.00427e-08
-2.16976e-07
1.65063e-08
-2.20294e-07
1.2908e-08
-2.22674e-07
9.26175e-09
-2.24108e-07
5.58118e-09
-2.24591e-07
1.87988e-09
-2.2412e-07
-1.82862e-09
-2.22697e-07
-5.53076e-09
-2.20327e-07
-9.21296e-09
-2.17019e-07
-1.28616e-08
-2.12784e-07
-1.64628e-08
-2.07638e-07
-2.00029e-08
-2.016e-07
-2.34679e-08
-1.94692e-07
-2.68439e-08
-1.8694e-07
-3.01168e-08
-1.78375e-07
-3.32723e-08
-1.69029e-07
-3.62964e-08
-1.5894e-07
-3.9175e-08
-1.48148e-07
-4.18942e-08
-1.36698e-07
-4.44404e-08
-1.24638e-07
-4.68005e-08
-1.12019e-07
-4.89614e-08
-9.88968e-08
-5.09094e-08
-8.53322e-08
-5.26264e-08
-7.13951e-08
-5.4076e-08
-5.71791e-08
-5.51592e-08
-4.28437e-08
-5.55922e-08
-2.87254e-08
-5.46155e-08
-1.55814e-08
-5.04562e-08
-5.01747e-09
-3.97484e-08
-1.79181e-08
-5.11423e-09
2.30986e-08
-1.59691e-08
5.05871e-08
-2.94862e-08
6.39047e-08
-4.39915e-08
6.90361e-08
-5.87034e-08
7.02252e-08
-7.32813e-08
6.96712e-08
-8.75662e-08
6.83087e-08
-1.01465e-07
6.64851e-08
-1.14909e-07
6.43223e-08
-1.27835e-07
6.1866e-08
-1.40188e-07
5.91397e-08
-1.51915e-07
5.61611e-08
-1.62968e-07
5.2947e-08
-1.733e-07
4.95145e-08
-1.82871e-07
4.58809e-08
-1.91643e-07
4.20637e-08
-1.99581e-07
3.80808e-08
-2.06656e-07
3.395e-08
-2.12842e-07
2.9689e-08
-2.18115e-07
2.53157e-08
-2.22456e-07
2.08475e-08
-2.2585e-07
1.6302e-08
-2.28285e-07
1.16964e-08
-2.29751e-07
7.04781e-09
-2.30245e-07
2.37329e-09
-2.29763e-07
-2.31021e-09
-2.28308e-07
-6.98576e-09
-2.25885e-07
-1.16364e-08
-2.22501e-07
-1.62449e-08
-2.1817e-07
-2.07943e-08
-2.12906e-07
-2.52671e-08
-2.06728e-07
-2.96459e-08
-1.99658e-07
-3.3913e-08
-1.91724e-07
-3.80507e-08
-1.82956e-07
-4.20411e-08
-1.73386e-07
-4.58661e-08
-1.63053e-07
-4.95081e-08
-1.51998e-07
-5.29493e-08
-1.40266e-07
-5.61723e-08
-1.27906e-07
-5.91602e-08
-1.14971e-07
-6.18963e-08
-1.01518e-07
-6.43629e-08
-8.76075e-08
-6.65368e-08
-7.33111e-08
-6.83724e-08
-5.87229e-08
-6.97473e-08
-4.40039e-08
-7.03112e-08
-2.94966e-08
-6.91228e-08
-1.59816e-08
-6.39712e-08
-5.12683e-09
-5.06031e-08
-2.30449e-08
-5.21783e-09
2.83165e-08
-1.63279e-08
6.16971e-08
-3.01785e-08
7.77553e-08
-4.50442e-08
8.39018e-08
-6.01188e-08
8.52998e-08
-7.50515e-08
8.46039e-08
-8.96793e-08
8.29364e-08
-1.03908e-07
8.07134e-08
-1.17665e-07
7.80798e-08
-1.3089e-07
7.50906e-08
-1.43524e-07
7.1774e-08
-1.55515e-07
6.81518e-08
-1.66812e-07
6.42445e-08
-1.77371e-07
6.0073e-08
-1.87148e-07
5.56585e-08
-1.96107e-07
5.10224e-08
-2.04213e-07
4.61866e-08
-2.11435e-07
4.11725e-08
-2.17748e-07
3.60019e-08
-2.23129e-07
3.06963e-08
-2.27558e-07
2.52767e-08
-2.3102e-07
1.97644e-08
-2.33504e-07
1.41799e-08
-2.35e-07
8.54391e-09
-2.35503e-07
2.87683e-09
-2.35013e-07
-2.80103e-09
-2.33529e-07
-8.46935e-09
-2.31058e-07
-1.41078e-08
-2.27607e-07
-1.96959e-08
-2.23188e-07
-2.5213e-08
-2.17817e-07
-3.06383e-08
-2.11512e-07
-3.59507e-08
-2.04296e-07
-4.11289e-08
-1.96195e-07
-4.61514e-08
-1.8724e-07
-5.09964e-08
-1.77464e-07
-5.56422e-08
-1.66905e-07
-6.0067e-08
-1.55605e-07
-6.42492e-08
-1.4361e-07
-6.81674e-08
-1.30969e-07
-7.18008e-08
-1.17737e-07
-7.51288e-08
-1.0397e-07
-7.81297e-08
-8.97316e-08
-8.07753e-08
-7.50936e-08
-8.30104e-08
-6.01518e-08
-8.46891e-08
-4.50705e-08
-8.53925e-08
-3.02011e-08
-8.39922e-08
-1.63481e-08
-7.78242e-08
-5.23194e-09
-6.17192e-08
-2.82769e-08
-5.34446e-09
3.36609e-08
-1.67406e-08
7.30933e-08
-3.09575e-08
9.19722e-08
-4.62194e-08
9.91637e-08
-6.16949e-08
1.00775e-07
-7.70217e-08
9.99307e-08
-9.20315e-08
9.79462e-08
-1.06627e-07
9.53086e-08
-1.20735e-07
9.21876e-08
-1.34291e-07
8.86473e-08
-1.47238e-07
8.47211e-08
-1.59521e-07
8.0435e-08
-1.7109e-07
7.58134e-08
-1.81899e-07
7.08813e-08
-1.91904e-07
6.56639e-08
-2.01068e-07
6.01868e-08
-2.09358e-07
5.44758e-08
-2.16741e-07
4.85564e-08
-2.23194e-07
4.24542e-08
-2.28692e-07
3.61944e-08
-2.33217e-07
2.98018e-08
-2.36754e-07
2.33012e-08
-2.3929e-07
1.67166e-08
-2.40819e-07
1.00721e-08
-2.41333e-07
3.39146e-09
-2.40832e-07
-3.30174e-09
-2.39318e-07
-9.98388e-09
-2.36794e-07
-1.66313e-08
-2.3327e-07
-2.32202e-08
-2.28757e-07
-2.97266e-08
-2.23269e-07
-3.6126e-08
-2.16826e-07
-4.2394e-08
-2.09449e-07
-4.85054e-08
-2.01166e-07
-5.44349e-08
-1.92005e-07
-6.01569e-08
-1.82002e-07
-6.56457e-08
-1.71193e-07
-7.08753e-08
-1.59622e-07
-7.58201e-08
-1.47335e-07
-8.04546e-08
-1.34382e-07
-8.47539e-08
-1.20818e-07
-8.86931e-08
-1.06701e-07
-9.22465e-08
-9.20959e-08
-9.53804e-08
-7.70761e-08
-9.80302e-08
-6.17399e-08
-1.00025e-07
-4.62564e-08
-1.00876e-07
-3.0988e-08
-9.92606e-08
-1.67645e-08
-9.20477e-08
-5.35847e-09
-7.31252e-08
-3.36353e-08
-5.49899e-09
3.91599e-08
-1.7231e-08
8.48253e-08
-3.18716e-08
1.06613e-07
-4.75901e-08
1.14882e-07
-6.35277e-08
1.16713e-07
-7.93092e-08
1.15712e-07
-9.47602e-08
1.13397e-07
-1.0978e-07
1.10328e-07
-1.24292e-07
1.067e-07
-1.38232e-07
1.02587e-07
-1.5154e-07
9.80289e-08
-1.6416e-07
9.3055e-08
-1.76041e-07
8.76944e-08
-1.87136e-07
8.19765e-08
-1.97403e-07
7.59306e-08
-2.06803e-07
6.95867e-08
-2.15302e-07
6.29748e-08
-2.2287e-07
5.61245e-08
-2.29481e-07
4.90653e-08
-2.35113e-07
4.18262e-08
-2.39747e-07
3.4436e-08
-2.43368e-07
2.69226e-08
-2.45965e-07
1.93137e-08
-2.4753e-07
1.16368e-08
-2.48057e-07
3.91872e-09
-2.47545e-07
-3.81363e-09
-2.45996e-07
-1.15334e-08
-2.43413e-07
-1.92138e-08
-2.39806e-07
-2.68278e-08
-2.35184e-07
-3.43479e-08
-2.29564e-07
-4.17464e-08
-2.22963e-07
-4.8995e-08
-2.15403e-07
-5.60651e-08
-2.06911e-07
-6.29274e-08
-1.97515e-07
-6.95523e-08
-1.87251e-07
-7.59099e-08
-1.76156e-07
-8.19701e-08
-1.64274e-07
-8.77029e-08
-1.5165e-07
-9.30785e-08
-1.38336e-07
-9.80675e-08
-1.24388e-07
-1.02641e-07
-1.09867e-07
-1.06768e-07
-9.4837e-08
-1.1041e-07
-7.93753e-08
-1.13492e-07
-6.35831e-08
-1.15817e-07
-4.76355e-08
-1.16824e-07
-3.19074e-08
-1.14989e-07
-1.72566e-08
-1.06698e-07
-5.51241e-09
-8.48694e-08
-3.91477e-08
-5.68196e-09
4.48419e-08
-1.78059e-08
9.69493e-08
-3.29374e-08
1.21744e-07
-4.91831e-08
1.31128e-07
-6.56534e-08
1.33183e-07
-8.1959e-08
1.32018e-07
-9.79184e-08
1.29356e-07
-1.13426e-07
1.25836e-07
-1.28404e-07
1.21678e-07
-1.42785e-07
1.16968e-07
-1.56508e-07
1.11751e-07
-1.69514e-07
1.06061e-07
-1.81753e-07
9.99331e-08
-1.93176e-07
9.33998e-08
-2.03741e-07
8.64957e-08
-2.1341e-07
7.92552e-08
-2.22147e-07
7.17126e-08
-2.29925e-07
6.39019e-08
-2.36716e-07
5.58567e-08
-2.425e-07
4.76098e-08
-2.47257e-07
3.91936e-08
-2.50974e-07
3.06397e-08
-2.5364e-07
2.19793e-08
-2.55246e-07
1.32427e-08
-2.55787e-07
4.46029e-09
-2.55263e-07
-4.3381e-09
-2.53674e-07
-1.31226e-08
-2.51025e-07
-2.18631e-08
-2.47323e-07
-3.05295e-08
-2.4258e-07
-3.90912e-08
-2.36809e-07
-4.7517e-08
-2.30029e-07
-5.57751e-08
-2.22261e-07
-6.3833e-08
-2.13531e-07
-7.16577e-08
-2.03868e-07
-7.92154e-08
-1.93306e-07
-8.64719e-08
-1.81883e-07
-9.33927e-08
-1.69643e-07
-9.99431e-08
-1.56633e-07
-1.06089e-07
-1.42904e-07
-1.11796e-07
-1.28515e-07
-1.1703e-07
-1.13527e-07
-1.21756e-07
-9.80082e-08
-1.25929e-07
-8.20368e-08
-1.29463e-07
-6.57187e-08
-1.32136e-07
-4.92358e-08
-1.33307e-07
-3.29776e-08
-1.31247e-07
-1.78328e-08
-1.21843e-07
-5.69478e-09
-9.70075e-08
-4.48425e-08
-5.89369e-09
5.07356e-08
-1.84691e-08
1.09525e-07
-3.41639e-08
1.37439e-07
-5.10131e-08
1.47977e-07
-6.80924e-08
1.50263e-07
-8.49965e-08
1.48922e-07
-1.01536e-07
1.45896e-07
-1.17601e-07
1.41901e-07
-1.33109e-07
1.37187e-07
-1.47992e-07
1.31851e-07
-1.62184e-07
1.25944e-07
-1.75629e-07
1.19506e-07
-1.88272e-07
1.12576e-07
-2.00066e-07
1.05194e-07
-2.10968e-07
9.73973e-08
-2.20939e-07
8.9226e-08
-2.29945e-07
8.07188e-08
-2.37957e-07
7.19142e-08
-2.4495e-07
6.285e-08
-2.50904e-07
5.3563e-08
-2.55799e-07
4.40892e-08
-2.59623e-07
3.44638e-08
-2.62365e-07
2.4721e-08
-2.64017e-07
1.48946e-08
-2.64574e-07
5.01785e-09
-2.64036e-07
-4.87652e-09
-2.62403e-07
-1.47557e-08
-2.59679e-07
-2.45867e-08
-2.55873e-07
-3.43363e-08
-2.50993e-07
-4.39707e-08
-2.45054e-07
-5.34556e-08
-2.38074e-07
-6.27556e-08
-2.30072e-07
-7.18345e-08
-2.21075e-07
-8.06553e-08
-2.1111e-07
-8.91799e-08
-2.00212e-07
-9.73697e-08
-1.8842e-07
-1.05186e-07
-1.75775e-07
-1.12588e-07
-1.62326e-07
-1.19537e-07
-1.48127e-07
-1.25995e-07
-1.33236e-07
-1.31921e-07
-1.17717e-07
-1.37276e-07
-1.01639e-07
-1.42006e-07
-8.50863e-08
-1.46016e-07
-6.81675e-08
-1.49054e-07
-5.1073e-08
-1.50401e-07
-3.42082e-08
-1.48112e-07
-1.84974e-08
-1.37554e-07
-5.90614e-09
-1.09599e-07
-5.07486e-08
-6.13509e-09
5.68707e-08
-1.92243e-08
1.22614e-07
-3.55593e-08
1.53774e-07
-5.30931e-08
1.65511e-07
-7.08623e-08
1.68032e-07
-8.84435e-08
1.66503e-07
-1.05638e-07
1.63091e-07
-1.22331e-07
1.58594e-07
-1.38438e-07
1.53293e-07
-1.53884e-07
1.47297e-07
-1.68605e-07
1.40665e-07
-1.82541e-07
1.33442e-07
-1.95637e-07
1.25673e-07
-2.07845e-07
1.17402e-07
-2.19122e-07
1.08674e-07
-2.29429e-07
9.95328e-08
-2.38733e-07
9.00227e-08
-2.47005e-07
8.01866e-08
-2.54221e-07
7.00665e-08
-2.60362e-07
5.97034e-08
-2.65409e-07
4.91368e-08
-2.69351e-07
3.84054e-08
-2.72177e-07
2.75466e-08
-2.73879e-07
1.65971e-08
-2.74454e-07
5.59301e-09
-2.73901e-07
-5.43022e-09
-2.72219e-07
-1.64371e-08
-2.69414e-07
-2.73918e-08
-2.65492e-07
-3.82585e-08
-2.60462e-07
-4.90002e-08
-2.54338e-07
-5.95795e-08
-2.47136e-07
-6.99576e-08
-2.38876e-07
-8.00946e-08
-2.29582e-07
-8.99493e-08
-2.19283e-07
-9.94794e-08
-2.08011e-07
-1.08642e-07
-1.95804e-07
-1.17392e-07
-1.82707e-07
-1.25685e-07
-1.68767e-07
-1.33477e-07
-1.54039e-07
-1.40723e-07
-1.38583e-07
-1.47377e-07
-1.22464e-07
-1.53394e-07
-1.05757e-07
-1.58714e-07
-8.85464e-08
-1.63227e-07
-7.09479e-08
-1.66653e-07
-5.31606e-08
-1.68188e-07
-3.56081e-08
-1.65664e-07
-1.92544e-08
-1.53908e-07
-6.14749e-09
-1.22706e-07
-5.68961e-08
-6.4076e-09
6.32783e-08
-2.00767e-08
1.36283e-07
-3.71331e-08
1.70831e-07
-5.54377e-08
1.83815e-07
-7.39825e-08
1.86577e-07
-9.2324e-08
1.84845e-07
-1.10254e-07
1.8102e-07
-1.2765e-07
1.7599e-07
-1.44424e-07
1.70067e-07
-1.605e-07
1.63373e-07
-1.75809e-07
1.55974e-07
-1.9029e-07
1.47923e-07
-2.03888e-07
1.3927e-07
-2.16553e-07
1.30067e-07
-2.28243e-07
1.20363e-07
-2.38919e-07
1.10209e-07
-2.48549e-07
9.96531e-08
-2.57106e-07
8.87435e-08
-2.64567e-07
7.75267e-08
-2.70911e-07
6.60477e-08
-2.76124e-07
5.43497e-08
-2.80193e-07
4.24747e-08
-2.8311e-07
3.04632e-08
-2.84867e-07
1.83545e-08
-2.85461e-07
6.1873e-09
-2.84891e-07
-6.0004e-09
-2.83157e-07
-1.81707e-08
-2.80264e-07
-3.02854e-08
-2.76216e-07
-4.2306e-08
-2.71024e-07
-5.41927e-08
-2.64698e-07
-6.59052e-08
-2.57255e-07
-7.74013e-08
-2.48712e-07
-8.86374e-08
-2.39093e-07
-9.95683e-08
-2.28425e-07
-1.10147e-07
-2.16741e-07
-1.20326e-07
-2.04078e-07
-1.30055e-07
-1.90479e-07
-1.39284e-07
-1.75993e-07
-1.47963e-07
-1.60677e-07
-1.56039e-07
-1.4459e-07
-1.63464e-07
-1.27802e-07
-1.70182e-07
-1.10389e-07
-1.76127e-07
-9.24414e-08
-1.81175e-07
-7.40797e-08
-1.85014e-07
-5.55135e-08
-1.86755e-07
-3.7187e-08
-1.83991e-07
-2.0109e-08
-1.70986e-07
-6.42034e-09
-1.36394e-07
-6.33164e-08
-6.71317e-09
6.99915e-08
-2.10323e-08
1.50602e-07
-3.88968e-08
1.88695e-07
-5.80637e-08
2.02982e-07
-7.74754e-08
2.05988e-07
-9.66653e-08
2.04035e-07
-1.15414e-07
1.99768e-07
-1.33593e-07
1.94169e-07
-1.51108e-07
1.87583e-07
-1.6788e-07
1.80145e-07
-1.83838e-07
1.71932e-07
-1.9892e-07
1.63004e-07
-2.13068e-07
1.53419e-07
-2.26234e-07
1.43233e-07
-2.38375e-07
1.32504e-07
-2.49453e-07
1.21287e-07
-2.59438e-07
1.09638e-07
-2.68303e-07
9.76082e-08
-2.76026e-07
8.52498e-08
-2.8259e-07
7.26115e-08
-2.8798e-07
5.97403e-08
-2.92187e-07
4.66811e-08
-2.95201e-07
3.34772e-08
-2.97017e-07
2.01706e-08
-2.97632e-07
6.80212e-09
-2.97044e-07
-6.5881e-09
-2.95254e-07
-1.99601e-08
-2.92266e-07
-3.32736e-08
-2.88085e-07
-4.64877e-08
-2.82717e-07
-5.95602e-08
-2.76174e-07
-7.24479e-08
-2.6847e-07
-8.51056e-08
-2.59621e-07
-9.7486e-08
-2.4965e-07
-1.0954e-07
-2.38581e-07
-1.21216e-07
-2.26447e-07
-1.3246e-07
-2.13284e-07
-1.43218e-07
-1.99134e-07
-1.53434e-07
-1.84048e-07
-1.63049e-07
-1.68081e-07
-1.72006e-07
-1.51297e-07
-1.80248e-07
-1.33766e-07
-1.87713e-07
-1.15569e-07
-1.94324e-07
-9.67991e-08
-1.99945e-07
-7.75858e-08
-2.04228e-07
-5.81493e-08
-2.06191e-07
-3.89568e-08
-2.03183e-07
-2.10675e-08
-1.88875e-07
-6.72668e-09
-1.50735e-07
-7.00431e-08
-7.05425e-09
7.70457e-08
-2.20985e-08
1.65646e-07
-4.08638e-08
2.0746e-07
-6.09912e-08
2.2311e-07
-8.13671e-08
2.26364e-07
-1.01499e-07
2.24167e-07
-1.21155e-07
2.19424e-07
-1.40199e-07
2.13213e-07
-1.58532e-07
2.05916e-07
-1.76071e-07
1.97684e-07
-1.92741e-07
1.88603e-07
-2.08479e-07
1.78742e-07
-2.23228e-07
1.68167e-07
-2.36938e-07
1.56943e-07
-2.49567e-07
1.45133e-07
-2.61079e-07
1.32799e-07
-2.71444e-07
1.20003e-07
-2.80639e-07
1.06803e-07
-2.88643e-07
9.32537e-08
-2.9544e-07
7.94092e-08
-3.0102e-07
6.53196e-08
-3.05371e-07
5.10328e-08
-3.08488e-07
3.65945e-08
-3.10367e-07
2.2049e-08
-3.11003e-07
7.43876e-09
-3.10397e-07
-7.19418e-09
-3.08549e-07
-2.18083e-08
-3.05461e-07
-3.63617e-08
-3.01137e-07
-5.08114e-08
-2.95584e-07
-6.51134e-08
-2.8881e-07
-7.92217e-08
-2.80828e-07
-9.30882e-08
-2.71652e-07
-1.06662e-07
-2.61301e-07
-1.1989e-07
-2.49801e-07
-1.32716e-07
-2.37179e-07
-1.45082e-07
-2.23473e-07
-1.56925e-07
-2.08723e-07
-1.68183e-07
-1.9298e-07
-1.78792e-07
-1.763e-07
-1.88686e-07
-1.58748e-07
-1.978e-07
-1.40398e-07
-2.06063e-07
-1.21332e-07
-2.13389e-07
-1.01652e-07
-2.19625e-07
-8.14928e-08
-2.24387e-07
-6.10881e-08
-2.26596e-07
-4.09313e-08
-2.2334e-07
-2.21377e-08
-2.07669e-07
-7.069e-09
-1.65804e-07
-7.71121e-08
-7.43377e-09
8.44795e-08
-2.32842e-08
1.81497e-07
-4.30503e-08
2.27227e-07
-6.42437e-08
2.44303e-07
-8.56883e-08
2.47809e-07
-1.06863e-07
2.45341e-07
-1.27521e-07
2.40082e-07
-1.47518e-07
2.3321e-07
-1.66748e-07
2.25146e-07
-1.85126e-07
2.16061e-07
-2.02573e-07
2.06051e-07
-2.19025e-07
1.95194e-07
-2.34424e-07
1.83566e-07
-2.4872e-07
1.71239e-07
-2.61873e-07
1.58286e-07
-2.73848e-07
1.44775e-07
-2.84619e-07
1.30774e-07
-2.94163e-07
1.16347e-07
-3.02464e-07
1.01554e-07
-3.09508e-07
8.64531e-08
-3.15285e-07
7.1097e-08
-3.19789e-07
5.55366e-08
-3.23014e-07
3.98198e-08
-3.24958e-07
2.39923e-08
-3.25617e-07
8.09829e-09
-3.24992e-07
-7.81926e-09
-3.23083e-07
-2.37177e-08
-3.19891e-07
-3.95539e-08
-3.15418e-07
-5.52838e-08
-3.0967e-07
-7.08613e-08
-3.02654e-07
-8.62385e-08
-2.94377e-07
-1.01365e-07
-2.84854e-07
-1.16185e-07
-2.741e-07
-1.30644e-07
-2.62138e-07
-1.44679e-07
-2.48994e-07
-1.58226e-07
-2.34702e-07
-1.71217e-07
-2.19303e-07
-1.83582e-07
-2.02846e-07
-1.95249e-07
-1.85388e-07
-2.06145e-07
-1.66995e-07
-2.16193e-07
-1.47744e-07
-2.25314e-07
-1.27723e-07
-2.3341e-07
-1.07038e-07
-2.40311e-07
-8.58317e-08
-2.45593e-07
-6.43539e-08
-2.48074e-07
-4.31266e-08
-2.44567e-07
-2.33281e-08
-2.27467e-07
-7.45008e-09
-1.81682e-07
-8.45622e-08
-7.85512e-09
9.23346e-08
-2.45998e-08
1.98241e-07
-4.54751e-08
2.48102e-07
-6.78486e-08
2.66677e-07
-9.04746e-08
2.70435e-07
-1.12799e-07
2.67666e-07
-1.3456e-07
2.61842e-07
-1.55602e-07
2.54253e-07
-1.75815e-07
2.45359e-07
-1.95106e-07
2.35352e-07
-2.13398e-07
2.24342e-07
-2.30621e-07
2.12417e-07
-2.46718e-07
1.99663e-07
-2.61642e-07
1.86163e-07
-2.75353e-07
1.71997e-07
-2.8782e-07
1.57242e-07
-2.99019e-07
1.41973e-07
-3.0893e-07
1.26259e-07
-3.17541e-07
1.10165e-07
-3.24841e-07
9.37532e-08
-3.30824e-07
7.70798e-08
-3.35485e-07
6.01978e-08
-3.38822e-07
4.31565e-08
-3.40832e-07
2.60028e-08
-3.41515e-07
8.78152e-09
-3.40871e-07
-8.46369e-09
-3.38899e-07
-2.56898e-08
-3.35599e-07
-4.28533e-08
-3.30974e-07
-5.99093e-08
-3.25025e-07
-7.68107e-08
-3.17755e-07
-9.35079e-08
-3.09172e-07
-1.09948e-07
-2.99285e-07
-1.26073e-07
-2.88106e-07
-1.41822e-07
-2.75654e-07
-1.5713e-07
-2.61953e-07
-1.71926e-07
-2.47035e-07
-1.86136e-07
-2.30937e-07
-1.9968e-07
-2.13708e-07
-2.12478e-07
-1.95406e-07
-2.24447e-07
-1.76097e-07
-2.35501e-07
-1.55862e-07
-2.45549e-07
-1.34792e-07
-2.5448e-07
-1.12999e-07
-2.62103e-07
-9.06385e-08
-2.67953e-07
-6.79742e-08
-2.70738e-07
-4.55616e-08
-2.6698e-07
-2.46491e-08
-2.4838e-07
-7.87312e-09
-1.98458e-07
-9.24353e-08
-8.32224e-09
1.00657e-07
-2.60573e-08
2.15977e-07
-4.81601e-08
2.70205e-07
-7.18382e-08
2.90355e-07
-9.57678e-08
2.94364e-07
-1.19359e-07
2.91258e-07
-1.4233e-07
2.84814e-07
-1.64517e-07
2.76439e-07
-1.858e-07
2.66643e-07
-2.06083e-07
2.55636e-07
-2.25285e-07
2.43544e-07
-2.43337e-07
2.30469e-07
-2.60182e-07
2.16508e-07
-2.75773e-07
2.01754e-07
-2.90074e-07
1.86298e-07
-3.03058e-07
1.70225e-07
-3.14703e-07
1.53618e-07
-3.24996e-07
1.36551e-07
-3.33927e-07
1.19096e-07
-3.4149e-07
1.01317e-07
-3.47683e-07
8.32729e-08
-3.52505e-07
6.50193e-08
-3.55955e-07
4.66064e-08
-3.58033e-07
2.80814e-08
-3.58741e-07
9.48898e-09
-3.58077e-07
-9.12744e-09
-3.56042e-07
-2.77252e-08
-3.52634e-07
-4.62612e-08
-3.47853e-07
-6.46906e-08
-3.41697e-07
-8.29659e-08
-3.34169e-07
-1.01036e-07
-3.25269e-07
-1.18847e-07
-3.15004e-07
-1.36338e-07
-3.03382e-07
-1.53445e-07
-2.90416e-07
-1.70096e-07
-2.76127e-07
-1.86215e-07
-2.60543e-07
-2.0172e-07
-2.43698e-07
-2.16524e-07
-2.2564e-07
-2.30537e-07
-2.06425e-07
-2.43662e-07
-1.86122e-07
-2.55804e-07
-1.64814e-07
-2.66858e-07
-1.42596e-07
-2.76698e-07
-1.19588e-07
-2.85111e-07
-9.59554e-08
-2.91586e-07
-7.19816e-08
-2.94712e-07
-4.82584e-08
-2.90703e-07
-2.61127e-08
-2.70526e-07
-8.34191e-09
-2.16228e-07
-1.00777e-07
-8.83967e-09
1.09497e-07
-2.7671e-08
2.34808e-07
-5.11314e-08
2.93665e-07
-7.62502e-08
3.15474e-07
-1.01617e-07
3.19731e-07
-1.266e-07
3.16241e-07
-1.50898e-07
3.09111e-07
-1.74333e-07
2.99875e-07
-1.9678e-07
2.89089e-07
-2.18136e-07
2.76992e-07
-2.38318e-07
2.63726e-07
-2.57256e-07
2.49407e-07
-2.74895e-07
2.34146e-07
-2.9119e-07
2.1805e-07
-3.0611e-07
2.01218e-07
-3.19631e-07
1.83746e-07
-3.31737e-07
1.65725e-07
-3.42422e-07
1.47235e-07
-3.51679e-07
1.28353e-07
-3.59509e-07
1.09147e-07
-3.65914e-07
8.96776e-08
-3.70896e-07
7.00016e-08
-3.74459e-07
5.01696e-08
-3.76606e-07
3.0228e-08
-3.77338e-07
1.02208e-08
-3.76655e-07
-9.81004e-09
-3.74557e-07
-2.98232e-08
-3.71041e-07
-4.97769e-08
-3.66104e-07
-6.96274e-08
-3.59743e-07
-8.93276e-08
-3.51952e-07
-1.08827e-07
-3.42731e-07
-1.28068e-07
-3.32079e-07
-1.46991e-07
-3.19998e-07
-1.65525e-07
-3.06498e-07
-1.83596e-07
-2.91593e-07
-2.0112e-07
-2.75306e-07
-2.18008e-07
-2.57668e-07
-2.34162e-07
-2.38723e-07
-2.49481e-07
-2.18527e-07
-2.63858e-07
-1.97149e-07
-2.77182e-07
-1.74674e-07
-2.89334e-07
-1.51202e-07
-3.00169e-07
-1.26863e-07
-3.09451e-07
-1.01832e-07
-3.16617e-07
-7.64144e-08
-3.20129e-07
-5.12435e-08
-3.15874e-07
-2.77335e-08
-2.94036e-07
-8.86118e-09
-2.35101e-07
-1.09638e-07
-9.41272e-09
1.18909e-07
-2.94577e-08
2.54853e-07
-5.44196e-08
3.18627e-07
-8.11294e-08
3.42183e-07
-1.08079e-07
3.46681e-07
-1.34592e-07
3.42754e-07
-1.60341e-07
3.34861e-07
-1.85137e-07
3.24671e-07
-2.08845e-07
3.12797e-07
-2.31358e-07
2.99505e-07
-2.52589e-07
2.84957e-07
-2.72469e-07
2.69288e-07
-2.90946e-07
2.52623e-07
-3.07979e-07
2.35082e-07
-3.23541e-07
2.1678e-07
-3.37615e-07
1.9782e-07
-3.50193e-07
1.78303e-07
-3.61272e-07
1.58315e-07
-3.70857e-07
1.37938e-07
-3.78953e-07
1.17242e-07
-3.85566e-07
9.62915e-08
-3.90707e-07
7.51418e-08
-3.9438e-07
5.38434e-08
-3.96593e-07
3.24411e-08
-3.97349e-07
1.09766e-08
-3.96649e-07
-1.05105e-08
-3.9449e-07
-3.19816e-08
-3.9087e-07
-5.33974e-08
-3.85781e-07
-7.47162e-08
-3.79216e-07
-9.58928e-08
-3.71166e-07
-1.16877e-07
-3.61622e-07
-1.37612e-07
-3.50578e-07
-1.58034e-07
-3.38031e-07
-1.78072e-07
-3.23981e-07
-1.97646e-07
-3.08437e-07
-2.16665e-07
-2.91414e-07
-2.35031e-07
-2.72939e-07
-2.52637e-07
-2.53052e-07
-2.69369e-07
-2.31805e-07
-2.85105e-07
-2.09268e-07
-2.99719e-07
-1.85528e-07
-3.13074e-07
-1.60691e-07
-3.25006e-07
-1.34893e-07
-3.35248e-07
-1.08326e-07
-3.43184e-07
-8.13178e-08
-3.47138e-07
-5.45478e-08
-3.42644e-07
-2.95286e-08
-3.19055e-07
-9.43659e-09
-2.55193e-07
-1.19075e-07
-1.00478e-08
1.28957e-07
-3.14374e-08
2.76243e-07
-5.8061e-08
3.45251e-07
-8.65284e-08
3.70651e-07
-1.15223e-07
3.75375e-07
-1.43414e-07
3.70945e-07
-1.70751e-07
3.62197e-07
-1.97027e-07
3.50947e-07
-2.22099e-07
3.37868e-07
-2.45853e-07
3.23259e-07
-2.68203e-07
3.07307e-07
-2.8908e-07
2.90165e-07
-3.08435e-07
2.71978e-07
-3.26233e-07
2.52881e-07
-3.42455e-07
2.33001e-07
-3.57092e-07
2.12457e-07
-3.70144e-07
1.91354e-07
-3.81617e-07
1.69789e-07
-3.91524e-07
1.47845e-07
-3.99877e-07
1.25596e-07
-4.06693e-07
1.03107e-07
-4.11984e-07
8.04331e-08
-4.15763e-07
5.76225e-08
-4.1804e-07
3.47173e-08
-4.18818e-07
1.17555e-08
-4.18102e-07
-1.12273e-08
-4.15887e-07
-3.41964e-08
-4.12168e-07
-5.71165e-08
-4.06934e-07
-7.99496e-08
-4.00174e-07
-1.02653e-07
-3.91872e-07
-1.25179e-07
-3.82012e-07
-1.47472e-07
-3.7058e-07
-1.69466e-07
-3.57564e-07
-1.91089e-07
-3.42956e-07
-2.12254e-07
-3.26755e-07
-2.32866e-07
-3.08968e-07
-2.52817e-07
-2.89617e-07
-2.71989e-07
-2.68733e-07
-2.90253e-07
-2.46366e-07
-3.07471e-07
-2.22584e-07
-3.235e-07
-1.97476e-07
-3.38182e-07
-1.71154e-07
-3.51329e-07
-1.43762e-07
-3.6264e-07
-1.15507e-07
-3.71438e-07
-8.67453e-08
-3.759e-07
-5.82084e-08
-3.71181e-07
-3.15187e-08
-3.45745e-07
-1.00749e-08
-2.76636e-07
-1.2915e-07
-1.07526e-08
1.3971e-07
-3.36341e-08
2.99124e-07
-6.2099e-08
3.73715e-07
-9.25099e-08
4.01062e-07
-1.23127e-07
4.05992e-07
-1.53163e-07
4.00981e-07
-1.82234e-07
3.91269e-07
-2.10118e-07
3.78831e-07
-2.36661e-07
3.64411e-07
-2.61745e-07
3.48343e-07
-2.85282e-07
3.30844e-07
-3.07207e-07
3.12089e-07
-3.27474e-07
2.92245e-07
-3.46059e-07
2.71466e-07
-3.62951e-07
2.49893e-07
-3.78151e-07
2.27657e-07
-3.91671e-07
2.04874e-07
-4.03527e-07
1.81645e-07
-4.13743e-07
1.5806e-07
-4.22341e-07
1.34194e-07
-4.29345e-07
1.10111e-07
-4.34775e-07
8.58638e-08
-4.38651e-07
6.1498e-08
-4.40985e-07
3.70511e-08
-4.41785e-07
1.25559e-08
-4.41055e-07
-1.1958e-08
-4.3879e-07
-3.64614e-08
-4.34981e-07
-6.09247e-08
-4.29616e-07
-8.53151e-08
-4.22674e-07
-1.09595e-07
-4.14134e-07
-1.33719e-07
-4.03972e-07
-1.57634e-07
-3.92164e-07
-1.81275e-07
-3.78685e-07
-2.04567e-07
-3.63519e-07
-2.2742e-07
-3.46652e-07
-2.49733e-07
-3.28082e-07
-2.71387e-07
-3.07819e-07
-2.92252e-07
-2.85888e-07
-3.12183e-07
-2.62333e-07
-3.31026e-07
-2.37219e-07
-3.48614e-07
-2.10635e-07
-3.64766e-07
-1.82698e-07
-3.79266e-07
-1.53564e-07
-3.91775e-07
-1.23456e-07
-4.01546e-07
-9.27606e-08
-4.06595e-07
-6.22693e-08
-4.01672e-07
-3.37279e-08
-3.74286e-07
-1.07839e-08
-2.9958e-07
-1.39934e-07
-1.15365e-08
1.51246e-07
-3.60765e-08
3.23664e-07
-6.65855e-08
4.04225e-07
-9.9149e-08
4.33625e-07
-1.31889e-07
4.38732e-07
-1.63951e-07
4.33043e-07
-1.94918e-07
4.22235e-07
-2.24546e-07
4.08459e-07
-2.52672e-07
3.92537e-07
-2.79174e-07
3.74846e-07
-3.03964e-07
3.55633e-07
-3.26981e-07
3.35106e-07
-3.4819e-07
3.13454e-07
-3.67573e-07
2.9085e-07
-3.85135e-07
2.67454e-07
-4.00888e-07
2.43411e-07
-4.14859e-07
2.18844e-07
-4.27078e-07
1.93864e-07
-4.3758e-07
1.68562e-07
-4.464e-07
1.43014e-07
-4.53571e-07
1.17282e-07
-4.59124e-07
9.14166e-08
-4.63083e-07
6.54569e-08
-4.65466e-07
3.94346e-08
-4.66285e-07
1.33752e-08
-4.65544e-07
-1.26993e-08
-4.63238e-07
-3.87678e-08
-4.59354e-07
-6.4808e-08
-4.53875e-07
-9.07946e-08
-4.46774e-07
-1.16696e-07
-4.3802e-07
-1.42473e-07
-4.27579e-07
-1.68075e-07
-4.15415e-07
-1.93439e-07
-4.01492e-07
-2.1849e-07
-3.85778e-07
-2.43135e-07
-3.68247e-07
-2.67264e-07
-3.48882e-07
-2.90752e-07
-3.27681e-07
-3.13453e-07
-3.04658e-07
-3.35206e-07
-2.7985e-07
-3.55835e-07
-2.53315e-07
-3.75149e-07
-2.25142e-07
-3.92939e-07
-1.95454e-07
-4.08955e-07
-1.64415e-07
-4.22814e-07
-1.3227e-07
-4.33691e-07
-9.94397e-08
-4.39426e-07
-6.6783e-08
-4.34329e-07
-3.61854e-08
-4.04884e-07
-1.1573e-08
-3.24193e-07
-1.51507e-07
-1.24111e-08
1.63657e-07
-3.87996e-08
3.50053e-07
-7.15835e-08
4.37008e-07
-1.06536e-07
4.68578e-07
-1.41623e-07
4.7382e-07
-1.75913e-07
4.67334e-07
-2.0895e-07
4.55272e-07
-2.4047e-07
4.39979e-07
-2.70296e-07
4.22363e-07
-2.98304e-07
4.02854e-07
-3.24409e-07
3.81738e-07
-3.48556e-07
3.59254e-07
-3.70722e-07
3.35619e-07
-3.90904e-07
3.11032e-07
-4.09121e-07
2.85672e-07
-4.25405e-07
2.59695e-07
-4.39797e-07
2.33237e-07
-4.52345e-07
2.06412e-07
-4.63099e-07
1.79316e-07
-4.72108e-07
1.52023e-07
-4.79418e-07
1.24592e-07
-4.85069e-07
9.70671e-08
-4.89093e-07
6.94811e-08
-4.91515e-07
4.18567e-08
-4.9235e-07
1.42099e-08
-4.91602e-07
-1.34472e-08
-4.89266e-07
-4.11038e-08
-4.85326e-07
-6.87477e-08
-4.79758e-07
-9.63629e-08
-4.72527e-07
-1.23927e-07
-4.63593e-07
-1.51407e-07
-4.52909e-07
-1.78759e-07
-4.40424e-07
-2.05924e-07
-4.26087e-07
-2.32827e-07
-4.0985e-07
-2.59372e-07
-3.91669e-07
-2.85445e-07
-3.7151e-07
-3.1091e-07
-3.49355e-07
-3.35607e-07
-3.25204e-07
-3.59357e-07
-2.9908e-07
-3.81959e-07
-2.71037e-07
-4.03193e-07
-2.41159e-07
-4.22817e-07
-2.09571e-07
-4.40542e-07
-1.76452e-07
-4.55933e-07
-1.42066e-07
-4.68077e-07
-1.06874e-07
-4.74618e-07
-7.1813e-08
-4.6939e-07
-3.89261e-08
-4.37771e-07
-1.24535e-08
-3.50665e-07
-1.6396e-07
-1.33902e-08
1.77047e-07
-4.1846e-08
3.78508e-07
-7.71692e-08
4.72332e-07
-1.14781e-07
5.06189e-07
-1.52468e-07
5.11507e-07
-1.89212e-07
5.04078e-07
-2.24511e-07
4.90571e-07
-2.58078e-07
4.73546e-07
-2.89724e-07
4.5401e-07
-3.19324e-07
4.32454e-07
-3.46798e-07
4.09211e-07
-3.72102e-07
3.84558e-07
-3.95228e-07
3.58745e-07
-4.16194e-07
3.31998e-07
-4.35037e-07
3.04515e-07
-4.51811e-07
2.76468e-07
-4.66578e-07
2.48004e-07
-4.79407e-07
2.19241e-07
-4.90365e-07
1.90274e-07
-4.99519e-07
1.61176e-07
-5.06928e-07
1.32001e-07
-5.12644e-07
1.02783e-07
-5.16709e-07
7.35468e-08
-5.19156e-07
4.43028e-08
-5.20001e-07
1.50554e-08
-5.19252e-07
-1.41962e-08
-5.16902e-07
-4.34541e-08
-5.1293e-07
-7.2719e-08
-5.07306e-07
-1.01987e-07
-4.99987e-07
-1.31246e-07
-4.90918e-07
-1.60475e-07
-4.80039e-07
-1.89638e-07
-4.67283e-07
-2.1868e-07
-4.5258e-07
-2.47529e-07
-4.35861e-07
-2.76091e-07
-4.17061e-07
-3.04245e-07
-3.96126e-07
-3.31846e-07
-3.73015e-07
-3.58718e-07
-3.47709e-07
-3.84663e-07
-3.20217e-07
-4.09451e-07
-2.90579e-07
-4.32831e-07
-2.58875e-07
-4.54521e-07
-2.25231e-07
-4.74185e-07
-1.89838e-07
-4.91327e-07
-1.52983e-07
-5.04931e-07
-1.15174e-07
-5.12427e-07
-7.74365e-08
-5.07128e-07
-4.19929e-08
-4.73214e-07
-1.34391e-08
-3.79219e-07
-1.77399e-07
-1.44907e-08
1.91538e-07
-4.52676e-08
4.09285e-07
-8.34361e-08
5.105e-07
-1.24016e-07
5.46769e-07
-1.64591e-07
5.52082e-07
-2.04041e-07
5.43528e-07
-2.41813e-07
5.28343e-07
-2.77593e-07
5.09325e-07
-3.11182e-07
4.87599e-07
-3.42455e-07
4.63727e-07
-3.71341e-07
4.38096e-07
-3.97814e-07
4.11031e-07
-4.21886e-07
3.82817e-07
-4.43599e-07
3.53711e-07
-4.63017e-07
3.23934e-07
-4.80221e-07
2.93672e-07
-4.95298e-07
2.63081e-07
-5.0834e-07
2.32283e-07
-5.19438e-07
2.01372e-07
-5.28677e-07
1.70415e-07
-5.36134e-07
1.39458e-07
-5.41874e-07
1.08524e-07
-5.45951e-07
7.76234e-08
-5.48403e-07
4.67546e-08
-5.49253e-07
1.59058e-08
-5.4851e-07
-1.49396e-08
-5.46164e-07
-4.57996e-08
-5.42192e-07
-7.66907e-08
-5.36555e-07
-1.07624e-07
-5.29198e-07
-1.38603e-07
-5.20055e-07
-1.69619e-07
-5.09048e-07
-2.00645e-07
-4.96089e-07
-2.31638e-07
-4.81088e-07
-2.62531e-07
-4.63949e-07
-2.9323e-07
-4.44583e-07
-3.23611e-07
-4.22908e-07
-3.53521e-07
-3.98857e-07
-3.82769e-07
-3.72387e-07
-4.11133e-07
-3.43483e-07
-4.38355e-07
-3.1217e-07
-4.64144e-07
-2.78517e-07
-4.88174e-07
-2.42651e-07
-5.10051e-07
-2.04771e-07
-5.29207e-07
-1.65193e-07
-5.44509e-07
-1.24476e-07
-5.53143e-07
-8.37483e-08
-5.47855e-07
-4.54386e-08
-5.11524e-07
-1.4547e-08
-4.10111e-07
-1.91946e-07
-1.57333e-08
2.07271e-07
-4.91287e-08
4.42681e-07
-9.04994e-08
5.51871e-07
-1.34406e-07
5.90676e-07
-1.78198e-07
5.95874e-07
-2.20638e-07
5.85968e-07
-2.61113e-07
5.68818e-07
-2.99282e-07
5.47494e-07
-3.34936e-07
5.23253e-07
-3.67954e-07
4.96745e-07
-3.9828e-07
4.68423e-07
-4.25913e-07
4.38663e-07
-4.50892e-07
4.07797e-07
-4.73291e-07
3.76111e-07
-4.93209e-07
3.43851e-07
-5.10756e-07
3.11219e-07
-5.26053e-07
2.78378e-07
-5.3922e-07
2.45451e-07
-5.50374e-07
2.12526e-07
-5.59623e-07
1.79664e-07
-5.67063e-07
1.46897e-07
-5.72775e-07
1.14236e-07
-5.76824e-07
8.16729e-08
-5.79258e-07
4.91888e-08
-5.80106e-07
1.67533e-08
-5.79376e-07
-1.56692e-08
-5.7706e-07
-4.81163e-08
-5.73127e-07
-8.06238e-08
-5.67529e-07
-1.13222e-07
-5.60201e-07
-1.45931e-07
-5.51061e-07
-1.78759e-07
-5.4001e-07
-2.11696e-07
-5.26939e-07
-2.44709e-07
-5.1173e-07
-2.7774e-07
-4.9426e-07
-3.107e-07
-4.74407e-07
-3.43465e-07
-4.52055e-07
-3.75872e-07
-4.27106e-07
-4.07718e-07
-3.99482e-07
-4.38757e-07
-3.6914e-07
-4.68697e-07
-3.3608e-07
-4.97204e-07
-3.00356e-07
-5.23897e-07
-2.62091e-07
-5.48317e-07
-2.21491e-07
-5.69806e-07
-1.78904e-07
-5.87096e-07
-1.34946e-07
-5.97101e-07
-9.08656e-08
-5.91936e-07
-4.93288e-08
-5.53061e-07
-1.57987e-08
-4.43641e-07
-2.07745e-07
-1.7144e-08
2.24415e-07
-5.35093e-08
4.79046e-07
-9.85022e-08
5.96864e-07
-1.46155e-07
6.38329e-07
-1.93542e-07
6.43261e-07
-2.39292e-07
6.31717e-07
-2.82723e-07
6.12249e-07
-3.23464e-07
5.88235e-07
-3.613e-07
5.61089e-07
-3.96121e-07
5.31566e-07
-4.27894e-07
5.00196e-07
-4.5665e-07
4.67419e-07
-4.82467e-07
4.33613e-07
-5.05459e-07
3.99103e-07
-5.25766e-07
3.64158e-07
-5.43541e-07
3.28993e-07
-5.58939e-07
2.93776e-07
-5.72117e-07
2.58628e-07
-5.83221e-07
2.2363e-07
-5.92385e-07
1.88828e-07
-5.99727e-07
1.54239e-07
-6.05346e-07
1.19855e-07
-6.09321e-07
8.56481e-08
-6.11709e-07
5.15769e-08
-6.12545e-07
1.75888e-08
-6.11839e-07
-1.63749e-08
-6.0958e-07
-5.03751e-08
-6.05734e-07
-8.44705e-08
-6.00241e-07
-1.18714e-07
-5.93024e-07
-1.53148e-07
-5.83982e-07
-1.87802e-07
-5.72995e-07
-2.22683e-07
-5.59929e-07
-2.57776e-07
-5.44633e-07
-2.93036e-07
-5.26951e-07
-3.28382e-07
-5.06722e-07
-3.63694e-07
-4.8379e-07
-3.98804e-07
-4.58014e-07
-4.33495e-07
-4.29275e-07
-4.67496e-07
-3.97491e-07
-5.00481e-07
-3.62628e-07
-5.32067e-07
-3.24716e-07
-5.61809e-07
-2.83867e-07
-5.89167e-07
-2.40293e-07
-6.1338e-07
-1.94373e-07
-6.33017e-07
-1.46791e-07
-6.44682e-07
-9.89343e-08
-6.39793e-07
-5.37453e-08
-5.9825e-07
-1.72209e-08
-4.80165e-07
-2.24966e-07
-1.87556e-08
2.43171e-07
-5.85109e-08
5.18801e-07
-1.07625e-07
6.45978e-07
-1.59515e-07
6.90219e-07
-2.10936e-07
6.94682e-07
-2.60357e-07
6.81138e-07
-3.07021e-07
6.58913e-07
-3.50524e-07
6.31737e-07
-3.9065e-07
6.01216e-07
-4.2731e-07
5.68225e-07
-4.60505e-07
5.33391e-07
-4.9031e-07
4.97224e-07
-5.16855e-07
4.60158e-07
-5.40307e-07
4.22555e-07
-5.60855e-07
3.84706e-07
-5.78702e-07
3.4684e-07
-5.94049e-07
3.09124e-07
-6.07093e-07
2.71672e-07
-6.18014e-07
2.34551e-07
-6.26976e-07
1.97791e-07
-6.34122e-07
1.61385e-07
-6.39571e-07
1.25303e-07
-6.43415e-07
8.94926e-08
-6.45723e-07
5.38849e-08
-6.46535e-07
1.84008e-08
-6.45865e-07
-1.70453e-08
-6.43699e-07
-5.25414e-08
-6.39995e-07
-8.81738e-08
-6.34687e-07
-1.24022e-07
-6.2768e-07
-1.60155e-07
-6.18855e-07
-1.96627e-07
-6.08067e-07
-2.33471e-07
-5.95151e-07
-2.70692e-07
-5.79924e-07
-3.08263e-07
-5.62186e-07
-3.46119e-07
-5.41733e-07
-3.84147e-07
-5.18359e-07
-4.22178e-07
-4.91869e-07
-4.59985e-07
-4.62092e-07
-4.97274e-07
-4.28893e-07
-5.3368e-07
-3.92193e-07
-5.68767e-07
-3.51987e-07
-6.02015e-07
-3.08364e-07
-6.3279e-07
-2.61539e-07
-6.60205e-07
-2.11919e-07
-6.82637e-07
-1.6027e-07
-6.96331e-07
-1.08138e-07
-6.91925e-07
-5.87912e-08
-6.47597e-07
-1.88472e-08
-5.20109e-07
-2.43813e-07
-2.06108e-08
2.63782e-07
-6.42631e-08
5.62453e-07
-1.18097e-07
6.99811e-07
-1.74808e-07
7.4693e-07
-2.30774e-07
7.50649e-07
-2.84276e-07
7.34641e-07
-3.34471e-07
7.09108e-07
-3.80925e-07
6.78192e-07
-4.23431e-07
6.43722e-07
-4.61932e-07
6.06726e-07
-4.96481e-07
5.67939e-07
-5.27214e-07
5.27957e-07
-5.54326e-07
4.8727e-07
-5.78051e-07
4.4628e-07
-5.98644e-07
4.05299e-07
-6.16365e-07
3.64561e-07
-6.3147e-07
3.24229e-07
-6.442e-07
2.84401e-07
-6.54776e-07
2.45127e-07
-6.63395e-07
2.0641e-07
-6.70227e-07
1.68217e-07
-6.75412e-07
1.30488e-07
-6.79058e-07
9.31392e-08
-6.81245e-07
5.6072e-08
-6.8202e-07
1.91759e-08
-6.81399e-07
-1.76665e-08
-6.79366e-07
-5.45746e-08
-6.75874e-07
-9.1666e-08
-6.70844e-07
-1.29052e-07
-6.64166e-07
-1.66833e-07
-6.557e-07
-2.05093e-07
-6.45274e-07
-2.43896e-07
-6.32692e-07
-2.83274e-07
-6.17727e-07
-3.23228e-07
-6.00136e-07
-3.6371e-07
-5.7966e-07
-4.04623e-07
-5.56033e-07
-4.45805e-07
-5.28994e-07
-4.87023e-07
-4.98305e-07
-5.27963e-07
-4.63764e-07
-5.68221e-07
-4.25229e-07
-6.07302e-07
-3.8264e-07
-6.44603e-07
-3.36054e-07
-6.79377e-07
-2.85676e-07
-7.10583e-07
-2.31943e-07
-7.3637e-07
-1.75709e-07
-7.52566e-07
-1.1871e-07
-7.48924e-07
-6.4598e-08
-7.01709e-07
-2.07201e-08
-5.63987e-07
-2.64533e-07
-2.27647e-08
2.86546e-07
-7.09335e-08
6.10622e-07
-1.30213e-07
7.59091e-07
-1.92443e-07
8.0916e-07
-2.53552e-07
8.11757e-07
-3.11598e-07
7.92687e-07
-3.65644e-07
7.63153e-07
-4.1523e-07
7.27778e-07
-4.60174e-07
6.88666e-07
-5.00471e-07
6.47023e-07
-5.36246e-07
6.03715e-07
-5.6772e-07
5.5943e-07
-5.95174e-07
5.14724e-07
-6.18925e-07
4.70032e-07
-6.39307e-07
4.25681e-07
-6.56651e-07
3.81905e-07
-6.71274e-07
3.38852e-07
-6.8347e-07
2.96598e-07
-6.93506e-07
2.55163e-07
-7.01614e-07
2.14518e-07
-7.07993e-07
1.74596e-07
-7.12804e-07
1.35299e-07
-7.16174e-07
9.65095e-08
-7.18194e-07
5.80913e-08
-7.18916e-07
1.98983e-08
-7.1836e-07
-1.82229e-08
-7.16507e-07
-5.64274e-08
-7.13304e-07
-9.48688e-08
-7.08662e-07
-1.33694e-07
-7.02453e-07
-1.73041e-07
-6.94516e-07
-2.13031e-07
-6.84651e-07
-2.53761e-07
-6.72622e-07
-2.95303e-07
-6.58163e-07
-3.37687e-07
-6.40975e-07
-3.80898e-07
-6.20735e-07
-4.24862e-07
-5.97108e-07
-4.69432e-07
-5.69753e-07
-5.14378e-07
-5.38344e-07
-5.59371e-07
-5.02593e-07
-6.03972e-07
-4.62272e-07
-6.47624e-07
-4.17247e-07
-6.89628e-07
-3.67517e-07
-7.29107e-07
-3.13264e-07
-7.64835e-07
-2.5495e-07
-7.94684e-07
-1.93524e-07
-8.13991e-07
-1.3095e-07
-8.11498e-07
-7.13358e-08
-7.61323e-07
-2.28954e-08
-6.12428e-07
-2.87429e-07
-2.52891e-08
3.11836e-07
-7.87411e-08
6.64074e-07
-1.44357e-07
8.24706e-07
-2.12948e-07
8.77751e-07
-2.799e-07
8.78709e-07
-3.43013e-07
8.55801e-07
-4.01244e-07
8.21383e-07
-4.54123e-07
7.80657e-07
-5.01512e-07
7.36055e-07
-5.43489e-07
6.89e-07
-5.80285e-07
6.40511e-07
-6.1223e-07
5.91375e-07
-6.39716e-07
5.42211e-07
-6.63169e-07
4.93484e-07
-6.83014e-07
4.45526e-07
-6.99667e-07
3.98558e-07
-7.13517e-07
3.52701e-07
-7.24916e-07
3.07998e-07
-7.3418e-07
2.64427e-07
-7.41579e-07
2.21917e-07
-7.47342e-07
1.80359e-07
-7.51654e-07
1.39611e-07
-7.54658e-07
9.95134e-08
-7.56455e-07
5.98887e-08
-7.57107e-07
2.05497e-08
-7.56633e-07
-1.86967e-08
-7.55014e-07
-5.80461e-08
-7.52191e-07
-9.76921e-08
-7.48062e-07
-1.37823e-07
-7.42486e-07
-1.78618e-07
-7.35276e-07
-2.2024e-07
-7.26204e-07
-2.62833e-07
-7.14997e-07
-3.0651e-07
-7.01338e-07
-3.51346e-07
-6.8487e-07
-3.97367e-07
-6.65199e-07
-4.44534e-07
-6.41903e-07
-4.92728e-07
-6.14547e-07
-5.41734e-07
-5.82698e-07
-5.9122e-07
-5.45952e-07
-6.40719e-07
-5.03967e-07
-6.89609e-07
-4.56502e-07
-7.37093e-07
-4.03471e-07
-7.82138e-07
-3.45008e-07
-8.23299e-07
-2.81583e-07
-8.58109e-07
-2.14254e-07
-8.8132e-07
-1.45249e-07
-8.80503e-07
-7.92277e-08
-8.27344e-07
-2.54463e-08
-6.66209e-07
-3.12875e-07
-2.82795e-08
3.40115e-07
-8.79761e-08
7.23771e-07
-1.61032e-07
8.97762e-07
-2.37008e-07
9.53727e-07
-3.10632e-07
9.52333e-07
-3.79396e-07
9.24565e-07
-4.42149e-07
8.84137e-07
-4.98436e-07
8.36944e-07
-5.482e-07
7.85819e-07
-5.91645e-07
7.32446e-07
-6.29146e-07
6.78011e-07
-6.61183e-07
6.23412e-07
-6.88291e-07
5.69319e-07
-7.11024e-07
5.16217e-07
-7.29924e-07
4.64427e-07
-7.45502e-07
4.14137e-07
-7.58227e-07
3.65426e-07
-7.68518e-07
3.18288e-07
-7.76738e-07
2.72647e-07
-7.832e-07
2.28379e-07
-7.88162e-07
1.8532e-07
-7.91831e-07
1.4328e-07
-7.94367e-07
1.02049e-07
-7.95881e-07
6.14031e-08
-7.96441e-07
2.11097e-08
-7.96069e-07
-1.90685e-08
-7.94745e-07
-5.93707e-08
-7.92402e-07
-1.00035e-07
-7.8893e-07
-1.41295e-07
-7.84171e-07
-1.83377e-07
-7.77919e-07
-2.26493e-07
-7.69913e-07
-2.70839e-07
-7.59842e-07
-3.16581e-07
-7.47338e-07
-3.6385e-07
-7.3198e-07
-4.12725e-07
-7.13292e-07
-4.63221e-07
-6.90757e-07
-5.15263e-07
-6.63821e-07
-5.68669e-07
-6.31921e-07
-6.2312e-07
-5.94506e-07
-6.78134e-07
-5.5108e-07
-7.33035e-07
-5.01254e-07
-7.86918e-07
-4.44811e-07
-8.38581e-07
-3.81799e-07
-8.86311e-07
-3.12674e-07
-9.27234e-07
-2.38602e-07
-9.55392e-07
-1.62124e-07
-9.56981e-07
-8.85709e-08
-9.00897e-07
-2.84705e-08
-7.26309e-07
-3.41345e-07
-3.18653e-08
3.71981e-07
-9.90309e-08
7.90936e-07
-1.80916e-07
9.79647e-07
-2.65533e-07
1.03834e-06
-3.46803e-07
1.0336e-06
-4.2186e-07
9.99622e-07
-4.89456e-07
9.51733e-07
-5.49187e-07
8.96675e-07
-6.01138e-07
8.37771e-07
-6.45699e-07
7.77007e-07
-6.83446e-07
7.15758e-07
-7.15055e-07
6.55021e-07
-7.41244e-07
5.95508e-07
-7.62725e-07
5.37698e-07
-7.80174e-07
4.81876e-07
-7.94213e-07
4.28175e-07
-8.05396e-07
3.7661e-07
-8.14213e-07
3.27104e-07
-8.21078e-07
2.79513e-07
-8.26343e-07
2.33644e-07
-8.30295e-07
1.89272e-07
-8.33162e-07
1.46147e-07
-8.35117e-07
1.04004e-07
-8.36281e-07
6.25672e-08
-8.36727e-07
2.15552e-08
-8.36478e-07
-1.93169e-08
-8.35514e-07
-6.03353e-08
-8.33763e-07
-1.01786e-07
-8.31107e-07
-1.43951e-07
-8.27374e-07
-1.87109e-07
-8.22338e-07
-2.31529e-07
-8.15711e-07
-2.77465e-07
-8.07144e-07
-3.25148e-07
-7.96216e-07
-3.74777e-07
-7.82438e-07
-4.26504e-07
-7.65247e-07
-4.80412e-07
-7.44014e-07
-5.36496e-07
-7.18051e-07
-5.94632e-07
-6.86632e-07
-6.54539e-07
-6.49022e-07
-7.15744e-07
-6.04522e-07
-7.77535e-07
-5.52536e-07
-8.38905e-07
-4.92654e-07
-8.98462e-07
-4.24777e-07
-9.54189e-07
-3.49303e-07
-1.00271e-06
-2.67497e-07
-1.0372e-06
-1.82266e-07
-1.04221e-06
-9.97668e-08
-9.83396e-07
-3.21006e-08
-7.93976e-07
-3.73446e-07
-3.62264e-08
4.08207e-07
-1.12447e-07
8.67157e-07
-2.04929e-07
1.07213e-06
-2.9974e-07
1.13316e-06
-3.89802e-07
1.12366e-06
-4.71839e-07
1.08166e-06
-5.44536e-07
1.02443e-06
-6.07615e-07
9.59754e-07
-6.6139e-07
8.91546e-07
-7.06522e-07
8.22139e-07
-7.43862e-07
7.53098e-07
-7.74347e-07
6.85505e-07
-7.98919e-07
6.2008e-07
-8.1848e-07
5.57259e-07
-8.33862e-07
4.97258e-07
-8.45807e-07
4.4012e-07
-8.54964e-07
3.85767e-07
-8.61888e-07
3.34028e-07
-8.67047e-07
2.84672e-07
-8.70827e-07
2.37424e-07
-8.73539e-07
1.91985e-07
-8.7543e-07
1.48038e-07
-8.76681e-07
1.05256e-07
-8.77422e-07
6.33082e-08
-8.77728e-07
2.18613e-08
-8.77626e-07
-1.94195e-08
-8.77092e-07
-6.08694e-08
-8.76053e-07
-1.02824e-07
-8.74386e-07
-1.45619e-07
-8.71907e-07
-1.89588e-07
-8.68376e-07
-2.35061e-07
-8.63481e-07
-2.8236e-07
-8.56837e-07
-3.31792e-07
-8.47975e-07
-3.83639e-07
-8.36337e-07
-4.38142e-07
-8.21268e-07
-4.95481e-07
-8.02016e-07
-5.55748e-07
-7.77739e-07
-6.18909e-07
-7.47516e-07
-6.84762e-07
-7.10382e-07
-7.52878e-07
-6.65374e-07
-8.22542e-07
-6.11611e-07
-8.92668e-07
-5.48401e-07
-9.61672e-07
-4.75406e-07
-1.02718e-06
-3.92891e-07
-1.08522e-06
-3.02187e-07
-1.1279e-06
-2.0662e-07
-1.13778e-06
-1.1337e-07
-1.07665e-06
-3.65199e-08
-8.70826e-07
-4.09966e-07
-4.1619e-08
4.49826e-07
-1.28988e-07
9.54525e-07
-2.34351e-07
1.17749e-06
-3.41285e-07
1.24009e-06
-4.41471e-07
1.22385e-06
-5.31184e-07
1.17137e-06
-6.09113e-07
1.10236e-06
-6.75229e-07
1.02587e-06
-7.30206e-07
9.46523e-07
-7.75096e-07
8.67029e-07
-8.11127e-07
7.89129e-07
-8.39566e-07
7.13943e-07
-8.61632e-07
6.42147e-07
-8.78453e-07
5.7408e-07
-8.91029e-07
5.09834e-07
-9.00231e-07
4.49323e-07
-9.06803e-07
3.92338e-07
-9.11364e-07
3.38589e-07
-9.14427e-07
2.87735e-07
-9.16407e-07
2.39404e-07
-9.17633e-07
1.93211e-07
-9.18361e-07
1.48765e-07
-9.1878e-07
1.05675e-07
-9.19021e-07
6.35491e-08
-9.19161e-07
2.20017e-08
-9.19228e-07
-1.93528e-08
-9.19198e-07
-6.08991e-08
-9.18999e-07
-1.03023e-07
-9.18503e-07
-1.46115e-07
-9.17524e-07
-1.90566e-07
-9.15811e-07
-2.36774e-07
-9.13037e-07
-2.85134e-07
-9.08788e-07
-3.36041e-07
-9.02553e-07
-3.89874e-07
-8.93709e-07
-4.46986e-07
-8.8151e-07
-5.0768e-07
-8.65075e-07
-5.72183e-07
-8.43389e-07
-6.40596e-07
-8.15306e-07
-7.12845e-07
-7.79578e-07
-7.88606e-07
-7.34902e-07
-8.67218e-07
-6.80012e-07
-9.47558e-07
-6.13811e-07
-1.02787e-06
-5.35582e-07
-1.10541e-06
-4.45329e-07
-1.17547e-06
-3.44374e-07
-1.22886e-06
-2.365e-07
-1.24565e-06
-1.30163e-07
-1.18298e-06
-4.19902e-08
-9.58998e-07
-4.51956e-07
-4.84183e-08
4.98244e-07
-1.49757e-07
1.05586e-06
-2.70993e-07
1.29873e-06
-3.92455e-07
1.36155e-06
-5.04282e-07
1.33568e-06
-6.023e-07
1.26939e-06
-6.8535e-07
1.18541e-06
-7.5385e-07
1.09437e-06
-8.09032e-07
1.00171e-06
-8.52506e-07
9.10503e-07
-8.85998e-07
8.22621e-07
-9.11194e-07
7.39138e-07
-9.29644e-07
6.60597e-07
-9.42725e-07
5.87161e-07
-9.51624e-07
5.18733e-07
-9.5734e-07
4.55038e-07
-9.607e-07
3.95699e-07
-9.62382e-07
3.40271e-07
-9.62929e-07
2.88282e-07
-9.62774e-07
2.39249e-07
-9.62255e-07
1.92692e-07
-9.61627e-07
1.48138e-07
-9.61079e-07
1.05127e-07
-9.60741e-07
6.3211e-08
-9.60688e-07
2.19489e-08
-9.60948e-07
-1.90936e-08
-9.61497e-07
-6.03495e-08
-9.62266e-07
-1.02254e-07
-9.63131e-07
-1.4525e-07
-9.63908e-07
-1.89789e-07
-9.64345e-07
-2.36337e-07
-9.6411e-07
-2.8537e-07
-9.62773e-07
-3.37378e-07
-9.59793e-07
-3.92854e-07
-9.54494e-07
-4.52285e-07
-9.46045e-07
-5.1613e-07
-9.33439e-07
-5.84789e-07
-9.15475e-07
-6.58559e-07
-8.90757e-07
-7.37563e-07
-8.57698e-07
-8.21665e-07
-8.14572e-07
-9.10344e-07
-7.59595e-07
-1.00254e-06
-6.91093e-07
-1.09638e-06
-6.07771e-07
-1.18874e-06
-5.09159e-07
-1.27409e-06
-3.96411e-07
-1.34161e-06
-2.73774e-07
-1.36829e-06
-1.51282e-07
-1.30548e-06
-4.88962e-08
-1.06138e-06
-5.00852e-07
-5.71939e-08
5.55438e-07
-1.76398e-07
1.17507e-06
-3.17482e-07
1.43981e-06
-4.56458e-07
1.50053e-06
-5.81584e-07
1.4608e-06
-6.88322e-07
1.37613e-06
-7.75949e-07
1.27303e-06
-8.45653e-07
1.16407e-06
-8.99509e-07
1.05556e-06
-9.39903e-07
9.50898e-07
-9.69213e-07
8.51931e-07
-9.89633e-07
7.59559e-07
-1.0031e-06
6.74062e-07
-1.01126e-06
5.95318e-07
-1.01547e-06
5.22949e-07
-1.01686e-06
4.5643e-07
-1.01633e-06
3.95164e-07
-1.01458e-06
3.3852e-07
-1.01217e-06
2.85874e-07
-1.00954e-06
2.36616e-07
-1.00701e-06
1.90164e-07
-1.00483e-06
1.45962e-07
-1.00319e-06
1.03482e-07
-1.00219e-06
6.22164e-08
-1.00192e-06
2.16759e-08
-1.00239e-06
-1.862e-08
-1.0036e-06
-5.91482e-08
-1.00546e-06
-1.0039e-07
-1.00787e-06
-1.42837e-07
-1.01066e-06
-1.86999e-07
-1.01359e-06
-2.3341e-07
-1.01633e-06
-2.8263e-07
-1.01846e-06
-3.35251e-07
-1.01942e-06
-3.91894e-07
-1.0185e-06
-4.53199e-07
-1.01482e-06
-5.19816e-07
-1.00724e-06
-5.92367e-07
-9.94387e-07
-6.71409e-07
-9.74597e-07
-7.57354e-07
-9.45896e-07
-8.50365e-07
-9.06037e-07
-9.50204e-07
-8.52567e-07
-1.056e-06
-7.8301e-07
-1.16593e-06
-6.9519e-07
-1.27656e-06
-5.8783e-07
-1.38145e-06
-4.61616e-07
-1.46782e-06
-3.21156e-07
-1.50875e-06
-1.78426e-07
-1.4482e-06
-5.78254e-08
-1.18198e-06
-5.58678e-07
-6.8853e-08
6.24291e-07
-2.11443e-07
1.31766e-06
-3.77717e-07
1.60609e-06
-5.3787e-07
1.66068e-06
-6.77942e-07
1.60087e-06
-7.93328e-07
1.49152e-06
-8.84251e-07
1.36396e-06
-9.53174e-07
1.233e-06
-1.00342e-06
1.1058e-06
-1.03842e-06
9.85904e-07
-1.06139e-06
8.74899e-07
-1.07512e-06
7.73287e-07
-1.08195e-06
6.80896e-07
-1.08381e-06
5.97172e-07
-1.08221e-06
5.21353e-07
-1.07837e-06
4.52588e-07
-1.07321e-06
3.90007e-07
-1.06746e-06
3.32767e-07
-1.06165e-06
2.80068e-07
-1.0562e-06
2.31166e-07
-1.05141e-06
1.85374e-07
-1.04751e-06
1.42055e-07
-1.04464e-06
1.00614e-07
-1.04292e-06
6.04927e-08
-1.0424e-06
2.11568e-08
-1.0431e-06
-1.79123e-08
-1.04502e-06
-5.72288e-08
-1.0481e-06
-9.73123e-08
-1.05224e-06
-1.38699e-07
-1.05729e-06
-1.81949e-07
-1.06304e-06
-2.27661e-07
-1.06919e-06
-2.76478e-07
-1.07535e-06
-3.29096e-07
-1.08097e-06
-3.86272e-07
-1.08535e-06
-4.48818e-07
-1.08756e-06
-5.17604e-07
-1.0864e-06
-5.93526e-07
-1.08034e-06
-6.77475e-07
-1.06743e-06
-7.7026e-07
-1.0453e-06
-8.72496e-07
-1.01109e-06
-9.84417e-07
-9.615e-07
-1.10559e-06
-8.92972e-07
-1.23446e-06
-8.02029e-07
-1.3675e-06
-6.86054e-07
-1.49742e-06
-5.44725e-07
-1.60915e-06
-3.82695e-07
-1.67078e-06
-2.14225e-07
-1.61667e-06
-6.97167e-08
-1.32649e-06
-6.28394e-07
-8.49201e-08
7.09211e-07
-2.58937e-07
1.49168e-06
-4.57618e-07
1.80477e-06
-6.43281e-07
1.84634e-06
-7.99582e-07
1.75718e-06
-9.22556e-07
1.61449e-06
-1.01427e-06
1.45567e-06
-1.07922e-06
1.29795e-06
-1.12253e-06
1.14911e-06
-1.14902e-06
1.01239e-06
-1.16287e-06
8.88757e-07
-1.16756e-06
7.77972e-07
-1.16583e-06
6.79165e-07
-1.15983e-06
5.9117e-07
-1.15119e-06
5.12719e-07
-1.14116e-06
4.42555e-07
-1.13064e-06
3.79494e-07
-1.12033e-06
3.22449e-07
-1.1107e-06
2.7044e-07
-1.10212e-06
2.22584e-07
-1.09484e-06
1.78093e-07
-1.08904e-06
1.36254e-07
-1.08484e-06
9.64157e-08
-1.08232e-06
5.79765e-08
-1.08153e-06
2.03689e-08
-1.08249e-06
-1.69548e-08
-1.08518e-06
-5.45354e-08
-1.08958e-06
-9.29209e-08
-1.09559e-06
-1.3268e-07
-1.10313e-06
-1.74417e-07
-1.112e-06
-2.18784e-07
-1.12198e-06
-2.665e-07
-1.13272e-06
-3.18361e-07
-1.14373e-06
-3.75258e-07
-1.15436e-06
-4.3819e-07
-1.16369e-06
-5.08266e-07
-1.17052e-06
-5.86704e-07
-1.17319e-06
-6.74804e-07
-1.16955e-06
-7.73895e-07
-1.15682e-06
-8.85224e-07
-1.13148e-06
-1.00976e-06
-1.08923e-06
-1.14785e-06
-1.02507e-06
-1.29862e-06
-9.33666e-07
-1.4589e-06
-8.10264e-07
-1.62082e-06
-6.52581e-07
-1.76683e-06
-4.64556e-07
-1.85881e-06
-2.62894e-07
-1.81834e-06
-8.61568e-08
-1.50323e-06
-7.14551e-07
-1.08098e-07
8.17309e-07
-3.25535e-07
1.70911e-06
-5.66294e-07
2.04553e-06
-7.82165e-07
2.06222e-06
-9.54828e-07
1.92984e-06
-1.08246e-06
1.74212e-06
-1.17047e-06
1.54368e-06
-1.22652e-06
1.354e-06
-1.25818e-06
1.18077e-06
-1.272e-06
1.02621e-06
-1.27328e-06
8.90039e-07
-1.26613e-06
7.70826e-07
-1.25365e-06
6.66683e-07
-1.23811e-06
5.75631e-07
-1.22117e-06
4.95772e-07
-1.20399e-06
4.25379e-07
-1.18742e-06
3.62919e-07
-1.17202e-06
3.07053e-07
-1.1582e-06
2.56617e-07
-1.14622e-06
2.10604e-07
-1.13626e-06
1.68133e-07
-1.12843e-06
1.2843e-07
-1.12282e-06
9.08023e-08
-1.11946e-06
5.46193e-08
-1.11839e-06
1.92935e-08
-1.1196e-06
-1.57376e-08
-1.12311e-06
-5.10282e-08
-1.12889e-06
-8.71407e-08
-1.13691e-06
-1.24663e-07
-1.1471e-06
-1.64227e-07
-1.15936e-06
-2.06525e-07
-1.17352e-06
-2.52336e-07
-1.18934e-06
-3.02544e-07
-1.20643e-06
-3.58166e-07
-1.22424e-06
-4.20378e-07
-1.24197e-06
-4.90541e-07
-1.25845e-06
-5.70222e-07
-1.27205e-06
-6.61199e-07
-1.28051e-06
-7.65438e-07
-1.28071e-06
-8.85022e-07
-1.2685e-06
-1.02197e-06
-1.23845e-06
-1.17789e-06
-1.18382e-06
-1.35326e-06
-1.09671e-06
-1.54601e-06
-9.69062e-07
-1.74847e-06
-7.95041e-07
-1.94085e-06
-5.76262e-07
-2.07758e-06
-3.3141e-07
-2.06319e-06
-1.09978e-07
-1.72466e-06
-8.24529e-07
-1.43386e-07
9.60696e-07
-4.22371e-07
1.9881e-06
-7.17657e-07
2.34081e-06
-9.67692e-07
2.31225e-06
-1.15407e-06
2.11622e-06
-1.28005e-06
1.8681e-06
-1.35676e-06
1.62039e-06
-1.39648e-06
1.39373e-06
-1.41e-06
1.19428e-06
-1.40583e-06
1.02204e-06
-1.39037e-06
8.74574e-07
-1.36822e-06
7.48675e-07
-1.34263e-06
6.41093e-07
-1.31583e-06
5.48836e-07
-1.28934e-06
4.6928e-07
-1.26415e-06
4.00189e-07
-1.2409e-06
3.39674e-07
-1.22001e-06
2.86157e-07
-1.2017e-06
2.38315e-07
-1.18613e-06
1.95033e-07
-1.17337e-06
1.55367e-07
-1.16344e-06
1.18502e-07
-1.15636e-06
8.37234e-08
-1.15213e-06
5.03921e-08
-1.15076e-06
1.7918e-08
-1.15224e-06
-1.4259e-08
-1.15658e-06
-4.66895e-08
-1.16378e-06
-7.99334e-08
-1.17387e-06
-1.1458e-07
-1.18683e-06
-1.51268e-07
-1.20264e-06
-1.9071e-07
-1.22126e-06
-2.33721e-07
-1.24255e-06
-2.81248e-07
-1.26631e-06
-3.34408e-07
-1.29215e-06
-3.94534e-07
-1.31947e-06
-4.63221e-07
-1.34731e-06
-5.42385e-07
-1.3742e-06
-6.34313e-07
-1.39793e-06
-7.41704e-07
-1.41528e-06
-8.67668e-07
-1.42162e-06
-1.01563e-06
-1.41047e-06
-1.18904e-06
-1.37307e-06
-1.39065e-06
-1.29827e-06
-1.62081e-06
-1.17314e-06
-1.8736e-06
-9.85797e-07
-2.12819e-06
-7.32382e-07
-2.331e-06
-4.31488e-07
-2.36408e-06
-1.4645e-07
-2.0097e-06
-9.70979e-07
-2.00183e-07
1.16088e-06
-5.67732e-07
2.35565e-06
-9.31727e-07
2.70481e-06
-1.21609e-06
2.59662e-06
-1.40753e-06
2.30766e-06
-1.51964e-06
1.98021e-06
-1.57273e-06
1.67347e-06
-1.5854e-06
1.40641e-06
-1.57218e-06
1.18106e-06
-1.5435e-06
9.93361e-07
-1.50652e-06
8.37589e-07
-1.46597e-06
7.08129e-07
-1.42492e-06
6.0004e-07
-1.38527e-06
5.09184e-07
-1.34817e-06
4.32177e-07
-1.31427e-06
3.66289e-07
-1.28391e-06
3.09319e-07
-1.25725e-06
2.59494e-07
-1.23431e-06
2.15375e-07
-1.21506e-06
1.75787e-07
-1.19945e-06
1.39753e-07
-1.1874e-06
1.0645e-07
-1.17884e-06
7.51716e-08
-1.17374e-06
4.52904e-08
-1.17206e-06
1.62364e-08
-1.17379e-06
-1.25283e-08
-1.17895e-06
-4.1531e-08
-1.18757e-06
-7.13089e-08
-1.19972e-06
-1.0243e-07
-1.21547e-06
-1.35519e-07
-1.2349e-06
-1.71278e-07
-1.2581e-06
-2.10528e-07
-1.2851e-06
-2.54241e-07
-1.31592e-06
-3.0359e-07
-1.35044e-06
-3.60014e-07
-1.38837e-06
-4.25295e-07
-1.4291e-06
-5.01651e-07
-1.47156e-06
-5.91852e-07
-1.51392e-06
-6.99349e-07
-1.55318e-06
-8.28401e-07
-1.58466e-06
-9.84152e-07
-1.60117e-06
-1.17254e-06
-1.59209e-06
-1.39974e-06
-1.54245e-06
-1.67045e-06
-1.43281e-06
-1.98324e-06
-1.24158e-06
-2.31942e-06
-9.53818e-07
-2.61877e-06
-5.82372e-07
-2.73553e-06
-2.05512e-07
-2.38656e-06
-1.17649e-06
-2.95655e-07
1.45653e-06
-7.89058e-07
2.84905e-06
-1.23207e-06
3.14782e-06
-1.53973e-06
2.90428e-06
-1.71552e-06
2.48345e-06
-1.79181e-06
2.0565e-06
-1.80228e-06
1.68394e-06
-1.77313e-06
1.37726e-06
-1.72244e-06
1.13037e-06
-1.66179e-06
9.32708e-07
-1.59828e-06
7.74083e-07
-1.53609e-06
6.45937e-07
-1.47752e-06
5.41477e-07
-1.42377e-06
4.55432e-07
-1.37534e-06
3.83747e-07
-1.33235e-06
3.23301e-07
-1.29472e-06
2.71684e-07
-1.26224e-06
2.27017e-07
-1.23469e-06
1.87823e-07
-1.21182e-06
1.52921e-07
-1.19343e-06
1.21356e-07
-1.17931e-06
9.23362e-08
-1.16933e-06
6.51917e-08
-1.16338e-06
3.93381e-08
-1.16139e-06
1.42484e-08
-1.16335e-06
-1.05712e-08
-1.16928e-06
-3.56035e-08
-1.17925e-06
-6.13409e-08
-1.19337e-06
-8.83074e-08
-1.2118e-06
-1.17082e-07
-1.23475e-06
-1.4833e-07
-1.26245e-06
-1.82833e-07
-1.29515e-06
-2.21539e-07
-1.33312e-06
-2.65616e-07
-1.37661e-06
-3.1653e-07
-1.42575e-06
-3.76158e-07
-1.48049e-06
-4.46908e-07
-1.54043e-06
-5.31915e-07
-1.6045e-06
-6.3528e-07
-1.67052e-06
-7.62372e-07
-1.7345e-06
-9.2018e-07
-1.78941e-06
-1.11762e-06
-1.82364e-06
-1.36551e-06
-1.81877e-06
-1.67533e-06
-1.74759e-06
-2.05442e-06
-1.5746e-06
-2.49241e-06
-1.26478e-06
-2.92858e-06
-8.12737e-07
-3.18757e-06
-3.05286e-07
-2.89401e-06
-1.48178e-06
-4.57665e-07
1.9142e-06
-1.11703e-06
3.50842e-06
-1.62768e-06
3.65847e-06
-1.92046e-06
3.19706e-06
-2.03772e-06
2.60071e-06
-2.04158e-06
2.06036e-06
-1.98214e-06
1.62449e-06
-1.89247e-06
1.28759e-06
-1.79219e-06
1.03009e-06
-1.69209e-06
8.32609e-07
-1.59767e-06
6.79659e-07
-1.51139e-06
5.5966e-07
-1.43409e-06
4.64174e-07
-1.36573e-06
3.87075e-07
-1.30588e-06
3.23898e-07
-1.25394e-06
2.71358e-07
-1.20927e-06
2.27011e-07
-1.17126e-06
1.89007e-07
-1.13937e-06
1.55933e-07
-1.11313e-06
1.26686e-07
-1.09216e-06
1.00386e-07
-1.07615e-06
7.63216e-08
-1.06485e-06
5.38952e-08
-1.05811e-06
3.25937e-08
-1.05582e-06
1.19585e-08
-1.05795e-06
-8.43823e-09
-1.06454e-06
-2.90131e-08
-1.07569e-06
-5.01917e-08
-1.09157e-06
-7.24287e-08
-1.11242e-06
-9.62311e-08
-1.13856e-06
-1.22186e-07
-1.1704e-06
-1.50996e-07
-1.20842e-06
-1.83523e-07
-1.25318e-06
-2.20853e-07
-1.30534e-06
-2.64369e-07
-1.36559e-06
-3.15912e-07
-1.4346e-06
-3.77894e-07
-1.51293e-06
-4.53581e-07
-1.60078e-06
-5.47437e-07
-1.69752e-06
-6.6563e-07
-1.80097e-06
-8.16733e-07
-1.90594e-06
-1.01265e-06
-2.0019e-06
-1.26955e-06
-2.06921e-06
-1.60802e-06
-2.07402e-06
-2.04961e-06
-1.96406e-06
-2.60238e-06
-1.67298e-06
-3.21966e-06
-1.15367e-06
-3.70688e-06
-4.74802e-07
-3.57288e-06
-1.95658e-06
-7.1747e-07
2.63167e-06
-1.54856e-06
4.3395e-06
-2.05007e-06
4.15999e-06
-2.23407e-06
3.38105e-06
-2.21473e-06
2.58137e-06
-2.09151e-06
1.93714e-06
-1.92776e-06
1.46074e-06
-1.75755e-06
1.11739e-06
-1.59693e-06
8.69457e-07
-1.45216e-06
6.8784e-07
-1.32474e-06
5.52242e-07
-1.21401e-06
4.4893e-07
-1.11846e-06
3.68622e-07
-1.03637e-06
3.04986e-07
-9.66099e-07
2.53628e-07
-9.06184e-07
2.11444e-07
-8.55377e-07
1.76203e-07
-8.12626e-07
1.46257e-07
-7.77073e-07
1.2038e-07
-7.48021e-07
9.76336e-08
-7.24914e-07
7.728e-08
-7.07324e-07
5.87309e-08
-6.94928e-07
4.14998e-08
-6.87507e-07
2.51723e-08
-6.84929e-07
9.38045e-09
-6.87151e-07
-6.21646e-09
-6.94214e-07
-2.19499e-08
-7.06247e-07
-3.81584e-08
-7.23471e-07
-5.52048e-08
-7.46206e-07
-7.34965e-08
-7.74882e-07
-9.35094e-08
-8.1006e-07
-1.15818e-07
-8.5244e-07
-1.41143e-07
-9.02889e-07
-1.70404e-07
-9.62513e-07
-2.04745e-07
-1.03257e-06
-2.45859e-07
-1.11458e-06
-2.95878e-07
-1.21031e-06
-3.57856e-07
-1.32161e-06
-4.36129e-07
-1.45026e-06
-5.36988e-07
-1.59727e-06
-6.69723e-07
-1.76167e-06
-8.48242e-07
-1.93783e-06
-1.09339e-06
-2.11033e-06
-1.43552e-06
-2.24518e-06
-1.91475e-06
-2.27755e-06
-2.57e-06
-2.10269e-06
-3.39453e-06
-1.59801e-06
-4.21155e-06
-7.45066e-07
-4.42583e-06
-2.70164e-06
-1.06634e-06
3.69801e-06
-1.92615e-06
5.19932e-06
-2.19333e-06
4.42717e-06
-2.08452e-06
3.27224e-06
-1.81057e-06
2.30742e-06
-1.49513e-06
1.62171e-06
-1.19567e-06
1.16128e-06
-9.32484e-07
8.54208e-07
-7.08801e-07
6.45774e-07
-5.21147e-07
5.00187e-07
-3.64306e-07
3.95401e-07
-2.33136e-07
3.17759e-07
-1.23189e-07
2.58675e-07
-3.0821e-08
2.12618e-07
4.68852e-08
1.75922e-07
1.12241e-07
1.46088e-07
1.6708e-07
1.21364e-07
2.12834e-07
1.00503e-07
2.50638e-07
8.25766e-08
2.8138e-07
6.68911e-08
3.05749e-07
5.29115e-08
3.24268e-07
4.02117e-08
3.37323e-07
2.84445e-08
3.45179e-07
1.73161e-08
3.47992e-07
6.56738e-09
3.45817e-07
-4.0408e-09
3.38607e-07
-1.47405e-08
3.26217e-07
-2.57686e-08
3.08392e-07
-3.73796e-08
2.84756e-07
-4.98605e-08
2.54795e-07
-6.35486e-08
2.17833e-07
-7.88556e-08
1.72986e-07
-9.62958e-08
1.19115e-07
-1.16532e-07
5.48771e-08
-1.40508e-07
-2.164e-08
-1.69342e-07
-1.12741e-07
-2.04778e-07
-2.2137e-07
-2.49227e-07
-3.51248e-07
-3.06252e-07
-5.06976e-07
-3.81259e-07
-6.93997e-07
-4.82702e-07
-9.18091e-07
-6.24147e-07
-1.18357e-06
-8.27914e-07
-1.4885e-06
-1.13058e-06
-1.81394e-06
-1.58932e-06
-2.10411e-06
-2.27984e-06
-2.23067e-06
-3.26797e-06
-1.97333e-06
-4.46889e-06
-1.1014e-06
-5.29776e-06
-3.80304e-06
-1.3306e-06
5.02861e-06
-1.6485e-06
5.51722e-06
-1.21441e-06
3.99308e-06
-5.47693e-07
2.60552e-06
9.65742e-08
1.66315e-06
6.38723e-07
1.07956e-06
1.07155e-06
7.28444e-07
1.41174e-06
5.14026e-07
1.67972e-06
3.7779e-07
1.8927e-06
2.87204e-07
2.06391e-06
2.24199e-07
2.20305e-06
1.78611e-07
2.31723e-06
1.44499e-07
2.41162e-06
1.18229e-07
2.49005e-06
9.74891e-08
2.55539e-06
8.07448e-08
2.60981e-06
6.69467e-08
2.65496e-06
5.53555e-08
2.6921e-06
4.54333e-08
2.72221e-06
3.67789e-08
2.74604e-06
2.90858e-08
2.76414e-06
2.21125e-08
2.77692e-06
1.56631e-08
2.78466e-06
9.57245e-09
2.78753e-06
3.69575e-09
2.78559e-06
-2.10045e-09
2.7788e-06
-7.94527e-09
2.767e-06
-1.39705e-08
2.74994e-06
-2.03178e-08
2.72723e-06
-2.71474e-08
2.69833e-06
-3.46484e-08
2.66252e-06
-4.30525e-08
2.61888e-06
-5.26521e-08
2.56618e-06
-6.38305e-08
2.50278e-06
-7.71084e-08
2.42661e-06
-9.31737e-08
2.33487e-06
-1.13036e-07
2.2238e-06
-1.38159e-07
2.08831e-06
-1.70758e-07
1.92137e-06
-2.14322e-07
1.71327e-06
-2.74602e-07
1.45064e-06
-3.61522e-07
1.11551e-06
-4.92783e-07
6.85862e-07
-7.00932e-07
1.4211e-07
-1.04556e-06
-5.09171e-07
-1.62856e-06
-1.19366e-06
-2.58347e-06
-1.65161e-06
-4.01095e-06
-1.35286e-06
-5.5965e-06
-5.1559e-06
-3.94575e-07
5.42318e-06
9.2949e-07
4.19315e-06
2.62495e-06
2.29762e-06
3.97502e-06
1.25545e-06
4.93361e-06
7.04559e-07
5.59949e-06
4.13686e-07
6.06804e-06
2.59894e-07
6.40662e-06
1.75442e-07
6.65862e-06
1.25795e-07
6.85144e-06
9.43811e-08
7.00247e-06
7.31629e-08
7.12303e-06
5.80585e-08
7.22067e-06
4.68576e-08
7.30062e-06
3.82772e-08
7.36658e-06
3.15254e-08
7.42124e-06
2.60875e-08
7.46657e-06
2.16149e-08
7.50407e-06
1.78638e-08
7.53484e-06
1.46574e-08
7.55976e-06
1.18644e-08
7.57946e-06
9.3844e-09
7.59443e-06
7.13872e-09
7.60503e-06
5.06356e-09
7.6115e-06
3.1054e-09
7.61398e-06
1.21726e-09
7.61252e-06
-6.44398e-10
7.6071e-06
-2.52101e-09
7.59758e-06
-4.45551e-09
7.58376e-06
-6.49354e-09
7.5653e-06
-8.68696e-09
7.54174e-06
-1.10971e-08
7.51249e-06
-1.37993e-08
7.47673e-06
-1.68886e-08
7.43339e-06
-2.04896e-08
7.38105e-06
-2.47714e-08
7.31784e-06
-2.99609e-08
7.24119e-06
-3.63898e-08
7.14758e-06
-4.45452e-08
7.032e-06
-5.51763e-08
6.88717e-06
-6.94985e-08
6.70218e-06
-8.96119e-08
6.46006e-06
-1.19402e-07
6.13383e-06
-1.66549e-07
5.68004e-06
-2.47142e-07
5.02991e-06
-3.95433e-07
4.08228e-06
-6.80931e-07
2.73256e-06
-1.23375e-06
1.02316e-06
-2.30155e-06
-3.28439e-07
-4.24491e-06
-5.48434e-06
5.42318e-06
9.61633e-06
1.1914e-05
1.31694e-05
1.3874e-05
1.42876e-05
1.45475e-05
1.4723e-05
1.48488e-05
1.49432e-05
1.50163e-05
1.50744e-05
1.51212e-05
1.51595e-05
1.5191e-05
1.52171e-05
1.52387e-05
1.52566e-05
1.52713e-05
1.52831e-05
1.52925e-05
1.52997e-05
1.53047e-05
1.53078e-05
1.5309e-05
1.53084e-05
1.53059e-05
1.53014e-05
1.52949e-05
1.52862e-05
1.52751e-05
1.52613e-05
1.52445e-05
1.5224e-05
1.51992e-05
1.51692e-05
1.51328e-05
1.50883e-05
1.50331e-05
1.49636e-05
1.4874e-05
1.47546e-05
1.45881e-05
1.43409e-05
1.39455e-05
1.32646e-05
1.20308e-05
9.72925e-06
5.48434e-06
)
;

boundaryField
{
    movingWall
    {
        type            calculated;
        value           uniform 0;
    }
    fixedWalls
    {
        type            calculated;
        value           uniform 0;
    }
    frontAndBack
    {
        type            empty;
        value           nonuniform 0();
    }
}


// ************************************************************************* //
