/*--------------------------------*- C++ -*----------------------------------*\
  =========                 |
  \\      /  F ield         | OpenFOAM: The Open Source CFD Toolbox
   \\    /   O peration     | Website:  https://openfoam.org
    \\  /    A nd           | Version:  7
     \\/     M anipulation  |
\*---------------------------------------------------------------------------*/
FoamFile
{
    version     2.0;
    format      ascii;
    class       volVectorField;
    location    "0.026";
    object      U;
}
// * * * * * * * * * * * * * * * * * * * * * * * * * * * * * * * * * * * * * //

dimensions      [0 1 -1 0 0 0 0];

internalField   nonuniform List<vector> 
2500
(
(0.290267 -0.152426 0)
(0.389581 -0.128253 0)
(0.565481 -0.0747399 0)
(0.683282 -0.0422219 0)
(0.752801 -0.0245041 0)
(0.797698 -0.0148479 0)
(0.828709 -0.00952801 0)
(0.850994 -0.00649551 0)
(0.86759 -0.00466524 0)
(0.880328 -0.00348685 0)
(0.890322 -0.00268174 0)
(0.89829 -0.00210406 0)
(0.904713 -0.00167359 0)
(0.909933 -0.00134358 0)
(0.914197 -0.00108508 0)
(0.917693 -0.000879195 0)
(0.92056 -0.000712916 0)
(0.922911 -0.000576941 0)
(0.924829 -0.000464366 0)
(0.926384 -0.000369907 0)
(0.927628 -0.000289395 0)
(0.928601 -0.000219451 0)
(0.929335 -0.000157248 0)
(0.929853 -0.000100346 0)
(0.930169 -4.65603e-05 0)
(0.93029 6.13298e-06 0)
(0.930219 5.96801e-05 0)
(0.929949 0.000116086 0)
(0.929468 0.000177439 0)
(0.928756 0.00024604 0)
(0.927786 0.00032453 0)
(0.926521 0.000416047 0)
(0.924911 0.000524458 0)
(0.922894 0.000654677 0)
(0.92039 0.000813154 0)
(0.917296 0.00100862 0)
(0.913478 0.00125331 0)
(0.908758 0.00156502 0)
(0.9029 0.00197085 0)
(0.895572 0.00251424 0)
(0.886308 0.00326924 0)
(0.874408 0.00437016 0)
(0.858781 0.00607572 0)
(0.837623 0.00890674 0)
(0.807877 0.0139234 0)
(0.764266 0.023218 0)
(0.695854 0.040753 0)
(0.577947 0.0737409 0)
(0.398076 0.128752 0)
(0.293883 0.153799 0)
(0.00110383 -0.294936 0)
(0.0168969 -0.298654 0)
(0.152327 -0.212995 0)
(0.282731 -0.145215 0)
(0.387664 -0.0994458 0)
(0.470545 -0.0695355 0)
(0.535533 -0.0501128 0)
(0.586495 -0.037258 0)
(0.626792 -0.0284589 0)
(0.659 -0.0222126 0)
(0.685002 -0.0176277 0)
(0.70617 -0.0141642 0)
(0.723518 -0.0114853 0)
(0.737807 -0.00937283 0)
(0.749617 -0.00768072 0)
(0.759395 -0.0063073 0)
(0.767491 -0.00517953 0)
(0.774182 -0.00424332 0)
(0.779688 -0.00345746 0)
(0.784185 -0.00278969 0)
(0.787811 -0.00221409 0)
(0.790675 -0.00170928 0)
(0.79286 -0.00125711 0)
(0.794427 -0.000841715 0)
(0.795415 -0.000448753 0)
(0.795848 -6.48034e-05 0)
(0.795729 0.000323175 0)
(0.795044 0.000728396 0)
(0.793762 0.00116475 0)
(0.791831 0.00164744 0)
(0.789178 0.00219373 0)
(0.785705 0.0028239 0)
(0.781283 0.0035626 0)
(0.775751 0.00444061 0)
(0.768901 0.00549759 0)
(0.760468 0.00678596 0)
(0.750113 0.00837708 0)
(0.737398 0.0103709 0)
(0.721749 0.012912 0)
(0.702399 0.0162166 0)
(0.678312 0.0206209 0)
(0.648064 0.0266667 0)
(0.609667 0.0352595 0)
(0.560339 0.0479517 0)
(0.49634 0.0674034 0)
(0.413193 0.097919 0)
(0.305987 0.14561 0)
(0.170384 0.217204 0)
(0.0268794 0.307173 0)
(0.00519237 0.303033 0)
(-0.0329085 -0.250454 0)
(-0.0616004 -0.34405 0)
(-0.011628 -0.310434 0)
(0.0704126 -0.251154 0)
(0.158115 -0.195418 0)
(0.240095 -0.150626 0)
(0.311988 -0.11673 0)
(0.37313 -0.0914716 0)
(0.424441 -0.072558 0)
(0.467298 -0.0582096 0)
(0.503062 -0.0471515 0)
(0.532933 -0.0384924 0)
(0.557915 -0.0316112 0)
(0.578833 -0.0260706 0)
(0.596357 -0.0215576 0)
(0.611033 -0.0178436 0)
(0.623307 -0.0147576 0)
(0.633539 -0.0121694 0)
(0.642026 -0.00997682 0)
(0.649005 -0.0080985 0)
(0.654671 -0.00646777 0)
(0.659176 -0.00502878 0)
(0.662637 -0.00373347 0)
(0.665142 -0.00253934 0)
(0.66675 -0.00140763 0)
(0.667492 -0.000301802 0)
(0.667374 0.000813821 0)
(0.666377 0.00197535 0)
(0.664453 0.00322076 0)
(0.661528 0.00459138 0)
(0.657495 0.00613383 0)
(0.652215 0.00790238 0)
(0.645504 0.00996209 0)
(0.637133 0.0123931 0)
(0.626813 0.0152969 0)
(0.614185 0.0188046 0)
(0.598797 0.0230902 0)
(0.580086 0.0283895 0)
(0.557344 0.0350286 0)
(0.529678 0.0434686 0)
(0.495975 0.0543726 0)
(0.454858 0.0687054 0)
(0.404696 0.0878707 0)
(0.34372 0.113868 0)
(0.270483 0.149344 0)
(0.185097 0.197064 0)
(0.0915757 0.257564 0)
(0.00151917 0.322988 0)
(-0.0570294 0.361401 0)
(-0.0321787 0.263987 0)
(-0.0267742 -0.190669 0)
(-0.0655093 -0.332893 0)
(-0.0648678 -0.351076 0)
(-0.0282451 -0.318444 0)
(0.0283016 -0.270795 0)
(0.0916985 -0.223883 0)
(0.154217 -0.183207 0)
(0.212105 -0.149689 0)
(0.263874 -0.122605 0)
(0.309255 -0.100826 0)
(0.348575 -0.08327 0)
(0.382403 -0.0690351 0)
(0.411376 -0.0574086 0)
(0.436109 -0.0478405 0)
(0.457165 -0.0399074 0)
(0.475038 -0.0332817 0)
(0.490156 -0.0277076 0)
(0.502884 -0.0229818 0)
(0.51353 -0.0189406 0)
(0.522352 -0.0154498 0)
(0.529561 -0.0123969 0)
(0.535328 -0.0096858 0)
(0.539786 -0.00723249 0)
(0.543035 -0.00496159 0)
(0.54514 -0.00280359 0)
(0.546139 -0.000692457 0)
(0.546036 0.00143663 0)
(0.544808 0.00364939 0)
(0.542397 0.00601478 0)
(0.538715 0.00860747 0)
(0.533636 0.0115109 0)
(0.526995 0.0148212 0)
(0.518584 0.0186517 0)
(0.508143 0.0231396 0)
(0.495352 0.0284546 0)
(0.479826 0.0348106 0)
(0.461099 0.0424819 0)
(0.438616 0.0518254 0)
(0.411727 0.0633106 0)
(0.379682 0.0775589 0)
(0.341661 0.0953904 0)
(0.296844 0.117868 0)
(0.244584 0.146303 0)
(0.184777 0.18213 0)
(0.118566 0.226423 0)
(0.0495986 0.278509 0)
(-0.014101 0.33264 0)
(-0.0583295 0.371516 0)
(-0.0648524 0.355565 0)
(-0.0273109 0.204733 0)
(-0.0178681 -0.149161 0)
(-0.0532803 -0.302599 0)
(-0.0741702 -0.354057 0)
(-0.0677172 -0.348867 0)
(-0.0393059 -0.31761 0)
(0.00186153 -0.277734 0)
(0.0485748 -0.237829 0)
(0.0961044 -0.201527 0)
(0.141637 -0.169951 0)
(0.183699 -0.143075 0)
(0.221667 -0.120422 0)
(0.255417 -0.10139 0)
(0.285096 -0.0853963 0)
(0.310988 -0.0719259 0)
(0.333429 -0.0605423 0)
(0.352768 -0.0508821 0)
(0.369335 -0.0426441 0)
(0.383436 -0.035578 0)
(0.39534 -0.0294736 0)
(0.405284 -0.0241529 0)
(0.413465 -0.0194626 0)
(0.420048 -0.0152686 0)
(0.425163 -0.0114511 0)
(0.428909 -0.00790109 0)
(0.43135 -0.00451646 0)
(0.432521 -0.00119938 0)
(0.432425 0.00214667 0)
(0.431034 0.00561976 0)
(0.428286 0.00932248 0)
(0.424088 0.0133652 0)
(0.418307 0.01787 0)
(0.410776 0.0229753 0)
(0.401282 0.0288415 0)
(0.389572 0.0356584 0)
(0.375342 0.0436541 0)
(0.35824 0.0531066 0)
(0.337866 0.0643584 0)
(0.313778 0.0778324 0)
(0.285511 0.0940504 0)
(0.252619 0.113647 0)
(0.214751 0.137366 0)
(0.171798 0.166017 0)
(0.124141 0.200326 0)
(0.0730683 0.24057 0)
(0.0213659 0.285775 0)
(-0.0259185 0.332119 0)
(-0.0607816 0.370057 0)
(-0.0726587 0.379986 0)
(-0.0545756 0.327487 0)
(-0.0186814 0.16229 0)
(-0.0114631 -0.120792 0)
(-0.0405221 -0.269282 0)
(-0.0685922 -0.338768 0)
(-0.0792361 -0.35517 0)
(-0.0713108 -0.3411 0)
(-0.049592 -0.312116 0)
(-0.019247 -0.277629 0)
(0.015484 -0.242807 0)
(0.0515148 -0.210191 0)
(0.0868103 -0.180823 0)
(0.120145 -0.154949 0)
(0.15086 -0.132426 0)
(0.178666 -0.112946 0)
(0.203509 -0.0961453 0)
(0.225472 -0.0816643 0)
(0.244715 -0.0691693 0)
(0.261433 -0.0583611 0)
(0.275831 -0.0489755 0)
(0.288109 -0.0407793 0)
(0.298452 -0.0335671 0)
(0.307022 -0.0271557 0)
(0.313959 -0.0213803 0)
(0.319373 -0.0160904 0)
(0.323351 -0.011146 0)
(0.325948 -0.0064146 0)
(0.327193 -0.00176751 0)
(0.327085 0.00292286 0)
(0.325592 0.00778633 0)
(0.322655 0.0129582 0)
(0.31818 0.018583 0)
(0.312043 0.0248184 0)
(0.304088 0.0318401 0)
(0.294123 0.0398476 0)
(0.281929 0.0490699 0)
(0.267252 0.0597737 0)
(0.249821 0.0722705 0)
(0.229351 0.0869244 0)
(0.205573 0.104157 0)
(0.17827 0.124444 0)
(0.147343 0.148295 0)
(0.112919 0.176198 0)
(0.0755096 0.208494 0)
(0.0362521 0.245117 0)
(-0.00278105 0.285118 0)
(-0.0382465 0.325822 0)
(-0.0653293 0.361471 0)
(-0.0779488 0.381305 0)
(-0.0702253 0.367474 0)
(-0.0425952 0.294234 0)
(-0.0122287 0.132655 0)
(-0.00752101 -0.100639 0)
(-0.0307637 -0.238587 0)
(-0.0595481 -0.316026 0)
(-0.0787097 -0.347192 0)
(-0.084121 -0.347691 0)
(-0.0772753 -0.330053 0)
(-0.0611681 -0.303064 0)
(-0.0389326 -0.272363 0)
(-0.0132732 -0.241298 0)
(0.0137368 -0.211699 0)
(0.0406343 -0.184452 0)
(0.0664547 -0.159887 0)
(0.0906071 -0.138021 0)
(0.112768 -0.118709 0)
(0.132795 -0.101729 0)
(0.150667 -0.0868263 0)
(0.166436 -0.0737466 0)
(0.180193 -0.0622433 0)
(0.192054 -0.0520854 0)
(0.202135 -0.0430582 0)
(0.210551 -0.034963 0)
(0.217401 -0.0276146 0)
(0.222771 -0.0208396 0)
(0.226723 -0.0144734 0)
(0.229301 -0.00835713 0)
(0.230522 -0.00233537 0)
(0.230381 0.00374718 0)
(0.228846 0.0100486 0)
(0.225859 0.016733 0)
(0.221339 0.023974 0)
(0.215177 0.0319583 0)
(0.207242 0.0408898 0)
(0.19738 0.0509939 0)
(0.185423 0.0625212 0)
(0.171196 0.0757516 0)
(0.154526 0.0909956 0)
(0.135273 0.108592 0)
(0.113353 0.1289 0)
(0.0887993 0.152269 0)
(0.061826 0.178992 0)
(0.0329389 0.209209 0)
(0.00307177 0.242722 0)
(-0.0262465 0.278711 0)
(-0.0527262 0.315249 0)
(-0.0732433 0.3486 0)
(-0.0840308 0.372278 0)
(-0.0813229 0.376047 0)
(-0.0629619 0.345342 0)
(-0.0330793 0.262316 0)
(-0.00817796 0.111142 0)
(-0.00519383 -0.0857884 0)
(-0.0239105 -0.211796 0)
(-0.0509205 -0.291076 0)
(-0.0736771 -0.331287 0)
(-0.0871571 -0.342844 0)
(-0.0908629 -0.335286 0)
(-0.086065 -0.316137 0)
(-0.0747278 -0.290805 0)
(-0.0588998 -0.262917 0)
(-0.0403777 -0.234758 0)
(-0.0205888 -0.207677 0)
(-0.000594223 -0.182399 0)
(0.0188593 -0.159254 0)
(0.0372757 -0.138326 0)
(0.0543477 -0.119556 0)
(0.0699048 -0.102801 0)
(0.0838713 -0.0878794 0)
(0.0962352 -0.0745868 0)
(0.107023 -0.0627155 0)
(0.116284 -0.0520594 0)
(0.124076 -0.0424178 0)
(0.130457 -0.033597 0)
(0.135476 -0.0254098 0)
(0.139174 -0.0176742 0)
(0.141575 -0.0102119 0)
(0.142686 -0.00284628 0)
(0.142496 0.00460017 0)
(0.140975 0.0123082 0)
(0.138074 0.0204645 0)
(0.133723 0.0292645 0)
(0.12784 0.0389147 0)
(0.120325 0.0496358 0)
(0.111074 0.061664 0)
(0.0999818 0.0752524 0)
(0.0869557 0.0906691 0)
(0.071935 0.108192 0)
(0.0549167 0.128097 0)
(0.0359924 0.150634 0)
(0.0153999 0.175981 0)
(-0.00641022 0.204176 0)
(-0.028691 0.234993 0)
(-0.0503065 0.26775 0)
(-0.0696477 0.301033 0)
(-0.0846016 0.332296 0)
(-0.0926619 0.357358 0)
(-0.0913122 0.369869 0)
(-0.0787619 0.360963 0)
(-0.0552548 0.319498 0)
(-0.0262472 0.233612 0)
(-0.00575564 0.0949548 0)
(-0.00380139 -0.0743746 0)
(-0.0191679 -0.188685 0)
(-0.0437237 -0.266326 0)
(-0.0674878 -0.311371 0)
(-0.0855497 -0.330674 0)
(-0.0963866 -0.331282 0)
(-0.100095 -0.319321 0)
(-0.0976608 -0.299615 0)
(-0.0904475 -0.275704 0)
(-0.079841 -0.250044 0)
(-0.0670711 -0.224254 0)
(-0.0531451 -0.199343 0)
(-0.0388423 -0.175892 0)
(-0.0247383 -0.154196 0)
(-0.0112394 -0.134354 0)
(0.00138118 -0.116345 0)
(0.0129506 -0.100072 0)
(0.0233691 -0.0853904 0)
(0.0325878 -0.0721302 0)
(0.0405915 -0.0601073 0)
(0.0473848 -0.0491317 0)
(0.0529824 -0.0390114 0)
(0.0574013 -0.0295546 0)
(0.0606552 -0.0205701 0)
(0.0627504 -0.0118674 0)
(0.0636834 -0.00325541 0)
(0.0634387 0.00545883 0)
(0.061989 0.0144719 0)
(0.0592947 0.0239855 0)
(0.0553062 0.0342081 0)
(0.0499664 0.0453563 0)
(0.043216 0.0576551 0)
(0.0350003 0.0713372 0)
(0.0252797 0.0866401 0)
(0.0140446 0.1038 0)
(0.00133553 0.123037 0)
(-0.0127303 0.14454 0)
(-0.0279236 0.168426 0)
(-0.0438591 0.194688 0)
(-0.0599446 0.223111 0)
(-0.075327 0.253148 0)
(-0.0888486 0.283745 0)
(-0.0990354 0.313105 0)
(-0.104161 0.338397 0)
(-0.102452 0.355455 0)
(-0.0925183 0.35855 0)
(-0.0739953 0.340432 0)
(-0.0484501 0.2929 0)
(-0.0214261 0.208257 0)
(-0.00428811 0.0822731 0)
(-0.00293579 -0.065229 0)
(-0.0158465 -0.168641 0)
(-0.0379965 -0.242755 0)
(-0.0615067 -0.289713 0)
(-0.0819748 -0.314023 0)
(-0.0974577 -0.320818 0)
(-0.107338 -0.314944 0)
(-0.111881 -0.300517 0)
(-0.111852 -0.280783 0)
(-0.108213 -0.258166 0)
(-0.101924 -0.234392 0)
(-0.0938508 -0.210639 0)
(-0.084719 -0.187666 0)
(-0.0751088 -0.16593 0)
(-0.0654657 -0.145674 0)
(-0.0561199 -0.126989 0)
(-0.047308 -0.109864 0)
(-0.0391931 -0.0942209 0)
(-0.0318836 -0.0799348 0)
(-0.0254479 -0.0668533 0)
(-0.0199272 -0.054806 0)
(-0.0153451 -0.0436111 0)
(-0.0117156 -0.0330804 0)
(-0.0090486 -0.0230214 0)
(-0.00735432 -0.0132385 0)
(-0.00664609 -0.0035333 0)
(-0.00694197 0.0062956 0)
(-0.00826521 0.0164531 0)
(-0.0106434 0.027148 0)
(-0.0141064 0.0385933 0)
(-0.0186825 0.0510054 0)
(-0.0243926 0.0646027 0)
(-0.0312422 0.0796014 0)
(-0.03921 0.0962097 0)
(-0.0482331 0.114616 0)
(-0.0581876 0.134972 0)
(-0.0688644 0.157364 0)
(-0.0799405 0.181774 0)
(-0.0909465 0.20802 0)
(-0.101235 0.235671 0)
(-0.109956 0.263935 0)
(-0.116053 0.291512 0)
(-0.118308 0.316417 0)
(-0.115449 0.3358 0)
(-0.106391 0.345793 0)
(-0.0906238 0.341487 0)
(-0.0686987 0.317166 0)
(-0.0427857 0.26693 0)
(-0.017973 0.185856 0)
(-0.00336075 0.0719447 0)
(-0.00237217 -0.0576331 0)
(-0.0134693 -0.151048 0)
(-0.0335033 -0.220655 0)
(-0.0562042 -0.267561 0)
(-0.0777715 -0.294754 0)
(-0.0961791 -0.305959 0)
(-0.110422 -0.304952 0)
(-0.120278 -0.295148 0)
(-0.126046 -0.279408 0)
(-0.128305 -0.259999 0)
(-0.12774 -0.238634 0)
(-0.125033 -0.21656 0)
(-0.120807 -0.194642 0)
(-0.115595 -0.173453 0)
(-0.109834 -0.153344 0)
(-0.103873 -0.134503 0)
(-0.097979 -0.116998 0)
(-0.0923559 -0.100813 0)
(-0.0871523 -0.0858735 0)
(-0.0824761 -0.0720618 0)
(-0.0784044 -0.0592326 0)
(-0.074992 -0.0472212 0)
(-0.0722785 -0.0358494 0)
(-0.0702937 -0.0249299 0)
(-0.0690615 -0.0142686 0)
(-0.0686029 -0.00366663 0)
(-0.068937 0.00707894 0)
(-0.0700815 0.0181742 0)
(-0.0720516 0.0298275 0)
(-0.0748572 0.042248 0)
(-0.0784992 0.0556435 0)
(-0.0829629 0.0702161 0)
(-0.0882103 0.0861564 0)
(-0.094169 0.103634 0)
(-0.100718 0.122781 0)
(-0.107673 0.143674 0)
(-0.114765 0.166301 0)
(-0.121621 0.19052 0)
(-0.127743 0.215999 0)
(-0.132498 0.242144 0)
(-0.135113 0.267999 0)
(-0.134708 0.292139 0)
(-0.13036 0.312551 0)
(-0.121239 0.326535 0)
(-0.106829 0.330667 0)
(-0.0872467 0.320882 0)
(-0.0635704 0.292777 0)
(-0.0381455 0.242164 0)
(-0.0154318 0.165927 0)
(-0.0027431 0.0632613 0)
(-0.00198787 -0.0511357 0)
(-0.0117251 -0.13539 0)
(-0.0299758 -0.200017 0)
(-0.0516706 -0.24557 0)
(-0.0735753 -0.274055 0)
(-0.0937482 -0.288185 0)
(-0.111008 -0.290879 0)
(-0.124825 -0.284926 0)
(-0.135158 -0.272783 0)
(-0.142275 -0.256493 0)
(-0.146607 -0.23768 0)
(-0.148649 -0.217583 0)
(-0.148897 -0.197112 0)
(-0.147804 -0.176909 0)
(-0.14577 -0.1574 0)
(-0.14313 -0.138846 0)
(-0.140159 -0.121381 0)
(-0.137075 -0.105047 0)
(-0.134052 -0.0898139 0)
(-0.131223 -0.0756003 0)
(-0.128689 -0.062289 0)
(-0.126528 -0.0497359 0)
(-0.1248 -0.0377777 0)
(-0.123548 -0.0262374 0)
(-0.122807 -0.0149284 0)
(-0.122603 -0.00365696 0)
(-0.122955 0.00777504 0)
(-0.123874 0.0195685 0)
(-0.125362 0.0319246 0)
(-0.127412 0.0450419 0)
(-0.13 0.0591123 0)
(-0.13308 0.0743153 0)
(-0.136579 0.0908096 0)
(-0.140387 0.108721 0)
(-0.144341 0.128125 0)
(-0.148218 0.149024 0)
(-0.151722 0.171319 0)
(-0.154466 0.194763 0)
(-0.15597 0.218912 0)
(-0.155661 0.243061 0)
(-0.152892 0.266171 0)
(-0.146982 0.286789 0)
(-0.137304 0.302982 0)
(-0.123408 0.312302 0)
(-0.105215 0.311813 0)
(-0.0832526 0.298228 0)
(-0.0588627 0.268202 0)
(-0.0343369 0.218789 0)
(-0.013504 0.148038 0)
(-0.0023095 0.0557785 0)
(-0.00171477 -0.0454429 0)
(-0.0104138 -0.121261 0)
(-0.0271854 -0.180716 0)
(-0.0478506 -0.224063 0)
(-0.0696621 -0.252672 0)
(-0.0908333 -0.268531 0)
(-0.110133 -0.273896 0)
(-0.126852 -0.27102 0)
(-0.140715 -0.261978 0)
(-0.15175 -0.248567 0)
(-0.160173 -0.232274 0)
(-0.166307 -0.214281 0)
(-0.170514 -0.195495 0)
(-0.173157 -0.176585 0)
(-0.174577 -0.158022 0)
(-0.175076 -0.140117 0)
(-0.174914 -0.123054 0)
(-0.174311 -0.10692 0)
(-0.173446 -0.0917262 0)
(-0.172464 -0.0774249 0)
(-0.171483 -0.0639268 0)
(-0.170594 -0.0511101 0)
(-0.169869 -0.0388293 0)
(-0.169363 -0.0269218 0)
(-0.169116 -0.0152125 0)
(-0.169156 -0.00351803 0)
(-0.1695 0.00835004 0)
(-0.170153 0.020582 0)
(-0.171106 0.0333665 0)
(-0.172335 0.0468861 0)
(-0.173795 0.0613122 0)
(-0.175418 0.0767973 0)
(-0.177105 0.0934653 0)
(-0.178717 0.111398 0)
(-0.180071 0.130617 0)
(-0.180926 0.151061 0)
(-0.180981 0.172556 0)
(-0.179869 0.194778 0)
(-0.177158 0.217208 0)
(-0.172364 0.239082 0)
(-0.164983 0.259339 0)
(-0.154539 0.276572 0)
(-0.140664 0.288998 0)
(-0.12322 0.294465 0)
(-0.102439 0.29051 0)
(-0.0790983 0.274518 0)
(-0.0546359 0.243974 0)
(-0.0311815 0.196814 0)
(-0.0119984 0.131838 0)
(-0.00199054 0.0492068 0)
(-0.00151376 -0.0403565 0)
(-0.00940573 -0.108353 0)
(-0.0249545 -0.162595 0)
(-0.0446451 -0.203182 0)
(-0.0661309 -0.231064 0)
(-0.0877995 -0.247713 0)
(-0.108439 -0.254873 0)
(-0.127249 -0.254359 0)
(-0.143801 -0.247899 0)
(-0.157943 -0.237048 0)
(-0.169723 -0.223134 0)
(-0.179308 -0.207252 0)
(-0.186939 -0.190269 0)
(-0.192886 -0.172851 0)
(-0.19742 -0.155485 0)
(-0.200799 -0.138511 0)
(-0.203255 -0.122149 0)
(-0.204993 -0.106518 0)
(-0.206189 -0.0916614 0)
(-0.206991 -0.0775631 0)
(-0.207519 -0.064159 0)
(-0.207872 -0.0513497 0)
(-0.208129 -0.039009 0)
(-0.208348 -0.0269909 0)
(-0.208575 -0.0151352 0)
(-0.208836 -0.00327235 0)
(-0.209145 0.00877242 0)
(-0.209501 0.0211747 0)
(-0.209884 0.0341067 0)
(-0.210257 0.0477314 0)
(-0.210561 0.0621969 0)
(-0.210711 0.0776269 0)
(-0.210589 0.0941108 0)
(-0.210044 0.111689 0)
(-0.208883 0.130337 0)
(-0.206868 0.14994 0)
(-0.203715 0.170269 0)
(-0.199094 0.190948 0)
(-0.192642 0.211418 0)
(-0.183978 0.230899 0)
(-0.172742 0.248359 0)
(-0.158646 0.262484 0)
(-0.141543 0.271677 0)
(-0.12153 0.274085 0)
(-0.099052 0.267683 0)
(-0.0750225 0.250408 0)
(-0.0508747 0.220383 0)
(-0.0285375 0.17617 0)
(-0.0107927 0.11705 0)
(-0.00174672 0.0433492 0)
(-0.00136149 -0.035738 0)
(-0.00861565 -0.0964269 0)
(-0.0231512 -0.145498 0)
(-0.041953 -0.182968 0)
(-0.0629981 -0.209508 0)
(-0.0848418 -0.226218 0)
(-0.106326 -0.234453 0)
(-0.126616 -0.235668 0)
(-0.145186 -0.231294 0)
(-0.16176 -0.222655 0)
(-0.176248 -0.210918 0)
(-0.188696 -0.197072 0)
(-0.199233 -0.181923 0)
(-0.208041 -0.166109 0)
(-0.21532 -0.150113 0)
(-0.221277 -0.134285 0)
(-0.226111 -0.118862 0)
(-0.230001 -0.103987 0)
(-0.233112 -0.0897299 0)
(-0.235582 -0.0760964 0)
(-0.237532 -0.0630461 0)
(-0.23906 -0.0505007 0)
(-0.240244 -0.0383534 0)
(-0.241147 -0.0264761 0)
(-0.241811 -0.0147252 0)
(-0.242262 -0.00294758 0)
(-0.24251 0.00901508 0)
(-0.242547 0.0213211 0)
(-0.242345 0.0341235 0)
(-0.241858 0.0475641 0)
(-0.241015 0.0617664 0)
(-0.23972 0.0768261 0)
(-0.23785 0.0928005 0)
(-0.235248 0.109695 0)
(-0.231726 0.127445 0)
(-0.227061 0.145898 0)
(-0.221 0.164788 0)
(-0.213265 0.183712 0)
(-0.203569 0.2021 0)
(-0.191639 0.219192 0)
(-0.177249 0.234016 0)
(-0.160272 0.245382 0)
(-0.140741 0.25189 0)
(-0.118924 0.251976 0)
(-0.0954022 0.24399 0)
(-0.0711495 0.226324 0)
(-0.0475405 0.197578 0)
(-0.0262994 0.156757 0)
(-0.00980756 0.103454 0)
(-0.00155468 0.038066 0)
(-0.00124345 -0.0314881 0)
(-0.00798631 -0.0853005 0)
(-0.0216789 -0.129283 0)
(-0.0396868 -0.163411 0)
(-0.0602456 -0.188166 0)
(-0.0820617 -0.204378 0)
(-0.104046 -0.213102 0)
(-0.12536 -0.215505 0)
(-0.145423 -0.212763 0)
(-0.163873 -0.205993 0)
(-0.180519 -0.196204 0)
(-0.195306 -0.184272 0)
(-0.20827 -0.170929 0)
(-0.21951 -0.156769 0)
(-0.229163 -0.142252 0)
(-0.237383 -0.127724 0)
(-0.244328 -0.113427 0)
(-0.250151 -0.0995184 0)
(-0.254996 -0.0860823 0)
(-0.258989 -0.0731443 0)
(-0.262243 -0.0606826 0)
(-0.26485 -0.048638 0)
(-0.266888 -0.0369222 0)
(-0.268414 -0.0254249 0)
(-0.269469 -0.0140205 0)
(-0.270076 -0.00257321 0)
(-0.27024 0.00905707 0)
(-0.269946 0.0210098 0)
(-0.269162 0.033418 0)
(-0.267834 0.0464015 0)
(-0.265884 0.0600599 0)
(-0.263214 0.074463 0)
(-0.259698 0.0896404 0)
(-0.255186 0.105568 0)
(-0.249501 0.122154 0)
(-0.242447 0.139218 0)
(-0.23381 0.156478 0)
(-0.22337 0.173523 0)
(-0.21092 0.189798 0)
(-0.196285 0.204586 0)
(-0.179362 0.216999 0)
(-0.160158 0.225981 0)
(-0.138844 0.230331 0)
(-0.115808 0.228746 0)
(-0.0917137 0.219895 0)
(-0.0675448 0.20253 0)
(-0.0445927 0.175615 0)
(-0.0243904 0.138465 0)
(-0.00899047 0.0908732 0)
(-0.00140007 0.033254 0)
(-0.00115036 -0.0275329 0)
(-0.00747887 -0.0748306 0)
(-0.0204678 -0.113825 0)
(-0.0377758 -0.144473 0)
(-0.0578447 -0.167125 0)
(-0.0795108 -0.182411 0)
(-0.101756 -0.191157 0)
(-0.123759 -0.194294 0)
(-0.144911 -0.192786 0)
(-0.16479 -0.187564 0)
(-0.183133 -0.17949 0)
(-0.199805 -0.169326 0)
(-0.214765 -0.157723 0)
(-0.228042 -0.14522 0)
(-0.239712 -0.132244 0)
(-0.249879 -0.119123 0)
(-0.258663 -0.106096 0)
(-0.266186 -0.0933214 0)
(-0.272567 -0.0808936 0)
(-0.277919 -0.0688506 0)
(-0.28234 -0.0571858 0)
(-0.285917 -0.0458562 0)
(-0.288719 -0.0347904 0)
(-0.290799 -0.0238956 0)
(-0.292193 -0.0130639 0)
(-0.292921 -0.00217759 0)
(-0.292981 0.0088848 0)
(-0.292357 0.0202435 0)
(-0.291009 0.0320111 0)
(-0.28888 0.0442867 0)
(-0.285891 0.0571476 0)
(-0.281942 0.0706409 0)
(-0.276915 0.0847735 0)
(-0.270668 0.0995 0)
(-0.263048 0.114709 0)
(-0.253886 0.13021 0)
(-0.243013 0.145715 0)
(-0.230269 0.160826 0)
(-0.215522 0.175019 0)
(-0.198689 0.187639 0)
(-0.179768 0.197893 0)
(-0.158877 0.204866 0)
(-0.136288 0.20754 0)
(-0.112472 0.204843 0)
(-0.0881361 0.195714 0)
(-0.0642444 0.179188 0)
(-0.0419967 0.1545 0)
(-0.0227559 0.121185 0)
(-0.00830638 0.0791617 0)
(-0.00127373 0.0288336 0)
(-0.00107608 -0.0238159 0)
(-0.0070666 -0.0649026 0)
(-0.0194678 -0.0990146 0)
(-0.0361657 -0.126102 0)
(-0.0557661 -0.146423 0)
(-0.0772152 -0.160459 0)
(-0.0995622 -0.168855 0)
(-0.122011 -0.172353 0)
(-0.143941 -0.171736 0)
(-0.164894 -0.167775 0)
(-0.184555 -0.161193 0)
(-0.202726 -0.152644 0)
(-0.219304 -0.142696 0)
(-0.23426 -0.131824 0)
(-0.247617 -0.120417 0)
(-0.259432 -0.108775 0)
(-0.269786 -0.0971229 0)
(-0.278774 -0.085616 0)
(-0.286489 -0.0743506 0)
(-0.293027 -0.0633724 0)
(-0.298471 -0.0526856 0)
(-0.302897 -0.0422608 0)
(-0.306366 -0.0320415 0)
(-0.308926 -0.0219513 0)
(-0.310606 -0.0118993 0)
(-0.311421 -0.00178568 0)
(-0.311367 0.00849274 0)
(-0.310421 0.0190372 0)
(-0.308541 0.0299412 0)
(-0.30567 0.0412839 0)
(-0.301728 0.0531234 0)
(-0.29662 0.0654881 0)
(-0.290236 0.0783678 0)
(-0.28245 0.0917029 0)
(-0.273133 0.105373 0)
(-0.262148 0.119186 0)
(-0.249373 0.132865 0)
(-0.234703 0.146035 0)
(-0.218074 0.15822 0)
(-0.199484 0.168835 0)
(-0.179017 0.177189 0)
(-0.156874 0.182502 0)
(-0.133403 0.183926 0)
(-0.109129 0.18059 0)
(-0.0847739 0.171654 0)
(-0.0612699 0.156378 0)
(-0.0397258 0.134199 0)
(-0.0213576 0.104807 0)
(-0.00773158 0.0681957 0)
(-0.00116969 0.0247412 0)
(-0.00101651 -0.0202924 0)
(-0.00673102 -0.0554228 0)
(-0.018643 -0.084755 0)
(-0.0348159 -0.10824 0)
(-0.0539854 -0.126068 0)
(-0.0751884 -0.138608 0)
(-0.0975343 -0.146362 0)
(-0.120255 -0.149917 0)
(-0.14273 -0.149904 0)
(-0.16448 -0.146952 0)
(-0.18515 -0.141661 0)
(-0.204496 -0.134579 0)
(-0.222368 -0.126191 0)
(-0.238686 -0.11691 0)
(-0.253428 -0.107075 0)
(-0.266611 -0.0969554 0)
(-0.278283 -0.0867555 0)
(-0.288508 -0.0766201 0)
(-0.297357 -0.0666423 0)
(-0.304906 -0.0568707 0)
(-0.311226 -0.0473169 0)
(-0.316379 -0.0379619 0)
(-0.320418 -0.0287622 0)
(-0.323383 -0.0196561 0)
(-0.325298 -0.0105688 0)
(-0.326172 -0.00141745 0)
(-0.325997 0.00788358 0)
(-0.324748 0.0174176 0)
(-0.322381 0.0272603 0)
(-0.318839 0.0374734 0)
(-0.314045 0.0480986 0)
(-0.307911 0.0591499 0)
(-0.300337 0.0706054 0)
(-0.291217 0.0823987 0)
(-0.280443 0.0944092 0)
(-0.267916 0.106453 0)
(-0.253553 0.118272 0)
(-0.237302 0.129529 0)
(-0.219159 0.139803 0)
(-0.19919 0.148583 0)
(-0.177547 0.155284 0)
(-0.154497 0.159252 0)
(-0.130441 0.159793 0)
(-0.105935 0.15621 0)
(-0.0817027 0.147842 0)
(-0.0586362 0.134128 0)
(-0.037761 0.114657 0)
(-0.0201688 0.0892233 0)
(-0.00724992 0.0578666 0)
(-0.00108392 0.0209237 0)
(-0.000968851 -0.016926 0)
(-0.00645934 -0.0463117 0)
(-0.017968 -0.070959 0)
(-0.0336968 -0.0908232 0)
(-0.0524833 -0.106045 0)
(-0.0734382 -0.116904 0)
(-0.0957225 -0.123788 0)
(-0.118596 -0.127158 0)
(-0.141444 -0.127513 0)
(-0.163773 -0.125357 0)
(-0.185204 -0.121178 0)
(-0.205458 -0.115428 0)
(-0.224346 -0.108508 0)
(-0.241749 -0.100767 0)
(-0.257607 -0.0924938 0)
(-0.271904 -0.0839212 0)
(-0.284656 -0.075228 0)
(-0.295903 -0.0665435 0)
(-0.305694 -0.0579533 0)
(-0.314086 -0.0495051 0)
(-0.321136 -0.0412142 0)
(-0.326897 -0.0330693 0)
(-0.33141 -0.0250381 0)
(-0.334708 -0.0170718 0)
(-0.336811 -0.00911041 0)
(-0.337721 -0.00108687 0)
(-0.337427 0.00706804 0)
(-0.335902 0.0154212 0)
(-0.333102 0.024032 0)
(-0.32897 0.0329475 0)
(-0.323435 0.042196 0)
(-0.316417 0.0517813 0)
(-0.307827 0.0616753 0)
(-0.297578 0.0718109 0)
(-0.285585 0.0820743 0)
(-0.271781 0.0922976 0)
(-0.256121 0.102252 0)
(-0.238599 0.111644 0)
(-0.219263 0.120111 0)
(-0.198232 0.127224 0)
(-0.175713 0.132496 0)
(-0.152022 0.135394 0)
(-0.127597 0.135362 0)
(-0.103011 0.131848 0)
(-0.0789798 0.124344 0)
(-0.0563551 0.112426 0)
(-0.0360893 0.0957975 0)
(-0.0191713 0.074328 0)
(-0.00685036 0.0480767 0)
(-0.00101373 0.0173352 0)
(-0.000931209 -0.013686 0)
(-0.0062427 -0.0375005 0)
(-0.0174253 -0.0575466 0)
(-0.0327874 -0.0737862 0)
(-0.051246 -0.0863217 0)
(-0.0719702 -0.0953627 0)
(-0.0941639 -0.101203 0)
(-0.117112 -0.104197 0)
(-0.140207 -0.104728 0)
(-0.16295 -0.103194 0)
(-0.184943 -0.0999772 0)
(-0.205883 -0.0954388 0)
(-0.225552 -0.0899025 0)
(-0.243799 -0.0836508 0)
(-0.260535 -0.0769214 0)
(-0.275715 -0.0699071 0)
(-0.289331 -0.062758 0)
(-0.301398 -0.0555841 0)
(-0.311949 -0.0484601 0)
(-0.321024 -0.041429 0)
(-0.328668 -0.0345072 0)
(-0.33492 -0.0276891 0)
(-0.339816 -0.0209511 0)
(-0.343381 -0.014256 0)
(-0.345627 -0.00755698 0)
(-0.346556 -0.000801615 0)
(-0.346151 0.00606428 0)
(-0.344385 0.0130926 0)
(-0.341213 0.0203287 0)
(-0.336582 0.027807 0)
(-0.330424 0.0355459 0)
(-0.322668 0.0435426 0)
(-0.313237 0.0517675 0)
(-0.302061 0.0601583 0)
(-0.289077 0.0686141 0)
(-0.274245 0.0769897 0)
(-0.257553 0.0850913 0)
(-0.239035 0.0926731 0)
(-0.21878 0.0994367 0)
(-0.19695 0.105034 0)
(-0.173795 0.109073 0)
(-0.149664 0.111134 0)
(-0.125021 0.11078 0)
(-0.100449 0.107589 0)
(-0.0766493 0.101176 0)
(-0.054437 0.0912281 0)
(-0.0347026 0.0775353 0)
(-0.0183526 0.060016 0)
(-0.00652544 0.0387351 0)
(-0.000957265 0.013935 0)
(-0.000902291 -0.0105454 0)
(-0.00607503 -0.0289274 0)
(-0.0170024 -0.0444431 0)
(-0.0320733 -0.0570622 0)
(-0.0502642 -0.0668573 0)
(-0.0707892 -0.0739801 0)
(-0.092886 -0.0786461 0)
(-0.115861 -0.0811155 0)
(-0.139114 -0.0816755 0)
(-0.162143 -0.080622 0)
(-0.18454 -0.0782457 0)
(-0.205984 -0.0748201 0)
(-0.226234 -0.0705939 0)
(-0.245117 -0.065785 0)
(-0.26252 -0.0605786 0)
(-0.278377 -0.0551259 0)
(-0.292657 -0.0495458 0)
(-0.30536 -0.0439264 0)
(-0.316501 -0.0383283 0)
(-0.326108 -0.0327877 0)
(-0.334213 -0.0273196 0)
(-0.340848 -0.0219219 0)
(-0.34604 -0.016578 0)
(-0.34981 -0.0112609 0)
(-0.352164 -0.00593571 0)
(-0.353099 -0.000563212 0)
(-0.352598 0.00489705 0)
(-0.350631 0.0104836 0)
(-0.347156 0.0162294 0)
(-0.34212 0.0221587 0)
(-0.335461 0.0282826 0)
(-0.327115 0.0345952 0)
(-0.317017 0.0410693 0)
(-0.30511 0.047652 0)
(-0.291352 0.0542598 0)
(-0.275723 0.0607754 0)
(-0.258241 0.067044 0)
(-0.238969 0.0728718 0)
(-0.21803 0.0780261 0)
(-0.195617 0.0822379 0)
(-0.172012 0.0852084 0)
(-0.147591 0.0866186 0)
(-0.122832 0.0861438 0)
(-0.0983207 0.0834713 0)
(-0.0747457 0.0783213 0)
(-0.0528905 0.0704704 0)
(-0.0335961 0.0597734 0)
(-0.0177048 0.0461819 0)
(-0.00627008 0.0297557 0)
(-0.000913262 0.0106854 0)
(-0.000881232 -0.00748002 0)
(-0.00595224 -0.0205353 0)
(-0.0166913 -0.031577 0)
(-0.0315447 -0.0405828 0)
(-0.0495318 -0.0476014 0)
(-0.0698993 -0.0527354 0)
(-0.09191 -0.0561317 0)
(-0.114886 -0.0579692 0)
(-0.138235 -0.0584459 0)
(-0.161455 -0.0577675 0)
(-0.184129 -0.0561369 0)
(-0.205924 -0.0537461 0)
(-0.226584 -0.0507707 0)
(-0.245921 -0.0473655 0)
(-0.263804 -0.0436626 0)
(-0.280149 -0.0397707 0)
(-0.294912 -0.0357756 0)
(-0.308078 -0.0317416 0)
(-0.31965 -0.0277134 0)
(-0.329646 -0.023718 0)
(-0.33809 -0.0197677 0)
(-0.345005 -0.0158619 0)
(-0.350414 -0.0119899 0)
(-0.354331 -0.00813339 0)
(-0.35676 -0.00426832 0)
(-0.357695 -0.000367604 0)
(-0.357118 0.00359672 0)
(-0.354996 0.00765108 0)
(-0.35129 0.0118179 0)
(-0.345948 0.0161128 0)
(-0.338913 0.0205421 0)
(-0.330126 0.0250996 0)
(-0.319531 0.0297637 0)
(-0.307084 0.0344938 0)
(-0.292755 0.0392282 0)
(-0.276546 0.0438805 0)
(-0.258492 0.0483383 0)
(-0.238681 0.0524618 0)
(-0.217257 0.0560847 0)
(-0.194442 0.0590162 0)
(-0.170535 0.0610458 0)
(-0.14593 0.0619509 0)
(-0.121117 0.0615065 0)
(-0.0966796 0.0594982 0)
(-0.0732956 0.055736 0)
(-0.0517235 0.0500706 0)
(-0.0327673 0.0424078 0)
(-0.0172224 0.0327205 0)
(-0.00608094 0.0210559 0)
(-0.000880877 0.00755109 0)
(-0.000867468 -0.0044672 0)
(-0.00587169 -0.0122706 0)
(-0.0164864 -0.0188791 0)
(-0.0311952 -0.0242791 0)
(-0.0490451 -0.0284984 0)
(-0.0693039 -0.0315966 0)
(-0.091251 -0.0336591 0)
(-0.114219 -0.0347904 0)
(-0.137623 -0.0351067 0)
(-0.160957 -0.034729 0)
(-0.183803 -0.0337772 0)
(-0.20582 -0.0323652 0)
(-0.226742 -0.0305975 0)
(-0.24637 -0.0285666 0)
(-0.264562 -0.0263515 0)
(-0.281224 -0.0240179 0)
(-0.296302 -0.0216175 0)
(-0.309769 -0.0191894 0)
(-0.321624 -0.0167609 0)
(-0.331874 -0.0143488 0)
(-0.340539 -0.011961 0)
(-0.347639 -0.00959753 0)
(-0.353189 -0.00725253 0)
(-0.357202 -0.00491526 0)
(-0.359678 -0.00257174 0)
(-0.360611 -0.000206087 0)
(-0.35998 0.00219809 0)
(-0.357753 0.0046562 0)
(-0.353891 0.00718115 0)
(-0.348344 0.00978178 0)
(-0.341057 0.0124611 0)
(-0.331977 0.0152147 0)
(-0.321053 0.0180285 0)
(-0.30825 0.0208774 0)
(-0.293548 0.0237232 0)
(-0.276959 0.0265133 0)
(-0.258534 0.0291794 0)
(-0.238375 0.0316372 0)
(-0.216644 0.033787 0)
(-0.193575 0.0355148 0)
(-0.169484 0.0366956 0)
(-0.144774 0.0371981 0)
(-0.119939 0.0368899 0)
(-0.0955646 0.0356458 0)
(-0.0723182 0.033356 0)
(-0.050942 0.0299347 0)
(-0.0322151 0.025329 0)
(-0.0169023 0.0195256 0)
(-0.00595589 0.0125545 0)
(-0.000859559 0.00449832 0)
(-0.000860664 -0.00148555 0)
(-0.00583178 -0.00408165 0)
(-0.0163848 -0.00628161 0)
(-0.0310214 -0.00808096 0)
(-0.0488022 -0.00948871 0)
(-0.0690055 -0.0105243 0)
(-0.090919 -0.0112159 0)
(-0.113881 -0.0115978 0)
(-0.137308 -0.0117082 0)
(-0.160697 -0.0115872 0)
(-0.183625 -0.0112744 0)
(-0.205749 -0.0108075 0)
(-0.226799 -0.0102213 0)
(-0.246569 -0.00954637 0)
(-0.264912 -0.00880922 0)
(-0.28173 -0.00803165 0)
(-0.296962 -0.00723103 0)
(-0.310579 -0.00642043 0)
(-0.322572 -0.00560907 0)
(-0.332949 -0.00480262 0)
(-0.341724 -0.00400378 0)
(-0.348914 -0.00321267 0)
(-0.354534 -0.00242739 0)
(-0.358593 -0.00164443 0)
(-0.361093 -0.000859203 0)
(-0.362024 -6.64625e-05 0)
(-0.361365 0.000739179 0)
(-0.359085 0.00156278 0)
(-0.355145 0.00240857 0)
(-0.349494 0.00327937 0)
(-0.342082 0.00417609 0)
(-0.332855 0.00509709 0)
(-0.321768 0.00603756 0)
(-0.308788 0.00698896 0)
(-0.2939 0.00793839 0)
(-0.277124 0.00886816 0)
(-0.258518 0.00975539 0)
(-0.238189 0.0105719 0)
(-0.216308 0.0112845 0)
(-0.193118 0.0118553 0)
(-0.168939 0.0122428 0)
(-0.144181 0.0124036 0)
(-0.119341 0.012294 0)
(-0.0950009 0.011873 0)
(-0.0718263 0.0111044 0)
(-0.0505501 0.00996036 0)
(-0.0319391 0.00842389 0)
(-0.0167427 0.00649094 0)
(-0.00589366 0.00417183 0)
(-0.000848978 0.00149412 0)
(-0.000860663 0.00148578 0)
(-0.00583177 0.00408222 0)
(-0.0163848 0.00628241 0)
(-0.0310213 0.00808188 0)
(-0.0488022 0.00948967 0)
(-0.0690055 0.0105253 0)
(-0.0909189 0.0112168 0)
(-0.113881 0.0115986 0)
(-0.137308 0.0117089 0)
(-0.160697 0.0115878 0)
(-0.183625 0.0112749 0)
(-0.205749 0.0108079 0)
(-0.226799 0.0102215 0)
(-0.246569 0.00954647 0)
(-0.264912 0.0088092 0)
(-0.28173 0.00803152 0)
(-0.296962 0.00723079 0)
(-0.310579 0.0064201 0)
(-0.322572 0.00560864 0)
(-0.332949 0.00480211 0)
(-0.341724 0.00400319 0)
(-0.348914 0.00321202 0)
(-0.354534 0.00242668 0)
(-0.358593 0.00164367 0)
(-0.361093 0.0008584 0)
(-0.362024 6.56265e-05 0)
(-0.361365 -0.000740037 0)
(-0.359085 -0.00156365 0)
(-0.355145 -0.00240943 0)
(-0.349494 -0.00328022 0)
(-0.342082 -0.00417692 0)
(-0.332855 -0.00509787 0)
(-0.321768 -0.00603828 0)
(-0.308788 -0.0069896 0)
(-0.2939 -0.00793894 0)
(-0.277124 -0.0088686 0)
(-0.258518 -0.00975572 0)
(-0.238189 -0.0105721 0)
(-0.216308 -0.0112846 0)
(-0.193118 -0.0118552 0)
(-0.168939 -0.0122426 0)
(-0.144181 -0.0124032 0)
(-0.119341 -0.0122935 0)
(-0.0950009 -0.0118723 0)
(-0.0718264 -0.0111036 0)
(-0.0505501 -0.00995958 0)
(-0.0319391 -0.00842312 0)
(-0.0167427 -0.00649027 0)
(-0.00589366 -0.00417135 0)
(-0.000848979 -0.00149393 0)
(-0.000867465 0.00446743 0)
(-0.00587167 0.0122712 0)
(-0.0164864 0.0188798 0)
(-0.0311952 0.02428 0)
(-0.049045 0.0284994 0)
(-0.0693038 0.0315976 0)
(-0.0912508 0.03366 0)
(-0.114219 0.0347912 0)
(-0.137622 0.0351074 0)
(-0.160957 0.0347296 0)
(-0.183803 0.0337777 0)
(-0.20582 0.0323656 0)
(-0.226742 0.0305977 0)
(-0.24637 0.0285667 0)
(-0.264562 0.0263515 0)
(-0.281224 0.0240178 0)
(-0.296301 0.0216172 0)
(-0.309769 0.019189 0)
(-0.321623 0.0167605 0)
(-0.331874 0.0143483 0)
(-0.340539 0.0119604 0)
(-0.347638 0.00959689 0)
(-0.353189 0.00725183 0)
(-0.357201 0.00491451 0)
(-0.359678 0.00257096 0)
(-0.360611 0.000205267 0)
(-0.359979 -0.00219893 0)
(-0.357753 -0.00465705 0)
(-0.353891 -0.007182 0)
(-0.348344 -0.00978262 0)
(-0.341057 -0.0124619 0)
(-0.331977 -0.0152154 0)
(-0.321054 -0.0180292 0)
(-0.30825 -0.020878 0)
(-0.293548 -0.0237237 0)
(-0.276959 -0.0265137 0)
(-0.258534 -0.0291797 0)
(-0.238375 -0.0316374 0)
(-0.216644 -0.033787 0)
(-0.193575 -0.0355147 0)
(-0.169484 -0.0366954 0)
(-0.144774 -0.0371977 0)
(-0.11994 -0.0368893 0)
(-0.0955647 -0.0356452 0)
(-0.0723183 -0.0333553 0)
(-0.050942 -0.0299339 0)
(-0.0322152 -0.0253283 0)
(-0.0169024 -0.0195249 0)
(-0.0059559 -0.012554 0)
(-0.000859561 -0.00449813 0)
(-0.000881227 0.00748024 0)
(-0.00595222 0.0205359 0)
(-0.0166912 0.0315777 0)
(-0.0315446 0.0405837 0)
(-0.0495317 0.0476023 0)
(-0.0698991 0.0527363 0)
(-0.0919097 0.0561326 0)
(-0.114886 0.0579699 0)
(-0.138235 0.0584466 0)
(-0.161455 0.0577681 0)
(-0.184129 0.0561373 0)
(-0.205924 0.0537464 0)
(-0.226584 0.0507709 0)
(-0.245921 0.0473656 0)
(-0.263803 0.0436626 0)
(-0.280148 0.0397705 0)
(-0.294912 0.0357754 0)
(-0.308078 0.0317413 0)
(-0.31965 0.027713 0)
(-0.329646 0.0237175 0)
(-0.338089 0.0197671 0)
(-0.345005 0.0158612 0)
(-0.350414 0.0119892 0)
(-0.354331 0.00813267 0)
(-0.35676 0.00426757 0)
(-0.357695 0.000366817 0)
(-0.357118 -0.00359753 0)
(-0.354996 -0.0076519 0)
(-0.35129 -0.0118187 0)
(-0.345948 -0.0161136 0)
(-0.338913 -0.0205429 0)
(-0.330126 -0.0251004 0)
(-0.319531 -0.0297643 0)
(-0.307084 -0.0344945 0)
(-0.292756 -0.0392287 0)
(-0.276546 -0.043881 0)
(-0.258493 -0.0483386 0)
(-0.238681 -0.052462 0)
(-0.217258 -0.0560848 0)
(-0.194442 -0.0590161 0)
(-0.170535 -0.0610455 0)
(-0.145931 -0.0619505 0)
(-0.121117 -0.061506 0)
(-0.0966798 -0.0594975 0)
(-0.0732957 -0.0557353 0)
(-0.0517236 -0.0500698 0)
(-0.0327674 -0.042407 0)
(-0.0172224 -0.0327198 0)
(-0.00608096 -0.0210554 0)
(-0.00088088 -0.00755091 0)
(-0.000902285 0.0105456 0)
(-0.00607499 0.0289279 0)
(-0.0170023 0.0444438 0)
(-0.0320732 0.057063 0)
(-0.050264 0.0668581 0)
(-0.0707889 0.073981 0)
(-0.0928857 0.0786468 0)
(-0.11586 0.0811163 0)
(-0.139113 0.0816761 0)
(-0.162143 0.0806226 0)
(-0.18454 0.0782461 0)
(-0.205984 0.0748204 0)
(-0.226233 0.070594 0)
(-0.245116 0.0657851 0)
(-0.26252 0.0605785 0)
(-0.278376 0.0551258 0)
(-0.292657 0.0495456 0)
(-0.305359 0.0439261 0)
(-0.3165 0.0383279 0)
(-0.326107 0.0327872 0)
(-0.334212 0.0273191 0)
(-0.340847 0.0219213 0)
(-0.34604 0.0165774 0)
(-0.349809 0.0112602 0)
(-0.352163 0.005935 0)
(-0.353098 0.000562471 0)
(-0.352598 -0.00489781 0)
(-0.350631 -0.0104843 0)
(-0.347156 -0.0162302 0)
(-0.34212 -0.0221594 0)
(-0.335461 -0.0282833 0)
(-0.327115 -0.0345959 0)
(-0.317018 -0.04107 0)
(-0.305111 -0.0476525 0)
(-0.291352 -0.0542603 0)
(-0.275724 -0.0607758 0)
(-0.258242 -0.0670443 0)
(-0.23897 -0.072872 0)
(-0.21803 -0.0780261 0)
(-0.195618 -0.0822378 0)
(-0.172013 -0.0852081 0)
(-0.147591 -0.0866182 0)
(-0.122832 -0.0861433 0)
(-0.098321 -0.0834707 0)
(-0.0747459 -0.0783206 0)
(-0.0528907 -0.0704697 0)
(-0.0335962 -0.0597727 0)
(-0.0177048 -0.0461813 0)
(-0.0062701 -0.0297553 0)
(-0.000913266 -0.0106852 0)
(-0.000931202 0.0136862 0)
(-0.00624265 0.037501 0)
(-0.0174251 0.0575473 0)
(-0.0327873 0.073787 0)
(-0.0512458 0.0863225 0)
(-0.0719698 0.0953635 0)
(-0.0941634 0.101204 0)
(-0.117111 0.104197 0)
(-0.140206 0.104729 0)
(-0.162949 0.103194 0)
(-0.184942 0.0999775 0)
(-0.205883 0.095439 0)
(-0.225551 0.0899027 0)
(-0.243798 0.0836509 0)
(-0.260534 0.0769214 0)
(-0.275714 0.069907 0)
(-0.28933 0.0627578 0)
(-0.301398 0.0555838 0)
(-0.311949 0.0484597 0)
(-0.321024 0.0414285 0)
(-0.328667 0.0345067 0)
(-0.334919 0.0276886 0)
(-0.339815 0.0209505 0)
(-0.34338 0.0142554 0)
(-0.345627 0.00755632 0)
(-0.346555 0.000800937 0)
(-0.346151 -0.00606497 0)
(-0.344385 -0.0130933 0)
(-0.341213 -0.0203294 0)
(-0.336582 -0.0278077 0)
(-0.330424 -0.0355466 0)
(-0.322668 -0.0435432 0)
(-0.313237 -0.0517681 0)
(-0.302061 -0.0601588 0)
(-0.289077 -0.0686145 0)
(-0.274245 -0.07699 0)
(-0.257554 -0.0850915 0)
(-0.239036 -0.0926732 0)
(-0.218781 -0.0994367 0)
(-0.196951 -0.105034 0)
(-0.173795 -0.109073 0)
(-0.149664 -0.111133 0)
(-0.125022 -0.110779 0)
(-0.100449 -0.107588 0)
(-0.0766495 -0.101175 0)
(-0.0544372 -0.0912274 0)
(-0.0347027 -0.0775347 0)
(-0.0183527 -0.0600154 0)
(-0.00652547 -0.0387347 0)
(-0.00095727 -0.0139348 0)
(-0.000968843 0.0169262 0)
(-0.00645929 0.0463121 0)
(-0.0179679 0.0709595 0)
(-0.0336966 0.0908239 0)
(-0.0524829 0.106045 0)
(-0.0734377 0.116904 0)
(-0.095722 0.123789 0)
(-0.118596 0.127159 0)
(-0.141443 0.127513 0)
(-0.163773 0.125357 0)
(-0.185203 0.121179 0)
(-0.205458 0.115428 0)
(-0.224345 0.108508 0)
(-0.241748 0.100767 0)
(-0.257606 0.0924938 0)
(-0.271903 0.0839211 0)
(-0.284655 0.0752278 0)
(-0.295902 0.0665433 0)
(-0.305693 0.057953 0)
(-0.314085 0.0495047 0)
(-0.321136 0.0412137 0)
(-0.326896 0.0330688 0)
(-0.331409 0.0250376 0)
(-0.334708 0.0170713 0)
(-0.33681 0.00910982 0)
(-0.33772 0.00108626 0)
(-0.337427 -0.00706865 0)
(-0.335901 -0.0154218 0)
(-0.333102 -0.0240326 0)
(-0.32897 -0.0329481 0)
(-0.323435 -0.0421966 0)
(-0.316417 -0.0517819 0)
(-0.307827 -0.0616758 0)
(-0.297578 -0.0718114 0)
(-0.285586 -0.0820747 0)
(-0.271781 -0.0922979 0)
(-0.256121 -0.102252 0)
(-0.238599 -0.111644 0)
(-0.219263 -0.120111 0)
(-0.198232 -0.127224 0)
(-0.175714 -0.132496 0)
(-0.152022 -0.135394 0)
(-0.127597 -0.135361 0)
(-0.103011 -0.131847 0)
(-0.0789801 -0.124343 0)
(-0.0563554 -0.112425 0)
(-0.0360894 -0.095797 0)
(-0.0191714 -0.0743276 0)
(-0.0068504 -0.0480763 0)
(-0.00101374 -0.0173351 0)
(-0.0010165 0.0202925 0)
(-0.00673097 0.0554231 0)
(-0.0186428 0.0847554 0)
(-0.0348156 0.108241 0)
(-0.053985 0.126069 0)
(-0.0751879 0.138609 0)
(-0.0975337 0.146362 0)
(-0.120254 0.149918 0)
(-0.14273 0.149905 0)
(-0.164479 0.146953 0)
(-0.185149 0.141661 0)
(-0.204496 0.134579 0)
(-0.222367 0.126191 0)
(-0.238685 0.11691 0)
(-0.253427 0.107075 0)
(-0.26661 0.0969553 0)
(-0.278282 0.0867554 0)
(-0.288507 0.0766199 0)
(-0.297356 0.066642 0)
(-0.304905 0.0568704 0)
(-0.311225 0.0473166 0)
(-0.316378 0.0379615 0)
(-0.320417 0.0287617 0)
(-0.323382 0.0196556 0)
(-0.325298 0.0105683 0)
(-0.326172 0.00141693 0)
(-0.325997 -0.0078841 0)
(-0.324748 -0.0174181 0)
(-0.322381 -0.0272608 0)
(-0.318839 -0.0374739 0)
(-0.314045 -0.0480991 0)
(-0.307911 -0.0591503 0)
(-0.300337 -0.0706058 0)
(-0.291217 -0.0823991 0)
(-0.280444 -0.0944096 0)
(-0.267917 -0.106453 0)
(-0.253553 -0.118272 0)
(-0.237302 -0.12953 0)
(-0.21916 -0.139803 0)
(-0.199191 -0.148583 0)
(-0.177548 -0.155284 0)
(-0.154498 -0.159252 0)
(-0.130441 -0.159793 0)
(-0.105936 -0.156209 0)
(-0.081703 -0.147842 0)
(-0.0586364 -0.134127 0)
(-0.0377612 -0.114656 0)
(-0.0201689 -0.0892229 0)
(-0.00724995 -0.0578663 0)
(-0.00108393 -0.0209236 0)
(-0.00107607 0.023816 0)
(-0.00706654 0.0649029 0)
(-0.0194676 0.099015 0)
(-0.0361654 0.126103 0)
(-0.0557657 0.146424 0)
(-0.0772147 0.16046 0)
(-0.0995616 0.168855 0)
(-0.12201 0.172353 0)
(-0.14394 0.171736 0)
(-0.164893 0.167775 0)
(-0.184554 0.161193 0)
(-0.202725 0.152644 0)
(-0.219303 0.142696 0)
(-0.234259 0.131824 0)
(-0.247616 0.120417 0)
(-0.259431 0.108775 0)
(-0.269785 0.0971228 0)
(-0.278773 0.0856159 0)
(-0.286489 0.0743503 0)
(-0.293026 0.0633721 0)
(-0.29847 0.0526853 0)
(-0.302896 0.0422604 0)
(-0.306365 0.0320411 0)
(-0.308925 0.0219509 0)
(-0.310606 0.0118989 0)
(-0.311421 0.00178527 0)
(-0.311367 -0.00849316 0)
(-0.31042 -0.0190376 0)
(-0.308541 -0.0299416 0)
(-0.30567 -0.0412843 0)
(-0.301728 -0.0531238 0)
(-0.29662 -0.0654885 0)
(-0.290236 -0.0783681 0)
(-0.282451 -0.0917032 0)
(-0.273133 -0.105374 0)
(-0.262149 -0.119187 0)
(-0.249373 -0.132865 0)
(-0.234703 -0.146035 0)
(-0.218075 -0.15822 0)
(-0.199484 -0.168835 0)
(-0.179017 -0.177189 0)
(-0.156874 -0.182502 0)
(-0.133404 -0.183926 0)
(-0.109129 -0.18059 0)
(-0.0847742 -0.171654 0)
(-0.0612702 -0.156377 0)
(-0.039726 -0.134199 0)
(-0.0213577 -0.104807 0)
(-0.00773163 -0.0681954 0)
(-0.00116969 -0.0247411 0)
(-0.00115035 0.027533 0)
(-0.00747881 0.0748307 0)
(-0.0204677 0.113825 0)
(-0.0377755 0.144473 0)
(-0.0578443 0.167125 0)
(-0.0795103 0.182411 0)
(-0.101756 0.191157 0)
(-0.123759 0.194294 0)
(-0.14491 0.192786 0)
(-0.164789 0.187564 0)
(-0.183132 0.17949 0)
(-0.199804 0.169326 0)
(-0.214764 0.157723 0)
(-0.228041 0.14522 0)
(-0.239711 0.132244 0)
(-0.249878 0.119123 0)
(-0.258662 0.106096 0)
(-0.266185 0.0933213 0)
(-0.272566 0.0808934 0)
(-0.277918 0.0688504 0)
(-0.28234 0.0571856 0)
(-0.285916 0.0458559 0)
(-0.288718 0.0347901 0)
(-0.290798 0.0238953 0)
(-0.292193 0.0130635 0)
(-0.29292 0.00217727 0)
(-0.292981 -0.00888512 0)
(-0.292356 -0.0202438 0)
(-0.291009 -0.0320115 0)
(-0.28888 -0.044287 0)
(-0.285891 -0.0571479 0)
(-0.281943 -0.0706412 0)
(-0.276915 -0.0847738 0)
(-0.270669 -0.0995003 0)
(-0.263048 -0.11471 0)
(-0.253886 -0.13021 0)
(-0.243014 -0.145715 0)
(-0.23027 -0.160826 0)
(-0.215523 -0.175019 0)
(-0.198689 -0.187639 0)
(-0.179769 -0.197893 0)
(-0.158878 -0.204866 0)
(-0.136289 -0.20754 0)
(-0.112473 -0.204843 0)
(-0.0881365 -0.195713 0)
(-0.0642447 -0.179187 0)
(-0.0419969 -0.1545 0)
(-0.022756 -0.121185 0)
(-0.00830643 -0.0791615 0)
(-0.00127374 -0.0288336 0)
(-0.00124344 0.0314882 0)
(-0.00798625 0.0853006 0)
(-0.0216788 0.129283 0)
(-0.0396865 0.163411 0)
(-0.0602452 0.188166 0)
(-0.0820612 0.204378 0)
(-0.104045 0.213103 0)
(-0.125359 0.215505 0)
(-0.145423 0.212763 0)
(-0.163872 0.205993 0)
(-0.180518 0.196205 0)
(-0.195305 0.184272 0)
(-0.208269 0.170929 0)
(-0.219509 0.156769 0)
(-0.229162 0.142252 0)
(-0.237382 0.127724 0)
(-0.244327 0.113427 0)
(-0.25015 0.0995183 0)
(-0.254995 0.0860822 0)
(-0.258988 0.0731441 0)
(-0.262242 0.0606825 0)
(-0.26485 0.0486379 0)
(-0.266888 0.036922 0)
(-0.268414 0.0254247 0)
(-0.269469 0.0140202 0)
(-0.270076 0.00257299 0)
(-0.270239 -0.00905729 0)
(-0.269946 -0.02101 0)
(-0.269162 -0.0334182 0)
(-0.267834 -0.0464017 0)
(-0.265884 -0.0600601 0)
(-0.263214 -0.0744632 0)
(-0.259698 -0.0896406 0)
(-0.255186 -0.105568 0)
(-0.249502 -0.122154 0)
(-0.242448 -0.139218 0)
(-0.233811 -0.156478 0)
(-0.223371 -0.173523 0)
(-0.21092 -0.189798 0)
(-0.196286 -0.204586 0)
(-0.179363 -0.216999 0)
(-0.160159 -0.225981 0)
(-0.138844 -0.230331 0)
(-0.115808 -0.228746 0)
(-0.0917141 -0.219895 0)
(-0.0675451 -0.20253 0)
(-0.0445929 -0.175615 0)
(-0.0243905 -0.138465 0)
(-0.00899052 -0.090873 0)
(-0.00140008 -0.033254 0)
(-0.00136148 0.0357381 0)
(-0.00861559 0.0964269 0)
(-0.0231511 0.145498 0)
(-0.0419527 0.182968 0)
(-0.0629977 0.209508 0)
(-0.0848413 0.226218 0)
(-0.106326 0.234453 0)
(-0.126616 0.235668 0)
(-0.145185 0.231294 0)
(-0.161759 0.222655 0)
(-0.176247 0.210918 0)
(-0.188695 0.197072 0)
(-0.199232 0.181923 0)
(-0.20804 0.166109 0)
(-0.215319 0.150113 0)
(-0.221276 0.134285 0)
(-0.22611 0.118862 0)
(-0.230001 0.103987 0)
(-0.233111 0.0897298 0)
(-0.235581 0.0760963 0)
(-0.237531 0.063046 0)
(-0.239059 0.0505006 0)
(-0.240244 0.0383533 0)
(-0.241147 0.0264759 0)
(-0.24181 0.0147251 0)
(-0.242262 0.00294745 0)
(-0.24251 -0.00901521 0)
(-0.242547 -0.0213212 0)
(-0.242345 -0.0341236 0)
(-0.241858 -0.0475642 0)
(-0.241015 -0.0617665 0)
(-0.23972 -0.0768262 0)
(-0.23785 -0.0928006 0)
(-0.235248 -0.109695 0)
(-0.231726 -0.127445 0)
(-0.227062 -0.145898 0)
(-0.221001 -0.164788 0)
(-0.213266 -0.183712 0)
(-0.20357 -0.2021 0)
(-0.191639 -0.219192 0)
(-0.177249 -0.234016 0)
(-0.160273 -0.245382 0)
(-0.140742 -0.25189 0)
(-0.118924 -0.251976 0)
(-0.0954026 -0.24399 0)
(-0.0711498 -0.226323 0)
(-0.0475407 -0.197577 0)
(-0.0262995 -0.156757 0)
(-0.00980761 -0.103454 0)
(-0.00155469 -0.038066 0)
(-0.00151375 0.0403564 0)
(-0.00940568 0.108353 0)
(-0.0249544 0.162595 0)
(-0.0446448 0.203182 0)
(-0.0661306 0.231064 0)
(-0.087799 0.247713 0)
(-0.108438 0.254873 0)
(-0.127248 0.254359 0)
(-0.1438 0.247899 0)
(-0.157943 0.237048 0)
(-0.169722 0.223134 0)
(-0.179307 0.207252 0)
(-0.186938 0.190269 0)
(-0.192885 0.172851 0)
(-0.197419 0.155485 0)
(-0.200798 0.138511 0)
(-0.203254 0.122149 0)
(-0.204992 0.106518 0)
(-0.206189 0.0916614 0)
(-0.20699 0.0775631 0)
(-0.207518 0.064159 0)
(-0.207872 0.0513497 0)
(-0.208128 0.039009 0)
(-0.208348 0.0269909 0)
(-0.208574 0.0151352 0)
(-0.208836 0.00327231 0)
(-0.209145 -0.00877246 0)
(-0.209501 -0.0211748 0)
(-0.209884 -0.0341067 0)
(-0.210257 -0.0477315 0)
(-0.210562 -0.0621969 0)
(-0.210711 -0.0776269 0)
(-0.210589 -0.0941108 0)
(-0.210044 -0.111689 0)
(-0.208883 -0.130337 0)
(-0.206869 -0.14994 0)
(-0.203716 -0.170269 0)
(-0.199095 -0.190948 0)
(-0.192642 -0.211418 0)
(-0.183978 -0.230899 0)
(-0.172743 -0.248359 0)
(-0.158646 -0.262484 0)
(-0.141544 -0.271676 0)
(-0.12153 -0.274085 0)
(-0.0990524 -0.267683 0)
(-0.0750228 -0.250408 0)
(-0.0508749 -0.220383 0)
(-0.0285377 -0.17617 0)
(-0.0107928 -0.11705 0)
(-0.00174673 -0.0433492 0)
(-0.00171477 0.0454429 0)
(-0.0104137 0.121261 0)
(-0.0271853 0.180716 0)
(-0.0478504 0.224063 0)
(-0.0696618 0.252672 0)
(-0.0908329 0.268531 0)
(-0.110132 0.273896 0)
(-0.126851 0.27102 0)
(-0.140714 0.261978 0)
(-0.151749 0.248567 0)
(-0.160173 0.232274 0)
(-0.166306 0.214281 0)
(-0.170513 0.195495 0)
(-0.173157 0.176585 0)
(-0.174577 0.158022 0)
(-0.175075 0.140117 0)
(-0.174914 0.123054 0)
(-0.17431 0.10692 0)
(-0.173445 0.0917262 0)
(-0.172464 0.0774249 0)
(-0.171483 0.0639268 0)
(-0.170594 0.0511101 0)
(-0.169869 0.0388293 0)
(-0.169363 0.0269218 0)
(-0.169116 0.0152125 0)
(-0.169156 0.00351808 0)
(-0.1695 -0.00834999 0)
(-0.170153 -0.020582 0)
(-0.171106 -0.0333664 0)
(-0.172335 -0.0468861 0)
(-0.173795 -0.0613122 0)
(-0.175418 -0.0767973 0)
(-0.177105 -0.0934652 0)
(-0.178718 -0.111398 0)
(-0.180071 -0.130617 0)
(-0.180926 -0.151061 0)
(-0.180982 -0.172556 0)
(-0.17987 -0.194778 0)
(-0.177158 -0.217208 0)
(-0.172365 -0.239082 0)
(-0.164984 -0.259339 0)
(-0.154539 -0.276572 0)
(-0.140665 -0.288998 0)
(-0.12322 -0.294465 0)
(-0.102439 -0.29051 0)
(-0.0790985 -0.274518 0)
(-0.054636 -0.243974 0)
(-0.0311816 -0.196814 0)
(-0.0119984 -0.131838 0)
(-0.00199055 -0.0492068 0)
(-0.00198787 0.0511357 0)
(-0.011725 0.135389 0)
(-0.0299758 0.200016 0)
(-0.0516705 0.24557 0)
(-0.0735751 0.274055 0)
(-0.0937479 0.288185 0)
(-0.111008 0.290879 0)
(-0.124825 0.284926 0)
(-0.135158 0.272783 0)
(-0.142275 0.256493 0)
(-0.146606 0.23768 0)
(-0.148649 0.217583 0)
(-0.148896 0.197112 0)
(-0.147803 0.176909 0)
(-0.145769 0.1574 0)
(-0.143129 0.138846 0)
(-0.140158 0.121382 0)
(-0.137075 0.105047 0)
(-0.134052 0.089814 0)
(-0.131222 0.0756003 0)
(-0.128689 0.0622891 0)
(-0.126528 0.049736 0)
(-0.124799 0.0377778 0)
(-0.123548 0.0262375 0)
(-0.122807 0.0149285 0)
(-0.122603 0.00365708 0)
(-0.122955 -0.00777491 0)
(-0.123874 -0.0195684 0)
(-0.125363 -0.0319244 0)
(-0.127412 -0.0450417 0)
(-0.13 -0.0591122 0)
(-0.13308 -0.0743152 0)
(-0.13658 -0.0908094 0)
(-0.140387 -0.108721 0)
(-0.144341 -0.128124 0)
(-0.148219 -0.149024 0)
(-0.151722 -0.171319 0)
(-0.154466 -0.194763 0)
(-0.15597 -0.218912 0)
(-0.155662 -0.243061 0)
(-0.152892 -0.266171 0)
(-0.146983 -0.286789 0)
(-0.137304 -0.302982 0)
(-0.123408 -0.312302 0)
(-0.105215 -0.311813 0)
(-0.0832528 -0.298228 0)
(-0.0588629 -0.268202 0)
(-0.034337 -0.218789 0)
(-0.013504 -0.148038 0)
(-0.00230951 -0.0557785 0)
(-0.00237216 0.057633 0)
(-0.0134693 0.151048 0)
(-0.0335032 0.220654 0)
(-0.0562041 0.26756 0)
(-0.0777714 0.294753 0)
(-0.0961789 0.305959 0)
(-0.110422 0.304952 0)
(-0.120278 0.295148 0)
(-0.126045 0.279408 0)
(-0.128304 0.259999 0)
(-0.127739 0.238634 0)
(-0.125033 0.21656 0)
(-0.120807 0.194642 0)
(-0.115595 0.173453 0)
(-0.109834 0.153344 0)
(-0.103872 0.134503 0)
(-0.0979786 0.116998 0)
(-0.0923555 0.100813 0)
(-0.0871519 0.0858736 0)
(-0.0824758 0.0720619 0)
(-0.0784041 0.0592328 0)
(-0.0749918 0.0472214 0)
(-0.0722783 0.0358496 0)
(-0.0702935 0.02493 0)
(-0.0690614 0.0142688 0)
(-0.0686029 0.00366681 0)
(-0.068937 -0.00707876 0)
(-0.0700816 -0.018174 0)
(-0.0720517 -0.0298273 0)
(-0.0748574 -0.0422478 0)
(-0.0784994 -0.0556433 0)
(-0.0829632 -0.0702159 0)
(-0.0882106 -0.0861562 0)
(-0.0941693 -0.103633 0)
(-0.100719 -0.122781 0)
(-0.107674 -0.143674 0)
(-0.114766 -0.166301 0)
(-0.121621 -0.19052 0)
(-0.127743 -0.215999 0)
(-0.132498 -0.242144 0)
(-0.135114 -0.267999 0)
(-0.134709 -0.292139 0)
(-0.130361 -0.312551 0)
(-0.121239 -0.326535 0)
(-0.10683 -0.330667 0)
(-0.0872469 -0.320883 0)
(-0.0635705 -0.292777 0)
(-0.0381456 -0.242164 0)
(-0.0154319 -0.165927 0)
(-0.0027431 -0.0632614 0)
(-0.00293579 0.0652289 0)
(-0.0158465 0.168641 0)
(-0.0379965 0.242755 0)
(-0.0615067 0.289713 0)
(-0.0819747 0.314022 0)
(-0.0974576 0.320818 0)
(-0.107338 0.314944 0)
(-0.11188 0.300517 0)
(-0.111852 0.280783 0)
(-0.108213 0.258165 0)
(-0.101924 0.234392 0)
(-0.0938505 0.210639 0)
(-0.0847187 0.187666 0)
(-0.0751085 0.16593 0)
(-0.0654654 0.145674 0)
(-0.0561197 0.126989 0)
(-0.0473077 0.109864 0)
(-0.0391929 0.094221 0)
(-0.0318834 0.0799349 0)
(-0.0254477 0.0668535 0)
(-0.019927 0.0548061 0)
(-0.015345 0.0436113 0)
(-0.0117155 0.0330806 0)
(-0.00904857 0.0230216 0)
(-0.00735432 0.0132387 0)
(-0.00664613 0.00353352 0)
(-0.00694204 -0.00629538 0)
(-0.00826531 -0.0164529 0)
(-0.0106435 -0.0271478 0)
(-0.0141066 -0.0385931 0)
(-0.0186827 -0.0510052 0)
(-0.0243928 -0.0646024 0)
(-0.0312424 -0.0796012 0)
(-0.0392103 -0.0962095 0)
(-0.0482334 -0.114616 0)
(-0.0581879 -0.134972 0)
(-0.0688647 -0.157364 0)
(-0.0799408 -0.181774 0)
(-0.0909468 -0.20802 0)
(-0.101235 -0.235671 0)
(-0.109956 -0.263935 0)
(-0.116054 -0.291512 0)
(-0.118308 -0.316417 0)
(-0.115449 -0.3358 0)
(-0.106391 -0.345793 0)
(-0.090624 -0.341487 0)
(-0.0686988 -0.317166 0)
(-0.0427857 -0.26693 0)
(-0.0179731 -0.185857 0)
(-0.00336075 -0.0719448 0)
(-0.00380139 0.0743746 0)
(-0.0191679 0.188685 0)
(-0.0437237 0.266326 0)
(-0.0674878 0.311371 0)
(-0.0855497 0.330673 0)
(-0.0963866 0.331282 0)
(-0.100095 0.319321 0)
(-0.0976608 0.299615 0)
(-0.0904475 0.275704 0)
(-0.079841 0.250044 0)
(-0.0670711 0.224254 0)
(-0.053145 0.199343 0)
(-0.0388422 0.175892 0)
(-0.0247382 0.154196 0)
(-0.0112393 0.134354 0)
(0.00138125 0.116345 0)
(0.0129506 0.100072 0)
(0.0233691 0.0853906 0)
(0.0325879 0.0721303 0)
(0.0405915 0.0601075 0)
(0.0473848 0.0491319 0)
(0.0529824 0.0390117 0)
(0.0574013 0.0295548 0)
(0.0606551 0.0205703 0)
(0.0627503 0.0118676 0)
(0.0636833 0.00325566 0)
(0.0634386 -0.00545859 0)
(0.0619889 -0.0144716 0)
(0.0592946 -0.0239852 0)
(0.055306 -0.0342079 0)
(0.0499663 -0.0453561 0)
(0.0432159 -0.0576549 0)
(0.0350001 -0.071337 0)
(0.0252795 -0.0866399 0)
(0.0140445 -0.103799 0)
(0.00133537 -0.123037 0)
(-0.0127305 -0.14454 0)
(-0.0279238 -0.168426 0)
(-0.0438592 -0.194688 0)
(-0.0599447 -0.223111 0)
(-0.0753272 -0.253148 0)
(-0.0888488 -0.283745 0)
(-0.0990355 -0.313105 0)
(-0.104161 -0.338397 0)
(-0.102452 -0.355455 0)
(-0.0925184 -0.35855 0)
(-0.0739953 -0.340432 0)
(-0.0484502 -0.2929 0)
(-0.0214261 -0.208257 0)
(-0.00428811 -0.0822731 0)
(-0.00519384 0.0857883 0)
(-0.0239106 0.211796 0)
(-0.0509206 0.291076 0)
(-0.0736772 0.331287 0)
(-0.0871572 0.342844 0)
(-0.090863 0.335286 0)
(-0.0860652 0.316136 0)
(-0.0747279 0.290805 0)
(-0.0588999 0.262917 0)
(-0.0403778 0.234758 0)
(-0.0205889 0.207677 0)
(-0.000594326 0.182399 0)
(0.0188592 0.159254 0)
(0.0372756 0.138326 0)
(0.0543476 0.119556 0)
(0.0699046 0.102801 0)
(0.0838712 0.0878795 0)
(0.0962351 0.074587 0)
(0.107023 0.0627157 0)
(0.116284 0.0520596 0)
(0.124076 0.042418 0)
(0.130456 0.0335972 0)
(0.135476 0.02541 0)
(0.139174 0.0176744 0)
(0.141575 0.0102121 0)
(0.142686 0.00284653 0)
(0.142496 -0.00459992 0)
(0.140975 -0.012308 0)
(0.138073 -0.0204643 0)
(0.133723 -0.0292642 0)
(0.12784 -0.0389145 0)
(0.120325 -0.0496356 0)
(0.111074 -0.0616638 0)
(0.0999817 -0.0752522 0)
(0.0869556 -0.0906689 0)
(0.071935 -0.108192 0)
(0.0549167 -0.128097 0)
(0.0359924 -0.150634 0)
(0.0153999 -0.175981 0)
(-0.00641022 -0.204176 0)
(-0.028691 -0.234993 0)
(-0.0503065 -0.26775 0)
(-0.0696477 -0.301033 0)
(-0.0846016 -0.332296 0)
(-0.0926619 -0.357358 0)
(-0.0913122 -0.369869 0)
(-0.0787619 -0.360963 0)
(-0.0552548 -0.319499 0)
(-0.0262472 -0.233612 0)
(-0.00575564 -0.0949549 0)
(-0.00752102 0.100639 0)
(-0.0307637 0.238586 0)
(-0.0595482 0.316026 0)
(-0.0787098 0.347192 0)
(-0.0841212 0.347691 0)
(-0.0772755 0.330052 0)
(-0.0611683 0.303064 0)
(-0.0389328 0.272363 0)
(-0.0132734 0.241298 0)
(0.0137366 0.211699 0)
(0.040634 0.184452 0)
(0.0664544 0.159887 0)
(0.0906068 0.138021 0)
(0.112767 0.118709 0)
(0.132795 0.101729 0)
(0.150667 0.0868264 0)
(0.166435 0.0737467 0)
(0.180193 0.0622435 0)
(0.192053 0.0520856 0)
(0.202135 0.0430584 0)
(0.210551 0.0349632 0)
(0.217401 0.0276148 0)
(0.222771 0.0208399 0)
(0.226723 0.0144736 0)
(0.229301 0.00835736 0)
(0.230522 0.0023356 0)
(0.230381 -0.00374695 0)
(0.228846 -0.0100484 0)
(0.225859 -0.0167328 0)
(0.221339 -0.0239738 0)
(0.215177 -0.0319581 0)
(0.207242 -0.0408896 0)
(0.19738 -0.0509937 0)
(0.185423 -0.062521 0)
(0.171196 -0.0757515 0)
(0.154526 -0.0909955 0)
(0.135273 -0.108592 0)
(0.113354 -0.1289 0)
(0.0887995 -0.152268 0)
(0.0618261 -0.178993 0)
(0.0329391 -0.209209 0)
(0.00307191 -0.242722 0)
(-0.0262464 -0.278711 0)
(-0.052726 -0.315249 0)
(-0.0732432 -0.3486 0)
(-0.0840307 -0.372278 0)
(-0.0813228 -0.376047 0)
(-0.0629618 -0.345342 0)
(-0.0330792 -0.262316 0)
(-0.00817796 -0.111142 0)
(-0.0114631 0.120792 0)
(-0.0405221 0.269282 0)
(-0.0685923 0.338768 0)
(-0.0792363 0.35517 0)
(-0.071311 0.3411 0)
(-0.0495923 0.312116 0)
(-0.0192473 0.277628 0)
(0.0154837 0.242807 0)
(0.0515144 0.210191 0)
(0.0868099 0.180823 0)
(0.120145 0.154948 0)
(0.150859 0.132426 0)
(0.178666 0.112946 0)
(0.203508 0.0961454 0)
(0.225471 0.0816644 0)
(0.244714 0.0691694 0)
(0.261432 0.0583613 0)
(0.275831 0.0489756 0)
(0.288109 0.0407795 0)
(0.298452 0.0335673 0)
(0.307022 0.0271559 0)
(0.313958 0.0213805 0)
(0.319373 0.0160906 0)
(0.323351 0.0111462 0)
(0.325948 0.0064148 0)
(0.327193 0.00176772 0)
(0.327085 -0.00292265 0)
(0.325592 -0.00778612 0)
(0.322655 -0.012958 0)
(0.31818 -0.0185828 0)
(0.312043 -0.0248182 0)
(0.304088 -0.03184 0)
(0.294123 -0.0398474 0)
(0.281929 -0.0490698 0)
(0.267252 -0.0597736 0)
(0.249821 -0.0722704 0)
(0.229352 -0.0869243 0)
(0.205574 -0.104157 0)
(0.178271 -0.124444 0)
(0.147344 -0.148295 0)
(0.112919 -0.176198 0)
(0.0755098 -0.208494 0)
(0.0362524 -0.245117 0)
(-0.00278084 -0.285119 0)
(-0.0382463 -0.325822 0)
(-0.0653291 -0.361471 0)
(-0.0779487 -0.381305 0)
(-0.0702252 -0.367475 0)
(-0.0425952 -0.294235 0)
(-0.0122287 -0.132655 0)
(-0.0178681 0.149161 0)
(-0.0532803 0.302599 0)
(-0.0741703 0.354056 0)
(-0.0677173 0.348867 0)
(-0.0393062 0.31761 0)
(0.00186122 0.277734 0)
(0.0485744 0.237828 0)
(0.096104 0.201527 0)
(0.141637 0.169951 0)
(0.183698 0.143075 0)
(0.221667 0.120422 0)
(0.255417 0.10139 0)
(0.285096 0.0853963 0)
(0.310987 0.071926 0)
(0.333429 0.0605424 0)
(0.352767 0.0508822 0)
(0.369335 0.0426443 0)
(0.383435 0.0355781 0)
(0.39534 0.0294737 0)
(0.405283 0.024153 0)
(0.413464 0.0194627 0)
(0.420048 0.0152687 0)
(0.425163 0.0114513 0)
(0.428908 0.00790126 0)
(0.431349 0.00451662 0)
(0.43252 0.00119955 0)
(0.432425 -0.0021465 0)
(0.431034 -0.0056196 0)
(0.428286 -0.00932231 0)
(0.424088 -0.013365 0)
(0.418307 -0.0178699 0)
(0.410776 -0.0229752 0)
(0.401282 -0.0288414 0)
(0.389572 -0.0356583 0)
(0.375342 -0.043654 0)
(0.35824 -0.0531066 0)
(0.337866 -0.0643583 0)
(0.313778 -0.0778323 0)
(0.285512 -0.0940504 0)
(0.25262 -0.113647 0)
(0.214752 -0.137366 0)
(0.171798 -0.166017 0)
(0.124142 -0.200326 0)
(0.0730686 -0.24057 0)
(0.0213662 -0.285775 0)
(-0.0259183 -0.33212 0)
(-0.0607815 -0.370057 0)
(-0.0726586 -0.379986 0)
(-0.0545756 -0.327487 0)
(-0.0186814 -0.16229 0)
(-0.0267743 0.190669 0)
(-0.0655094 0.332893 0)
(-0.0648679 0.351076 0)
(-0.0282453 0.318444 0)
(0.0283014 0.270795 0)
(0.0916982 0.223883 0)
(0.154217 0.183207 0)
(0.212105 0.149689 0)
(0.263873 0.122605 0)
(0.309254 0.100826 0)
(0.348574 0.08327 0)
(0.382403 0.0690351 0)
(0.411375 0.0574087 0)
(0.436109 0.0478406 0)
(0.457164 0.0399074 0)
(0.475037 0.0332818 0)
(0.490155 0.0277076 0)
(0.502883 0.0229819 0)
(0.51353 0.0189407 0)
(0.522352 0.0154499 0)
(0.529561 0.012397 0)
(0.535328 0.00968592 0)
(0.539786 0.0072326 0)
(0.543034 0.0049617 0)
(0.54514 0.00280371 0)
(0.546139 0.000692576 0)
(0.546036 -0.00143651 0)
(0.544808 -0.00364928 0)
(0.542397 -0.00601467 0)
(0.538715 -0.00860736 0)
(0.533636 -0.0115108 0)
(0.526995 -0.0148211 0)
(0.518584 -0.0186516 0)
(0.508143 -0.0231395 0)
(0.495353 -0.0284545 0)
(0.479826 -0.0348105 0)
(0.461099 -0.0424818 0)
(0.438617 -0.0518254 0)
(0.411727 -0.0633106 0)
(0.379683 -0.0775589 0)
(0.341662 -0.0953905 0)
(0.296844 -0.117868 0)
(0.244585 -0.146303 0)
(0.184777 -0.18213 0)
(0.118566 -0.226423 0)
(0.0495988 -0.278509 0)
(-0.0141008 -0.33264 0)
(-0.0583294 -0.371516 0)
(-0.0648524 -0.355565 0)
(-0.0273109 -0.204733 0)
(-0.0329085 0.250454 0)
(-0.0616005 0.34405 0)
(-0.0116281 0.310434 0)
(0.0704124 0.251154 0)
(0.158115 0.195417 0)
(0.240095 0.150625 0)
(0.311988 0.11673 0)
(0.373129 0.0914715 0)
(0.424441 0.0725579 0)
(0.467298 0.0582096 0)
(0.503062 0.0471515 0)
(0.532933 0.0384924 0)
(0.557915 0.0316112 0)
(0.578832 0.0260706 0)
(0.596356 0.0215576 0)
(0.611033 0.0178436 0)
(0.623307 0.0147577 0)
(0.633539 0.0121694 0)
(0.642025 0.00997688 0)
(0.649005 0.00809856 0)
(0.654671 0.00646784 0)
(0.659175 0.00502885 0)
(0.662637 0.00373354 0)
(0.665142 0.00253941 0)
(0.66675 0.0014077 0)
(0.667492 0.000301872 0)
(0.667374 -0.000813752 0)
(0.666377 -0.00197528 0)
(0.664453 -0.00322069 0)
(0.661528 -0.00459131 0)
(0.657496 -0.00613377 0)
(0.652215 -0.00790232 0)
(0.645504 -0.00996203 0)
(0.637133 -0.0123931 0)
(0.626814 -0.0152968 0)
(0.614185 -0.0188046 0)
(0.598797 -0.0230902 0)
(0.580087 -0.0283894 0)
(0.557344 -0.0350286 0)
(0.529679 -0.0434686 0)
(0.495976 -0.0543726 0)
(0.454859 -0.0687054 0)
(0.404696 -0.0878707 0)
(0.34372 -0.113868 0)
(0.270483 -0.149344 0)
(0.185097 -0.197064 0)
(0.0915758 -0.257564 0)
(0.00151926 -0.322988 0)
(-0.0570294 -0.361401 0)
(-0.0321786 -0.263987 0)
(0.0011038 0.294936 0)
(0.0168968 0.298654 0)
(0.152327 0.212995 0)
(0.282731 0.145215 0)
(0.387664 0.0994458 0)
(0.470545 0.0695355 0)
(0.535532 0.0501128 0)
(0.586495 0.037258 0)
(0.626792 0.0284588 0)
(0.659 0.0222126 0)
(0.685002 0.0176277 0)
(0.706169 0.0141642 0)
(0.723518 0.0114853 0)
(0.737807 0.00937284 0)
(0.749617 0.00768073 0)
(0.759394 0.00630731 0)
(0.76749 0.00517955 0)
(0.774181 0.00424335 0)
(0.779688 0.00345748 0)
(0.784185 0.00278971 0)
(0.787811 0.00221411 0)
(0.790675 0.0017093 0)
(0.79286 0.00125714 0)
(0.794427 0.000841742 0)
(0.795415 0.000448781 0)
(0.795848 6.48306e-05 0)
(0.795729 -0.000323149 0)
(0.795044 -0.000728371 0)
(0.793762 -0.00116473 0)
(0.791831 -0.00164742 0)
(0.789178 -0.0021937 0)
(0.785705 -0.00282388 0)
(0.781284 -0.00356257 0)
(0.775752 -0.00444059 0)
(0.768901 -0.00549757 0)
(0.760468 -0.00678595 0)
(0.750113 -0.00837707 0)
(0.737398 -0.0103709 0)
(0.721749 -0.012912 0)
(0.702399 -0.0162166 0)
(0.678312 -0.0206209 0)
(0.648064 -0.0266667 0)
(0.609667 -0.0352595 0)
(0.560339 -0.0479517 0)
(0.49634 -0.0674034 0)
(0.413194 -0.097919 0)
(0.305988 -0.14561 0)
(0.170384 -0.217204 0)
(0.0268795 -0.307173 0)
(0.00519238 -0.303033 0)
(0.290267 0.152427 0)
(0.389581 0.128253 0)
(0.565481 0.07474 0)
(0.683281 0.0422219 0)
(0.752801 0.0245041 0)
(0.797698 0.0148479 0)
(0.828709 0.009528 0)
(0.850994 0.00649551 0)
(0.86759 0.00466523 0)
(0.880328 0.00348685 0)
(0.890322 0.00268174 0)
(0.898289 0.00210406 0)
(0.904713 0.0016736 0)
(0.909933 0.00134358 0)
(0.914197 0.00108509 0)
(0.917693 0.000879199 0)
(0.92056 0.000712921 0)
(0.922911 0.000576946 0)
(0.924829 0.000464371 0)
(0.926384 0.000369911 0)
(0.927628 0.0002894 0)
(0.928601 0.000219456 0)
(0.929335 0.000157253 0)
(0.929853 0.000100351 0)
(0.930169 4.65654e-05 0)
(0.93029 -6.12807e-06 0)
(0.930219 -5.96756e-05 0)
(0.929949 -0.000116082 0)
(0.929468 -0.000177435 0)
(0.928756 -0.000246037 0)
(0.927787 -0.000324526 0)
(0.926521 -0.000416043 0)
(0.924911 -0.000524453 0)
(0.922894 -0.000654673 0)
(0.92039 -0.000813151 0)
(0.917296 -0.00100862 0)
(0.913478 -0.00125331 0)
(0.908759 -0.00156502 0)
(0.9029 -0.00197085 0)
(0.895573 -0.00251424 0)
(0.886308 -0.00326924 0)
(0.874408 -0.00437017 0)
(0.858781 -0.00607573 0)
(0.837624 -0.00890675 0)
(0.807877 -0.0139234 0)
(0.764266 -0.023218 0)
(0.695854 -0.040753 0)
(0.577947 -0.0737409 0)
(0.398076 -0.128752 0)
(0.293883 -0.153799 0)
)
;

boundaryField
{
    movingWallTop
    {
        type            fixedValue;
        value           uniform (1 0 0);
    }
    movingWallBottom
    {
        type            fixedValue;
        value           uniform (1 0 0);
    }
    fixedWalls
    {
        type            noSlip;
    }
    frontAndBack
    {
        type            empty;
    }
}


// ************************************************************************* //
