/*--------------------------------*- C++ -*----------------------------------*\
  =========                 |
  \\      /  F ield         | OpenFOAM: The Open Source CFD Toolbox
   \\    /   O peration     | Website:  https://openfoam.org
    \\  /    A nd           | Version:  7
     \\/     M anipulation  |
\*---------------------------------------------------------------------------*/
FoamFile
{
    version     2.0;
    format      ascii;
    class       volVectorField;
    location    "0.0318";
    object      U;
}
// * * * * * * * * * * * * * * * * * * * * * * * * * * * * * * * * * * * * * //

dimensions      [0 1 -1 0 0 0 0];

internalField   nonuniform List<vector> 
2500
(
(0.290257 -0.152418 0)
(0.389553 -0.128242 0)
(0.565445 -0.0747353 0)
(0.683258 -0.0422264 0)
(0.752815 -0.0245169 0)
(0.797772 -0.0148687 0)
(0.828865 -0.00955523 0)
(0.851248 -0.00652741 0)
(0.867955 -0.00470026 0)
(0.880811 -0.00352364 0)
(0.890929 -0.00271913 0)
(0.899021 -0.00214108 0)
(0.905567 -0.00170944 0)
(0.910905 -0.00137761 0)
(0.915283 -0.00111679 0)
(0.918883 -0.000908176 0)
(0.921847 -0.000738878 0)
(0.924284 -0.000599669 0)
(0.926278 -0.000483711 0)
(0.927897 -0.000385775 0)
(0.929194 -0.000301736 0)
(0.930208 -0.000228249 0)
(0.930972 -0.000162514 0)
(0.931506 -0.000102114 0)
(0.931827 -4.48827e-05 0)
(0.931941 1.11875e-05 0)
(0.931852 6.7999e-05 0)
(0.931552 0.00012756 0)
(0.93103 0.000191936 0)
(0.930267 0.000263397 0)
(0.929236 0.000344554 0)
(0.9279 0.000438513 0)
(0.926211 0.000549105 0)
(0.924108 0.000681209 0)
(0.921511 0.000841237 0)
(0.918319 0.00103789 0)
(0.914399 0.00128336 0)
(0.909575 0.00159544 0)
(0.90361 0.00200118 0)
(0.896177 0.00254403 0)
(0.886809 0.00329801 0)
(0.87481 0.00439742 0)
(0.859089 0.00610094 0)
(0.837845 0.00892934 0)
(0.808021 0.0139427 0)
(0.764346 0.023233 0)
(0.695883 0.0407628 0)
(0.577945 0.0737442 0)
(0.39806 0.128748 0)
(0.293875 0.153791 0)
(0.00109295 -0.294909 0)
(0.0168723 -0.298629 0)
(0.152319 -0.213004 0)
(0.282788 -0.145269 0)
(0.387839 -0.0995409 0)
(0.470889 -0.0696733 0)
(0.536095 -0.0502866 0)
(0.587316 -0.0374595 0)
(0.627902 -0.0286802 0)
(0.660422 -0.0224465 0)
(0.686748 -0.0178675 0)
(0.708245 -0.0144041 0)
(0.725921 -0.0117202 0)
(0.74053 -0.00959848 0)
(0.752645 -0.00789358 0)
(0.76271 -0.00650447 0)
(0.771071 -0.0053587 0)
(0.778003 -0.00440269 0)
(0.783722 -0.00359566 0)
(0.788403 -0.00290571 0)
(0.792181 -0.00230726 0)
(0.795167 -0.00177917 0)
(0.79744 -0.00130353 0)
(0.799062 -0.000864641 0)
(0.800074 -0.000448347 0)
(0.800497 -4.138e-05 0)
(0.800337 0.00036912 0)
(0.799579 0.000796225 0)
(0.798193 0.00125365 0)
(0.79613 0.00175641 0)
(0.793316 0.00232156 0)
(0.789655 0.00296917 0)
(0.785023 0.00372362 0)
(0.779259 0.00461549 0)
(0.772157 0.00568417 0)
(0.763457 0.00698186 0)
(0.752823 0.00857969 0)
(0.739821 0.0105774 0)
(0.723879 0.0131194 0)
(0.704237 0.0164219 0)
(0.679862 0.0208207 0)
(0.649334 0.0268577 0)
(0.610671 0.035438 0)
(0.561097 0.0481138 0)
(0.496876 0.0675446 0)
(0.413538 0.0980345 0)
(0.306178 0.145695 0)
(0.170462 0.217253 0)
(0.0268923 0.307184 0)
(0.00518862 0.30302 0)
(-0.032914 -0.250416 0)
(-0.0615955 -0.344041 0)
(-0.0115593 -0.310511 0)
(0.0706194 -0.251341 0)
(0.158525 -0.1957 0)
(0.24077 -0.151014 0)
(0.313 -0.117209 0)
(0.374533 -0.0920227 0)
(0.42628 -0.0731621 0)
(0.469603 -0.0588486 0)
(0.505853 -0.0478086 0)
(0.536219 -0.0391523 0)
(0.561694 -0.0322603 0)
(0.583094 -0.0266972 0)
(0.601083 -0.0221518 0)
(0.616198 -0.0183971 0)
(0.628878 -0.0152637 0)
(0.639482 -0.0126226 0)
(0.648298 -0.0103728 0)
(0.655565 -0.00843411 0)
(0.661472 -0.00674063 0)
(0.666169 -0.00523731 0)
(0.669775 -0.00387674 0)
(0.672375 -0.002617 0)
(0.674027 -0.00141984 0)
(0.674764 -0.000249223 0)
(0.674591 0.000930063 0)
(0.67349 0.00215364 0)
(0.671415 0.00345896 0)
(0.668294 0.00488683 0)
(0.664021 0.00648327 0)
(0.65846 0.00830192 0)
(0.65143 0.0104072 0)
(0.642706 0.0128786 0)
(0.632004 0.0158167 0)
(0.618967 0.0193523 0)
(0.603151 0.0236587 0)
(0.583997 0.0289708 0)
(0.560802 0.0356146 0)
(0.532683 0.0440506 0)
(0.49853 0.0549413 0)
(0.456976 0.0692512 0)
(0.406396 0.0883835 0)
(0.345028 0.114337 0)
(0.271436 0.149757 0)
(0.185738 0.197409 0)
(0.0919593 0.257829 0)
(0.00170539 0.323161 0)
(-0.0569722 0.361479 0)
(-0.0321732 0.263989 0)
(-0.0267716 -0.19064 0)
(-0.0654647 -0.332944 0)
(-0.0647033 -0.351279 0)
(-0.0278578 -0.318831 0)
(0.0289755 -0.27137 0)
(0.0927192 -0.224634 0)
(0.155679 -0.184112 0)
(0.214069 -0.150719 0)
(0.266389 -0.123729 0)
(0.312358 -0.102014 0)
(0.352289 -0.0844926 0)
(0.38674 -0.0702649 0)
(0.416334 -0.0586213 0)
(0.441676 -0.0490145 0)
(0.463319 -0.0410242 0)
(0.481749 -0.0343257 0)
(0.497385 -0.0286656 0)
(0.510588 -0.0238432 0)
(0.521659 -0.019697 0)
(0.530852 -0.0160945 0)
(0.538374 -0.012925 0)
(0.544395 -0.0100938 0)
(0.549045 -0.00751818 0)
(0.552422 -0.00512387 0)
(0.554593 -0.0028424 0)
(0.555593 -0.000608684 0)
(0.555429 0.00164115 0)
(0.554076 0.00397188 0)
(0.55148 0.00645145 0)
(0.547553 0.00915348 0)
(0.542173 0.0121603 0)
(0.535179 0.0155668 0)
(0.526365 0.0194851 0)
(0.515475 0.0240512 0)
(0.502196 0.0294335 0)
(0.486147 0.0358445 0)
(0.466871 0.0435575 0)
(0.443818 0.0529281 0)
(0.416345 0.064425 0)
(0.383713 0.0786686 0)
(0.345108 0.0964781 0)
(0.29972 0.118915 0)
(0.246912 0.147291 0)
(0.186589 0.183039 0)
(0.119904 0.227231 0)
(0.050519 0.279193 0)
(-0.0135328 0.333178 0)
(-0.0580391 0.37189 0)
(-0.0647521 0.355764 0)
(-0.0272964 0.204775 0)
(-0.0178566 -0.149165 0)
(-0.0531909 -0.302761 0)
(-0.0738987 -0.354453 0)
(-0.0671624 -0.34953 0)
(-0.0383871 -0.318561 0)
(0.00322017 -0.278937 0)
(0.050456 -0.239252 0)
(0.098573 -0.203134 0)
(0.144744 -0.171697 0)
(0.187483 -0.144917 0)
(0.226153 -0.122316 0)
(0.260617 -0.103296 0)
(0.291008 -0.0872786 0)
(0.317598 -0.0737516 0)
(0.340714 -0.0622829 0)
(0.360694 -0.0525132 0)
(0.37786 -0.0441451 0)
(0.39251 -0.0369319 0)
(0.404908 -0.0306666 0)
(0.415284 -0.0251742 0)
(0.423833 -0.0203038 0)
(0.430716 -0.0159236 0)
(0.43606 -0.0119159 0)
(0.439962 -0.00817334 0)
(0.442486 -0.00459556 0)
(0.443666 -0.00108627 0)
(0.443505 0.00244954 0)
(0.441977 0.0061084 0)
(0.43902 0.0099913 0)
(0.434544 0.0142069 0)
(0.428419 0.0188756 0)
(0.42048 0.0241338 0)
(0.410521 0.0301401 0)
(0.398291 0.0370822 0)
(0.383494 0.0451862 0)
(0.365784 0.0547282 0)
(0.344768 0.0660487 0)
(0.320013 0.079569 0)
(0.291062 0.0958092 0)
(0.257478 0.115402 0)
(0.218921 0.139091 0)
(0.175291 0.167683 0)
(0.126983 0.201904 0)
(0.0752944 0.242028 0)
(0.0230228 0.287079 0)
(-0.0247673 0.333236 0)
(-0.0600598 0.370951 0)
(-0.0722817 0.380627 0)
(-0.0544409 0.327855 0)
(-0.0186604 0.162393 0)
(-0.0114439 -0.120853 0)
(-0.0403932 -0.269605 0)
(-0.0682266 -0.339426 0)
(-0.0785294 -0.356192 0)
(-0.0701743 -0.342489 0)
(-0.0479447 -0.313839 0)
(-0.0170136 -0.279644 0)
(0.0183661 -0.245063 0)
(0.0550954 -0.212632 0)
(0.0911264 -0.183391 0)
(0.125221 -0.157587 0)
(0.156705 -0.135082 0)
(0.185278 -0.11557 0)
(0.210874 -0.0986931 0)
(0.233564 -0.0840971 0)
(0.253499 -0.0714532 0)
(0.270864 -0.0604674 0)
(0.285858 -0.0508799 0)
(0.298673 -0.0424622 0)
(0.309488 -0.0350125 0)
(0.31846 -0.0283512 0)
(0.325726 -0.0223167 0)
(0.331394 -0.0167613 0)
(0.335546 -0.0115476 0)
(0.338239 -0.00654526 0)
(0.339499 -0.00162801 0)
(0.339326 0.0033296 0)
(0.337689 0.00845517 0)
(0.334529 0.0138817 0)
(0.329755 0.0197514 0)
(0.323247 0.0262193 0)
(0.31485 0.0334587 0)
(0.30438 0.041666 0)
(0.291619 0.0510677 0)
(0.276324 0.0619274 0)
(0.258227 0.0745539 0)
(0.237054 0.0893088 0)
(0.212542 0.106611 0)
(0.184485 0.126934 0)
(0.152794 0.150785 0)
(0.117606 0.178651 0)
(0.0794467 0.210869 0)
(0.0394638 0.247372 0)
(-0.00025685 0.287209 0)
(-0.0363585 0.327701 0)
(-0.0640103 0.363092 0)
(-0.077117 0.382618 0)
(-0.0697866 0.368435 0)
(-0.0424366 0.294809 0)
(-0.0122037 0.132834 0)
(-0.00749573 -0.100775 0)
(-0.0306039 -0.239112 0)
(-0.0591091 -0.316999 0)
(-0.0778822 -0.348629 0)
(-0.0828148 -0.349579 0)
(-0.075411 -0.332352 0)
(-0.0586761 -0.305722 0)
(-0.0357554 -0.275317 0)
(-0.00936584 -0.244479 0)
(0.0184076 -0.215036 0)
(0.0460894 -0.187875 0)
(0.0727019 -0.16333 0)
(0.0976424 -0.141423 0)
(0.120576 -0.122015 0)
(0.14135 -0.104889 0)
(0.159933 -0.089797 0)
(0.176367 -0.0764906 0)
(0.190737 -0.064729 0)
(0.203151 -0.0542867 0)
(0.21372 -0.0449538 0)
(0.222553 -0.0365359 0)
(0.229747 -0.0288522 0)
(0.235381 -0.0217328 0)
(0.239518 -0.0150162 0)
(0.242198 -0.00854697 0)
(0.243438 -0.00217248 0)
(0.243233 0.00425961 0)
(0.241552 0.0109045 0)
(0.238338 0.0179231 0)
(0.23351 0.0254861 0)
(0.226965 0.0337767 0)
(0.218573 0.0429954 0)
(0.208187 0.053364 0)
(0.195642 0.0651295 0)
(0.18077 0.0785678 0)
(0.163406 0.0939861 0)
(0.143417 0.11172 0)
(0.12073 0.132123 0)
(0.0953851 0.155545 0)
(0.0676089 0.182274 0)
(0.0379185 0.212447 0)
(0.00725975 0.245864 0)
(-0.0228252 0.281701 0)
(-0.0500325 0.318029 0)
(-0.0712238 0.351108 0)
(-0.082616 0.374451 0)
(-0.0804281 0.37782 0)
(-0.0624882 0.346656 0)
(-0.0329073 0.26312 0)
(-0.00815083 0.111408 0)
(-0.0051644 -0.0860145 0)
(-0.0237299 -0.212555 0)
(-0.0504328 -0.2924 0)
(-0.072771 -0.333176 0)
(-0.0857444 -0.345268 0)
(-0.0888688 -0.338195 0)
(-0.0834267 -0.319465 0)
(-0.0713946 -0.294477 0)
(-0.0548329 -0.266852 0)
(-0.0355494 -0.238874 0)
(-0.0149828 -0.211892 0)
(0.00579441 -0.186635 0)
(0.0260247 -0.163439 0)
(0.0452015 -0.142393 0)
(0.0630077 -0.123446 0)
(0.0792636 -0.106462 0)
(0.0938853 -0.0912646 0)
(0.106853 -0.0776578 0)
(0.118187 -0.0654396 0)
(0.127929 -0.0544099 0)
(0.136134 -0.0443732 0)
(0.142854 -0.0351408 0)
(0.148137 -0.0265298 0)
(0.152019 -0.0183625 0)
(0.154524 -0.0104644 0)
(0.155656 -0.00266253 0)
(0.155405 0.00521695 0)
(0.153741 0.0133511 0)
(0.150615 0.0219228 0)
(0.145961 0.0311235 0)
(0.139697 0.0411557 0)
(0.131729 0.0522356 0)
(0.121955 0.064595 0)
(0.110277 0.0784824 0)
(0.0966068 0.0941612 0)
(0.0808919 0.111905 0)
(0.0631367 0.131985 0)
(0.0434418 0.154646 0)
(0.0220548 0.180065 0)
(-0.000563007 0.208273 0)
(-0.023653 0.23904 0)
(-0.0460667 0.271683 0)
(-0.0661817 0.304782 0)
(-0.0818707 0.335788 0)
(-0.0906124 0.360517 0)
(-0.0898747 0.372615 0)
(-0.0778516 0.363215 0)
(-0.0547722 0.321181 0)
(-0.026072 0.234657 0)
(-0.00572808 0.095312 0)
(-0.00376981 -0.0746988 0)
(-0.0189773 -0.189694 0)
(-0.0432146 -0.268022 0)
(-0.0665508 -0.31373 0)
(-0.0841015 -0.333648 0)
(-0.094359 -0.334808 0)
(-0.097433 -0.323319 0)
(-0.0943223 -0.303998 0)
(-0.0864006 -0.28038 0)
(-0.0750643 -0.254919 0)
(-0.0615532 -0.229237 0)
(-0.0468844 -0.204345 0)
(-0.0318466 -0.180832 0)
(-0.0170245 -0.158997 0)
(-0.00283306 -0.138947 0)
(0.0104463 -0.12067 0)
(0.0226333 -0.104075 0)
(0.0336212 -0.0890256 0)
(0.043355 -0.0753589 0)
(0.051814 -0.0628975 0)
(0.0589979 -0.0514574 0)
(0.0649176 -0.0408523 0)
(0.0695866 -0.0308954 0)
(0.0730159 -0.0214006 0)
(0.07521 -0.0121819 0)
(0.0761639 -0.00305269 0)
(0.0758619 0.00617576 0)
(0.0742763 0.0156955 0)
(0.0713688 0.0257038 0)
(0.067091 0.0364044 0)
(0.0613883 0.0480088 0)
(0.0542046 0.0607369 0)
(0.0454889 0.0748161 0)
(0.0352068 0.0904783 0)
(0.0233543 0.107954 0)
(0.00997849 0.127459 0)
(-0.00479585 0.149175 0)
(-0.0207308 0.173215 0)
(-0.0374318 0.199566 0)
(-0.0542961 0.228009 0)
(-0.0704594 0.257994 0)
(-0.0847516 0.288459 0)
(-0.0956856 0.317603 0)
(-0.101521 0.342593 0)
(-0.10047 0.359257 0)
(-0.0911278 0.361862 0)
(-0.0731143 0.343159 0)
(-0.047983 0.294948 0)
(-0.0212566 0.209541 0)
(-0.00426158 0.0827202 0)
(-0.00290402 -0.0656536 0)
(-0.015657 -0.169903 0)
(-0.037494 -0.244824 0)
(-0.060588 -0.292538 0)
(-0.0805642 -0.317537 0)
(-0.0954959 -0.32494 0)
(-0.104779 -0.319583 0)
(-0.108691 -0.305574 0)
(-0.108007 -0.286156 0)
(-0.103698 -0.263752 0)
(-0.0967332 -0.240091 0)
(-0.0879853 -0.216353 0)
(-0.0781883 -0.193304 0)
(-0.0679298 -0.171408 0)
(-0.0576624 -0.150916 0)
(-0.0477234 -0.131926 0)
(-0.0383554 -0.114437 0)
(-0.0297279 -0.0983763 0)
(-0.0219545 -0.0836292 0)
(-0.0151085 -0.0700497 0)
(-0.00923535 -0.057474 0)
(-0.00436251 -0.0457269 0)
(-0.000507009 -0.0346259 0)
(0.00231866 -0.023984 0)
(0.00410236 -0.0136108 0)
(0.00482942 -0.00331306 0)
(0.00448107 0.00710567 0)
(0.00303399 0.0178452 0)
(0.000461122 0.029109 0)
(-0.00326609 0.0411046 0)
(-0.00817394 0.0540427 0)
(-0.0142807 0.0681358 0)
(-0.0215882 0.0835939 0)
(-0.030071 0.100619 0)
(-0.039661 0.119392 0)
(-0.0502282 0.14006 0)
(-0.0615566 0.162702 0)
(-0.0733153 0.187294 0)
(-0.0850264 0.213648 0)
(-0.0960324 0.241327 0)
(-0.105473 0.269534 0)
(-0.112281 0.296962 0)
(-0.115224 0.321623 0)
(-0.113019 0.34066 0)
(-0.104567 0.350201 0)
(-0.089344 0.345334 0)
(-0.0678879 0.32034 0)
(-0.0423558 0.269323 0)
(-0.0178173 0.187366 0)
(-0.00333647 0.0724767 0)
(-0.00234203 -0.058155 0)
(-0.0132911 -0.152554 0)
(-0.0330339 -0.223078 0)
(-0.0553512 -0.270825 0)
(-0.0764697 -0.298771 0)
(-0.0943795 -0.310633 0)
(-0.108089 -0.310177 0)
(-0.117386 -0.300816 0)
(-0.122579 -0.285408 0)
(-0.124255 -0.26622 0)
(-0.123105 -0.244968 0)
(-0.119818 -0.222902 0)
(-0.115021 -0.200895 0)
(-0.109255 -0.179526 0)
(-0.102961 -0.159155 0)
(-0.0964946 -0.139977 0)
(-0.0901279 -0.122069 0)
(-0.0840685 -0.105425 0)
(-0.07847 -0.0899764 0)
(-0.0734445 -0.0756146 0)
(-0.0690726 -0.0622014 0)
(-0.0654123 -0.0495787 0)
(-0.0625062 -0.0375748 0)
(-0.0603862 -0.0260085 0)
(-0.0590781 -0.0146913 0)
(-0.0586042 -0.00343019 0)
(-0.0589843 0.00797229 0)
(-0.0602365 0.0197165 0)
(-0.0623756 0.0320048 0)
(-0.0654105 0.0450404 0)
(-0.0693405 0.0590244 0)
(-0.0741489 0.0741525 0)
(-0.0797945 0.0906083 0)
(-0.0862014 0.108554 0)
(-0.0932445 0.128115 0)
(-0.100734 0.14936 0)
(-0.108394 0.172271 0)
(-0.115845 0.196697 0)
(-0.122583 0.2223 0)
(-0.127964 0.24848 0)
(-0.131208 0.274274 0)
(-0.131423 0.298251 0)
(-0.127676 0.318392 0)
(-0.119124 0.331991 0)
(-0.105242 0.335619 0)
(-0.0861335 0.325208 0)
(-0.0628652 0.296352 0)
(-0.0377718 0.244866 0)
(-0.0152966 0.167639 0)
(-0.00272208 0.0638689 0)
(-0.00196097 -0.0517464 0)
(-0.0115676 -0.137116 0)
(-0.029564 -0.202759 0)
(-0.0509269 -0.249225 0)
(-0.0724477 -0.278516 0)
(-0.0921995 -0.293339 0)
(-0.109014 -0.296611 0)
(-0.122368 -0.291117 0)
(-0.132231 -0.279315 0)
(-0.138875 -0.263248 0)
(-0.142736 -0.244545 0)
(-0.144315 -0.224448 0)
(-0.144108 -0.203874 0)
(-0.142577 -0.183473 0)
(-0.140123 -0.163679 0)
(-0.137084 -0.144761 0)
(-0.13374 -0.126863 0)
(-0.130314 -0.110034 0)
(-0.12698 -0.0942524 0)
(-0.123875 -0.0794461 0)
(-0.121105 -0.065505 0)
(-0.118749 -0.0522921 0)
(-0.116869 -0.0396509 0)
(-0.115511 -0.027411 0)
(-0.114711 -0.0153918 0)
(-0.114496 -0.00340585 0)
(-0.114886 0.00873897 0)
(-0.115892 0.0212373 0)
(-0.117518 0.0342839 0)
(-0.119753 0.0480706 0)
(-0.122573 0.0627824 0)
(-0.125932 0.0785914 0)
(-0.129754 0.0956486 0)
(-0.133925 0.114072 0)
(-0.13828 0.133929 0)
(-0.142591 0.155215 0)
(-0.146556 0.177822 0)
(-0.149784 0.201495 0)
(-0.151789 0.225782 0)
(-0.151989 0.249973 0)
(-0.14973 0.273018 0)
(-0.144324 0.29346 0)
(-0.135132 0.309359 0)
(-0.121698 0.31826 0)
(-0.103932 0.317223 0)
(-0.0823529 0.302956 0)
(-0.0582928 0.272115 0)
(-0.0340348 0.221752 0)
(-0.0133947 0.149919 0)
(-0.00229253 0.0564497 0)
(-0.00169245 -0.0461294 0)
(-0.0102851 -0.123174 0)
(-0.026852 -0.183725 0)
(-0.0472539 -0.228041 0)
(-0.0687654 -0.257494 0)
(-0.0896128 -0.274072 0)
(-0.108574 -0.280029 0)
(-0.12495 -0.277621 0)
(-0.138468 -0.268922 0)
(-0.149161 -0.255732 0)
(-0.157248 -0.239542 0)
(-0.163053 -0.221541 0)
(-0.166941 -0.20264 0)
(-0.169279 -0.183517 0)
(-0.170407 -0.164651 0)
(-0.17063 -0.146361 0)
(-0.17021 -0.128841 0)
(-0.16937 -0.112186 0)
(-0.16829 -0.0964147 0)
(-0.167118 -0.0814891 0)
(-0.165974 -0.0673271 0)
(-0.16495 -0.0538144 0)
(-0.16412 -0.0408126 0)
(-0.16354 -0.0281657 0)
(-0.163253 -0.0157053 0)
(-0.163287 -0.00325435 0)
(-0.163659 0.00936908 0)
(-0.164376 0.0223487 0)
(-0.165428 0.0358662 0)
(-0.16679 0.0500971 0)
(-0.168418 0.0652053 0)
(-0.170243 0.0813354 0)
(-0.172163 0.0986033 0)
(-0.174039 0.117082 0)
(-0.175682 0.136785 0)
(-0.176852 0.157643 0)
(-0.177243 0.179472 0)
(-0.176482 0.20194 0)
(-0.174134 0.224519 0)
(-0.169711 0.246438 0)
(-0.1627 0.266628 0)
(-0.15262 0.283674 0)
(-0.139098 0.295788 0)
(-0.121987 0.300809 0)
(-0.101514 0.296272 0)
(-0.0784493 0.279556 0)
(-0.0542245 0.248146 0)
(-0.0309632 0.199977 0)
(-0.0119193 0.13385 0)
(-0.00197821 0.049927 0)
(-0.00149709 -0.0411019 0)
(-0.0093122 -0.110409 0)
(-0.0247165 -0.165804 0)
(-0.044226 -0.207399 0)
(-0.0655113 -0.236148 0)
(-0.08697 -0.253528 0)
(-0.107397 -0.261286 0)
(-0.125999 -0.261238 0)
(-0.142348 -0.255118 0)
(-0.156295 -0.244482 0)
(-0.167887 -0.230663 0)
(-0.177295 -0.214763 0)
(-0.184757 -0.197655 0)
(-0.190544 -0.180013 0)
(-0.194927 -0.162332 0)
(-0.198163 -0.14496 0)
(-0.200488 -0.128125 0)
(-0.202105 -0.111956 0)
(-0.203191 -0.0965045 0)
(-0.203895 -0.0817624 0)
(-0.204339 -0.0676735 0)
(-0.204623 -0.0541458 0)
(-0.204826 -0.0410603 0)
(-0.205008 -0.0282779 0)
(-0.205214 -0.0156451 0)
(-0.205474 -0.00299898 0)
(-0.2058 0.00982852 0)
(-0.206192 0.0230061 0)
(-0.206632 0.0366989 0)
(-0.207081 0.0510624 0)
(-0.207481 0.0662369 0)
(-0.207744 0.0823379 0)
(-0.207756 0.0994463 0)
(-0.207361 0.117594 0)
(-0.206367 0.136747 0)
(-0.204533 0.156781 0)
(-0.201573 0.177459 0)
(-0.197154 0.198395 0)
(-0.190911 0.219021 0)
(-0.18246 0.238551 0)
(-0.171438 0.255941 0)
(-0.157551 0.269872 0)
(-0.14065 0.278739 0)
(-0.120827 0.280685 0)
(-0.0985241 0.273676 0)
(-0.0746515 0.255651 0)
(-0.0506388 0.224726 0)
(-0.0284118 0.179464 0)
(-0.0107468 0.119148 0)
(-0.00173944 0.044102 0)
(-0.00135124 -0.0365229 0)
(-0.00856198 -0.0985746 0)
(-0.0230212 -0.148831 0)
(-0.0417342 -0.187326 0)
(-0.0626899 -0.21474 0)
(-0.0844501 -0.23218 0)
(-0.105861 -0.241007 0)
(-0.12609 -0.24268 0)
(-0.144611 -0.238635 0)
(-0.161148 -0.230202 0)
(-0.175611 -0.218551 0)
(-0.188041 -0.204679 0)
(-0.198568 -0.189398 0)
(-0.20737 -0.173353 0)
(-0.214647 -0.157035 0)
(-0.220605 -0.140803 0)
(-0.225439 -0.124902 0)
(-0.229331 -0.109484 0)
(-0.232442 -0.0946254 0)
(-0.234912 -0.0803418 0)
(-0.236862 -0.0665997 0)
(-0.238389 -0.0533284 0)
(-0.239573 -0.040428 0)
(-0.240475 -0.0277773 0)
(-0.24114 -0.0152396 0)
(-0.241594 -0.00266835 0)
(-0.241846 0.010088 0)
(-0.24189 0.0231806 0)
(-0.241698 0.0367555 0)
(-0.241224 0.0509467 0)
(-0.240398 0.0658698 0)
(-0.239124 0.081612 0)
(-0.237279 0.0982222 0)
(-0.234706 0.115696 0)
(-0.231217 0.133961 0)
(-0.226589 0.152853 0)
(-0.220567 0.172099 0)
(-0.212874 0.191285 0)
(-0.203222 0.209833 0)
(-0.191336 0.226974 0)
(-0.17699 0.241728 0)
(-0.160055 0.252895 0)
(-0.140565 0.259072 0)
(-0.118784 0.258686 0)
(-0.0952966 0.250084 0)
(-0.0710737 0.231654 0)
(-0.0474907 0.201994 0)
(-0.0262715 0.160109 0)
(-0.00979659 0.105591 0)
(-0.00155267 0.0388338 0)
(-0.00124011 -0.0322907 0)
(-0.0079755 -0.0874838 0)
(-0.0216648 -0.132657 0)
(-0.0396828 -0.167805 0)
(-0.0602707 -0.193423 0)
(-0.0821374 -0.21035 0)
(-0.104194 -0.21965 0)
(-0.125602 -0.222494 0)
(-0.145779 -0.220067 0)
(-0.164357 -0.213489 0)
(-0.181144 -0.203777 0)
(-0.19608 -0.191811 0)
(-0.209197 -0.178331 0)
(-0.220592 -0.163938 0)
(-0.230396 -0.1491 0)
(-0.23876 -0.134171 0)
(-0.245842 -0.119401 0)
(-0.251791 -0.104955 0)
(-0.256749 -0.0909244 0)
(-0.260842 -0.0773437 0)
(-0.264181 -0.064198 0)
(-0.266858 -0.0514353 0)
(-0.268949 -0.0389741 0)
(-0.270513 -0.026711 0)
(-0.271589 -0.014527 0)
(-0.272202 -0.00229287 0)
(-0.272356 0.0101247 0)
(-0.272038 0.0228583 0)
(-0.271216 0.0360336 0)
(-0.269835 0.049763 0)
(-0.267821 0.064138 0)
(-0.265074 0.0792201 0)
(-0.26147 0.09503 0)
(-0.25686 0.111535 0)
(-0.251069 0.128633 0)
(-0.243901 0.146135 0)
(-0.235144 0.163749 0)
(-0.224579 0.181056 0)
(-0.212 0.197489 0)
(-0.197234 0.212325 0)
(-0.18018 0.224667 0)
(-0.160846 0.233452 0)
(-0.139405 0.237471 0)
(-0.116248 0.235416 0)
(-0.0920413 0.225952 0)
(-0.0677716 0.207828 0)
(-0.0447333 0.180006 0)
(-0.0244625 0.141799 0)
(-0.00901509 0.0929992 0)
(-0.00140339 0.0340185 0)
(-0.00115411 -0.0283304 0)
(-0.00751216 -0.0769906 0)
(-0.020573 -0.117151 0)
(-0.0379927 -0.148792 0)
(-0.058212 -0.172277 0)
(-0.080066 -0.18825 0)
(-0.102533 -0.197544 0)
(-0.124788 -0.201099 0)
(-0.146216 -0.199886 0)
(-0.16639 -0.194841 0)
(-0.185043 -0.186833 0)
(-0.20203 -0.17663 0)
(-0.217307 -0.16489 0)
(-0.230897 -0.152158 0)
(-0.242871 -0.138869 0)
(-0.253328 -0.125359 0)
(-0.262384 -0.111873 0)
(-0.270156 -0.0985784 0)
(-0.276763 -0.085576 0)
(-0.282313 -0.0729114 0)
(-0.286904 -0.0605851 0)
(-0.290619 -0.0485608 0)
(-0.293528 -0.0367737 0)
(-0.295682 -0.0251375 0)
(-0.297119 -0.0135506 0)
(-0.297855 -0.00190175 0)
(-0.297891 0.00992405 0)
(-0.29721 0.0220402 0)
(-0.295774 0.0345525 0)
(-0.293527 0.0475523 0)
(-0.29039 0.0611093 0)
(-0.286266 0.0752625 0)
(-0.281037 0.09001 0)
(-0.274565 0.105298 0)
(-0.266697 0.121005 0)
(-0.25727 0.136932 0)
(-0.246116 0.152781 0)
(-0.233079 0.168146 0)
(-0.21803 0.182493 0)
(-0.200889 0.195159 0)
(-0.181662 0.205343 0)
(-0.160467 0.212123 0)
(-0.137584 0.214474 0)
(-0.11349 0.21132 0)
(-0.0888948 0.201595 0)
(-0.0647718 0.184331 0)
(-0.0423263 0.158762 0)
(-0.022927 0.124422 0)
(-0.00836618 0.0812267 0)
(-0.00128229 0.0295766 0)
(-0.00108684 -0.0245854 0)
(-0.00714358 -0.0669799 0)
(-0.0196912 -0.102205 0)
(-0.0366015 -0.130235 0)
(-0.0564725 -0.151342 0)
(-0.0782448 -0.166022 0)
(-0.100961 -0.174928 0)
(-0.123816 -0.178814 0)
(-0.146183 -0.178468 0)
(-0.167595 -0.174666 0)
(-0.187729 -0.168141 0)
(-0.206378 -0.15955 0)
(-0.223433 -0.149468 0)
(-0.238857 -0.138377 0)
(-0.252665 -0.126672 0)
(-0.264909 -0.114661 0)
(-0.275666 -0.102575 0)
(-0.285024 -0.0905769 0)
(-0.293073 -0.078769 0)
(-0.299903 -0.0672041 0)
(-0.305598 -0.0558929 0)
(-0.310229 -0.0448122 0)
(-0.313857 -0.0339117 0)
(-0.316526 -0.0231211 0)
(-0.318268 -0.0123553 0)
(-0.319093 -0.00152059 0)
(-0.319 0.00948002 0)
(-0.317965 0.0207414 0)
(-0.315949 0.0323503 0)
(-0.312894 0.044379 0)
(-0.308722 0.056878 0)
(-0.303342 0.069868 0)
(-0.296644 0.0833305 0)
(-0.288508 0.0971975 0)
(-0.278806 0.11134 0)
(-0.267408 0.125557 0)
(-0.254194 0.139562 0)
(-0.239066 0.152972 0)
(-0.221966 0.165303 0)
(-0.202898 0.17596 0)
(-0.181952 0.184247 0)
(-0.159337 0.189375 0)
(-0.13541 0.190493 0)
(-0.110704 0.186723 0)
(-0.0859488 0.177221 0)
(-0.0620873 0.161247 0)
(-0.0402375 0.138234 0)
(-0.0216241 0.107871 0)
(-0.00782515 0.0701508 0)
(-0.00118324 0.0254449 0)
(-0.00103396 -0.0210116 0)
(-0.00684977 -0.0573593 0)
(-0.0189794 -0.0877231 0)
(-0.035461 -0.112077 0)
(-0.0550159 -0.130627 0)
(-0.0766713 -0.143755 0)
(-0.0995261 -0.151973 0)
(-0.122801 -0.155879 0)
(-0.145866 -0.156109 0)
(-0.168229 -0.153298 0)
(-0.189527 -0.148053 0)
(-0.209506 -0.140928 0)
(-0.228005 -0.132414 0)
(-0.244936 -0.122929 0)
(-0.260268 -0.112819 0)
(-0.274013 -0.10236 0)
(-0.28621 -0.0917608 0)
(-0.296917 -0.0811737 0)
(-0.306201 -0.0706977 0)
(-0.314133 -0.0603874 0)
(-0.320779 -0.0502603 0)
(-0.3262 -0.0403028 0)
(-0.330445 -0.0304774 0)
(-0.333553 -0.0207276 0)
(-0.335546 -0.0109841 0)
(-0.336432 -0.00116972 0)
(-0.336204 0.00879564 0)
(-0.334835 0.0189894 0)
(-0.332285 0.029481 0)
(-0.328496 0.0403257 0)
(-0.323395 0.0515583 0)
(-0.316896 0.0631856 0)
(-0.308903 0.075178 0)
(-0.299313 0.0874614 0)
(-0.288025 0.099907 0)
(-0.274944 0.112322 0)
(-0.259993 0.124442 0)
(-0.243128 0.13592 0)
(-0.224355 0.146327 0)
(-0.203745 0.155146 0)
(-0.181461 0.161784 0)
(-0.157781 0.165581 0)
(-0.133115 0.165839 0)
(-0.108033 0.161854 0)
(-0.0832676 0.152966 0)
(-0.0597252 0.138608 0)
(-0.038443 0.118369 0)
(-0.0205243 0.0920424 0)
(-0.00737496 0.0596657 0)
(-0.00110211 0.0215713 0)
(-0.00099245 -0.017574 0)
(-0.00661653 -0.0480531 0)
(-0.0184087 -0.0736237 0)
(-0.0345347 -0.0942627 0)
(-0.0538124 -0.110126 0)
(-0.0753387 -0.121505 0)
(-0.0982607 -0.128799 0)
(-0.121824 -0.132476 0)
(-0.145402 -0.133041 0)
(-0.168486 -0.131007 0)
(-0.190687 -0.126866 0)
(-0.211714 -0.121074 0)
(-0.231366 -0.11404 0)
(-0.249515 -0.106116 0)
(-0.266091 -0.0975969 0)
(-0.281069 -0.0887213 0)
(-0.294458 -0.079673 0)
(-0.306289 -0.0705871 0)
(-0.316607 -0.0615543 0)
(-0.325463 -0.0526274 0)
(-0.332909 -0.0438271 0)
(-0.338993 -0.0351471 0)
(-0.343756 -0.0265597 0)
(-0.347226 -0.0180213 0)
(-0.349422 -0.00947647 0)
(-0.350345 -0.000863187 0)
(-0.349983 0.00788275 0)
(-0.348311 0.016823 0)
(-0.345284 0.0260114 0)
(-0.340848 0.0354892 0)
(-0.334935 0.0452787 0)
(-0.327467 0.055377 0)
(-0.318361 0.0657492 0)
(-0.307533 0.0763213 0)
(-0.294906 0.0869721 0)
(-0.280418 0.0975264 0)
(-0.264034 0.107748 0)
(-0.245756 0.117336 0)
(-0.225643 0.125921 0)
(-0.203823 0.133068 0)
(-0.180516 0.138283 0)
(-0.15605 0.141028 0)
(-0.130877 0.140742 0)
(-0.105583 0.136871 0)
(-0.0808982 0.128902 0)
(-0.0576901 0.116411 0)
(-0.0369254 0.0991 0)
(-0.0196072 0.0768358 0)
(-0.00700382 0.0496771 0)
(-0.00103609 0.0179114 0)
(-0.00096022 -0.014244 0)
(-0.0064338 -0.0389978 0)
(-0.0179579 -0.0598349 0)
(-0.0337957 -0.0767363 0)
(-0.0528389 -0.089818 0)
(-0.0742395 -0.0993006 0)
(-0.0971844 -0.105488 0)
(-0.120942 -0.108739 0)
(-0.144889 -0.109448 0)
(-0.168513 -0.108014 0)
(-0.191401 -0.104827 0)
(-0.213237 -0.100251 0)
(-0.23379 -0.0946152 0)
(-0.2529 -0.0882064 0)
(-0.270465 -0.0812667 0)
(-0.286431 -0.0739938 0)
(-0.300782 -0.0665419 0)
(-0.313523 -0.059026 0)
(-0.324681 -0.0515249 0)
(-0.334291 -0.0440863 0)
(-0.34239 -0.0367308 0)
(-0.349015 -0.0294569 0)
(-0.354198 -0.0222452 0)
(-0.35796 -0.0150626 0)
(-0.360313 -0.00786643 0)
(-0.361254 -0.000608397 0)
(-0.36077 0.00676138 0)
(-0.358831 0.0142903 0)
(-0.355395 0.0220191 0)
(-0.350408 0.0299771 0)
(-0.343809 0.0381774 0)
(-0.335528 0.0466118 0)
(-0.325495 0.0552448 0)
(-0.313644 0.064008 0)
(-0.299921 0.0727943 0)
(-0.284292 0.0814522 0)
(-0.266757 0.0897815 0)
(-0.247358 0.0975304 0)
(-0.226197 0.104394 0)
(-0.203448 0.11002 0)
(-0.179375 0.11401 0)
(-0.154343 0.115939 0)
(-0.12883 0.115368 0)
(-0.103435 0.111872 0)
(-0.078876 0.105062 0)
(-0.0559862 0.0946257 0)
(-0.0356729 0.0803502 0)
(-0.0188586 0.0621534 0)
(-0.00670357 0.0400991 0)
(-0.00098324 0.0144261 0)
(-0.000935823 -0.0109971 0)
(-0.00629449 -0.0301382 0)
(-0.017612 -0.0462919 0)
(-0.0332241 -0.0594435 0)
(-0.0520779 -0.0696771 0)
(-0.0733673 -0.0771537 0)
(-0.0963103 -0.0820962 0)
(-0.120194 -0.0847715 0)
(-0.144403 -0.0854715 0)
(-0.168417 -0.084497 0)
(-0.191813 -0.0821425 0)
(-0.214256 -0.0786855 0)
(-0.235491 -0.0743783 0)
(-0.255334 -0.0694424 0)
(-0.273658 -0.0640666 0)
(-0.290388 -0.0584058 0)
(-0.305484 -0.0525825 0)
(-0.318935 -0.0466884 0)
(-0.330751 -0.0407876 0)
(-0.34095 -0.0349197 0)
(-0.349561 -0.0291035 0)
(-0.35661 -0.0233398 0)
(-0.362121 -0.0176157 0)
(-0.366108 -0.0119071 0)
(-0.368579 -0.00618256 0)
(-0.369527 -0.000406252 0)
(-0.368935 0.00545887 0)
(-0.366774 0.0114477 0)
(-0.363003 0.0175895 0)
(-0.357569 0.0239044 0)
(-0.350416 0.0303992 0)
(-0.341483 0.0370637 0)
(-0.330711 0.0438659 0)
(-0.318049 0.0507479 0)
(-0.303463 0.0576214 0)
(-0.286943 0.0643639 0)
(-0.268517 0.0708154 0)
(-0.24826 0.0767773 0)
(-0.226307 0.0820118 0)
(-0.202868 0.0862458 0)
(-0.178238 0.0891762 0)
(-0.15281 0.0904805 0)
(-0.127079 0.089831 0)
(-0.101649 0.0869125 0)
(-0.0772279 0.0814437 0)
(-0.0546173 0.0731996 0)
(-0.0346775 0.0620344 0)
(-0.0182686 0.0478987 0)
(-0.00646861 0.0308513 0)
(-0.000942216 0.0110798 0)
(-0.000918264 -0.00781234 0)
(-0.0061937 -0.0214254 0)
(-0.0173605 -0.0329352 0)
(-0.0328061 -0.0423313 0)
(-0.0515168 -0.0496705 0)
(-0.0727169 -0.0550627 0)
(-0.0956476 -0.0586606 0)
(-0.119611 -0.0606475 0)
(-0.143995 -0.0612257 0)
(-0.16828 -0.0606041 0)
(-0.192034 -0.0589885 0)
(-0.214908 -0.0565741 0)
(-0.236631 -0.0535388 0)
(-0.257002 -0.0500402 0)
(-0.275878 -0.0462131 0)
(-0.293164 -0.0421688 0)
(-0.308805 -0.0379957 0)
(-0.322777 -0.0337607 0)
(-0.335075 -0.0295111 0)
(-0.345709 -0.0252765 0)
(-0.354697 -0.0210715 0)
(-0.362058 -0.0168981 0)
(-0.367809 -0.012748 0)
(-0.37196 -0.00860512 0)
(-0.374514 -0.00444794 0)
(-0.375462 -0.000251775 0)
(-0.374785 0.00400881 0)
(-0.372453 0.00835758 0)
(-0.368425 0.0128142 0)
(-0.362652 0.0173913 0)
(-0.355082 0.0220922 0)
(-0.345659 0.0269073 0)
(-0.334334 0.0318115 0)
(-0.32107 0.0367609 0)
(-0.305845 0.0416897 0)
(-0.288672 0.046508 0)
(-0.269596 0.0510995 0)
(-0.248719 0.055321 0)
(-0.2262 0.0590025 0)
(-0.202273 0.0619499 0)
(-0.177259 0.0639499 0)
(-0.151566 0.0647772 0)
(-0.125702 0.0642047 0)
(-0.100273 0.0620161 0)
(-0.0759746 0.0580204 0)
(-0.053587 0.0520673 0)
(-0.0339342 0.0440618 0)
(-0.0178308 0.0339763 0)
(-0.00629515 0.0218572 0)
(-0.000912116 0.00783959 0)
(-0.000906886 -0.00467052 0)
(-0.00612815 -0.012815 0)
(-0.0171964 -0.0197093 0)
(-0.0325321 -0.0253474 0)
(-0.0511471 -0.0297622 0)
(-0.0722851 -0.0330176 0)
(-0.0952025 -0.0352026 0)
(-0.119211 -0.0364246 0)
(-0.143704 -0.0368023 0)
(-0.168159 -0.0364588 0)
(-0.19214 -0.0355158 0)
(-0.21529 -0.0340891 0)
(-0.237328 -0.0322847 0)
(-0.258041 -0.0301966 0)
(-0.277275 -0.0279058 0)
(-0.294924 -0.0254791 0)
(-0.310922 -0.0229702 0)
(-0.325235 -0.0204196 0)
(-0.33785 -0.0178562 0)
(-0.348769 -0.0152983 0)
(-0.358005 -0.0127553 0)
(-0.365571 -0.0102287 0)
(-0.371479 -0.00771421 0)
(-0.375737 -0.00520242 0)
(-0.378344 -0.00268084 0)
(-0.379289 -0.00013507 0)
(-0.378553 0.00244973 0)
(-0.376104 0.00508735 0)
(-0.371903 0.00778901 0)
(-0.365903 0.0105618 0)
(-0.358053 0.0134067 0)
(-0.348303 0.0163174 0)
(-0.336612 0.0192776 0)
(-0.322948 0.0222602 0)
(-0.307304 0.0252245 0)
(-0.289701 0.0281158 0)
(-0.270202 0.0308634 0)
(-0.248922 0.0333809 0)
(-0.226038 0.0355663 0)
(-0.201802 0.0373038 0)
(-0.176546 0.0384665 0)
(-0.150692 0.0389213 0)
(-0.124754 0.0385349 0)
(-0.0993373 0.0371809 0)
(-0.0751309 0.0347486 0)
(-0.0528983 0.0311518 0)
(-0.0334401 0.0263372 0)
(-0.0175409 0.020291 0)
(-0.00618073 0.0130429 0)
(-0.000892346 0.00467415 0)
(-0.000901291 -0.00155399 0)
(-0.00609584 -0.00426483 0)
(-0.0171154 -0.00656097 0)
(-0.0323966 -0.00844033 0)
(-0.0509635 -0.00991372 0)
(-0.0720696 -0.0110021 0)
(-0.094979 -0.0117348 0)
(-0.119008 -0.012147 0)
(-0.143552 -0.0122781 0)
(-0.168089 -0.0121685 0)
(-0.19218 -0.0118586 0)
(-0.215465 -0.0113867 0)
(-0.237657 -0.010788 0)
(-0.258539 -0.0100939 0)
(-0.277949 -0.0093313 0)
(-0.295776 -0.00852248 0)
(-0.311951 -0.00768539 0)
(-0.326432 -0.00683365 0)
(-0.339204 -0.00597696 0)
(-0.350266 -0.00512154 0)
(-0.359624 -0.00427057 0)
(-0.367291 -0.00342468 0)
(-0.373277 -0.00258245 0)
(-0.377588 -0.00174086 0)
(-0.38022 -0.000895808 0)
(-0.381164 -4.25515e-05 0)
(-0.380397 0.00082378 0)
(-0.377889 0.00170771 0)
(-0.373601 0.00261287 0)
(-0.367486 0.00354152 0)
(-0.359496 0.0044939 0)
(-0.349584 0.00546769 0)
(-0.33771 0.00645738 0)
(-0.323847 0.00745369 0)
(-0.307994 0.00844296 0)
(-0.290178 0.00940673 0)
(-0.27047 0.0103214 0)
(-0.248993 0.011158 0)
(-0.225931 0.0118825 0)
(-0.201544 0.0124565 0)
(-0.176172 0.0128379 0)
(-0.150242 0.0129826 0)
(-0.124272 0.0128468 0)
(-0.0988645 0.0123887 0)
(-0.0747066 0.0115722 0)
(-0.0525533 0.0103692 0)
(-0.0331934 0.00876255 0)
(-0.0173966 0.00674805 0)
(-0.00612387 0.00433588 0)
(-0.000882546 0.00155318 0)
(-0.00090129 0.00155419 0)
(-0.00609584 0.00426535 0)
(-0.0171154 0.0065617 0)
(-0.0323965 0.0084412 0)
(-0.0509634 0.00991466 0)
(-0.0720696 0.0110031 0)
(-0.094979 0.0117357 0)
(-0.119008 0.0121479 0)
(-0.143552 0.0122788 0)
(-0.168089 0.0121691 0)
(-0.19218 0.0118591 0)
(-0.215465 0.0113871 0)
(-0.237657 0.0107883 0)
(-0.258539 0.0100941 0)
(-0.277949 0.00933133 0)
(-0.295776 0.00852239 0)
(-0.311951 0.00768518 0)
(-0.326432 0.00683332 0)
(-0.339204 0.00597652 0)
(-0.350266 0.005121 0)
(-0.359624 0.00426994 0)
(-0.367291 0.00342398 0)
(-0.373277 0.00258168 0)
(-0.377588 0.00174004 0)
(-0.38022 0.000894939 0)
(-0.381164 4.16539e-05 0)
(-0.380397 -0.000824692 0)
(-0.377889 -0.00170862 0)
(-0.373601 -0.00261377 0)
(-0.367486 -0.00354239 0)
(-0.359496 -0.00449472 0)
(-0.349584 -0.00546845 0)
(-0.33771 -0.00645807 0)
(-0.323847 -0.00745428 0)
(-0.307994 -0.00844345 0)
(-0.290178 -0.00940709 0)
(-0.27047 -0.0103216 0)
(-0.248993 -0.0111581 0)
(-0.225931 -0.0118825 0)
(-0.201544 -0.0124563 0)
(-0.176172 -0.0128376 0)
(-0.150242 -0.0129822 0)
(-0.124272 -0.0128462 0)
(-0.0988645 -0.0123881 0)
(-0.0747066 -0.0115715 0)
(-0.0525534 -0.0103685 0)
(-0.0331934 -0.0087619 0)
(-0.0173966 -0.00674749 0)
(-0.00612387 -0.00433549 0)
(-0.000882546 -0.00155303 0)
(-0.000906884 0.00467072 0)
(-0.00612813 0.0128155 0)
(-0.0171964 0.0197101 0)
(-0.0325321 0.0253483 0)
(-0.051147 0.0297631 0)
(-0.072285 0.0330185 0)
(-0.0952024 0.0352035 0)
(-0.119211 0.0364254 0)
(-0.143703 0.0368031 0)
(-0.168159 0.0364595 0)
(-0.192139 0.0355164 0)
(-0.215289 0.0340895 0)
(-0.237328 0.0322849 0)
(-0.258041 0.0301968 0)
(-0.277274 0.0279058 0)
(-0.294923 0.025479 0)
(-0.310922 0.02297 0)
(-0.325234 0.0204193 0)
(-0.337849 0.0178557 0)
(-0.348769 0.0152978 0)
(-0.358005 0.0127547 0)
(-0.365571 0.0102281 0)
(-0.371479 0.00771345 0)
(-0.375737 0.00520161 0)
(-0.378344 0.00267999 0)
(-0.379289 0.000134191 0)
(-0.378553 -0.00245062 0)
(-0.376104 -0.00508824 0)
(-0.371903 -0.00778989 0)
(-0.365903 -0.0105626 0)
(-0.358053 -0.0134075 0)
(-0.348304 -0.0163181 0)
(-0.336612 -0.0192783 0)
(-0.322948 -0.0222607 0)
(-0.307304 -0.025225 0)
(-0.289701 -0.0281161 0)
(-0.270202 -0.0308636 0)
(-0.248922 -0.033381 0)
(-0.226039 -0.0355663 0)
(-0.201802 -0.0373036 0)
(-0.176546 -0.0384662 0)
(-0.150692 -0.0389209 0)
(-0.124754 -0.0385344 0)
(-0.0993374 -0.0371803 0)
(-0.075131 -0.0347479 0)
(-0.0528983 -0.0311511 0)
(-0.0334401 -0.0263365 0)
(-0.017541 -0.0202905 0)
(-0.00618074 -0.0130425 0)
(-0.000892348 -0.004674 0)
(-0.00091826 0.00781253 0)
(-0.00619367 0.0214259 0)
(-0.0173605 0.0329359 0)
(-0.032806 0.0423321 0)
(-0.0515166 0.0496714 0)
(-0.0727167 0.0550636 0)
(-0.0956474 0.0586614 0)
(-0.11961 0.0606483 0)
(-0.143995 0.0612265 0)
(-0.16828 0.0606047 0)
(-0.192034 0.0589891 0)
(-0.214907 0.0565745 0)
(-0.236631 0.0535391 0)
(-0.257002 0.0500404 0)
(-0.275877 0.0462131 0)
(-0.293163 0.0421687 0)
(-0.308805 0.0379955 0)
(-0.322777 0.0337604 0)
(-0.335074 0.0295107 0)
(-0.345709 0.025276 0)
(-0.354697 0.0210709 0)
(-0.362058 0.0168974 0)
(-0.367808 0.0127473 0)
(-0.37196 0.00860435 0)
(-0.374514 0.00444712 0)
(-0.375462 0.000250931 0)
(-0.374785 -0.00400966 0)
(-0.372453 -0.00835844 0)
(-0.368425 -0.012815 0)
(-0.362652 -0.0173921 0)
(-0.355082 -0.022093 0)
(-0.345659 -0.026908 0)
(-0.334334 -0.0318122 0)
(-0.32107 -0.0367614 0)
(-0.305846 -0.0416901 0)
(-0.288672 -0.0465083 0)
(-0.269597 -0.0510998 0)
(-0.248719 -0.0553211 0)
(-0.2262 -0.0590024 0)
(-0.202274 -0.0619497 0)
(-0.177259 -0.0639496 0)
(-0.151566 -0.0647768 0)
(-0.125702 -0.0642042 0)
(-0.100273 -0.0620155 0)
(-0.0759747 -0.0580198 0)
(-0.0535871 -0.0520666 0)
(-0.0339343 -0.0440612 0)
(-0.0178308 -0.0339757 0)
(-0.00629517 -0.0218569 0)
(-0.000912119 -0.00783945 0)
(-0.000935817 0.0109973 0)
(-0.00629446 0.0301386 0)
(-0.0176119 0.0462925 0)
(-0.0332239 0.0594443 0)
(-0.0520777 0.0696779 0)
(-0.073367 0.0771545 0)
(-0.09631 0.082097 0)
(-0.120194 0.0847722 0)
(-0.144402 0.0854722 0)
(-0.168417 0.0844976 0)
(-0.191813 0.082143 0)
(-0.214256 0.0786859 0)
(-0.235491 0.0743785 0)
(-0.255333 0.0694426 0)
(-0.273658 0.0640666 0)
(-0.290388 0.0584058 0)
(-0.305484 0.0525823 0)
(-0.318935 0.0466881 0)
(-0.33075 0.0407872 0)
(-0.34095 0.0349193 0)
(-0.349561 0.0291029 0)
(-0.35661 0.0233392 0)
(-0.36212 0.017615 0)
(-0.366108 0.0119063 0)
(-0.368578 0.00618179 0)
(-0.369527 0.000405459 0)
(-0.368935 -0.00545968 0)
(-0.366774 -0.0114485 0)
(-0.363003 -0.0175903 0)
(-0.357569 -0.0239051 0)
(-0.350416 -0.0303999 0)
(-0.341483 -0.0370644 0)
(-0.330711 -0.0438665 0)
(-0.318049 -0.0507485 0)
(-0.303463 -0.0576218 0)
(-0.286943 -0.0643642 0)
(-0.268518 -0.0708156 0)
(-0.24826 -0.0767773 0)
(-0.226308 -0.0820118 0)
(-0.202869 -0.0862456 0)
(-0.178239 -0.0891759 0)
(-0.15281 -0.0904801 0)
(-0.127079 -0.0898305 0)
(-0.10165 -0.086912 0)
(-0.0772281 -0.0814431 0)
(-0.0546175 -0.073199 0)
(-0.0346776 -0.0620338 0)
(-0.0182686 -0.0478982 0)
(-0.00646863 -0.030851 0)
(-0.000942219 -0.0110797 0)
(-0.000960214 0.0142441 0)
(-0.00643376 0.0389982 0)
(-0.0179578 0.0598355 0)
(-0.0337955 0.076737 0)
(-0.0528386 0.0898187 0)
(-0.0742392 0.0993014 0)
(-0.097184 0.105488 0)
(-0.120941 0.10874 0)
(-0.144889 0.109449 0)
(-0.168512 0.108014 0)
(-0.1914 0.104827 0)
(-0.213237 0.100251 0)
(-0.23379 0.0946154 0)
(-0.252899 0.0882065 0)
(-0.270464 0.0812668 0)
(-0.286431 0.0739937 0)
(-0.300781 0.0665418 0)
(-0.313522 0.0590257 0)
(-0.324681 0.0515246 0)
(-0.33429 0.0440858 0)
(-0.342389 0.0367303 0)
(-0.349015 0.0294563 0)
(-0.354198 0.0222446 0)
(-0.35796 0.0150619 0)
(-0.360312 0.00786572 0)
(-0.361254 0.00060767 0)
(-0.36077 -0.00676212 0)
(-0.358831 -0.0142911 0)
(-0.355395 -0.0220198 0)
(-0.350409 -0.0299778 0)
(-0.343809 -0.0381781 0)
(-0.335528 -0.0466125 0)
(-0.325495 -0.0552454 0)
(-0.313644 -0.0640085 0)
(-0.299921 -0.0727947 0)
(-0.284292 -0.0814525 0)
(-0.266757 -0.0897817 0)
(-0.247358 -0.0975304 0)
(-0.226197 -0.104394 0)
(-0.203449 -0.110019 0)
(-0.179376 -0.11401 0)
(-0.154343 -0.115939 0)
(-0.12883 -0.115368 0)
(-0.103435 -0.111871 0)
(-0.0788762 -0.105062 0)
(-0.0559864 -0.0946251 0)
(-0.035673 -0.0803497 0)
(-0.0188586 -0.0621529 0)
(-0.00670359 -0.0400988 0)
(-0.000983244 -0.0144259 0)
(-0.000992442 0.0175742 0)
(-0.00661648 0.0480535 0)
(-0.0184086 0.0736242 0)
(-0.0345345 0.0942633 0)
(-0.0538121 0.110126 0)
(-0.0753384 0.121506 0)
(-0.0982603 0.128799 0)
(-0.121824 0.132476 0)
(-0.145401 0.133042 0)
(-0.168486 0.131008 0)
(-0.190686 0.126866 0)
(-0.211713 0.121074 0)
(-0.231365 0.11404 0)
(-0.249514 0.106116 0)
(-0.26609 0.0975969 0)
(-0.281068 0.0887212 0)
(-0.294457 0.0796729 0)
(-0.306288 0.0705868 0)
(-0.316606 0.0615539 0)
(-0.325462 0.0526271 0)
(-0.332909 0.0438267 0)
(-0.338993 0.0351465 0)
(-0.343755 0.0265592 0)
(-0.347226 0.0180207 0)
(-0.349421 0.00947584 0)
(-0.350344 0.000862536 0)
(-0.349983 -0.00788341 0)
(-0.34831 -0.0168236 0)
(-0.345284 -0.0260121 0)
(-0.340848 -0.0354898 0)
(-0.334935 -0.0452793 0)
(-0.327467 -0.0553775 0)
(-0.318361 -0.0657497 0)
(-0.307533 -0.0763217 0)
(-0.294906 -0.0869724 0)
(-0.280419 -0.0975267 0)
(-0.264035 -0.107748 0)
(-0.245757 -0.117336 0)
(-0.225644 -0.125921 0)
(-0.203824 -0.133068 0)
(-0.180517 -0.138283 0)
(-0.156051 -0.141028 0)
(-0.130877 -0.140742 0)
(-0.105583 -0.13687 0)
(-0.0808985 -0.128902 0)
(-0.0576903 -0.116411 0)
(-0.0369255 -0.0990996 0)
(-0.0196073 -0.0768355 0)
(-0.00700385 -0.0496769 0)
(-0.0010361 -0.0179113 0)
(-0.00103395 0.0210117 0)
(-0.00684972 0.0573596 0)
(-0.0189793 0.0877235 0)
(-0.0354607 0.112077 0)
(-0.0550156 0.130628 0)
(-0.0766709 0.143756 0)
(-0.0995256 0.151974 0)
(-0.122801 0.15588 0)
(-0.145865 0.156109 0)
(-0.168228 0.153298 0)
(-0.189526 0.148053 0)
(-0.209505 0.140929 0)
(-0.228004 0.132414 0)
(-0.244935 0.122929 0)
(-0.260267 0.112819 0)
(-0.274012 0.10236 0)
(-0.286209 0.0917607 0)
(-0.296916 0.0811735 0)
(-0.306201 0.0706974 0)
(-0.314132 0.0603871 0)
(-0.320779 0.0502599 0)
(-0.326199 0.0403024 0)
(-0.330445 0.0304769 0)
(-0.333552 0.0207271 0)
(-0.335545 0.0109836 0)
(-0.336432 0.00116915 0)
(-0.336203 -0.00879621 0)
(-0.334835 -0.01899 0)
(-0.332285 -0.0294815 0)
(-0.328496 -0.0403262 0)
(-0.323395 -0.0515588 0)
(-0.316896 -0.063186 0)
(-0.308903 -0.0751785 0)
(-0.299314 -0.0874618 0)
(-0.288026 -0.0999073 0)
(-0.274944 -0.112322 0)
(-0.259993 -0.124442 0)
(-0.243129 -0.13592 0)
(-0.224355 -0.146327 0)
(-0.203745 -0.155146 0)
(-0.181462 -0.161783 0)
(-0.157781 -0.165581 0)
(-0.133116 -0.165838 0)
(-0.108033 -0.161854 0)
(-0.0832679 -0.152965 0)
(-0.0597254 -0.138608 0)
(-0.0384431 -0.118369 0)
(-0.0205244 -0.0920421 0)
(-0.00737499 -0.0596655 0)
(-0.00110212 -0.0215712 0)
(-0.00108684 0.0245855 0)
(-0.00714353 0.0669801 0)
(-0.0196911 0.102205 0)
(-0.0366012 0.130235 0)
(-0.0564722 0.151342 0)
(-0.0782444 0.166022 0)
(-0.10096 0.174929 0)
(-0.123815 0.178815 0)
(-0.146182 0.178468 0)
(-0.167594 0.174667 0)
(-0.187728 0.168141 0)
(-0.206377 0.15955 0)
(-0.223432 0.149468 0)
(-0.238856 0.138377 0)
(-0.252664 0.126672 0)
(-0.264908 0.114661 0)
(-0.275665 0.102575 0)
(-0.285023 0.0905768 0)
(-0.293072 0.0787688 0)
(-0.299902 0.0672038 0)
(-0.305597 0.0558926 0)
(-0.310229 0.0448118 0)
(-0.313856 0.0339113 0)
(-0.316526 0.0231206 0)
(-0.318267 0.0123548 0)
(-0.319093 0.00152012 0)
(-0.319 -0.00948049 0)
(-0.317965 -0.0207419 0)
(-0.315949 -0.0323508 0)
(-0.312894 -0.0443794 0)
(-0.308722 -0.0568784 0)
(-0.303342 -0.0698684 0)
(-0.296644 -0.0833308 0)
(-0.288509 -0.0971978 0)
(-0.278807 -0.11134 0)
(-0.267409 -0.125557 0)
(-0.254195 -0.139562 0)
(-0.239067 -0.152972 0)
(-0.221967 -0.165303 0)
(-0.202898 -0.17596 0)
(-0.181952 -0.184247 0)
(-0.159338 -0.189375 0)
(-0.135411 -0.190492 0)
(-0.110704 -0.186722 0)
(-0.0859491 -0.177221 0)
(-0.0620876 -0.161246 0)
(-0.0402377 -0.138234 0)
(-0.0216241 -0.107871 0)
(-0.00782518 -0.0701506 0)
(-0.00118324 -0.0254449 0)
(-0.0011541 0.0283305 0)
(-0.0075121 0.0769908 0)
(-0.0205729 0.117152 0)
(-0.0379924 0.148792 0)
(-0.0582117 0.172278 0)
(-0.0800655 0.18825 0)
(-0.102533 0.197544 0)
(-0.124787 0.2011 0)
(-0.146215 0.199886 0)
(-0.16639 0.194842 0)
(-0.185042 0.186834 0)
(-0.202029 0.17663 0)
(-0.217306 0.16489 0)
(-0.230896 0.152158 0)
(-0.24287 0.138869 0)
(-0.253327 0.125359 0)
(-0.262383 0.111873 0)
(-0.270155 0.0985783 0)
(-0.276762 0.0855758 0)
(-0.282312 0.0729112 0)
(-0.286903 0.0605849 0)
(-0.290619 0.0485605 0)
(-0.293527 0.0367734 0)
(-0.295682 0.0251372 0)
(-0.297118 0.0135502 0)
(-0.297854 0.00190138 0)
(-0.297891 -0.00992442 0)
(-0.29721 -0.0220406 0)
(-0.295774 -0.0345529 0)
(-0.293527 -0.0475527 0)
(-0.29039 -0.0611096 0)
(-0.286266 -0.0752628 0)
(-0.281037 -0.0900103 0)
(-0.274565 -0.105298 0)
(-0.266698 -0.121005 0)
(-0.257271 -0.136932 0)
(-0.246117 -0.152781 0)
(-0.23308 -0.168146 0)
(-0.21803 -0.182493 0)
(-0.20089 -0.195159 0)
(-0.181662 -0.205343 0)
(-0.160468 -0.212123 0)
(-0.137585 -0.214474 0)
(-0.11349 -0.21132 0)
(-0.0888952 -0.201594 0)
(-0.0647721 -0.184331 0)
(-0.0423265 -0.158762 0)
(-0.0229271 -0.124422 0)
(-0.00836622 -0.0812265 0)
(-0.00128229 -0.0295766 0)
(-0.0012401 0.0322907 0)
(-0.00797545 0.0874839 0)
(-0.0216647 0.132657 0)
(-0.0396825 0.167805 0)
(-0.0602704 0.193423 0)
(-0.0821369 0.21035 0)
(-0.104194 0.21965 0)
(-0.125602 0.222494 0)
(-0.145778 0.220067 0)
(-0.164356 0.21349 0)
(-0.181143 0.203777 0)
(-0.196079 0.191811 0)
(-0.209196 0.178332 0)
(-0.220591 0.163938 0)
(-0.230395 0.149101 0)
(-0.238759 0.134171 0)
(-0.245841 0.119401 0)
(-0.25179 0.104955 0)
(-0.256748 0.0909243 0)
(-0.260841 0.0773435 0)
(-0.26418 0.0641978 0)
(-0.266857 0.051435 0)
(-0.268948 0.0389738 0)
(-0.270512 0.0267108 0)
(-0.271589 0.0145267 0)
(-0.272202 0.0022926 0)
(-0.272356 -0.010125 0)
(-0.272038 -0.0228586 0)
(-0.271216 -0.0360338 0)
(-0.269835 -0.0497632 0)
(-0.267821 -0.0641382 0)
(-0.265074 -0.0792203 0)
(-0.26147 -0.0950302 0)
(-0.25686 -0.111535 0)
(-0.25107 -0.128633 0)
(-0.243902 -0.146135 0)
(-0.235145 -0.163749 0)
(-0.22458 -0.181056 0)
(-0.212 -0.197489 0)
(-0.197235 -0.212325 0)
(-0.180181 -0.224667 0)
(-0.160847 -0.233452 0)
(-0.139405 -0.237471 0)
(-0.116248 -0.235416 0)
(-0.0920417 -0.225952 0)
(-0.0677718 -0.207828 0)
(-0.0447335 -0.180006 0)
(-0.0244626 -0.141799 0)
(-0.00901513 -0.0929991 0)
(-0.0014034 -0.0340185 0)
(-0.00135123 0.0365229 0)
(-0.00856194 0.0985746 0)
(-0.0230211 0.148831 0)
(-0.041734 0.187326 0)
(-0.0626896 0.214741 0)
(-0.0844497 0.232181 0)
(-0.105861 0.241007 0)
(-0.126089 0.24268 0)
(-0.144611 0.238636 0)
(-0.161147 0.230202 0)
(-0.17561 0.218551 0)
(-0.18804 0.204679 0)
(-0.198568 0.189398 0)
(-0.207369 0.173353 0)
(-0.214647 0.157035 0)
(-0.220604 0.140803 0)
(-0.225438 0.124902 0)
(-0.22933 0.109484 0)
(-0.232441 0.0946253 0)
(-0.234912 0.0803417 0)
(-0.236861 0.0665996 0)
(-0.238388 0.0533282 0)
(-0.239572 0.0404278 0)
(-0.240475 0.0277771 0)
(-0.24114 0.0152394 0)
(-0.241594 0.00266817 0)
(-0.241846 -0.0100881 0)
(-0.24189 -0.0231808 0)
(-0.241698 -0.0367556 0)
(-0.241224 -0.0509469 0)
(-0.240398 -0.0658699 0)
(-0.239125 -0.0816122 0)
(-0.237279 -0.0982223 0)
(-0.234707 -0.115696 0)
(-0.231218 -0.133961 0)
(-0.226589 -0.152853 0)
(-0.220568 -0.172099 0)
(-0.212875 -0.191285 0)
(-0.203222 -0.209833 0)
(-0.191336 -0.226974 0)
(-0.17699 -0.241728 0)
(-0.160056 -0.252895 0)
(-0.140565 -0.259072 0)
(-0.118785 -0.258686 0)
(-0.0952969 -0.250084 0)
(-0.0710739 -0.231654 0)
(-0.0474908 -0.201994 0)
(-0.0262716 -0.160109 0)
(-0.00979662 -0.105591 0)
(-0.00155268 -0.0388338 0)
(-0.00149708 0.0411019 0)
(-0.00931215 0.110409 0)
(-0.0247164 0.165804 0)
(-0.0442258 0.207399 0)
(-0.065511 0.236148 0)
(-0.0869697 0.253528 0)
(-0.107397 0.261286 0)
(-0.125998 0.261238 0)
(-0.142347 0.255118 0)
(-0.156294 0.244482 0)
(-0.167887 0.230663 0)
(-0.177294 0.214763 0)
(-0.184756 0.197656 0)
(-0.190543 0.180013 0)
(-0.194926 0.162332 0)
(-0.198163 0.14496 0)
(-0.200487 0.128125 0)
(-0.202104 0.111956 0)
(-0.203191 0.0965045 0)
(-0.203895 0.0817624 0)
(-0.204339 0.0676734 0)
(-0.204623 0.0541457 0)
(-0.204825 0.0410602 0)
(-0.205008 0.0282778 0)
(-0.205214 0.015645 0)
(-0.205474 0.00299888 0)
(-0.2058 -0.00982861 0)
(-0.206192 -0.0230062 0)
(-0.206632 -0.036699 0)
(-0.207081 -0.0510625 0)
(-0.207481 -0.0662369 0)
(-0.207745 -0.0823379 0)
(-0.207756 -0.0994464 0)
(-0.207362 -0.117594 0)
(-0.206367 -0.136747 0)
(-0.204533 -0.156781 0)
(-0.201573 -0.177459 0)
(-0.197155 -0.198395 0)
(-0.190912 -0.219021 0)
(-0.182461 -0.238551 0)
(-0.171438 -0.255941 0)
(-0.157551 -0.269872 0)
(-0.14065 -0.278739 0)
(-0.120827 -0.280685 0)
(-0.0985244 -0.273676 0)
(-0.0746517 -0.255651 0)
(-0.0506389 -0.224726 0)
(-0.0284119 -0.179464 0)
(-0.0107468 -0.119148 0)
(-0.00173945 -0.044102 0)
(-0.00169245 0.0461293 0)
(-0.010285 0.123174 0)
(-0.0268519 0.183724 0)
(-0.0472537 0.228041 0)
(-0.0687652 0.257494 0)
(-0.0896125 0.274072 0)
(-0.108574 0.280029 0)
(-0.124949 0.277621 0)
(-0.138467 0.268922 0)
(-0.14916 0.255732 0)
(-0.157247 0.239542 0)
(-0.163052 0.221541 0)
(-0.16694 0.20264 0)
(-0.169278 0.183517 0)
(-0.170406 0.164651 0)
(-0.170629 0.146361 0)
(-0.17021 0.128841 0)
(-0.169369 0.112186 0)
(-0.168289 0.0964147 0)
(-0.167118 0.0814891 0)
(-0.165973 0.0673271 0)
(-0.164949 0.0538144 0)
(-0.16412 0.0408126 0)
(-0.16354 0.0281657 0)
(-0.163253 0.0157053 0)
(-0.163286 0.00325433 0)
(-0.163659 -0.00936909 0)
(-0.164376 -0.0223487 0)
(-0.165428 -0.0358662 0)
(-0.16679 -0.0500971 0)
(-0.168419 -0.0652053 0)
(-0.170243 -0.0813354 0)
(-0.172164 -0.0986032 0)
(-0.174039 -0.117082 0)
(-0.175683 -0.136785 0)
(-0.176853 -0.157643 0)
(-0.177243 -0.179472 0)
(-0.176483 -0.201939 0)
(-0.174135 -0.224519 0)
(-0.169711 -0.246438 0)
(-0.1627 -0.266628 0)
(-0.15262 -0.283674 0)
(-0.139098 -0.295788 0)
(-0.121987 -0.300809 0)
(-0.101514 -0.296272 0)
(-0.0784495 -0.279557 0)
(-0.0542246 -0.248146 0)
(-0.0309633 -0.199977 0)
(-0.0119193 -0.13385 0)
(-0.00197822 -0.049927 0)
(-0.00196097 0.0517463 0)
(-0.0115676 0.137116 0)
(-0.0295639 0.202759 0)
(-0.0509268 0.249225 0)
(-0.0724475 0.278516 0)
(-0.0921993 0.293339 0)
(-0.109013 0.29661 0)
(-0.122368 0.291117 0)
(-0.132231 0.279315 0)
(-0.138874 0.263248 0)
(-0.142736 0.244545 0)
(-0.144314 0.224448 0)
(-0.144108 0.203874 0)
(-0.142576 0.183473 0)
(-0.140122 0.163679 0)
(-0.137084 0.144761 0)
(-0.13374 0.126863 0)
(-0.130313 0.110034 0)
(-0.126979 0.0942524 0)
(-0.123875 0.0794461 0)
(-0.121105 0.065505 0)
(-0.118749 0.0522921 0)
(-0.116869 0.039651 0)
(-0.115511 0.027411 0)
(-0.114711 0.0153918 0)
(-0.114496 0.00340591 0)
(-0.114886 -0.00873891 0)
(-0.115892 -0.0212372 0)
(-0.117518 -0.0342838 0)
(-0.119753 -0.0480706 0)
(-0.122573 -0.0627824 0)
(-0.125933 -0.0785914 0)
(-0.129755 -0.0956485 0)
(-0.133925 -0.114072 0)
(-0.13828 -0.133929 0)
(-0.142591 -0.155215 0)
(-0.146557 -0.177822 0)
(-0.149785 -0.201495 0)
(-0.151789 -0.225782 0)
(-0.15199 -0.249973 0)
(-0.149731 -0.273018 0)
(-0.144324 -0.29346 0)
(-0.135133 -0.309359 0)
(-0.121698 -0.31826 0)
(-0.103933 -0.317223 0)
(-0.082353 -0.302956 0)
(-0.0582929 -0.272115 0)
(-0.0340349 -0.221752 0)
(-0.0133947 -0.149919 0)
(-0.00229253 -0.0564498 0)
(-0.00234203 0.0581549 0)
(-0.0132911 0.152554 0)
(-0.0330339 0.223078 0)
(-0.0553511 0.270825 0)
(-0.0764696 0.298771 0)
(-0.0943793 0.310632 0)
(-0.108089 0.310177 0)
(-0.117386 0.300816 0)
(-0.122579 0.285408 0)
(-0.124254 0.26622 0)
(-0.123104 0.244968 0)
(-0.119817 0.222902 0)
(-0.115021 0.200895 0)
(-0.109254 0.179526 0)
(-0.102961 0.159155 0)
(-0.0964942 0.139977 0)
(-0.0901275 0.122069 0)
(-0.0840681 0.105425 0)
(-0.0784697 0.0899765 0)
(-0.0734441 0.0756147 0)
(-0.0690723 0.0622015 0)
(-0.0654121 0.0495788 0)
(-0.062506 0.0375749 0)
(-0.060386 0.0260086 0)
(-0.059078 0.0146914 0)
(-0.0586041 0.0034303 0)
(-0.0589843 -0.00797218 0)
(-0.0602366 -0.0197164 0)
(-0.0623757 -0.0320047 0)
(-0.0654106 -0.0450403 0)
(-0.0693407 -0.0590243 0)
(-0.0741491 -0.0741524 0)
(-0.0797948 -0.0906082 0)
(-0.0862016 -0.108554 0)
(-0.0932448 -0.128115 0)
(-0.100734 -0.14936 0)
(-0.108394 -0.172271 0)
(-0.115846 -0.196697 0)
(-0.122583 -0.2223 0)
(-0.127965 -0.24848 0)
(-0.131209 -0.274274 0)
(-0.131424 -0.298251 0)
(-0.127676 -0.318392 0)
(-0.119125 -0.331991 0)
(-0.105243 -0.335619 0)
(-0.0861336 -0.325208 0)
(-0.0628653 -0.296353 0)
(-0.0377718 -0.244867 0)
(-0.0152966 -0.167639 0)
(-0.00272208 -0.063869 0)
(-0.00290402 0.0656535 0)
(-0.015657 0.169903 0)
(-0.0374939 0.244823 0)
(-0.060588 0.292538 0)
(-0.0805642 0.317537 0)
(-0.0954958 0.32494 0)
(-0.104779 0.319583 0)
(-0.108691 0.305574 0)
(-0.108007 0.286156 0)
(-0.103698 0.263752 0)
(-0.096733 0.240091 0)
(-0.0879851 0.216353 0)
(-0.0781881 0.193304 0)
(-0.0679295 0.171408 0)
(-0.0576622 0.150916 0)
(-0.0477231 0.131926 0)
(-0.0383552 0.114437 0)
(-0.0297277 0.0983764 0)
(-0.0219543 0.0836293 0)
(-0.0151083 0.0700498 0)
(-0.00923519 0.0574742 0)
(-0.00436238 0.0457271 0)
(-0.000506907 0.0346261 0)
(0.00231874 0.0239842 0)
(0.0041024 0.013611 0)
(0.00482943 0.00331321 0)
(0.00448105 -0.00710552 0)
(0.00303393 -0.017845 0)
(0.000461037 -0.0291088 0)
(-0.0032662 -0.0411044 0)
(-0.00817407 -0.0540426 0)
(-0.0142808 -0.0681356 0)
(-0.0215884 -0.0835937 0)
(-0.0300712 -0.100619 0)
(-0.0396612 -0.119392 0)
(-0.0502284 -0.14006 0)
(-0.0615568 -0.162702 0)
(-0.0733156 -0.187294 0)
(-0.0850266 -0.213648 0)
(-0.0960326 -0.241327 0)
(-0.105473 -0.269534 0)
(-0.112281 -0.296962 0)
(-0.115224 -0.321623 0)
(-0.113019 -0.34066 0)
(-0.104567 -0.350201 0)
(-0.0893441 -0.345334 0)
(-0.0678879 -0.320341 0)
(-0.0423559 -0.269323 0)
(-0.0178173 -0.187366 0)
(-0.00333647 -0.0724767 0)
(-0.00376981 0.0746987 0)
(-0.0189773 0.189693 0)
(-0.0432146 0.268022 0)
(-0.0665508 0.313729 0)
(-0.0841015 0.333648 0)
(-0.0943589 0.334808 0)
(-0.0974329 0.323319 0)
(-0.0943222 0.303998 0)
(-0.0864005 0.28038 0)
(-0.0750643 0.254919 0)
(-0.0615532 0.229237 0)
(-0.0468843 0.204345 0)
(-0.0318465 0.180832 0)
(-0.0170244 0.158997 0)
(-0.00283296 0.138947 0)
(0.0104464 0.12067 0)
(0.0226334 0.104075 0)
(0.0336213 0.0890257 0)
(0.0433551 0.075359 0)
(0.051814 0.0628976 0)
(0.058998 0.0514576 0)
(0.0649176 0.0408524 0)
(0.0695866 0.0308956 0)
(0.0730159 0.0214008 0)
(0.07521 0.0121821 0)
(0.0761639 0.00305287 0)
(0.0758618 -0.00617559 0)
(0.0742763 -0.0156954 0)
(0.0713687 -0.0257036 0)
(0.0670909 -0.0364042 0)
(0.0613882 -0.0480086 0)
(0.0542045 -0.0607367 0)
(0.0454888 -0.0748159 0)
(0.0352067 -0.0904782 0)
(0.0233542 -0.107954 0)
(0.00997836 -0.127459 0)
(-0.00479598 -0.149175 0)
(-0.0207309 -0.173215 0)
(-0.0374319 -0.199566 0)
(-0.0542962 -0.228009 0)
(-0.0704595 -0.257994 0)
(-0.0847517 -0.288459 0)
(-0.0956857 -0.317604 0)
(-0.101521 -0.342593 0)
(-0.10047 -0.359257 0)
(-0.0911278 -0.361862 0)
(-0.0731143 -0.343159 0)
(-0.047983 -0.294948 0)
(-0.0212566 -0.209541 0)
(-0.00426158 -0.0827203 0)
(-0.0051644 0.0860144 0)
(-0.0237299 0.212554 0)
(-0.0504328 0.2924 0)
(-0.0727711 0.333176 0)
(-0.0857445 0.345268 0)
(-0.0888689 0.338195 0)
(-0.0834268 0.319465 0)
(-0.0713947 0.294477 0)
(-0.054833 0.266852 0)
(-0.0355495 0.238874 0)
(-0.0149828 0.211892 0)
(0.00579435 0.186635 0)
(0.0260246 0.163439 0)
(0.0452015 0.142393 0)
(0.0630077 0.123446 0)
(0.0792636 0.106462 0)
(0.0938852 0.0912647 0)
(0.106853 0.0776579 0)
(0.118187 0.0654398 0)
(0.127929 0.05441 0)
(0.136134 0.0443734 0)
(0.142854 0.035141 0)
(0.148137 0.02653 0)
(0.152019 0.0183627 0)
(0.154524 0.0104646 0)
(0.155656 0.00266271 0)
(0.155405 -0.00521678 0)
(0.153741 -0.0133509 0)
(0.150615 -0.0219227 0)
(0.145961 -0.0311233 0)
(0.139697 -0.0411555 0)
(0.131729 -0.0522354 0)
(0.121955 -0.0645949 0)
(0.110277 -0.0784823 0)
(0.0966068 -0.0941611 0)
(0.0808919 -0.111905 0)
(0.0631366 -0.131985 0)
(0.0434418 -0.154646 0)
(0.0220548 -0.180065 0)
(-0.000563007 -0.208273 0)
(-0.023653 -0.23904 0)
(-0.0460667 -0.271683 0)
(-0.0661817 -0.304782 0)
(-0.0818707 -0.335789 0)
(-0.0906124 -0.360517 0)
(-0.0898747 -0.372615 0)
(-0.0778516 -0.363216 0)
(-0.0547722 -0.321181 0)
(-0.026072 -0.234657 0)
(-0.00572808 -0.0953121 0)
(-0.00749574 0.100775 0)
(-0.0306039 0.239112 0)
(-0.0591091 0.316998 0)
(-0.0778823 0.348628 0)
(-0.0828149 0.349578 0)
(-0.0754111 0.332352 0)
(-0.0586763 0.305722 0)
(-0.0357556 0.275317 0)
(-0.00936602 0.244479 0)
(0.0184075 0.215036 0)
(0.0460892 0.187875 0)
(0.0727017 0.16333 0)
(0.0976422 0.141423 0)
(0.120576 0.122015 0)
(0.14135 0.104889 0)
(0.159933 0.0897971 0)
(0.176367 0.0764907 0)
(0.190737 0.0647292 0)
(0.203151 0.0542868 0)
(0.21372 0.0449539 0)
(0.222553 0.0365361 0)
(0.229746 0.0288524 0)
(0.235381 0.0217329 0)
(0.239518 0.0150164 0)
(0.242198 0.00854714 0)
(0.243438 0.00217266 0)
(0.243233 -0.00425944 0)
(0.241552 -0.0109043 0)
(0.238338 -0.017923 0)
(0.23351 -0.0254859 0)
(0.226965 -0.0337765 0)
(0.218573 -0.0429953 0)
(0.208187 -0.0533639 0)
(0.195642 -0.0651293 0)
(0.18077 -0.0785677 0)
(0.163406 -0.093986 0)
(0.143417 -0.11172 0)
(0.12073 -0.132123 0)
(0.0953852 -0.155545 0)
(0.067609 -0.182274 0)
(0.0379186 -0.212447 0)
(0.00725985 -0.245864 0)
(-0.0228251 -0.281701 0)
(-0.0500324 -0.318029 0)
(-0.0712237 -0.351108 0)
(-0.082616 -0.374452 0)
(-0.0804281 -0.37782 0)
(-0.0624882 -0.346656 0)
(-0.0329073 -0.26312 0)
(-0.00815083 -0.111408 0)
(-0.0114439 0.120853 0)
(-0.0403932 0.269605 0)
(-0.0682267 0.339426 0)
(-0.0785295 0.356192 0)
(-0.0701744 0.342489 0)
(-0.0479449 0.313839 0)
(-0.0170138 0.279644 0)
(0.0183659 0.245063 0)
(0.0550951 0.212632 0)
(0.0911261 0.183391 0)
(0.12522 0.157587 0)
(0.156704 0.135082 0)
(0.185278 0.11557 0)
(0.210873 0.0986932 0)
(0.233564 0.0840971 0)
(0.253499 0.0714533 0)
(0.270864 0.0604675 0)
(0.285858 0.05088 0)
(0.298673 0.0424623 0)
(0.309487 0.0350126 0)
(0.31846 0.0283513 0)
(0.325726 0.0223168 0)
(0.331394 0.0167614 0)
(0.335546 0.0115477 0)
(0.338239 0.00654541 0)
(0.339499 0.00162817 0)
(0.339326 -0.00332945 0)
(0.337689 -0.00845502 0)
(0.334529 -0.0138816 0)
(0.329755 -0.0197513 0)
(0.323247 -0.0262192 0)
(0.31485 -0.0334586 0)
(0.30438 -0.0416659 0)
(0.291619 -0.0510676 0)
(0.276324 -0.0619273 0)
(0.258227 -0.0745538 0)
(0.237054 -0.0893087 0)
(0.212542 -0.106611 0)
(0.184485 -0.126934 0)
(0.152794 -0.150785 0)
(0.117607 -0.178651 0)
(0.0794469 -0.210869 0)
(0.039464 -0.247372 0)
(-0.000256706 -0.287209 0)
(-0.0363584 -0.327702 0)
(-0.0640102 -0.363092 0)
(-0.0771169 -0.382618 0)
(-0.0697866 -0.368435 0)
(-0.0424366 -0.294809 0)
(-0.0122037 -0.132834 0)
(-0.0178566 0.149165 0)
(-0.053191 0.302761 0)
(-0.0738988 0.354453 0)
(-0.0671626 0.34953 0)
(-0.0383873 0.318561 0)
(0.00321996 0.278937 0)
(0.0504557 0.239252 0)
(0.0985727 0.203134 0)
(0.144744 0.171697 0)
(0.187483 0.144917 0)
(0.226153 0.122316 0)
(0.260616 0.103296 0)
(0.291008 0.0872786 0)
(0.317598 0.0737516 0)
(0.340714 0.0622829 0)
(0.360694 0.0525132 0)
(0.37786 0.0441452 0)
(0.39251 0.036932 0)
(0.404908 0.0306667 0)
(0.415284 0.0251743 0)
(0.423833 0.0203039 0)
(0.430716 0.0159237 0)
(0.43606 0.011916 0)
(0.439962 0.00817346 0)
(0.442486 0.00459568 0)
(0.443666 0.00108639 0)
(0.443505 -0.00244942 0)
(0.441977 -0.00610829 0)
(0.43902 -0.00999118 0)
(0.434544 -0.0142068 0)
(0.428419 -0.0188755 0)
(0.42048 -0.0241337 0)
(0.410521 -0.03014 0)
(0.398291 -0.0370821 0)
(0.383494 -0.0451861 0)
(0.365784 -0.0547282 0)
(0.344769 -0.0660487 0)
(0.320013 -0.079569 0)
(0.291062 -0.0958092 0)
(0.257478 -0.115402 0)
(0.218921 -0.139091 0)
(0.175291 -0.167683 0)
(0.126983 -0.201904 0)
(0.0752946 -0.242028 0)
(0.023023 -0.287079 0)
(-0.0247672 -0.333236 0)
(-0.0600597 -0.370951 0)
(-0.0722816 -0.380627 0)
(-0.0544409 -0.327855 0)
(-0.0186604 -0.162393 0)
(-0.0267717 0.19064 0)
(-0.0654648 0.332944 0)
(-0.0647034 0.351279 0)
(-0.027858 0.31883 0)
(0.0289753 0.27137 0)
(0.092719 0.224634 0)
(0.155678 0.184111 0)
(0.214069 0.150719 0)
(0.266389 0.123729 0)
(0.312358 0.102014 0)
(0.352289 0.0844925 0)
(0.38674 0.0702649 0)
(0.416334 0.0586213 0)
(0.441676 0.0490145 0)
(0.463319 0.0410242 0)
(0.481748 0.0343257 0)
(0.497385 0.0286656 0)
(0.510587 0.0238433 0)
(0.521659 0.0196971 0)
(0.530851 0.0160946 0)
(0.538374 0.0129251 0)
(0.544395 0.0100939 0)
(0.549045 0.00751826 0)
(0.552422 0.00512396 0)
(0.554593 0.00284249 0)
(0.555593 0.000608771 0)
(0.555429 -0.00164107 0)
(0.554076 -0.0039718 0)
(0.55148 -0.00645137 0)
(0.547553 -0.00915341 0)
(0.542174 -0.0121603 0)
(0.535179 -0.0155668 0)
(0.526365 -0.0194851 0)
(0.515475 -0.0240512 0)
(0.502196 -0.0294334 0)
(0.486148 -0.0358445 0)
(0.466871 -0.0435575 0)
(0.443818 -0.0529281 0)
(0.416346 -0.064425 0)
(0.383713 -0.0786686 0)
(0.345108 -0.0964781 0)
(0.29972 -0.118915 0)
(0.246912 -0.147291 0)
(0.186589 -0.183039 0)
(0.119905 -0.227231 0)
(0.0505191 -0.279193 0)
(-0.0135327 -0.333178 0)
(-0.058039 -0.37189 0)
(-0.0647521 -0.355764 0)
(-0.0272964 -0.204775 0)
(-0.032914 0.250416 0)
(-0.0615955 0.344041 0)
(-0.0115594 0.310511 0)
(0.0706193 0.251341 0)
(0.158525 0.1957 0)
(0.24077 0.151014 0)
(0.313 0.117209 0)
(0.374533 0.0920227 0)
(0.426279 0.073162 0)
(0.469602 0.0588486 0)
(0.505853 0.0478086 0)
(0.536218 0.0391523 0)
(0.561694 0.0322603 0)
(0.583094 0.0266972 0)
(0.601082 0.0221519 0)
(0.616198 0.0183972 0)
(0.628878 0.0152638 0)
(0.639481 0.0126226 0)
(0.648298 0.0103729 0)
(0.655565 0.00843415 0)
(0.661471 0.00674068 0)
(0.666169 0.00523736 0)
(0.669775 0.00387679 0)
(0.672375 0.00261705 0)
(0.674027 0.00141989 0)
(0.674764 0.000249273 0)
(0.674591 -0.000930013 0)
(0.67349 -0.00215359 0)
(0.671415 -0.00345891 0)
(0.668294 -0.00488678 0)
(0.664022 -0.00648323 0)
(0.65846 -0.00830188 0)
(0.65143 -0.0104071 0)
(0.642707 -0.0128785 0)
(0.632004 -0.0158167 0)
(0.618967 -0.0193523 0)
(0.603151 -0.0236586 0)
(0.583997 -0.0289708 0)
(0.560802 -0.0356146 0)
(0.532683 -0.0440506 0)
(0.498531 -0.0549414 0)
(0.456976 -0.0692512 0)
(0.406396 -0.0883835 0)
(0.345029 -0.114337 0)
(0.271436 -0.149757 0)
(0.185738 -0.19741 0)
(0.0919594 -0.257829 0)
(0.00170544 -0.323161 0)
(-0.0569722 -0.361479 0)
(-0.0321732 -0.263989 0)
(0.00109292 0.294909 0)
(0.0168722 0.29863 0)
(0.152318 0.213004 0)
(0.282788 0.145269 0)
(0.387839 0.0995409 0)
(0.470889 0.0696733 0)
(0.536095 0.0502866 0)
(0.587315 0.0374595 0)
(0.627902 0.0286802 0)
(0.660421 0.0224465 0)
(0.686747 0.0178675 0)
(0.708245 0.0144041 0)
(0.725921 0.0117202 0)
(0.740529 0.00959849 0)
(0.752645 0.00789359 0)
(0.76271 0.00650448 0)
(0.771071 0.00535872 0)
(0.778003 0.00440271 0)
(0.783722 0.00359567 0)
(0.788402 0.00290573 0)
(0.792181 0.00230728 0)
(0.795166 0.00177919 0)
(0.79744 0.00130355 0)
(0.799062 0.00086466 0)
(0.800074 0.000448365 0)
(0.800497 4.13985e-05 0)
(0.800337 -0.000369101 0)
(0.799579 -0.000796207 0)
(0.798194 -0.00125364 0)
(0.79613 -0.0017564 0)
(0.793316 -0.00232154 0)
(0.789656 -0.00296915 0)
(0.785023 -0.00372361 0)
(0.779259 -0.00461548 0)
(0.772157 -0.00568416 0)
(0.763457 -0.00698185 0)
(0.752823 -0.00857969 0)
(0.739821 -0.0105774 0)
(0.723879 -0.0131194 0)
(0.704237 -0.0164219 0)
(0.679862 -0.0208207 0)
(0.649334 -0.0268577 0)
(0.610672 -0.035438 0)
(0.561098 -0.0481138 0)
(0.496876 -0.0675447 0)
(0.413538 -0.0980345 0)
(0.306178 -0.145695 0)
(0.170462 -0.217253 0)
(0.0268923 -0.307184 0)
(0.00518862 -0.30302 0)
(0.290257 0.152418 0)
(0.389553 0.128242 0)
(0.565445 0.0747353 0)
(0.683258 0.0422264 0)
(0.752815 0.0245169 0)
(0.797772 0.0148687 0)
(0.828865 0.00955523 0)
(0.851248 0.00652741 0)
(0.867955 0.00470026 0)
(0.880811 0.00352364 0)
(0.890929 0.00271913 0)
(0.899021 0.00214108 0)
(0.905567 0.00170944 0)
(0.910905 0.00137761 0)
(0.915283 0.00111679 0)
(0.918883 0.000908178 0)
(0.921847 0.000738881 0)
(0.924284 0.000599672 0)
(0.926278 0.000483714 0)
(0.927897 0.000385778 0)
(0.929194 0.000301739 0)
(0.930208 0.000228252 0)
(0.930972 0.000162518 0)
(0.931506 0.000102117 0)
(0.931827 4.48858e-05 0)
(0.931941 -1.11843e-05 0)
(0.931852 -6.79958e-05 0)
(0.931552 -0.000127557 0)
(0.93103 -0.000191932 0)
(0.930267 -0.000263394 0)
(0.929236 -0.00034455 0)
(0.9279 -0.00043851 0)
(0.926211 -0.000549102 0)
(0.924108 -0.000681206 0)
(0.921511 -0.000841235 0)
(0.918319 -0.00103789 0)
(0.914399 -0.00128336 0)
(0.909575 -0.00159544 0)
(0.90361 -0.00200118 0)
(0.896177 -0.00254403 0)
(0.886809 -0.00329801 0)
(0.87481 -0.00439742 0)
(0.859089 -0.00610094 0)
(0.837845 -0.00892934 0)
(0.808021 -0.0139427 0)
(0.764346 -0.023233 0)
(0.695883 -0.0407628 0)
(0.577945 -0.0737442 0)
(0.39806 -0.128748 0)
(0.293875 -0.153791 0)
)
;

boundaryField
{
    movingWallTop
    {
        type            fixedValue;
        value           uniform (1 0 0);
    }
    movingWallBottom
    {
        type            fixedValue;
        value           uniform (1 0 0);
    }
    fixedWalls
    {
        type            noSlip;
    }
    frontAndBack
    {
        type            empty;
    }
}


// ************************************************************************* //
