/*--------------------------------*- C++ -*----------------------------------*\
  =========                 |
  \\      /  F ield         | OpenFOAM: The Open Source CFD Toolbox
   \\    /   O peration     | Website:  https://openfoam.org
    \\  /    A nd           | Version:  7
     \\/     M anipulation  |
\*---------------------------------------------------------------------------*/
FoamFile
{
    version     2.0;
    format      ascii;
    class       volVectorField;
    location    "0.0542";
    object      U;
}
// * * * * * * * * * * * * * * * * * * * * * * * * * * * * * * * * * * * * * //

dimensions      [0 1 -1 0 0 0 0];

internalField   nonuniform List<vector> 
2500
(
(2.93624e-05 -2.92036e-05 0)
(8.86637e-05 -3.5634e-05 0)
(0.000121304 -1.80792e-05 0)
(8.92174e-05 7.74232e-06 0)
(-1.91382e-05 3.40958e-05 0)
(-0.0002022 5.82844e-05 0)
(-0.000452974 7.92118e-05 0)
(-0.000762429 9.6565e-05 0)
(-0.00112055 0.000110368 0)
(-0.00151705 0.000120773 0)
(-0.00194179 0.000127977 0)
(-0.00238501 0.000132195 0)
(-0.00283741 0.000133648 0)
(-0.00329024 0.000132552 0)
(-0.00373537 0.000129119 0)
(-0.00416527 0.000123559 0)
(-0.00457307 0.000116072 0)
(-0.0049525 0.000106855 0)
(-0.00529796 9.60989e-05 0)
(-0.00560447 8.39928e-05 0)
(-0.00586771 7.07214e-05 0)
(-0.00608398 5.64691e-05 0)
(-0.00625023 4.14218e-05 0)
(-0.00636407 2.57677e-05 0)
(-0.00642378 9.69958e-06 0)
(-0.00642831 -6.58429e-06 0)
(-0.00637733 -2.28787e-05 0)
(-0.00627124 -3.89707e-05 0)
(-0.00611117 -5.46391e-05 0)
(-0.00589903 -6.96543e-05 0)
(-0.00563755 -8.37793e-05 0)
(-0.00533023 -9.67704e-05 0)
(-0.0049814 -0.000108379 0)
(-0.00459624 -0.000118356 0)
(-0.00418072 -0.000126448 0)
(-0.00374162 -0.00013241 0)
(-0.00328649 -0.000136 0)
(-0.00282359 -0.000136988 0)
(-0.00236185 -0.000135156 0)
(-0.00191078 -0.000130304 0)
(-0.00148034 -0.000122253 0)
(-0.00108082 -0.000110852 0)
(-0.000722665 -9.59904e-05 0)
(-0.000416154 -7.76283e-05 0)
(-0.000170978 -5.58782e-05 0)
(4.50249e-06 -3.12271e-05 0)
(0.000104473 -4.94315e-06 0)
(0.00012839 2.00456e-05 0)
(8.97466e-05 3.66265e-05 0)
(2.88877e-05 2.88279e-05 0)
(3.59992e-05 -8.85562e-05 0)
(8.03502e-05 -7.93748e-05 0)
(3.04347e-05 1.92998e-05 0)
(-0.000172002 0.000153267 0)
(-0.000550027 0.000294596 0)
(-0.00110375 0.000429172 0)
(-0.00182146 0.000549633 0)
(-0.00268447 0.000652462 0)
(-0.00367017 0.000736211 0)
(-0.00475405 0.000800559 0)
(-0.00591097 0.00084582 0)
(-0.00711602 0.000872693 0)
(-0.00834501 0.000882103 0)
(-0.00957488 0.000875115 0)
(-0.0107839 0.000852879 0)
(-0.0119517 0.000816592 0)
(-0.0130597 0.000767477 0)
(-0.0140908 0.000706769 0)
(-0.0150296 0.000635711 0)
(-0.0158625 0.000555547 0)
(-0.0165777 0.00046753 0)
(-0.017165 0.000372921 0)
(-0.017616 0.000272995 0)
(-0.0179242 0.000169052 0)
(-0.018085 6.24209e-05 0)
(-0.0180956 -4.55353e-05 0)
(-0.0179552 -0.000153413 0)
(-0.0176651 -0.000259767 0)
(-0.0172286 -0.000363109 0)
(-0.0166509 -0.000461909 0)
(-0.0159397 -0.000554605 0)
(-0.0151047 -0.00063961 0)
(-0.0141577 -0.000715326 0)
(-0.013113 -0.000780161 0)
(-0.0119867 -0.000832551 0)
(-0.0107971 -0.000870987 0)
(-0.00956447 -0.00089404 0)
(-0.00831085 -0.000900396 0)
(-0.00705982 -0.000888897 0)
(-0.00583622 -0.000858585 0)
(-0.00466577 -0.000808769 0)
(-0.00357455 -0.00073911 0)
(-0.00258834 -0.000649765 0)
(-0.00173166 -0.000541636 0)
(-0.00102637 -0.000416829 0)
(-0.000489656 -0.000279574 0)
(-0.000130885 -0.000137877 0)
(5.3047e-05 -6.47139e-06 0)
(8.82852e-05 8.726e-05 0)
(3.69625e-05 8.97454e-05 0)
(1.93135e-05 -0.000122944 0)
(-1.50916e-05 -3.04806e-05 0)
(-0.000227008 0.000232697 0)
(-0.000665391 0.000569948 0)
(-0.00135258 0.00092726 0)
(-0.00228893 0.00127198 0)
(-0.0034594 0.0015849 0)
(-0.00483888 0.00185534 0)
(-0.00639613 0.00207781 0)
(-0.00809641 0.00225004 0)
(-0.00990334 0.00237177 0)
(-0.0117803 0.00244408 0)
(-0.0136912 0.00246886 0)
(-0.0156014 0.00244861 0)
(-0.0174778 0.00238618 0)
(-0.0192896 0.00228466 0)
(-0.0210079 0.0021473 0)
(-0.0226066 0.00197745 0)
(-0.024062 0.00177854 0)
(-0.0253529 0.00155402 0)
(-0.0264609 0.00130743 0)
(-0.0273704 0.00104231 0)
(-0.0280683 0.000762295 0)
(-0.0285448 0.00047107 0)
(-0.0287926 0.000172407 0)
(-0.0288076 -0.000129826 0)
(-0.0285886 -0.000431658 0)
(-0.0281377 -0.00072901 0)
(-0.0274601 -0.0010177 0)
(-0.0265642 -0.00129345 0)
(-0.0254618 -0.00155192 0)
(-0.024168 -0.0017887 0)
(-0.0227013 -0.00199941 0)
(-0.0210834 -0.0021797 0)
(-0.0193392 -0.00232533 0)
(-0.0174967 -0.00243226 0)
(-0.0155869 -0.00249674 0)
(-0.0136432 -0.00251538 0)
(-0.011701 -0.00248532 0)
(-0.00979758 -0.00240437 0)
(-0.00797114 -0.00227121 0)
(-0.00625994 -0.0020857 0)
(-0.00470126 -0.00184927 0)
(-0.00332989 -0.00156561 0)
(-0.00217611 -0.00124178 0)
(-0.001263 -0.000890061 0)
(-0.000602621 -0.000531061 0)
(-0.000190891 -0.000198508 0)
(-1.24641e-06 5.33449e-05 0)
(2.14965e-05 0.000129943 0)
(-4.95407e-06 -9.50222e-05 0)
(-0.000145363 0.000168021 0)
(-0.000560338 0.000669856 0)
(-0.001273 0.00128046 0)
(-0.00229604 0.00192081 0)
(-0.0036262 0.0025394 0)
(-0.00524385 0.00310358 0)
(-0.00711814 0.00359367 0)
(-0.00921088 0.00399855 0)
(-0.0114793 0.00431281 0)
(-0.0138784 0.00453488 0)
(-0.0163621 0.00466581 0)
(-0.018885 0.00470843 0)
(-0.0214027 0.00466684 0)
(-0.0238731 0.00454598 0)
(-0.0262562 0.00435137 0)
(-0.0285151 0.00408893 0)
(-0.0306156 0.00376487 0)
(-0.032527 0.00338559 0)
(-0.0342218 0.00295764 0)
(-0.0356759 0.00248768 0)
(-0.036869 0.0019825 0)
(-0.0377843 0.00144904 0)
(-0.0384086 0.000894334 0)
(-0.0387328 0.000325621 0)
(-0.0387514 -0.000249708 0)
(-0.0384631 -0.00082407 0)
(-0.0378707 -0.00138969 0)
(-0.0369809 -0.00193862 0)
(-0.0358049 -0.00246276 0)
(-0.0343582 -0.00295387 0)
(-0.0326604 -0.00340371 0)
(-0.0307356 -0.00380402 0)
(-0.028612 -0.0041467 0)
(-0.0263218 -0.00442392 0)
(-0.0239012 -0.00462824 0)
(-0.02139 -0.00475283 0)
(-0.0188309 -0.00479168 0)
(-0.0162693 -0.00473982 0)
(-0.0137525 -0.00459369 0)
(-0.0113286 -0.00435149 0)
(-0.00904557 -0.00401378 0)
(-0.00694977 -0.00358422 0)
(-0.00508407 -0.00307068 0)
(-0.00348563 -0.00248696 0)
(-0.00218306 -0.00185547 0)
(-0.00119257 -0.00121129 0)
(-0.000513118 -0.000607719 0)
(-0.000126531 -0.000124374 0)
(-1.63467e-06 0.000110848 0)
(-3.01389e-05 7.33771e-06 0)
(-0.000285992 0.000541896 0)
(-0.000923236 0.00135882 0)
(-0.00193034 0.00230579 0)
(-0.00330476 0.00328382 0)
(-0.00503604 0.00422476 0)
(-0.00709811 0.00508305 0)
(-0.00945371 0.00582965 0)
(-0.0120582 0.00644716 0)
(-0.0148618 0.00692632 0)
(-0.0178122 0.00726371 0)
(-0.0208557 0.00746001 0)
(-0.023939 0.00751886 0)
(-0.0270099 0.00744602 0)
(-0.0300186 0.00724872 0)
(-0.0329178 0.00693528 0)
(-0.0356634 0.00651477 0)
(-0.0382147 0.0059968 0)
(-0.040535 0.00539138 0)
(-0.0425914 0.0047088 0)
(-0.0443553 0.00395962 0)
(-0.0458019 0.00315461 0)
(-0.0469114 0.00230478 0)
(-0.047668 0.00142137 0)
(-0.0480607 0.000515879 0)
(-0.0480831 -0.000399918 0)
(-0.0477336 -0.00131396 0)
(-0.0470155 -0.00221391 0)
(-0.0459371 -0.00308717 0)
(-0.0445119 -0.00392092 0)
(-0.0427583 -0.00470219 0)
(-0.0406998 -0.00541798 0)
(-0.0383652 -0.00605537 0)
(-0.0357882 -0.00660172 0)
(-0.0330072 -0.00704484 0)
(-0.0300652 -0.00737328 0)
(-0.0270093 -0.00757659 0)
(-0.02389 -0.0076457 0)
(-0.020761 -0.00757331 0)
(-0.0176778 -0.00735444 0)
(-0.0146968 -0.00698701 0)
(-0.0118742 -0.00647269 0)
(-0.00926383 -0.005818 0)
(-0.00691584 -0.00503582 0)
(-0.00487394 -0.00414754 0)
(-0.00317301 -0.00318623 0)
(-0.00183544 -0.0022011 0)
(-0.000866831 -0.0012631 0)
(-0.000263108 -0.000472557 0)
(-2.59572e-05 1.95348e-05 0)
(-5.40127e-05 0.000184576 0)
(-0.000425873 0.00109831 0)
(-0.00129108 0.00231161 0)
(-0.00260055 0.00365892 0)
(-0.00433335 0.00502666 0)
(-0.00646915 0.00633317 0)
(-0.00897352 0.00752157 0)
(-0.0118017 0.00855406 0)
(-0.0149023 0.009407 0)
(-0.018219 0.0100672 0)
(-0.0216926 0.010529 0)
(-0.0252628 0.0107928 0)
(-0.0288696 0.0108629 0)
(-0.0324543 0.0107467 0)
(-0.0359603 0.010454 0)
(-0.0393342 0.00999618 0)
(-0.0425259 0.00938589 0)
(-0.0454895 0.00863657 0)
(-0.0481829 0.00776237 0)
(-0.0505688 0.0067779 0)
(-0.0526144 0.00569821 0)
(-0.0542918 0.00453871 0)
(-0.0555782 0.00331515 0)
(-0.0564556 0.00204366 0)
(-0.0569114 0.000740717 0)
(-0.0569384 -0.000576796 0)
(-0.0565348 -0.00189161 0)
(-0.0557044 -0.00318606 0)
(-0.0544566 -0.00444215 0)
(-0.0528066 -0.0056416 0)
(-0.0507755 -0.00676595 0)
(-0.0483901 -0.00779672 0)
(-0.045683 -0.00871562 0)
(-0.0426925 -0.00950477 0)
(-0.0394621 -0.010147 0)
(-0.0360405 -0.0106264 0)
(-0.0324811 -0.0109282 0)
(-0.0288412 -0.0110402 0)
(-0.0251811 -0.0109523 0)
(-0.0215637 -0.0106582 0)
(-0.0180525 -0.0101554 0)
(-0.0147109 -0.00944712 0)
(-0.0115998 -0.00854286 0)
(-0.00877638 -0.00746085 0)
(-0.00629131 -0.00623014 0)
(-0.00418696 -0.00489405 0)
(-0.00249385 -0.00351458 0)
(-0.00122695 -0.00217758 0)
(-0.000399526 -0.000999121 0)
(-4.90991e-05 -0.000144624 0)
(-7.5971e-05 0.000433611 0)
(-0.000560498 0.00183624 0)
(-0.00165208 0.00353026 0)
(-0.00326446 0.00534345 0)
(-0.00535698 0.00715239 0)
(-0.00789772 0.00886514 0)
(-0.0108423 0.0104156 0)
(-0.0141374 0.0117584 0)
(-0.0177241 0.0128644 0)
(-0.0215393 0.0137165 0)
(-0.0255173 0.0143074 0)
(-0.0295918 0.0146369 0)
(-0.0336965 0.0147101 0)
(-0.0377668 0.0145365 0)
(-0.0417408 0.0141284 0)
(-0.0455594 0.0135007 0)
(-0.0491678 0.0126698 0)
(-0.052515 0.0116535 0)
(-0.055555 0.0104705 0)
(-0.0582465 0.00914013 0)
(-0.0605533 0.00768255 0)
(-0.0624447 0.0061183 0)
(-0.0638954 0.00446845 0)
(-0.0648856 0.00275458 0)
(-0.0654014 0.000998763 0)
(-0.0654346 -0.000776428 0)
(-0.0649834 -0.00254789 0)
(-0.0640517 -0.00429201 0)
(-0.0626499 -0.00598477 0)
(-0.0607946 -0.00760177 0)
(-0.0585091 -0.00911844 0)
(-0.0558228 -0.0105102 0)
(-0.0527714 -0.0117528 0)
(-0.049397 -0.0128224 0)
(-0.0457476 -0.0136966 0)
(-0.0418767 -0.014354 0)
(-0.037843 -0.0147758 0)
(-0.0337094 -0.0149456 0)
(-0.0295427 -0.0148507 0)
(-0.0254118 -0.014483 0)
(-0.021387 -0.0138398 0)
(-0.0175385 -0.0129253 0)
(-0.0139344 -0.0117524 0)
(-0.0106389 -0.0103442 0)
(-0.00771048 -0.00873711 0)
(-0.00520027 -0.00698359 0)
(-0.00314859 -0.00515671 0)
(-0.00158156 -0.00335425 0)
(-0.000531153 -0.00170377 0)
(-7.04018e-05 -0.000378864 0)
(-9.61058e-05 0.000750628 0)
(-0.000688774 0.00275111 0)
(-0.00200196 0.00501175 0)
(-0.00391405 0.00735793 0)
(-0.00636453 0.00966007 0)
(-0.00930886 0.011819 0)
(-0.0126915 0.0137614 0)
(-0.0164498 0.0154362 0)
(-0.0205164 0.0168093 0)
(-0.0248212 0.0178609 0)
(-0.0292919 0.018582 0)
(-0.0338558 0.0189723 0)
(-0.0384413 0.0190383 0)
(-0.0429784 0.0187913 0)
(-0.0473999 0.0182469 0)
(-0.0516423 0.0174235 0)
(-0.0556462 0.0163418 0)
(-0.0593568 0.0150241 0)
(-0.0627243 0.0134941 0)
(-0.0657043 0.0117765 0)
(-0.0682577 0.00989668 0)
(-0.0703513 0.00788097 0)
(-0.0719577 0.00575615 0)
(-0.0730557 0.00354973 0)
(-0.0736299 0.00128983 0)
(-0.0736717 -0.000994752 0)
(-0.0731787 -0.00327458 0)
(-0.0721551 -0.00551961 0)
(-0.070612 -0.00769924 0)
(-0.0685671 -0.00978246 0)
(-0.066045 -0.011738 0)
(-0.0630775 -0.0135347 0)
(-0.059703 -0.0151416 0)
(-0.0559666 -0.0165289 0)
(-0.0519199 -0.0176677 0)
(-0.0476207 -0.0185314 0)
(-0.0431323 -0.0190959 0)
(-0.0385229 -0.0193409 0)
(-0.0338645 -0.0192504 0)
(-0.0292324 -0.0188143 0)
(-0.0247031 -0.0180291 0)
(-0.0203537 -0.0169002 0)
(-0.0162594 -0.0154429 0)
(-0.0124924 -0.013685 0)
(-0.0091199 -0.0116692 0)
(-0.00620266 -0.009456 0)
(-0.00379209 -0.00712764 0)
(-0.00192653 -0.00479127 0)
(-0.000656875 -0.0025826 0)
(-8.99201e-05 -0.00067954 0)
(-0.000114757 0.00113198 0)
(-0.000811217 0.00383734 0)
(-0.00234052 0.00675117 0)
(-0.00454785 0.00969885 0)
(-0.00735335 0.0125474 0)
(-0.0106994 0.0151927 0)
(-0.0145186 0.0175567 0)
(-0.0187379 0.0195835 0)
(-0.0232812 0.0212361 0)
(-0.0280706 0.0224923 0)
(-0.033027 0.0233425 0)
(-0.0380717 0.0237867 0)
(-0.0431272 0.023833 0)
(-0.0481187 0.0234954 0)
(-0.0529744 0.0227927 0)
(-0.0576264 0.0217474 0)
(-0.0620116 0.0203847 0)
(-0.0660716 0.018732 0)
(-0.0697536 0.0168182 0)
(-0.0730102 0.0146737 0)
(-0.0758002 0.0123298 0)
(-0.0780882 0.0098185 0)
(-0.079845 0.00717294 0)
(-0.081048 0.00442689 0)
(-0.0816808 0.00161491 0)
(-0.0817341 -0.00122759 0)
(-0.081205 -0.00406446 0)
(-0.0800978 -0.00685877 0)
(-0.0784238 -0.00957293 0)
(-0.0762017 -0.0121688 0)
(-0.0734573 -0.0146081 0)
(-0.0702238 -0.0168525 0)
(-0.0665418 -0.018864 0)
(-0.062459 -0.0206058 0)
(-0.0580303 -0.0220427 0)
(-0.0533169 -0.023142 0)
(-0.0483863 -0.023874 0)
(-0.0433115 -0.0242138 0)
(-0.0381698 -0.0241416 0)
(-0.0330421 -0.0236448 0)
(-0.0280117 -0.0227189 0)
(-0.0231624 -0.0213694 0)
(-0.0185773 -0.0196139 0)
(-0.0143371 -0.0174839 0)
(-0.0105184 -0.0150274 0)
(-0.00719286 -0.0123115 0)
(-0.00442369 -0.00942594 0)
(-0.00226204 -0.00648517 0)
(-0.000777323 -0.00363085 0)
(-0.000108001 -0.00104324 0)
(-0.00013231 0.00157467 0)
(-0.000929019 0.00508979 0)
(-0.00266959 0.00874351 0)
(-0.00516804 0.0123624 0)
(-0.00832579 0.0158118 0)
(-0.012072 0.0189848 0)
(-0.016327 0.0218 0)
(-0.0210067 0.0241989 0)
(-0.0260258 0.0261422 0)
(-0.031298 0.0276069 0)
(-0.036737 0.0285834 0)
(-0.0422578 0.0290729 0)
(-0.0477775 0.0290856 0)
(-0.0532162 0.0286387 0)
(-0.0584977 0.0277549 0)
(-0.0635503 0.026461 0)
(-0.0683074 0.0247872 0)
(-0.0727077 0.0227663 0)
(-0.0766955 0.020433 0)
(-0.0802212 0.0178233 0)
(-0.0832414 0.0149748 0)
(-0.085719 0.0119259 0)
(-0.0876234 0.00871606 0)
(-0.0889306 0.00538566 0)
(-0.0896234 0.00197603 0)
(-0.0896917 -0.00147055 0)
(-0.0891321 -0.00491085 0)
(-0.0879487 -0.00830077 0)
(-0.0861531 -0.0115954 0)
(-0.0837642 -0.0147491 0)
(-0.0808087 -0.017716 0)
(-0.0773211 -0.0204503 0)
(-0.0733434 -0.0229066 0)
(-0.0689257 -0.0250406 0)
(-0.0641253 -0.0268101 0)
(-0.0590067 -0.0281756 0)
(-0.0536412 -0.0291017 0)
(-0.0481061 -0.0295578 0)
(-0.0424841 -0.0295201 0)
(-0.0368619 -0.0289727 0)
(-0.0313291 -0.0279092 0)
(-0.0259773 -0.0263348 0)
(-0.0208976 -0.0242683 0)
(-0.01618 -0.021744 0)
(-0.0119115 -0.018814 0)
(-0.0081751 -0.0155509 0)
(-0.00504674 -0.0120504 0)
(-0.00259054 -0.00843284 0)
(-0.000893905 -0.00484445 0)
(-0.000125062 -0.00146727 0)
(-0.000149131 0.00207649 0)
(-0.00104361 0.00650447 0)
(-0.00299198 0.0109848 0)
(-0.00577868 0.0153456 0)
(-0.00928703 0.0194516 0)
(-0.013433 0.0231946 0)
(-0.0181243 0.0264915 0)
(-0.0232655 0.0292825 0)
(-0.0287612 0.0315275 0)
(-0.0345165 0.0332037 0)
(-0.0404377 0.0343026 0)
(-0.0464333 0.0348275 0)
(-0.0524145 0.0347916 0)
(-0.0582967 0.0342158 0)
(-0.0639994 0.0331271 0)
(-0.0694473 0.0315574 0)
(-0.0745707 0.0295422 0)
(-0.0793054 0.0271202 0)
(-0.0835936 0.0243319 0)
(-0.0873836 0.0212198 0)
(-0.0906303 0.0178277 0)
(-0.0932951 0.0142006 0)
(-0.0953461 0.0103847 0)
(-0.0967583 0.00642705 0)
(-0.0975135 0.00237606 0)
(-0.0976008 -0.00171891 0)
(-0.0970164 -0.00580736 0)
(-0.095764 -0.00983773 0)
(-0.0938551 -0.0137575 0)
(-0.0913085 -0.0175133 0)
(-0.0881516 -0.0210514 0)
(-0.0844194 -0.0243179 0)
(-0.0801554 -0.0272595 0)
(-0.0754111 -0.0298242 0)
(-0.0702461 -0.031962 0)
(-0.0647278 -0.0336263 0)
(-0.0589309 -0.0347748 0)
(-0.0529372 -0.0353711 0)
(-0.0468342 -0.0353862 0)
(-0.0407147 -0.0348 0)
(-0.0346752 -0.0336038 0)
(-0.028815 -0.0318012 0)
(-0.0232341 -0.0294114 0)
(-0.0180326 -0.0264701 0)
(-0.0133083 -0.0230329 0)
(-0.00915677 -0.0191765 0)
(-0.00566674 -0.0150014 0)
(-0.00291562 -0.0106327 0)
(-0.00100833 -0.00622086 0)
(-0.000141514 -0.00194987 0)
(-0.000165541 0.00263607 0)
(-0.00115642 0.00807889 0)
(-0.00331084 0.0134727 0)
(-0.00638466 0.0186469 0)
(-0.0102436 0.0234664 0)
(-0.0147903 0.0278228 0)
(-0.0199199 0.0316326 0)
(-0.0255251 0.0348359 0)
(-0.0315 0.0373934 0)
(-0.0377407 0.0392837 0)
(-0.0441456 0.0405003 0)
(-0.0506165 0.0410499 0)
(-0.0570588 0.0409492 0)
(-0.0633831 0.0402238 0)
(-0.0695047 0.0389058 0)
(-0.075345 0.0370325 0)
(-0.0808312 0.0346455 0)
(-0.0858969 0.0317894 0)
(-0.0904821 0.0285113 0)
(-0.0945336 0.0248602 0)
(-0.0980048 0.0208864 0)
(-0.100856 0.0166418 0)
(-0.103054 0.0121793 0)
(-0.104573 0.00755315 0)
(-0.105393 0.00281864 0)
(-0.105504 -0.00196756 0)
(-0.104901 -0.00674753 0)
(-0.103587 -0.0114621 0)
(-0.101573 -0.0160509 0)
(-0.0988772 -0.0204526 0)
(-0.0955276 -0.0246052 0)
(-0.0915595 -0.0284466 0)
(-0.0870169 -0.031915 0)
(-0.0819528 -0.0349501 0)
(-0.0764285 -0.0374936 0)
(-0.0705139 -0.039491 0)
(-0.0642871 -0.0408925 0)
(-0.0578338 -0.0416548 0)
(-0.0512467 -0.0417429 0)
(-0.0446246 -0.041132 0)
(-0.0380714 -0.0398092 0)
(-0.0316944 -0.0377762 0)
(-0.0256034 -0.0350508 0)
(-0.0199089 -0.0316699 0)
(-0.0147206 -0.0276906 0)
(-0.010147 -0.0231929 0)
(-0.00629025 -0.0182814 0)
(-0.00324133 -0.0130854 0)
(-0.00112239 -0.00775942 0)
(-0.000157734 -0.00249028 0)
(-0.000181821 0.00325281 0)
(-0.00126884 0.00981211 0)
(-0.00362933 0.0162067 0)
(-0.00699109 0.0222667 0)
(-0.0112024 0.0278577 0)
(-0.0161528 0.0328718 0)
(-0.0217241 0.0372263 0)
(-0.0277971 0.0408626 0)
(-0.0342551 0.0437433 0)
(-0.0409846 0.0458495 0)
(-0.0478761 0.0471785 0)
(-0.0548241 0.0477409 0)
(-0.0617285 0.0475584 0)
(-0.0684946 0.0466619 0)
(-0.0750341 0.0450892 0)
(-0.0812648 0.042884 0)
(-0.0871116 0.0400943 0)
(-0.0925057 0.0367713 0)
(-0.0973857 0.0329688 0)
(-0.101697 0.0287427 0)
(-0.105391 0.0241501 0)
(-0.108428 0.0192497 0)
(-0.110774 0.0141016 0)
(-0.112402 0.00876684 0)
(-0.113293 0.00330802 0)
(-0.113433 -0.00221095 0)
(-0.112817 -0.00772466 0)
(-0.111449 -0.0131662 0)
(-0.109337 -0.0184673 0)
(-0.106501 -0.0235585 0)
(-0.102968 -0.0283692 0)
(-0.0987721 -0.0328286 0)
(-0.0939587 -0.0368663 0)
(-0.088581 -0.0404128 0)
(-0.0827021 -0.0434011 0)
(-0.0763938 -0.045768 0)
(-0.0697373 -0.0474552 0)
(-0.0628222 -0.0484118 0)
(-0.0557465 -0.0485956 0)
(-0.0486151 -0.0479756 0)
(-0.0415392 -0.0465342 0)
(-0.0346353 -0.0442694 0)
(-0.0280229 -0.041197 0)
(-0.021824 -0.0373531 0)
(-0.0161609 -0.0327958 0)
(-0.0111554 -0.0276074 0)
(-0.00692424 -0.0218957 0)
(-0.00357184 -0.0157943 0)
(-0.00123782 -0.00946154 0)
(-0.000174066 -0.00308869 0)
(-0.00019821 0.00392683 0)
(-0.00138211 0.0117047 0)
(-0.00395044 0.0191881 0)
(-0.00760294 0.0262073 0)
(-0.0121704 0.0326287 0)
(-0.0175289 0.0383455 0)
(-0.0235471 0.043277 0)
(-0.030093 0.0473669 0)
(-0.0370389 0.0505811 0)
(-0.0442616 0.0529048 0)
(-0.051643 0.0543399 0)
(-0.0590705 0.0549024 0)
(-0.0664379 0.0546199 0)
(-0.073646 0.0535296 0)
(-0.0806024 0.0516762 0)
(-0.0872219 0.0491101 0)
(-0.0934269 0.0458865 0)
(-0.0991471 0.0420637 0)
(-0.104319 0.0377026 0)
(-0.108888 0.032866 0)
(-0.112805 0.0276183 0)
(-0.116028 0.0220251 0)
(-0.118524 0.0161534 0)
(-0.120264 0.0100715 0)
(-0.121227 0.00384892 0)
(-0.121402 -0.00244303 0)
(-0.120781 -0.00873153 0)
(-0.119366 -0.014942 0)
(-0.117167 -0.0209981 0)
(-0.1142 -0.0268219 0)
(-0.110492 -0.0323345 0)
(-0.106078 -0.0374558 0)
(-0.101002 -0.0421062 0)
(-0.0953179 -0.0462068 0)
(-0.0890894 -0.049681 0)
(-0.0823905 -0.052456 0)
(-0.0753047 -0.0544642 0)
(-0.0679257 -0.0556458 0)
(-0.0603564 -0.0559504 0)
(-0.052708 -0.0553395 0)
(-0.0450997 -0.0537893 0)
(-0.0376569 -0.0512927 0)
(-0.0305101 -0.0478623 0)
(-0.0237932 -0.0435321 0)
(-0.0176418 -0.0383602 0)
(-0.0121922 -0.0324302 0)
(-0.0075757 -0.0258526 0)
(-0.00391128 -0.018765 0)
(-0.0013563 -0.0113307 0)
(-0.000190816 -0.00374622 0)
(-0.000214915 0.00465887 0)
(-0.00149735 0.0137588 0)
(-0.00427693 0.0224201 0)
(-0.00822484 0.0304729 0)
(-0.0131541 0.0377844 0)
(-0.0189269 0.0442496 0)
(-0.0253983 0.0497905 0)
(-0.0324233 0.0543545 0)
(-0.0398627 0.057912 0)
(-0.0475831 0.0604537 0)
(-0.0554576 0.0619875 0)
(-0.0633666 0.062536 0)
(-0.0711979 0.0621341 0)
(-0.0788472 0.0608264 0)
(-0.0862186 0.0586652 0)
(-0.0932242 0.0557087 0)
(-0.0997842 0.0520196 0)
(-0.105827 0.047664 0)
(-0.111288 0.0427103 0)
(-0.116112 0.0372285 0)
(-0.12025 0.0312903 0)
(-0.123659 0.0249684 0)
(-0.126304 0.0183368 0)
(-0.128158 0.0114705 0)
(-0.1292 0.00444642 0)
(-0.129415 -0.00265726 0)
(-0.128796 -0.00976027 0)
(-0.127344 -0.0167804 0)
(-0.125067 -0.0236334 0)
(-0.12198 -0.0302329 0)
(-0.118109 -0.0364911 0)
(-0.113488 -0.0423188 0)
(-0.108159 -0.0476266 0)
(-0.102177 -0.0523255 0)
(-0.0956058 -0.0563287 0)
(-0.0885205 -0.0595529 0)
(-0.0810073 -0.0619201 0)
(-0.0731631 -0.0633604 0)
(-0.0650958 -0.0638136 0)
(-0.056923 -0.0632326 0)
(-0.0487719 -0.0615856 0)
(-0.0407776 -0.0588593 0)
(-0.0330819 -0.0550609 0)
(-0.0258313 -0.0502217 0)
(-0.0191758 -0.044398 0)
(-0.0132668 -0.0376742 0)
(-0.00825138 -0.0301631 0)
(-0.00426356 -0.0220062 0)
(-0.00147939 -0.0133722 0)
(-0.000208265 -0.00446483 0)
(-0.000232114 0.00545022 0)
(-0.00161555 0.0159775 0)
(-0.00461129 0.0259076 0)
(-0.00886102 0.0350695 0)
(-0.0141593 0.0433316 0)
(-0.0203542 0.050591 0)
(-0.0272862 0.0567735 0)
(-0.0347971 0.0618314 0)
(-0.0427357 0.0657411 0)
(-0.0509581 0.0685 0)
(-0.0593286 0.0701236 0)
(-0.06772 0.0706427 0)
(-0.0760142 0.0701006 0)
(-0.0841024 0.0685504 0)
(-0.0918851 0.0660532 0)
(-0.099272 0.0626758 0)
(-0.106182 0.0584894 0)
(-0.112542 0.0535681 0)
(-0.118287 0.0479882 0)
(-0.123362 0.0418274 0)
(-0.127716 0.0351646 0)
(-0.131309 0.0280795 0)
(-0.134104 0.0206531 0)
(-0.136075 0.0129674 0)
(-0.137199 0.00510572 0)
(-0.13746 -0.00284657 0)
(-0.136852 -0.0108022 0)
(-0.135373 -0.0186713 0)
(-0.133029 -0.026362 0)
(-0.129835 -0.0337795 0)
(-0.125814 -0.0408271 0)
(-0.120999 -0.047406 0)
(-0.11543 -0.0534169 0)
(-0.109162 -0.0587601 0)
(-0.102258 -0.0633375 0)
(-0.0947933 -0.0670546 0)
(-0.0868567 -0.0698218 0)
(-0.0785481 -0.0715576 0)
(-0.0699799 -0.0721908 0)
(-0.0612763 -0.0716636 0)
(-0.0525726 -0.069935 0)
(-0.0440139 -0.0669831 0)
(-0.0357537 -0.0628088 0)
(-0.0279524 -0.0574385 0)
(-0.0207747 -0.0509261 0)
(-0.0143885 -0.0433554 0)
(-0.00895776 -0.0348412 0)
(-0.00463244 -0.025529 0)
(-0.00160857 -0.0155936 0)
(-0.000226669 -0.00524728 0)
(-0.000249962 0.00630267 0)
(-0.00173762 0.0183655 0)
(-0.00495575 0.029657 0)
(-0.00951528 0.0400049 0)
(-0.0151914 0.0492784 0)
(-0.0218171 0.0573779 0)
(-0.0292181 0.0642335 0)
(-0.0372221 0.069804 0)
(-0.0456653 0.0740732 0)
(-0.0543933 0.0770468 0)
(-0.0632609 0.0787495 0)
(-0.0721338 0.0792218 0)
(-0.0808878 0.0785167 0)
(-0.0894099 0.0766975 0)
(-0.0975973 0.0738349 0)
(-0.105358 0.0700054 0)
(-0.112609 0.0652893 0)
(-0.119277 0.0597694 0)
(-0.125298 0.0535304 0)
(-0.130616 0.0466577 0)
(-0.135182 0.0392375 0)
(-0.138955 0.0313568 0)
(-0.141899 0.023103 0)
(-0.143987 0.0145648 0)
(-0.145196 0.00583198 0)
(-0.145511 -0.00300349 0)
(-0.144923 -0.0118475 0)
(-0.143428 -0.0206032 0)
(-0.141031 -0.0291709 0)
(-0.137745 -0.0374476 0)
(-0.133591 -0.0453278 0)
(-0.128597 -0.052703 0)
(-0.122805 -0.0594634 0)
(-0.116266 -0.0654982 0)
(-0.109042 -0.0706975 0)
(-0.10121 -0.074954 0)
(-0.0928573 -0.0781655 0)
(-0.0840883 -0.0802374 0)
(-0.0750192 -0.0810856 0)
(-0.0657805 -0.0806402 0)
(-0.0565155 -0.0788484 0)
(-0.0473799 -0.0756785 0)
(-0.0385396 -0.0711227 0)
(-0.0301691 -0.0652011 0)
(-0.0224495 -0.0579634 0)
(-0.0155661 -0.0494922 0)
(-0.00970092 -0.0399034 0)
(-0.00502144 -0.0293468 0)
(-0.00174521 -0.0180039 0)
(-0.000246266 -0.00609707 0)
(-0.000268596 0.00721846 0)
(-0.00186434 0.0209282 0)
(-0.00531234 0.0336761 0)
(-0.010191 0.045288 0)
(-0.016255 0.0556344 0)
(-0.0233215 0.0646192 0)
(-0.0312002 0.0721786 0)
(-0.0397043 0.0782787 0)
(-0.0486568 0.0829124 0)
(-0.0578922 0.0860957 0)
(-0.0672562 0.0878643 0)
(-0.0766067 0.0882697 0)
(-0.0858141 0.0873768 0)
(-0.0947612 0.08526 0)
(-0.103343 0.0820012 0)
(-0.111465 0.0776874 0)
(-0.119044 0.0724088 0)
(-0.126009 0.0662578 0)
(-0.132294 0.0593275 0)
(-0.137844 0.0517115 0)
(-0.142613 0.0435032 0)
(-0.146559 0.0347965 0)
(-0.149648 0.0256854 0)
(-0.151853 0.0162646 0)
(-0.153151 0.00663006 0)
(-0.153525 -0.00312013 0)
(-0.152966 -0.0128855 0)
(-0.151468 -0.0225627 0)
(-0.149034 -0.0320444 0)
(-0.145674 -0.04122 0)
(-0.141406 -0.049975 0)
(-0.136255 -0.0581913 0)
(-0.130261 -0.0657483 0)
(-0.12347 -0.0725234 0)
(-0.115946 -0.0783941 0)
(-0.107761 -0.0832395 0)
(-0.0990055 -0.0869432 0)
(-0.0897845 -0.0893959 0)
(-0.0802184 -0.0904989 0)
(-0.0704433 -0.0901677 0)
(-0.0606109 -0.0883359 0)
(-0.0508873 -0.0849594 0)
(-0.0414514 -0.0800199 0)
(-0.032493 -0.073529 0)
(-0.0242103 -0.0655308 0)
(-0.0168076 -0.0561051 0)
(-0.0104866 -0.0453687 0)
(-0.00543392 -0.0334753 0)
(-0.00189065 -0.020614 0)
(-0.000267283 -0.00701841 0)
(-0.000288144 0.00820019 0)
(-0.00199646 0.0236721 0)
(-0.00568291 0.0379739 0)
(-0.0108913 0.0509292 0)
(-0.0173544 0.06241 0)
(-0.0248721 0.0723247 0)
(-0.0332375 0.0806165 0)
(-0.0422479 0.0872608 0)
(-0.051713 0.0922613 0)
(-0.0614555 0.0956463 0)
(-0.0713119 0.0974641 0)
(-0.0811325 0.0977798 0)
(-0.0907826 0.0966713 0)
(-0.100141 0.0942261 0)
(-0.109101 0.0905385 0)
(-0.117567 0.0857071 0)
(-0.125457 0.0798331 0)
(-0.132699 0.0730187 0)
(-0.139231 0.0653661 0)
(-0.144999 0.056977 0)
(-0.149957 0.0479522 0)
(-0.154066 0.0383922 0)
(-0.157294 0.028397 0)
(-0.159613 0.0180672 0)
(-0.161001 0.00750423 0)
(-0.161441 -0.0031884 0)
(-0.160921 -0.0139045 0)
(-0.159435 -0.0245345 0)
(-0.156982 -0.0349645 0)
(-0.153569 -0.0450761 0)
(-0.149211 -0.0547465 0)
(-0.143929 -0.0638477 0)
(-0.137759 -0.0722483 0)
(-0.130744 -0.0798135 0)
(-0.122942 -0.0864073 0)
(-0.114428 -0.0918941 0)
(-0.105288 -0.0961418 0)
(-0.0956298 -0.0990247 0)
(-0.0855756 -0.100427 0)
(-0.0752674 -0.100248 0)
(-0.0648648 -0.0984049 0)
(-0.0545445 -0.0948384 0)
(-0.044499 -0.0895174 0)
(-0.034934 -0.0824426 0)
(-0.0260662 -0.0736507 0)
(-0.0181206 -0.0632171 0)
(-0.0113203 -0.0512586 0)
(-0.00587307 -0.0379327 0)
(-0.00204614 -0.0234364 0)
(-0.00028994 -0.00801617 0)
(-0.000308728 0.00925086 0)
(-0.00213469 0.0266046 0)
(-0.00606922 0.0425605 0)
(-0.0116191 0.0569399 0)
(-0.0184933 0.0696164 0)
(-0.0264732 0.080504 0)
(-0.0353337 0.0895545 0)
(-0.0448556 0.0967543 0)
(-0.0548344 0.10212 0)
(-0.0650807 0.105695 0)
(-0.0754214 0.107541 0)
(-0.0856999 0.107741 0)
(-0.0957763 0.106385 0)
(-0.105527 0.103578 0)
(-0.114842 0.0994272 0)
(-0.123629 0.0940438 0)
(-0.131805 0.0875411 0)
(-0.1393 0.0800317 0)
(-0.146055 0.0716271 0)
(-0.152019 0.0624375 0)
(-0.157149 0.0525708 0)
(-0.161407 0.0421337 0)
(-0.164763 0.031232 0)
(-0.167191 0.0199713 0)
(-0.168669 0.00845784 0)
(-0.16918 -0.00320014 0)
(-0.16871 -0.0148915 0)
(-0.167251 -0.0265013 0)
(-0.164801 -0.0379096 0)
(-0.16136 -0.0489912 0)
(-0.156941 -0.0596148 0)
(-0.15156 -0.0696433 0)
(-0.145246 -0.078934 0)
(-0.138039 -0.0873397 0)
(-0.129994 -0.0947101 0)
(-0.12118 -0.100894 0)
(-0.111683 -0.105741 0)
(-0.101608 -0.109109 0)
(-0.0910816 -0.110862 0)
(-0.0802495 -0.110879 0)
(-0.0692787 -0.109059 0)
(-0.0583567 -0.105326 0)
(-0.0476896 -0.0996309 0)
(-0.0375003 -0.0919622 0)
(-0.0280254 -0.0823462 0)
(-0.0195121 -0.0708525 0)
(-0.0122071 -0.0575963 0)
(-0.00634201 -0.0427387 0)
(-0.00221293 -0.026485 0)
(-0.000314456 -0.00909588 0)
(-0.000330473 0.0103738 0)
(-0.00227973 0.0297338 0)
(-0.00647302 0.0474472 0)
(-0.0123772 0.0633323 0)
(-0.0196752 0.0772654 0)
(-0.0281283 0.089167 0)
(-0.0374918 0.0989991 0)
(-0.0475287 0.106762 0)
(-0.0580193 0.112487 0)
(-0.068762 0.116233 0)
(-0.0795741 0.118083 0)
(-0.090292 0.118135 0)
(-0.100771 0.116498 0)
(-0.110886 0.113292 0)
(-0.120528 0.108641 0)
(-0.129603 0.10267 0)
(-0.138032 0.0955045 0)
(-0.145748 0.0872693 0)
(-0.152696 0.0780851 0)
(-0.158828 0.0680703 0)
(-0.164105 0.0573399 0)
(-0.168492 0.0460066 0)
(-0.171962 0.034181 0)
(-0.17449 0.021973 0)
(-0.176056 0.00949289 0)
(-0.176642 -0.00314733 0)
(-0.176234 -0.0158326 0)
(-0.17482 -0.0284436 0)
(-0.172395 -0.0408552 0)
(-0.168957 -0.0529359 0)
(-0.16451 -0.0645471 0)
(-0.159068 -0.0755425 0)
(-0.152651 -0.0857686 0)
(-0.145295 -0.0950651 0)
(-0.137047 -0.103267 0)
(-0.127972 -0.110206 0)
(-0.118153 -0.115714 0)
(-0.107693 -0.119626 0)
(-0.096719 -0.121786 0)
(-0.0853796 -0.122051 0)
(-0.073849 -0.120298 0)
(-0.0623251 -0.116428 0)
(-0.0510281 -0.110374 0)
(-0.0401988 -0.102107 0)
(-0.0300951 -0.0916412 0)
(-0.0209885 -0.0790371 0)
(-0.0131521 -0.0644071 0)
(-0.00684379 -0.0479152 0)
(-0.00239228 -0.0297754 0)
(-0.000341058 -0.0102637 0)
(-0.000353517 0.0115728 0)
(-0.00243237 0.033069 0)
(-0.00689619 0.0526462 0)
(-0.0131686 0.0701197 0)
(-0.0209039 0.085369 0)
(-0.0298411 0.0983226 0)
(-0.0397141 0.108955 0)
(-0.0502669 0.117282 0)
(-0.0612639 0.123354 0)
(-0.0724905 0.12725 0)
(-0.0837545 0.129071 0)
(-0.0948861 0.128938 0)
(-0.105737 0.12698 0)
(-0.116181 0.123335 0)
(-0.126109 0.118143 0)
(-0.13543 0.111548 0)
(-0.14407 0.103687 0)
(-0.151966 0.0946959 0)
(-0.159067 0.0847068 0)
(-0.165331 0.0738458 0)
(-0.170723 0.0622346 0)
(-0.175214 0.0499911 0)
(-0.178778 0.0372303 0)
(-0.181394 0.0240654 0)
(-0.183043 0.0106096 0)
(-0.183707 -0.00302246 0)
(-0.183371 -0.016713 0)
(-0.182022 -0.0303394 0)
(-0.17965 -0.0437727 0)
(-0.176248 -0.0568761 0)
(-0.171814 -0.0695043 0)
(-0.166354 -0.0815025 0)
(-0.159884 -0.0927066 0)
(-0.15243 -0.102944 0)
(-0.144031 -0.112033 0)
(-0.134746 -0.119788 0)
(-0.124652 -0.12602 0)
(-0.113848 -0.130543 0)
(-0.102461 -0.133176 0)
(-0.0906401 -0.133749 0)
(-0.0785662 -0.132114 0)
(-0.0664468 -0.128147 0)
(-0.0545163 -0.121758 0)
(-0.0430342 -0.112896 0)
(-0.0322813 -0.101559 0)
(-0.0225559 -0.0877973 0)
(-0.0141601 -0.0717177 0)
(-0.00738151 -0.0534859 0)
(-0.00258548 -0.0333247 0)
(-0.000369982 -0.0115265 0)
(-0.000378017 0.012852 0)
(-0.00259349 0.0366202 0)
(-0.00734086 0.0581709 0)
(-0.0139964 0.0773162 0)
(-0.0221831 0.0939395 0)
(-0.0316149 0.107979 0)
(-0.0420024 0.119425 0)
(-0.053069 0.128312 0)
(-0.064562 0.13471 0)
(-0.0762537 0.138724 0)
(-0.0879427 0.140479 0)
(-0.0994532 0.140117 0)
(-0.110635 0.137792 0)
(-0.12136 0.133663 0)
(-0.131524 0.12789 0)
(-0.14104 0.120631 0)
(-0.149837 0.11204 0)
(-0.157861 0.102266 0)
(-0.165066 0.0914499 0)
(-0.171416 0.0797259 0)
(-0.176883 0.0672222 0)
(-0.181444 0.0540612 0)
(-0.185076 0.0403613 0)
(-0.187763 0.026238 0)
(-0.189487 0.011806 0)
(-0.190231 -0.00281881 0)
(-0.189978 -0.0175172 0)
(-0.188714 -0.0321648 0)
(-0.186424 -0.0466299 0)
(-0.183096 -0.060772 0)
(-0.178722 -0.0744401 0)
(-0.1733 -0.0874719 0)
(-0.166834 -0.0996932 0)
(-0.159343 -0.110918 0)
(-0.150857 -0.120951 0)
(-0.141425 -0.129585 0)
(-0.131115 -0.136611 0)
(-0.120023 -0.141817 0)
(-0.108269 -0.144995 0)
(-0.0960047 -0.145946 0)
(-0.0834142 -0.144492 0)
(-0.0707141 -0.140479 0)
(-0.058153 -0.133787 0)
(-0.0460097 -0.124343 0)
(-0.0345896 -0.112122 0)
(-0.0242202 -0.0971603 0)
(-0.0152361 -0.0795563 0)
(-0.00795839 -0.0594764 0)
(-0.00279391 -0.0371514 0)
(-0.00040149 -0.0128918 0)
(-0.000404167 0.0142161 0)
(-0.00276416 0.0403986 0)
(-0.00780957 0.0640359 0)
(-0.0148647 0.0849366 0)
(-0.0235173 0.102989 0)
(-0.0334537 0.118144 0)
(-0.0443585 0.13041 0)
(-0.0559327 0.139842 0)
(-0.0679056 0.146539 0)
(-0.0800361 0.15063 0)
(-0.0921137 0.152271 0)
(-0.103958 0.15163 0)
(-0.115417 0.148886 0)
(-0.126365 0.144224 0)
(-0.136701 0.137823 0)
(-0.146345 0.129861 0)
(-0.155235 0.120508 0)
(-0.163321 0.109924 0)
(-0.170569 0.0982619 0)
(-0.17695 0.0856633 0)
(-0.182443 0.0722619 0)
(-0.187032 0.0581839 0)
(-0.1907 0.0435497 0)
(-0.193435 0.0284758 0)
(-0.195221 0.013077 0)
(-0.196044 -0.00253092 0)
(-0.195885 -0.0182292 0)
(-0.194728 -0.0338933 0)
(-0.192553 -0.0493905 0)
(-0.189343 -0.0645781 0)
(-0.185082 -0.0793009 0)
(-0.179758 -0.0933903 0)
(-0.173366 -0.106663 0)
(-0.165912 -0.11892 0)
(-0.157416 -0.129951 0)
(-0.147914 -0.139529 0)
(-0.137464 -0.147422 0)
(-0.126152 -0.15339 0)
(-0.114094 -0.157194 0)
(-0.101437 -0.158604 0)
(-0.0883694 -0.157405 0)
(-0.075114 -0.153409 0)
(-0.0619334 -0.146463 0)
(-0.0491263 -0.13646 0)
(-0.0370243 -0.123352 0)
(-0.025987 -0.107153 0)
(-0.0163851 -0.0879524 0)
(-0.0085779 -0.0659137 0)
(-0.00301908 -0.0412758 0)
(-0.000435873 -0.0143679 0)
(-0.000432212 0.0156703 0)
(-0.00294573 0.0444168 0)
(-0.00830549 0.0702575 0)
(-0.0157783 0.092997 0)
(-0.0249122 0.11253 0)
(-0.0353623 0.128823 0)
(-0.0467844 0.141905 0)
(-0.0588551 0.151859 0)
(-0.0712845 0.158814 0)
(-0.0838182 0.162932 0)
(-0.0962369 0.164401 0)
(-0.108357 0.16342 0)
(-0.120026 0.160199 0)
(-0.131123 0.154947 0)
(-0.141554 0.14787 0)
(-0.151246 0.139164 0)
(-0.160147 0.129016 0)
(-0.168219 0.1176 0)
(-0.175435 0.105078 0)
(-0.181779 0.0916 0)
(-0.187239 0.0773036 0)
(-0.191805 0.062318 0)
(-0.195469 0.0467644 0)
(-0.198222 0.0307588 0)
(-0.200054 0.0144144 0)
(-0.200951 -0.00215504 0)
(-0.200895 -0.018833 0)
(-0.199867 -0.0354967 0)
(-0.197844 -0.0520145 0)
(-0.1948 -0.0682432 0)
(-0.190712 -0.0840253 0)
(-0.185557 -0.0991874 0)
(-0.179319 -0.113538 0)
(-0.17199 -0.126868 0)
(-0.163575 -0.138949 0)
(-0.154096 -0.149537 0)
(-0.143598 -0.158373 0)
(-0.132154 -0.165188 0)
(-0.119871 -0.16971 0)
(-0.106891 -0.171671 0)
(-0.0933995 -0.170816 0)
(-0.0796273 -0.166916 0)
(-0.0658488 -0.159776 0)
(-0.052383 -0.149253 0)
(-0.0395892 -0.135265 0)
(-0.027862 -0.117802 0)
(-0.0176128 -0.0969363 0)
(-0.00924386 -0.072827 0)
(-0.0032627 -0.0457198 0)
(-0.00047347 -0.015964 0)
(-0.000462468 0.0172207 0)
(-0.00313992 0.0486892 0)
(-0.00883269 0.0768537 0)
(-0.0167432 0.101515 0)
(-0.0263747 0.122575 0)
(-0.0373466 0.140019 0)
(-0.0492827 0.153903 0)
(-0.0618327 0.164342 0)
(-0.0746867 0.171502 0)
(-0.0875765 0.175583 0)
(-0.100276 0.176809 0)
(-0.112598 0.175418 0)
(-0.124394 0.171653 0)
(-0.135551 0.165751 0)
(-0.145981 0.157945 0)
(-0.155624 0.148453 0)
(-0.16444 0.13748 0)
(-0.172404 0.125212 0)
(-0.179501 0.111822 0)
(-0.185728 0.0974663 0)
(-0.191081 0.0822867 0)
(-0.195563 0.0664134 0)
(-0.199174 0.049967 0)
(-0.20191 0.0330611 0)
(-0.203766 0.0158058 0)
(-0.20473 -0.00168969 0)
(-0.204785 -0.0193128 0)
(-0.203909 -0.036945 0)
(-0.202074 -0.0544579 0)
(-0.19925 -0.0717099 0)
(-0.195402 -0.0885436 0)
(-0.190497 -0.104783 0)
(-0.184505 -0.120229 0)
(-0.177401 -0.134664 0)
(-0.169175 -0.147845 0)
(-0.159831 -0.159506 0)
(-0.149396 -0.169364 0)
(-0.137928 -0.177117 0)
(-0.125519 -0.182458 0)
(-0.112304 -0.185076 0)
(-0.0984621 -0.184669 0)
(-0.0842276 -0.180961 0)
(-0.0698862 -0.173708 0)
(-0.0557765 -0.162721 0)
(-0.0422872 -0.147877 0)
(-0.0298512 -0.129132 0)
(-0.0189251 -0.106539 0)
(-0.00996068 -0.0802472 0)
(-0.00352679 -0.0505074 0)
(-0.000514683 -0.0176901 0)
(-0.000495355 0.0188744 0)
(-0.003349 0.0532323 0)
(-0.00939647 0.0838453 0)
(-0.0177676 0.110509 0)
(-0.027914 0.133136 0)
(-0.0394146 0.151734 0)
(-0.0518568 0.166391 0)
(-0.0648614 0.177263 0)
(-0.0780972 0.184558 0)
(-0.0912827 0.188521 0)
(-0.104185 0.189422 0)
(-0.11662 0.187538 0)
(-0.128442 0.183151 0)
(-0.139548 0.176533 0)
(-0.149863 0.167943 0)
(-0.159342 0.157623 0)
(-0.167958 0.145795 0)
(-0.175703 0.132661 0)
(-0.182579 0.118402 0)
(-0.188593 0.10318 0)
(-0.193757 0.0871391 0)
(-0.198084 0.0704102 0)
(-0.201582 0.0531109 0)
(-0.204258 0.0353506 0)
(-0.206109 0.0172339 0)
(-0.207129 -0.00113619 0)
(-0.2073 -0.019654 0)
(-0.206599 -0.0382072 0)
(-0.204994 -0.0566734 0)
(-0.202446 -0.0749153 0)
(-0.198912 -0.092778 0)
(-0.194347 -0.110085 0)
(-0.188703 -0.126634 0)
(-0.181941 -0.142197 0)
(-0.174029 -0.156519 0)
(-0.164951 -0.169315 0)
(-0.154713 -0.180275 0)
(-0.143351 -0.189065 0)
(-0.13094 -0.195335 0)
(-0.1176 -0.198729 0)
(-0.103503 -0.198893 0)
(-0.0888802 -0.195492 0)
(-0.074027 -0.188228 0)
(-0.0593008 -0.176854 0)
(-0.0451206 -0.161195 0)
(-0.0319608 -0.141168 0)
(-0.020329 -0.116793 0)
(-0.0107336 -0.0882076 0)
(-0.00381375 -0.055665 0)
(-0.000560004 -0.0195575 0)
(-0.000531426 0.0206398 0)
(-0.00357595 0.0580658 0)
(-0.0100037 0.091256 0)
(-0.0188617 0.12 0)
(-0.0295419 0.144225 0)
(-0.0415763 0.163966 0)
(-0.0545116 0.17935 0)
(-0.0679367 0.190583 0)
(-0.0814983 0.197923 0)
(-0.0949027 0.201671 0)
(-0.107913 0.202146 0)
(-0.120348 0.199674 0)
(-0.132073 0.19458 0)
(-0.142996 0.187171 0)
(-0.153061 0.177739 0)
(-0.162239 0.166548 0)
(-0.170522 0.153841 0)
(-0.177921 0.139832 0)
(-0.184454 0.124711 0)
(-0.190146 0.108644 0)
(-0.195024 0.0917771 0)
(-0.199112 0.0742382 0)
(-0.202431 0.0561408 0)
(-0.204994 0.0375881 0)
(-0.206808 0.0186766 0)
(-0.207867 -0.000499267 0)
(-0.208157 -0.019843 0)
(-0.207652 -0.0392515 0)
(-0.206318 -0.0586108 0)
(-0.204108 -0.0777911 0)
(-0.200968 -0.0966426 0)
(-0.196841 -0.114991 0)
(-0.191662 -0.132634 0)
(-0.185373 -0.149338 0)
(-0.177918 -0.164835 0)
(-0.169258 -0.178822 0)
(-0.159373 -0.190963 0)
(-0.148274 -0.20089 0)
(-0.136012 -0.20821 0)
(-0.122685 -0.212514 0)
(-0.108453 -0.21339 0)
(-0.0935401 -0.210438 0)
(-0.0782465 -0.203289 0)
(-0.0629468 -0.191629 0)
(-0.0480908 -0.175221 0)
(-0.0341981 -0.153928 0)
(-0.021833 -0.12773 0)
(-0.0115688 -0.0967437 0)
(-0.00412655 -0.0612216 0)
(-0.000610042 -0.0215788 0)
(-0.000571423 0.0225272 0)
(-0.00382471 0.0632133 0)
(-0.0106636 0.099114 0)
(-0.0200392 0.130013 0)
(-0.0312738 0.155854 0)
(-0.0438448 0.176708 0)
(-0.0572531 0.192752 0)
(-0.0710526 0.20425 0)
(-0.0848678 0.211524 0)
(-0.0983943 0.214936 0)
(-0.111395 0.214867 0)
(-0.123695 0.211697 0)
(-0.135174 0.205799 0)
(-0.145758 0.19752 0)
(-0.155413 0.187184 0)
(-0.16413 0.175083 0)
(-0.171926 0.161477 0)
(-0.178831 0.146592 0)
(-0.184885 0.130626 0)
(-0.190131 0.113749 0)
(-0.194612 0.0961043 0)
(-0.198367 0.0778166 0)
(-0.201429 0.0589927 0)
(-0.20382 0.0397269 0)
(-0.205555 0.0201058 0)
(-0.206632 0.000212386 0)
(-0.20704 -0.0198686 0)
(-0.206752 -0.0400462 0)
(-0.20573 -0.0602179 0)
(-0.203922 -0.0802643 0)
(-0.201262 -0.100045 0)
(-0.197679 -0.11939 0)
(-0.193093 -0.138101 0)
(-0.187421 -0.155941 0)
(-0.180586 -0.172634 0)
(-0.172518 -0.18786 0)
(-0.163169 -0.201258 0)
(-0.152518 -0.212425 0)
(-0.140585 -0.220924 0)
(-0.127441 -0.226288 0)
(-0.113225 -0.228038 0)
(-0.0981495 -0.225699 0)
(-0.0825119 -0.218823 0)
(-0.0667014 -0.207011 0)
(-0.0511986 -0.189949 0)
(-0.0365711 -0.16743 0)
(-0.0234469 -0.139383 0)
(-0.0124742 -0.105894 0)
(-0.0044689 -0.0672097 0)
(-0.000665572 -0.0237687 0)
(-0.000616336 0.0245491 0)
(-0.00410049 0.0687031 0)
(-0.011388 0.107453 0)
(-0.0213175 0.140574 0)
(-0.0331291 0.168034 0)
(-0.0462365 0.189949 0)
(-0.0600884 0.206559 0)
(-0.0742013 0.218197 0)
(-0.0881777 0.225265 0)
(-0.101705 0.228197 0)
(-0.11455 0.227445 0)
(-0.126551 0.223452 0)
(-0.137607 0.216642 0)
(-0.147669 0.207409 0)
(-0.156726 0.196109 0)
(-0.1648 0.183061 0)
(-0.171932 0.168541 0)
(-0.178178 0.15279 0)
(-0.183599 0.13601 0)
(-0.188259 0.11837 0)
(-0.19222 0.100012 0)
(-0.195537 0.0810541 0)
(-0.198254 0.0615933 0)
(-0.200406 0.0417132 0)
(-0.202014 0.0214876 0)
(-0.203083 0.000985656 0)
(-0.203604 -0.0197225 0)
(-0.203552 -0.0405608 0)
(-0.202883 -0.0614413 0)
(-0.201541 -0.0822588 0)
(-0.199451 -0.102884 0)
(-0.196526 -0.12316 0)
(-0.192669 -0.142892 0)
(-0.187775 -0.161845 0)
(-0.181738 -0.179738 0)
(-0.17446 -0.196238 0)
(-0.165856 -0.210962 0)
(-0.155868 -0.223473 0)
(-0.144479 -0.233286 0)
(-0.131725 -0.239873 0)
(-0.117713 -0.242682 0)
(-0.102635 -0.241152 0)
(-0.0867801 -0.234738 0)
(-0.0705464 -0.222945 0)
(-0.0544435 -0.205358 0)
(-0.0390894 -0.181684 0)
(-0.0251833 -0.151785 0)
(-0.0134596 -0.115701 0)
(-0.00484557 -0.073666 0)
(-0.000727594 -0.0261436 0)
(-0.000667503 0.0267213 0)
(-0.0044102 0.0745707 0)
(-0.0121925 0.116313 0)
(-0.0227195 0.151715 0)
(-0.0351328 0.180777 0)
(-0.0487714 0.203672 0)
(-0.0630252 0.220718 0)
(-0.0773708 0.232339 0)
(-0.0913903 0.239027 0)
(-0.104767 0.241308 0)
(-0.117279 0.239711 0)
(-0.128784 0.234753 0)
(-0.139207 0.226915 0)
(-0.148531 0.216638 0)
(-0.156778 0.204314 0)
(-0.164 0.190288 0)
(-0.170269 0.174853 0)
(-0.175668 0.158257 0)
(-0.180286 0.140706 0)
(-0.184208 0.122369 0)
(-0.187514 0.103381 0)
(-0.190276 0.0838495 0)
(-0.192554 0.0638613 0)
(-0.194392 0.043486 0)
(-0.195819 0.0227822 0)
(-0.196849 0.00180264 0)
(-0.197474 -0.0193998 0)
(-0.197671 -0.0407668 0)
(-0.197396 -0.0622284 0)
(-0.196584 -0.0836966 0)
(-0.195154 -0.105059 0)
(-0.193006 -0.126172 0)
(-0.190023 -0.146852 0)
(-0.186078 -0.166871 0)
(-0.181038 -0.185947 0)
(-0.174768 -0.203741 0)
(-0.167146 -0.219849 0)
(-0.15807 -0.233801 0)
(-0.147478 -0.245066 0)
(-0.135359 -0.253053 0)
(-0.121781 -0.257129 0)
(-0.106903 -0.256634 0)
(-0.0909949 -0.250913 0)
(-0.074457 -0.23935 0)
(-0.0578233 -0.221413 0)
(-0.0417643 -0.196696 0)
(-0.0270577 -0.164968 0)
(-0.0145378 -0.12621 0)
(-0.00526274 -0.0806328 0)
(-0.000797419 -0.0287231 0)
(-0.00072673 0.0290636 0)
(-0.00476306 0.08086 0)
(-0.0130977 0.125743 0)
(-0.0242742 0.163474 0)
(-0.0373157 0.194091 0)
(-0.0514731 0.217847 0)
(-0.0660701 0.235159 0)
(-0.0805421 0.246562 0)
(-0.0944542 0.252661 0)
(-0.107493 0.254085 0)
(-0.119455 0.25146 0)
(-0.130227 0.245379 0)
(-0.139772 0.236388 0)
(-0.148109 0.224977 0)
(-0.1553 0.211576 0)
(-0.161435 0.19655 0)
(-0.166621 0.180208 0)
(-0.170971 0.162806 0)
(-0.1746 0.144548 0)
(-0.177618 0.125597 0)
(-0.180125 0.10608 0)
(-0.18221 0.0860931 0)
(-0.183946 0.0657079 0)
(-0.185389 0.0449779 0)
(-0.186577 0.0239441 0)
(-0.18753 0.0026405 0)
(-0.188246 -0.0188998 0)
(-0.188703 -0.0406391 0)
(-0.188856 -0.0625282 0)
(-0.188637 -0.0845001 0)
(-0.187957 -0.106463 0)
(-0.186704 -0.128291 0)
(-0.184746 -0.149818 0)
(-0.181932 -0.170828 0)
(-0.178099 -0.191046 0)
(-0.173078 -0.210129 0)
(-0.166701 -0.227659 0)
(-0.15882 -0.243141 0)
(-0.149316 -0.255995 0)
(-0.138125 -0.265569 0)
(-0.12526 -0.271139 0)
(-0.110832 -0.271939 0)
(-0.0950821 -0.267185 0)
(-0.0783983 -0.256119 0)
(-0.0613332 -0.238058 0)
(-0.044609 -0.212457 0)
(-0.0290898 -0.178963 0)
(-0.015725 -0.137472 0)
(-0.00572853 -0.088159 0)
(-0.000876794 -0.0315305 0)
(-0.000796485 0.0316015 0)
(-0.00517134 0.0876265 0)
(-0.0141302 0.135804 0)
(-0.0260189 0.17589 0)
(-0.0397157 0.207982 0)
(-0.054368 0.232432 0)
(-0.0692258 0.249788 0)
(-0.0836838 0.260723 0)
(-0.0972965 0.265977 0)
(-0.109764 0.266307 0)
(-0.120913 0.262443 0)
(-0.130672 0.255068 0)
(-0.139051 0.244795 0)
(-0.146116 0.232164 0)
(-0.151977 0.217639 0)
(-0.156766 0.201606 0)
(-0.160627 0.184386 0)
(-0.163708 0.166234 0)
(-0.166152 0.147352 0)
(-0.168093 0.127894 0)
(-0.169651 0.107972 0)
(-0.17093 0.0876692 0)
(-0.172018 0.067039 0)
(-0.172981 0.0461166 0)
(-0.173868 0.0249231 0)
(-0.174703 0.00347162 0)
(-0.175491 -0.0182268 0)
(-0.176213 -0.0401572 0)
(-0.176824 -0.0622941 0)
(-0.177255 -0.0845947 0)
(-0.177411 -0.106991 0)
(-0.177171 -0.129382 0)
(-0.176388 -0.151623 0)
(-0.17489 -0.173516 0)
(-0.172486 -0.1948 0)
(-0.168969 -0.215137 0)
(-0.164127 -0.234105 0)
(-0.157756 -0.251185 0)
(-0.149675 -0.265759 0)
(-0.139754 -0.277109 0)
(-0.127934 -0.284422 0)
(-0.114267 -0.286811 0)
(-0.0989425 -0.283347 0)
(-0.0823216 -0.273102 0)
(-0.0649635 -0.255211 0)
(-0.0476389 -0.228947 0)
(-0.0313043 -0.1938 0)
(-0.0170428 -0.149547 0)
(-0.00625378 -0.0963031 0)
(-0.000968087 -0.0345941 0)
(-0.000880174 0.0343679 0)
(-0.00565159 0.0949406 0)
(-0.0153253 0.146571 0)
(-0.0280005 0.189013 0)
(-0.0423781 0.222447 0)
(-0.0574831 0.247363 0)
(-0.0724858 0.264475 0)
(-0.0867439 0.274632 0)
(-0.0998121 0.278739 0)
(-0.111419 0.277699 0)
(-0.121437 0.272365 0)
(-0.129852 0.263513 0)
(-0.136732 0.251829 0)
(-0.142204 0.237901 0)
(-0.14643 0.222223 0)
(-0.14959 0.205197 0)
(-0.15187 0.187148 0)
(-0.153452 0.168329 0)
(-0.154508 0.148931 0)
(-0.155194 0.129094 0)
(-0.15565 0.108916 0)
(-0.155995 0.0884593 0)
(-0.156329 0.0677582 0)
(-0.156728 0.0468272 0)
(-0.157248 0.0256657 0)
(-0.157922 0.00426411 0)
(-0.158759 -0.0173901 0)
(-0.159744 -0.0393067 0)
(-0.160836 -0.061486 0)
(-0.161965 -0.0839123 0)
(-0.163035 -0.106546 0)
(-0.163917 -0.129313 0)
(-0.164454 -0.152098 0)
(-0.164456 -0.174729 0)
(-0.163706 -0.196965 0)
(-0.161961 -0.218485 0)
(-0.158963 -0.238869 0)
(-0.154449 -0.25759 0)
(-0.148168 -0.273995 0)
(-0.139911 -0.287307 0)
(-0.129535 -0.296624 0)
(-0.117006 -0.30093 0)
(-0.102443 -0.299131 0)
(-0.0861569 -0.2901 0)
(-0.0686964 -0.27275 0)
(-0.0508705 -0.246125 0)
(-0.0337328 -0.209504 0)
(-0.0185193 -0.162499 0)
(-0.00685313 -0.105135 0)
(-0.00107456 -0.0379489 0)
(-0.000982569 0.0374061 0)
(-0.00622623 0.102893 0)
(-0.0167291 0.158134 0)
(-0.0302784 0.202894 0)
(-0.0453553 0.237472 0)
(-0.0608422 0.262547 0)
(-0.0758262 0.279049 0)
(-0.089637 0.288047 0)
(-0.101847 0.290649 0)
(-0.112235 0.287928 0)
(-0.12074 0.280872 0)
(-0.127423 0.270359 0)
(-0.132426 0.257144 0)
(-0.135946 0.241859 0)
(-0.138206 0.225021 0)
(-0.139437 0.207043 0)
(-0.139869 0.188246 0)
(-0.139717 0.16887 0)
(-0.139182 0.149093 0)
(-0.13844 0.129035 0)
(-0.137647 0.108773 0)
(-0.136935 0.088347 0)
(-0.136413 0.0677707 0)
(-0.136166 0.0470353 0)
(-0.136257 0.0261171 0)
(-0.136724 0.00498284 0)
(-0.137583 -0.0164045 0)
(-0.138824 -0.0380804 0)
(-0.140409 -0.0600728 0)
(-0.142274 -0.082395 0)
(-0.144321 -0.105038 0)
(-0.146422 -0.127962 0)
(-0.148412 -0.151082 0)
(-0.150088 -0.174262 0)
(-0.151212 -0.197293 0)
(-0.151509 -0.219877 0)
(-0.150676 -0.241614 0)
(-0.14839 -0.261976 0)
(-0.144326 -0.280293 0)
(-0.138182 -0.295739 0)
(-0.129714 -0.307324 0)
(-0.118781 -0.313902 0)
(-0.1054 -0.314196 0)
(-0.0898032 -0.30685 0)
(-0.0724997 -0.290507 0)
(-0.0543203 -0.263921 0)
(-0.0364146 -0.226092 0)
(-0.0201921 -0.176402 0)
(-0.00754666 -0.114741 0)
(-0.00120082 -0.0416391 0)
(-0.00111049 0.0407732 0)
(-0.00692609 0.111598 0)
(-0.0184024 0.170606 0)
(-0.032926 0.217586 0)
(-0.0487047 0.25302 0)
(-0.0644577 0.277842 0)
(-0.0791906 0.293269 0)
(-0.0922243 0.30065 0)
(-0.103176 0.301333 0)
(-0.111903 0.296587 0)
(-0.118439 0.287547 0)
(-0.12294 0.275194 0)
(-0.125641 0.260348 0)
(-0.126817 0.243677 0)
(-0.126759 0.22571 0)
(-0.125752 0.206857 0)
(-0.124069 0.187427 0)
(-0.121956 0.167641 0)
(-0.119637 0.147652 0)
(-0.117306 0.127558 0)
(-0.115131 0.10741 0)
(-0.113251 0.0872242 0)
(-0.111783 0.0669884 0)
(-0.110817 0.0466708 0)
(-0.110421 0.026224 0)
(-0.110638 0.00559096 0)
(-0.11149 -0.01529 0)
(-0.112971 -0.0364802 0)
(-0.115052 -0.0580356 0)
(-0.117674 -0.0799995 0)
(-0.120744 -0.102396 0)
(-0.124138 -0.125221 0)
(-0.127691 -0.148431 0)
(-0.131195 -0.171926 0)
(-0.134396 -0.195541 0)
(-0.136996 -0.219017 0)
(-0.138651 -0.241984 0)
(-0.13898 -0.263935 0)
(-0.13758 -0.284198 0)
(-0.134051 -0.301915 0)
(-0.128028 -0.316021 0)
(-0.119238 -0.325241 0)
(-0.107561 -0.328107 0)
(-0.0931107 -0.323001 0)
(-0.0763165 -0.308244 0)
(-0.0580006 -0.282223 0)
(-0.0393982 -0.243568 0)
(-0.0221113 -0.191343 0)
(-0.00836229 -0.125227 0)
(-0.00135347 -0.0457216 0)
(-0.00127397 0.0445458 0)
(-0.00779418 0.121207 0)
(-0.0204258 0.184119 0)
(-0.0360329 0.233139 0)
(-0.0524834 0.269014 0)
(-0.0683155 0.29304 0)
(-0.0824671 0.306813 0)
(-0.0942828 0.312027 0)
(-0.103466 0.310322 0)
(-0.10999 0.303183 0)
(-0.114017 0.291902 0)
(-0.115825 0.277555 0)
(-0.115756 0.261016 0)
(-0.114173 0.242972 0)
(-0.111437 0.223953 0)
(-0.107888 0.20435 0)
(-0.103835 0.184447 0)
(-0.0995531 0.164437 0)
(-0.0952812 0.144441 0)
(-0.0912248 0.124527 0)
(-0.0875572 0.104717 0)
(-0.0844224 0.0849988 0)
(-0.0819375 0.0653365 0)
(-0.080195 0.0456732 0)
(-0.0792644 0.0259384 0)
(-0.079193 0.00605212 0)
(-0.0800061 -0.0140711 0)
(-0.0817062 -0.0345175 0)
(-0.084271 -0.05537 0)
(-0.0876511 -0.0767021 0)
(-0.0917658 -0.0985718 0)
(-0.0964989 -0.121013 0)
(-0.101693 -0.144024 0)
(-0.107144 -0.167555 0)
(-0.112594 -0.191488 0)
(-0.117731 -0.215618 0)
(-0.122179 -0.239625 0)
(-0.125509 -0.26304 0)
(-0.127242 -0.285216 0)
(-0.126872 -0.305285 0)
(-0.123904 -0.32213 0)
(-0.117902 -0.334363 0)
(-0.108573 -0.340319 0)
(-0.0958563 -0.338094 0)
(-0.0800482 -0.325628 0)
(-0.061912 -0.300854 0)
(-0.0427417 -0.261912 0)
(-0.024344 -0.207417 0)
(-0.00933962 -0.136729 0)
(-0.00154234 -0.0502713 0)
(-0.00148822 0.0488284 0)
(-0.00889171 0.131915 0)
(-0.0229061 0.198832 0)
(-0.0397046 0.249581 0)
(-0.0567361 0.285314 0)
(-0.0723497 0.307831 0)
(-0.0854499 0.319231 0)
(-0.0954596 0.32164 0)
(-0.102226 0.317031 0)
(-0.105892 0.307128 0)
(-0.106784 0.293373 0)
(-0.10533 0.276925 0)
(-0.101991 0.25869 0)
(-0.0972253 0.239353 0)
(-0.0914625 0.219421 0)
(-0.0850892 0.199252 0)
(-0.078445 0.179089 0)
(-0.071822 0.159085 0)
(-0.0654676 0.139323 0)
(-0.0595889 0.119834 0)
(-0.054357 0.100608 0)
(-0.0499124 0.0816043 0)
(-0.046368 0.0627611 0)
(-0.0438134 0.0439978 0)
(-0.0423167 0.0252223 0)
(-0.0419263 0.00633319 0)
(-0.0426714 -0.0127761 0)
(-0.0445612 -0.0322145 0)
(-0.0475835 -0.0520896 0)
(-0.0517015 -0.0725035 0)
(-0.0568499 -0.093547 0)
(-0.062929 -0.115292 0)
(-0.069798 -0.137783 0)
(-0.0772672 -0.161022 0)
(-0.0850887 -0.18495 0)
(-0.0929482 -0.209427 0)
(-0.100457 -0.2342 0)
(-0.107148 -0.258865 0)
(-0.112479 -0.282826 0)
(-0.115843 -0.305243 0)
(-0.116602 -0.324981 0)
(-0.114137 -0.340563 0)
(-0.107934 -0.350145 0)
(-0.0977028 -0.351522 0)
(-0.0835243 -0.342197 0)
(-0.0660276 -0.319544 0)
(-0.0465105 -0.28106 0)
(-0.0269801 -0.224728 0)
(-0.0105358 -0.14942 0)
(-0.00178252 -0.0553893 0)
(-0.00177728 0.0537666 0)
(-0.0103078 0.143976 0)
(-0.0259847 0.214926 0)
(-0.0440584 0.266898 0)
(-0.0614697 0.301669 0)
(-0.0763963 0.321756 0)
(-0.0877779 0.329912 0)
(-0.0952016 0.328789 0)
(-0.0987389 0.32074 0)
(-0.0987649 0.307729 0)
(-0.0958152 0.291329 0)
(-0.090486 0.272752 0)
(-0.0833694 0.252903 0)
(-0.0750154 0.232438 0)
(-0.0659128 0.211813 0)
(-0.0564836 0.19133 0)
(-0.0470838 0.171178 0)
(-0.0380091 0.151458 0)
(-0.0295022 0.132208 0)
(-0.0217605 0.113416 0)
(-0.0149437 0.0950403 0)
(-0.00917994 0.0770101 0)
(-0.00457171 0.059238 0)
(-0.00119998 0.0416225 0)
(0.000872431 0.0240521 0)
(0.00159884 0.00640758 0)
(0.000947812 -0.0114353 0)
(-0.00109672 -0.0296044 0)
(-0.00453373 -0.0482284 0)
(-0.00934219 -0.0674342 0)
(-0.0154767 -0.0873426 0)
(-0.0228613 -0.108063 0)
(-0.0313815 -0.129683 0)
(-0.0408743 -0.152261 0)
(-0.0511169 -0.175803 0)
(-0.0618131 -0.200244 0)
(-0.0725803 -0.225418 0)
(-0.082937 -0.25101 0)
(-0.0922955 -0.27651 0)
(-0.0999637 -0.30115 0)
(-0.105164 -0.323823 0)
(-0.10708 -0.343016 0)
(-0.104937 -0.356739 0)
(-0.0981378 -0.362494 0)
(-0.0864536 -0.357309 0)
(-0.0702633 -0.337881 0)
(-0.0507695 -0.300875 0)
(-0.0301394 -0.243381 0)
(-0.0120356 -0.16352 0)
(-0.00209815 -0.0612157 0)
(-0.00218091 0.0595674 0)
(-0.0121753 0.157721 0)
(-0.0298465 0.232585 0)
(-0.0492061 0.284981 0)
(-0.066604 0.317657 0)
(-0.0801145 0.334135 0)
(-0.0888375 0.338017 0)
(-0.0926531 0.332579 0)
(-0.0919625 0.320574 0)
(-0.0874442 0.304187 0)
(-0.0798813 0.28508 0)
(-0.0700545 0.264468 0)
(-0.0586819 0.243211 0)
(-0.0463912 0.221891 0)
(-0.0337121 0.200885 0)
(-0.0210807 0.18042 0)
(-0.00884943 0.160613 0)
(0.00270063 0.141503 0)
(0.0133475 0.123074 0)
(0.0229168 0.105276 0)
(0.031272 0.0880276 0)
(0.0383057 0.0712331 0)
(0.0439338 0.054782 0)
(0.0480892 0.0385547 0)
(0.0507188 0.0224245 0)
(0.0517807 0.00625891 0)
(0.051243 -0.0100794 0)
(0.0490836 -0.0267318 0)
(0.0452915 -0.0438428 0)
(0.0398698 -0.061559 0)
(0.0328396 -0.0800261 0)
(0.0242466 -0.0993854 0)
(0.0141695 -0.119768 0)
(0.00273133 -0.141283 0)
(-0.00988705 -0.164007 0)
(-0.0234297 -0.187958 0)
(-0.0375465 -0.213068 0)
(-0.0517718 -0.23914 0)
(-0.0655058 -0.265787 0)
(-0.0780003 -0.292358 0)
(-0.0883602 -0.317846 0)
(-0.0955707 -0.34077 0)
(-0.0985691 -0.359065 0)
(-0.0963802 -0.369986 0)
(-0.0883417 -0.370071 0)
(-0.074422 -0.355237 0)
(-0.0555609 -0.321084 0)
(-0.0339785 -0.26346 0)
(-0.0139666 -0.179318 0)
(-0.00252958 -0.0679505 0)
(-0.00276778 0.0665353 0)
(-0.0146966 0.17358 0)
(-0.0347256 0.251969 0)
(-0.0552118 0.303546 0)
(-0.0718744 0.332573 0)
(-0.0828509 0.343972 0)
(-0.0876104 0.342417 0)
(-0.0865071 0.331882 0)
(-0.0803981 0.315503 0)
(-0.0703349 0.295625 0)
(-0.057373 0.273922 0)
(-0.0424722 0.25154 0)
(-0.0264538 0.229231 0)
(-0.00999279 0.207463 0)
(0.00637264 0.186499 0)
(0.0222225 0.166465 0)
(0.0372346 0.147396 0)
(0.0511653 0.129261 0)
(0.0638319 0.111992 0)
(0.0750978 0.0954929 0)
(0.0848613 0.0796526 0)
(0.0930454 0.0643496 0)
(0.0995909 0.049456 0)
(0.104451 0.0348389 0)
(0.107585 0.0203619 0)
(0.10896 0.00588469 0)
(0.108546 -0.00873687 0)
(0.106315 -0.0236516 0)
(0.102244 -0.0390132 0)
(0.0963178 -0.0549807 0)
(0.0885295 -0.0717177 0)
(0.0788894 -0.0893906 0)
(0.0674323 -0.108165 0)
(0.0542286 -0.128201 0)
(0.0394 -0.149637 0)
(0.0231385 -0.172579 0)
(0.00573103 -0.197067 0)
(-0.0124116 -0.223039 0)
(-0.0307225 -0.250267 0)
(-0.0484465 -0.278275 0)
(-0.0646164 -0.306227 0)
(-0.0780508 -0.332777 0)
(-0.0873951 -0.355895 0)
(-0.0912395 -0.372688 0)
(-0.0883556 -0.379253 0)
(-0.0780888 -0.37066 0)
(-0.0608521 -0.341193 0)
(-0.0386911 -0.284984 0)
(-0.0165258 -0.197181 0)
(-0.00314719 -0.0758894 0)
(-0.00366092 0.0751333 0)
(-0.0181842 0.192095 0)
(-0.0408922 0.273121 0)
(-0.0619871 0.321977 0)
(-0.0766479 0.345268 0)
(-0.0834105 0.349832 0)
(-0.0824392 0.34162 0)
(-0.0747957 0.32532 0)
(-0.0619224 0.304365 0)
(-0.0452901 0.281135 0)
(-0.026218 0.257198 0)
(-0.0058059 0.233536 0)
(0.0150721 0.210723 0)
(0.0357458 0.189059 0)
(0.0557155 0.168668 0)
(0.074617 0.149558 0)
(0.0921911 0.131671 0)
(0.108257 0.114907 0)
(0.12269 0.0991435 0)
(0.135406 0.0842481 0)
(0.146351 0.070082 0)
(0.155484 0.0565055 0)
(0.162778 0.0433788 0)
(0.168211 0.0305624 0)
(0.17176 0.0179165 0)
(0.173401 0.00529963 0)
(0.173108 -0.00743249 0)
(0.170851 -0.0204288 0)
(0.166595 -0.0338446 0)
(0.160305 -0.0478429 0)
(0.151946 -0.0625962 0)
(0.14149 -0.0782864 0)
(0.128921 -0.0951046 0)
(0.114249 -0.113248 0)
(0.097519 -0.132913 0)
(0.0788379 -0.154283 0)
(0.0583965 -0.17751 0)
(0.0365067 -0.202674 0)
(0.0136453 -0.229735 0)
(-0.00949516 -0.258441 0)
(-0.0319523 -0.28821 0)
(-0.0524502 -0.31795 0)
(-0.0693892 -0.345826 0)
(-0.0809103 -0.36897 0)
(-0.0851039 -0.383183 0)
(-0.08044 -0.382714 0)
(-0.066419 -0.360311 0)
(-0.0444856 -0.307803 0)
(-0.0200178 -0.217565 0)
(-0.00407768 -0.0854855 0)
(-0.00508532 0.0860917 0)
(-0.0231147 0.213908 0)
(-0.0485793 0.295782 0)
(-0.0690556 0.339064 0)
(-0.0795755 0.353921 0)
(-0.0796775 0.349688 0)
(-0.070681 0.333721 0)
(-0.0546116 0.311299 0)
(-0.0335882 0.28595 0)
(-0.00948566 0.259889 0)
(0.0161832 0.234417 0)
(0.0422663 0.210237 0)
(0.0679237 0.187673 0)
(0.0925648 0.166817 0)
(0.115789 0.147627 0)
(0.137335 0.129991 0)
(0.15704 0.113759 0)
(0.174813 0.0987657 0)
(0.190604 0.0848453 0)
(0.204395 0.0718348 0)
(0.216185 0.0595776 0)
(0.225978 0.0479242 0)
(0.233783 0.0367311 0)
(0.239603 0.0258596 0)
(0.243435 0.0151737 0)
(0.245269 0.00453781 0)
(0.245083 -0.00618519 0)
(0.242845 -0.0171369 0)
(0.238512 -0.028466 0)
(0.232031 -0.0403306 0)
(0.223339 -0.0529017 0)
(0.21237 -0.0663649 0)
(0.199056 -0.080923 0)
(0.183338 -0.0967968 0)
(0.16518 -0.114224 0)
(0.144581 -0.133452 0)
(0.121607 -0.154729 0)
(0.0964287 -0.178276 0)
(0.0693672 -0.204247 0)
(0.0409661 -0.232652 0)
(0.0120729 -0.263234 0)
(-0.0160683 -0.295287 0)
(-0.0417326 -0.327363 0)
(-0.0626842 -0.356886 0)
(-0.0762884 -0.379644 0)
(-0.079897 -0.389268 0)
(-0.0715905 -0.376888 0)
(-0.051494 -0.33139 0)
(-0.0249055 -0.240985 0)
(-0.00555271 -0.0974599 0)
(-0.00744857 0.10059 0)
(-0.0301743 0.239654 0)
(-0.0577389 0.319004 0)
(-0.0750355 0.35257 0)
(-0.0779565 0.355724 0)
(-0.0680087 0.3408 0)
(-0.0482178 0.316431 0)
(-0.0217659 0.288139 0)
(0.00858028 0.259182 0)
(0.0406751 0.231328 0)
(0.0729732 0.205426 0)
(0.104421 0.181785 0)
(0.134336 0.160421 0)
(0.162301 0.141195 0)
(0.188082 0.1239 0)
(0.211568 0.10831 0)
(0.232727 0.0941968 0)
(0.251572 0.0813472 0)
(0.268143 0.0695647 0)
(0.282496 0.0586705 0)
(0.294684 0.0485019 0)
(0.30476 0.03891 0)
(0.312767 0.0297569 0)
(0.318735 0.0209125 0)
(0.322681 0.0122521 0)
(0.324609 0.00365321 0)
(0.324503 -0.00500748 0)
(0.322331 -0.013857 0)
(0.318044 -0.0230294 0)
(0.311573 -0.0326691 0)
(0.302833 -0.0429346 0)
(0.291723 -0.0540029 0)
(0.278126 -0.0660732 0)
(0.261919 -0.0793714 0)
(0.242976 -0.0941538 0)
(0.221184 -0.110708 0)
(0.196466 -0.129353 0)
(0.168811 -0.150425 0)
(0.138328 -0.174257 0)
(0.105316 -0.20112 0)
(0.070371 -0.231133 0)
(0.0345252 -0.26408 0)
(-0.000588632 -0.299113 0)
(-0.0325695 -0.334281 0)
(-0.0581763 -0.365825 0)
(-0.0735204 -0.387239 0)
(-0.0747159 -0.388282 0)
(-0.0594938 -0.354419 0)
(-0.0318382 -0.267877 0)
(-0.00798827 -0.11298 0)
(-0.0114299 0.120505 0)
(-0.0401513 0.269578 0)
(-0.0673399 0.340397 0)
(-0.0765471 0.358599 0)
(-0.0666176 0.346588 0)
(-0.04232 0.319731 0)
(-0.00883249 0.287311 0)
(0.0295649 0.254396 0)
(0.0697306 0.22345 0)
(0.109561 0.195465 0)
(0.147753 0.170658 0)
(0.183561 0.148872 0)
(0.216606 0.129797 0)
(0.246744 0.113076 0)
(0.273969 0.098366 0)
(0.298355 0.0853531 0)
(0.320017 0.0737621 0)
(0.339085 0.0633548 0)
(0.35569 0.0539261 0)
(0.369956 0.0452984 0)
(0.381993 0.0373169 0)
(0.391893 0.029845 0)
(0.399731 0.0227594 0)
(0.405563 0.0159469 0)
(0.409423 0.00930079 0)
(0.411325 0.00271752 0)
(0.411262 -0.00390633 0)
(0.409204 -0.0106772 0)
(0.405097 -0.0177077 0)
(0.398865 -0.0251206 0)
(0.390405 -0.0330526 0)
(0.379588 -0.0416594 0)
(0.366261 -0.051121 0)
(0.350242 -0.0616484 0)
(0.331328 -0.073491 0)
(0.309298 -0.0869441 0)
(0.28393 -0.102357 0)
(0.255016 -0.120136 0)
(0.222409 -0.140743 0)
(0.186087 -0.164675 0)
(0.146255 -0.192406 0)
(0.103512 -0.224259 0)
(0.0590879 -0.260153 0)
(0.0151513 -0.299119 0)
(-0.0248493 -0.338463 0)
(-0.0559911 -0.372409 0)
(-0.0720862 -0.390198 0)
(-0.0671525 -0.374003 0)
(-0.0414957 -0.298155 0)
(-0.0120595 -0.133887 0)
(-0.0178752 0.148753 0)
(-0.0531295 0.3024 0)
(-0.073473 0.354723 0)
(-0.0660022 0.350805 0)
(-0.0360723 0.321066 0)
(0.00713855 0.282758 0)
(0.0564364 0.244385 0)
(0.107053 0.209499 0)
(0.156124 0.179161 0)
(0.202112 0.153309 0)
(0.244321 0.131443 0)
(0.282543 0.112955 0)
(0.316842 0.0972605 0)
(0.347415 0.0838526 0)
(0.374517 0.0723075 0)
(0.398416 0.0622777 0)
(0.419368 0.0534805 0)
(0.437611 0.0456854 0)
(0.453352 0.038703 0)
(0.466771 0.032376 0)
(0.478021 0.0265719 0)
(0.487225 0.0211767 0)
(0.494481 0.0160906 0)
(0.499861 0.0112233 0)
(0.503413 0.00649141 0)
(0.50516 0.00181471 0)
(0.5051 -0.00288624 0)
(0.503207 -0.00769309 0)
(0.499428 -0.0126926 0)
(0.493685 -0.0179799 0)
(0.485865 -0.0236625 0)
(0.475827 -0.0298649 0)
(0.463393 -0.0367343 0)
(0.448345 -0.0444478 0)
(0.430423 -0.0532219 0)
(0.409323 -0.0633238 0)
(0.384696 -0.0750856 0)
(0.356157 -0.0889208 0)
(0.323303 -0.105342 0)
(0.285752 -0.124975 0)
(0.243223 -0.148554 0)
(0.19568 -0.176878 0)
(0.143585 -0.210662 0)
(0.0883064 -0.250168 0)
(0.0327219 -0.294407 0)
(-0.01803 -0.339548 0)
(-0.0558531 -0.376039 0)
(-0.0700924 -0.384302 0)
(-0.0536641 -0.329989 0)
(-0.0185419 -0.163002 0)
(-0.0268185 0.190255 0)
(-0.0655609 0.332467 0)
(-0.0646831 0.351158 0)
(-0.0274249 0.319354 0)
(0.0301762 0.272705 0)
(0.0950808 0.226854 0)
(0.15962 0.187214 0)
(0.219988 0.154648 0)
(0.274649 0.128393 0)
(0.32328 0.107297 0)
(0.366137 0.0902633 0)
(0.403716 0.0763863 0)
(0.436574 0.0649554 0)
(0.465253 0.0554268 0)
(0.49024 0.0473866 0)
(0.51196 0.040519 0)
(0.530776 0.0345808 0)
(0.546993 0.0293826 0)
(0.560868 0.0247745 0)
(0.57261 0.020636 0)
(0.582392 0.0168684 0)
(0.590351 0.0133888 0)
(0.596593 0.010126 0)
(0.601198 0.00701676 0)
(0.604218 0.00400344 0)
(0.605681 0.00103123 0)
(0.60559 -0.00195387 0)
(0.603924 -0.00500721 0)
(0.600634 -0.00818778 0)
(0.595645 -0.0115607 0)
(0.588852 -0.0152004 0)
(0.580112 -0.0191942 0)
(0.569244 -0.0236472 0)
(0.556022 -0.028689 0)
(0.540164 -0.0344821 0)
(0.521323 -0.0412337 0)
(0.499079 -0.0492119 0)
(0.472925 -0.0587681 0)
(0.44226 -0.0703663 0)
(0.40639 -0.0846225 0)
(0.364552 -0.102351 0)
(0.315985 -0.124609 0)
(0.26011 -0.152699 0)
(0.196888 -0.188047 0)
(0.127536 -0.231716 0)
(0.0557784 -0.283027 0)
(-0.0102851 -0.336224 0)
(-0.0563778 -0.374028 0)
(-0.0641786 -0.356926 0)
(-0.0272135 -0.205036 0)
(-0.0329773 0.250133 0)
(-0.0617998 0.343629 0)
(-0.0118376 0.310263 0)
(0.070483 0.251446 0)
(0.15882 0.19626 0)
(0.241828 0.152078 0)
(0.315169 0.118776 0)
(0.378149 0.0940567 0)
(0.431651 0.0756083 0)
(0.476996 0.0616391 0)
(0.515489 0.0508682 0)
(0.548265 0.0424035 0)
(0.576263 0.035626 0)
(0.600246 0.0301031 0)
(0.620823 0.025528 0)
(0.638485 0.0216789 0)
(0.653623 0.0183926 0)
(0.666554 0.0155465 0)
(0.67753 0.0130464 0)
(0.686756 0.0108186 0)
(0.694395 0.00880385 0)
(0.700573 0.00695355 0)
(0.70539 0.0052265 0)
(0.708917 0.00358674 0)
(0.711204 0.00200176 0)
(0.712276 0.000440966 0)
(0.71214 -0.00112564 0)
(0.710779 -0.00272873 0)
(0.708154 -0.00440107 0)
(0.704203 -0.00617906 0)
(0.698833 -0.00810457 0)
(0.691925 -0.0102274 0)
(0.683318 -0.0126083 0)
(0.672809 -0.0153236 0)
(0.660138 -0.0184709 0)
(0.644976 -0.0221782 0)
(0.626909 -0.0266164 0)
(0.605409 -0.0320184 0)
(0.579807 -0.0387078 0)
(0.549253 -0.0471431 0)
(0.512676 -0.0579843 0)
(0.468746 -0.0721929 0)
(0.415882 -0.0911684 0)
(0.352365 -0.116904 0)
(0.276806 -0.152042 0)
(0.189375 -0.199339 0)
(0.0941469 -0.259328 0)
(0.00277603 -0.324161 0)
(-0.0566387 -0.361949 0)
(-0.0321397 -0.26402 0)
(0.00103146 0.294772 0)
(0.0166392 0.298393 0)
(0.15191 0.212815 0)
(0.28234 0.145219 0)
(0.38756 0.0996745 0)
(0.471019 0.0700103 0)
(0.536885 0.0508236 0)
(0.589009 0.0381799 0)
(0.630718 0.0295598 0)
(0.664549 0.023457 0)
(0.692339 0.0189786 0)
(0.715415 0.0155853 0)
(0.734746 0.0129418 0)
(0.751049 0.0108324 0)
(0.76486 0.00911366 0)
(0.776591 0.00768695 0)
(0.786556 0.00648231 0)
(0.795001 0.00544874 0)
(0.802122 0.00454806 0)
(0.808068 0.00375091 0)
(0.812961 0.00303418 0)
(0.816893 0.00237913 0)
(0.819935 0.0017701 0)
(0.82214 0.00119359 0)
(0.823542 0.000637494 0)
(0.824161 9.04943e-05 0)
(0.824002 -0.000458432 0)
(0.823055 -0.0010206 0)
(0.821293 -0.00160807 0)
(0.818673 -0.00223431 0)
(0.815133 -0.00291494 0)
(0.810588 -0.00366868 0)
(0.804926 -0.00451871 0)
(0.798002 -0.00549449 0)
(0.789627 -0.0066344 0)
(0.779557 -0.00798978 0)
(0.767478 -0.00963099 0)
(0.752974 -0.0116571 0)
(0.735497 -0.0142118 0)
(0.714307 -0.0175107 0)
(0.688397 -0.0218887 0)
(0.65637 -0.0278867 0)
(0.616273 -0.0364084 0)
(0.565356 -0.0490037 0)
(0.499916 -0.0683295 0)
(0.415517 -0.0986863 0)
(0.307289 -0.146182 0)
(0.170934 -0.217546 0)
(0.026982 -0.307267 0)
(0.00517195 -0.302955 0)
(0.290225 0.152388 0)
(0.389414 0.128176 0)
(0.565169 0.0746736 0)
(0.682897 0.0421912 0)
(0.752461 0.0245176 0)
(0.797532 0.0149082 0)
(0.828848 0.00963168 0)
(0.851557 0.00663659 0)
(0.86868 0.00483689 0)
(0.882029 0.00368205 0)
(0.892699 0.00289362 0)
(0.901387 0.00232619 0)
(0.908557 0.00190005 0)
(0.914532 0.00156903 0)
(0.919545 0.0013048 0)
(0.923766 0.00108904 0)
(0.927325 0.000909341 0)
(0.930321 0.000756939 0)
(0.932829 0.00062545 0)
(0.934909 0.000510073 0)
(0.936608 0.000407088 0)
(0.937961 0.000313528 0)
(0.938996 0.000226951 0)
(0.939732 0.00014527 0)
(0.940182 6.66327e-05 0)
(0.940355 -1.06782e-05 0)
(0.940251 -8.83075e-05 0)
(0.939867 -0.000167997 0)
(0.939193 -0.000251572 0)
(0.938213 -0.000341086 0)
(0.936904 -0.000438946 0)
(0.935233 -0.000548071 0)
(0.933159 -0.000672125 0)
(0.930624 -0.000815838 0)
(0.927556 -0.000985498 0)
(0.923861 -0.00118969 0)
(0.919412 -0.00144054 0)
(0.914041 -0.00175575 0)
(0.90752 -0.00216232 0)
(0.899529 -0.00270364 0)
(0.88961 -0.00345362 0)
(0.877074 -0.00454644 0)
(0.860844 -0.00624052 0)
(0.839125 -0.00905619 0)
(0.808875 -0.0140529 0)
(0.764834 -0.0233216 0)
(0.696085 -0.0408234 0)
(0.577954 -0.0737691 0)
(0.397989 -0.128731 0)
(0.293833 -0.153752 0)
)
;

boundaryField
{
    movingWall
    {
        type            fixedValue;
        value           uniform (1 0 0);
    }
    fixedWalls
    {
        type            noSlip;
    }
    frontAndBack
    {
        type            empty;
    }
}


// ************************************************************************* //
