/*--------------------------------*- C++ -*----------------------------------*\
  =========                 |
  \\      /  F ield         | OpenFOAM: The Open Source CFD Toolbox
   \\    /   O peration     | Website:  https://openfoam.org
    \\  /    A nd           | Version:  7
     \\/     M anipulation  |
\*---------------------------------------------------------------------------*/
FoamFile
{
    version     2.0;
    format      ascii;
    class       volVectorField;
    location    "0.026";
    object      U;
}
// * * * * * * * * * * * * * * * * * * * * * * * * * * * * * * * * * * * * * //

dimensions      [0 1 -1 0 0 0 0];

internalField   nonuniform List<vector> 
2500
(
(2.47293e-05 -2.45919e-05 0)
(6.84487e-05 -2.59008e-05 0)
(8.00186e-05 -8.0239e-06 0)
(3.22655e-05 1.46724e-05 0)
(-8.08006e-05 3.67421e-05 0)
(-0.000255139 5.63046e-05 0)
(-0.00048309 7.26306e-05 0)
(-0.000755984 8.56681e-05 0)
(-0.00106475 9.55928e-05 0)
(-0.00140049 0.000102641 0)
(-0.00175473 0.000107063 0)
(-0.00211952 0.000109101 0)
(-0.00248755 0.000108989 0)
(-0.0028521 0.000106947 0)
(-0.00320707 0.000103183 0)
(-0.00354698 9.78897e-05 0)
(-0.00386693 9.12484e-05 0)
(-0.00416258 8.3426e-05 0)
(-0.00443014 7.45783e-05 0)
(-0.0046663 6.48503e-05 0)
(-0.00486824 5.43777e-05 0)
(-0.00503361 4.32885e-05 0)
(-0.00516047 3.17053e-05 0)
(-0.00524734 1.97475e-05 0)
(-0.00529315 7.53326e-06 0)
(-0.00529722 -4.81799e-06 0)
(-0.00525935 -1.71837e-05 0)
(-0.00517974 -2.94358e-05 0)
(-0.00505908 -4.14394e-05 0)
(-0.0048985 -5.30508e-05 0)
(-0.00469969 -6.41167e-05 0)
(-0.00446483 -7.44734e-05 0)
(-0.00419671 -8.39467e-05 0)
(-0.0038987 -9.23522e-05 0)
(-0.00357477 -9.9496e-05 0)
(-0.00322955 -0.000105176 0)
(-0.00286833 -0.000109184 0)
(-0.00249704 -0.000111306 0)
(-0.00212226 -0.000111325 0)
(-0.00175122 -0.000109025 0)
(-0.00139171 -0.000104189 0)
(-0.00105205 -9.66035e-05 0)
(-0.000741015 -8.60657e-05 0)
(-0.000467631 -7.23964e-05 0)
(-0.000240907 -5.54879e-05 0)
(-6.91611e-05 -3.54819e-05 0)
(4.02904e-05 -1.32623e-05 0)
(8.4119e-05 9.35911e-06 0)
(6.94825e-05 2.66791e-05 0)
(2.4655e-05 2.4604e-05 0)
(2.63139e-05 -6.84025e-05 0)
(4.44337e-05 -4.34535e-05 0)
(-3.46269e-05 5.13638e-05 0)
(-0.000250093 0.000168756 0)
(-0.00061379 0.000286924 0)
(-0.00112108 0.000395511 0)
(-0.00175812 0.000489489 0)
(-0.00250641 0.00056693 0)
(-0.0033453 0.000627449 0)
(-0.00425343 0.000671433 0)
(-0.00520973 0.000699675 0)
(-0.00619393 0.000713188 0)
(-0.00718695 0.000713089 0)
(-0.00817102 0.000700543 0)
(-0.00912984 0.000676716 0)
(-0.0100486 0.000642753 0)
(-0.0109139 0.00059976 0)
(-0.011714 0.0005488 0)
(-0.0124383 0.000490883 0)
(-0.0130778 0.000426971 0)
(-0.0136246 0.000357981 0)
(-0.0140723 0.000284792 0)
(-0.0144155 0.000208257 0)
(-0.0146502 0.000129207 0)
(-0.0147733 4.84723e-05 0)
(-0.0147832 -3.31128e-05 0)
(-0.0146793 -0.000114694 0)
(-0.0144623 -0.000195389 0)
(-0.0141341 -0.000274272 0)
(-0.0136981 -0.000350374 0)
(-0.013159 -0.000422672 0)
(-0.0125229 -0.000490086 0)
(-0.0117975 -0.000551486 0)
(-0.010992 -0.000605689 0)
(-0.0101174 -0.000651476 0)
(-0.00918622 -0.000687597 0)
(-0.00821269 -0.000712792 0)
(-0.00721271 -0.000725814 0)
(-0.00620372 -0.000725452 0)
(-0.00520466 -0.000710568 0)
(-0.00423571 -0.000680143 0)
(-0.00331802 -0.000633341 0)
(-0.00247333 -0.000569618 0)
(-0.00172324 -0.000488904 0)
(-0.0010883 -0.000391953 0)
(-0.000586334 -0.000281113 0)
(-0.000230191 -0.000161917 0)
(-2.31652e-05 -4.48868e-05 0)
(4.87164e-05 4.78282e-05 0)
(2.69891e-05 6.94924e-05 0)
(9.26176e-06 -8.1317e-05 0)
(-4.77279e-05 3.46126e-05 0)
(-0.000275153 0.0002797 0)
(-0.000701172 0.000572621 0)
(-0.00133519 0.000869961 0)
(-0.00217125 0.00114719 0)
(-0.00319157 0.00139089 0)
(-0.00437138 0.00159446 0)
(-0.00568214 0.00175535 0)
(-0.00709366 0.00187334 0)
(-0.00857548 0.00194965 0)
(-0.0100978 0.00198634 0)
(-0.0116323 0.00198599 0)
(-0.0131522 0.00195143 0)
(-0.0146328 0.00188564 0)
(-0.0160515 0.00179161 0)
(-0.0173878 0.0016723 0)
(-0.0186233 0.00153061 0)
(-0.0197419 0.00136932 0)
(-0.0207295 0.0011911 0)
(-0.0215739 0.000998543 0)
(-0.0222651 0.000794124 0)
(-0.0227947 0.000580271 0)
(-0.0231564 0.000359362 0)
(-0.0233456 0.000133765 0)
(-0.0233598 -9.41349e-05 0)
(-0.0231982 -0.000321903 0)
(-0.0228618 -0.000547027 0)
(-0.0223539 -0.000766896 0)
(-0.0216797 -0.000978777 0)
(-0.0208466 -0.00117981 0)
(-0.0198641 -0.00136699 0)
(-0.0187442 -0.0015372 0)
(-0.0175012 -0.00168719 0)
(-0.016152 -0.00181365 0)
(-0.0147159 -0.00191321 0)
(-0.0132146 -0.00198254 0)
(-0.0116722 -0.00201837 0)
(-0.010115 -0.00201764 0)
(-0.00857149 -0.00197757 0)
(-0.00707149 -0.00189586 0)
(-0.00564605 -0.00177088 0)
(-0.00432654 -0.00160205 0)
(-0.00314356 -0.00139038 0)
(-0.00212548 -0.00113933 0)
(-0.00129628 -0.00085648 0)
(-0.000672382 -0.000556215 0)
(-0.00025791 -0.000263788 0)
(-4.07186e-05 -2.29506e-05 0)
(1.05828e-05 8.53785e-05 0)
(-1.23563e-05 -3.68791e-05 0)
(-0.000162303 0.000246788 0)
(-0.000564832 0.000704705 0)
(-0.00122375 0.00122984 0)
(-0.0021395 0.00175956 0)
(-0.00330227 0.00225502 0)
(-0.00468991 0.00269314 0)
(-0.00627242 0.00306135 0)
(-0.0080152 0.0033538 0)
(-0.00988134 0.00356897 0)
(-0.0118332 0.00370812 0)
(-0.0138336 0.00377429 0)
(-0.0158466 0.00377166 0)
(-0.0178385 0.00370511 0)
(-0.0197775 0.00357986 0)
(-0.0216346 0.00340134 0)
(-0.0233832 0.00317495 0)
(-0.0249997 0.00290605 0)
(-0.026463 0.00259984 0)
(-0.0277547 0.00226138 0)
(-0.028859 0.00189557 0)
(-0.0297626 0.00150714 0)
(-0.0304547 0.00110074 0)
(-0.0309271 0.000680921 0)
(-0.0311738 0.000252243 0)
(-0.0311915 -0.000180716 0)
(-0.0309792 -0.000613286 0)
(-0.0305385 -0.00104066 0)
(-0.0298736 -0.00145785 0)
(-0.0289913 -0.00185966 0)
(-0.0279014 -0.00224067 0)
(-0.0266164 -0.00259521 0)
(-0.0251519 -0.00291741 0)
(-0.0235267 -0.00320122 0)
(-0.0217624 -0.00344048 0)
(-0.0198841 -0.00362899 0)
(-0.0179197 -0.00376066 0)
(-0.0159002 -0.00382962 0)
(-0.0138591 -0.00383046 0)
(-0.0118324 -0.00375843 0)
(-0.0098577 -0.00360983 0)
(-0.00797384 -0.00338239 0)
(-0.00621955 -0.00307596 0)
(-0.00463234 -0.00269346 0)
(-0.00324663 -0.00224229 0)
(-0.0020916 -0.0017367 0)
(-0.0011878 -0.00120135 0)
(-0.000542854 -0.000676389 0)
(-0.000153205 -0.000225159 0)
(-1.06557e-05 4.54785e-05 0)
(-3.35104e-05 7.12769e-05 0)
(-0.000279871 0.000607135 0)
(-0.000866496 0.00134013 0)
(-0.00176689 0.00214742 0)
(-0.00296822 0.00295177 0)
(-0.00445439 0.00370221 0)
(-0.0061977 0.00436657 0)
(-0.00816273 0.00492609 0)
(-0.0103095 0.00537122 0)
(-0.0125955 0.00569867 0)
(-0.0149771 0.00590945 0)
(-0.0174112 0.00600747 0)
(-0.0198559 0.00599854 0)
(-0.0222714 0.00588973 0)
(-0.0246204 0.00568886 0)
(-0.0268685 0.00540409 0)
(-0.0289842 0.00504377 0)
(-0.0309391 0.00461616 0)
(-0.0327082 0.00412942 0)
(-0.0342694 0.0035915 0)
(-0.0356038 0.00301012 0)
(-0.0366954 0.00239282 0)
(-0.0375314 0.00174697 0)
(-0.0381018 0.00107987 0)
(-0.0383995 0.000398759 0)
(-0.0384205 -0.000289032 0)
(-0.0381637 -0.000976061 0)
(-0.037631 -0.00165467 0)
(-0.0368275 -0.00231693 0)
(-0.0357614 -0.00295461 0)
(-0.0344445 -0.00355912 0)
(-0.0328918 -0.00412155 0)
(-0.0311221 -0.00463268 0)
(-0.0291575 -0.00508305 0)
(-0.0270242 -0.00546308 0)
(-0.0247517 -0.0057632 0)
(-0.0223733 -0.00597406 0)
(-0.0199255 -0.00608678 0)
(-0.0174479 -0.00609328 0)
(-0.0149826 -0.00598668 0)
(-0.0125736 -0.00576184 0)
(-0.010266 -0.00541604 0)
(-0.00810477 -0.00494991 0)
(-0.00613309 -0.0043688 0)
(-0.00439093 -0.0036846 0)
(-0.00291285 -0.0029185 0)
(-0.00172479 -0.00210506 0)
(-0.000840373 -0.00129726 0)
(-0.000268763 -0.000573658 0)
(-3.13137e-05 -5.72702e-05 0)
(-5.28135e-05 0.000240875 0)
(-0.000392629 0.00111646 0)
(-0.00116207 0.00218925 0)
(-0.0023035 0.00332853 0)
(-0.00378874 0.00444719 0)
(-0.00559343 0.00548487 0)
(-0.00768304 0.00640175 0)
(-0.0100161 0.00717345 0)
(-0.0125473 0.00778683 0)
(-0.0152286 0.00823681 0)
(-0.0180115 0.00852405 0)
(-0.0208475 0.00865328 0)
(-0.0236898 0.00863205 0)
(-0.0264935 0.00846977 0)
(-0.0292166 0.00817703 0)
(-0.0318202 0.00776512 0)
(-0.0342686 0.00724561 0)
(-0.0365297 0.00663012 0)
(-0.0385749 0.00593014 0)
(-0.0403792 0.00515695 0)
(-0.0419209 0.00432157 0)
(-0.043182 0.00343477 0)
(-0.0441477 0.00250711 0)
(-0.0448066 0.00154904 0)
(-0.0451507 0.000571007 0)
(-0.0451753 -0.000416501 0)
(-0.0448792 -0.00140278 0)
(-0.0442646 -0.00237686 0)
(-0.0433374 -0.00332739 0)
(-0.0421068 -0.0042426 0)
(-0.0405863 -0.00511024 0)
(-0.038793 -0.00591764 0)
(-0.0367481 -0.00665173 0)
(-0.0344771 -0.00729912 0)
(-0.0320093 -0.00784634 0)
(-0.0293785 -0.00827998 0)
(-0.0266221 -0.00858702 0)
(-0.0237814 -0.00875523 0)
(-0.0209011 -0.0087736 0)
(-0.0180286 -0.00863294 0)
(-0.0152133 -0.00832663 0)
(-0.0125058 -0.00785153 0)
(-0.00995644 -0.00720921 0)
(-0.00761399 -0.00640755 0)
(-0.00552403 -0.00546287 0)
(-0.00372712 -0.00440292 0)
(-0.00225601 -0.00327084 0)
(-0.00113224 -0.00212988 0)
(-0.00037984 -0.00106932 0)
(-5.02835e-05 -0.000220684 0)
(-6.99321e-05 0.000467265 0)
(-0.000497836 0.00176946 0)
(-0.00144413 0.00324801 0)
(-0.00282145 0.00476976 0)
(-0.00458574 0.00624162 0)
(-0.00670327 0.00759669 0)
(-0.00913154 0.00878921 0)
(-0.0118224 0.00979027 0)
(-0.0147245 0.0105837 0)
(-0.0177847 0.0111628 0)
(-0.0209494 0.0115283 0)
(-0.0241655 0.0116856 0)
(-0.0273815 0.0116444 0)
(-0.0305483 0.0114164 0)
(-0.0336198 0.0110153 0)
(-0.0365532 0.0104559 0)
(-0.0393094 0.0097531 0)
(-0.041853 0.00892233 0)
(-0.0441526 0.00797877 0)
(-0.0461804 0.00693737 0)
(-0.0479128 0.00581281 0)
(-0.0493296 0.00461947 0)
(-0.0504147 0.00337147 0)
(-0.0511554 0.00208283 0)
(-0.051543 0.000767507 0)
(-0.0515721 -0.000560422 0)
(-0.0512414 -0.00188663 0)
(-0.0505532 -0.00319643 0)
(-0.049514 -0.00447463 0)
(-0.048134 -0.00570552 0)
(-0.0464279 -0.00687278 0)
(-0.0444145 -0.00795953 0)
(-0.0421172 -0.00894839 0)
(-0.0395639 -0.00982167 0)
(-0.036787 -0.0105615 0)
(-0.0338234 -0.0111503 0)
(-0.0307144 -0.011571 0)
(-0.0275054 -0.0118076 0)
(-0.0242454 -0.011846 0)
(-0.0209866 -0.0116744 0)
(-0.0177832 -0.0112846 0)
(-0.014691 -0.0106729 0)
(-0.0117657 -0.00984169 0)
(-0.00906157 -0.00880115 0)
(-0.00663033 -0.0075716 0)
(-0.0045194 -0.00618641 0)
(-0.00276936 -0.00469571 0)
(-0.00141091 -0.00317044 0)
(-0.000483424 -0.00170683 0)
(-6.70495e-05 -0.000439797 0)
(-8.51487e-05 0.000745964 0)
(-0.000595557 0.002559 0)
(-0.00171134 0.00450947 0)
(-0.0033178 0.00646486 0)
(-0.00535533 0.0083291 0)
(-0.00778023 0.0100311 0)
(-0.0105413 0.011521 0)
(-0.013583 0.0127666 0)
(-0.0168475 0.0137495 0)
(-0.0202763 0.0144621 0)
(-0.0238106 0.0149052 0)
(-0.0273928 0.0150857 0)
(-0.030967 0.0150152 0)
(-0.0344803 0.0147084 0)
(-0.0378829 0.0141822 0)
(-0.0411287 0.013455 0)
(-0.0441754 0.0125456 0)
(-0.046985 0.0114735 0)
(-0.0495236 0.0102577 0)
(-0.0517613 0.00891732 0)
(-0.0536726 0.00747093 0)
(-0.0552358 0.00593683 0)
(-0.0564334 0.00433303 0)
(-0.0572517 0.00267739 0)
(-0.0576812 0.000987704 0)
(-0.0577161 -0.000718056 0)
(-0.0573549 -0.00242163 0)
(-0.0566001 -0.00410428 0)
(-0.0554582 -0.00574668 0)
(-0.0539404 -0.0073288 0)
(-0.0520623 -0.00882988 0)
(-0.049844 -0.0102285 0)
(-0.0473107 -0.0115026 0)
(-0.0444923 -0.0126296 0)
(-0.0414238 -0.0135872 0)
(-0.0381448 -0.0143529 0)
(-0.0347 -0.0149053 0)
(-0.0311384 -0.0152246 0)
(-0.0275129 -0.0152928 0)
(-0.0238802 -0.0150955 0)
(-0.0202993 -0.0146226 0)
(-0.0168309 -0.0138694 0)
(-0.0135362 -0.0128389 0)
(-0.0104756 -0.0115431 0)
(-0.00770733 -0.0100054 0)
(-0.00528649 -0.00826396 0)
(-0.00326232 -0.00637415 0)
(-0.00167525 -0.00441244 0)
(-0.000579597 -0.00247935 0)
(-8.18832e-05 -0.000710317 0)
(-9.8906e-05 0.00107303 0)
(-0.000687067 0.0034782 0)
(-0.00196563 0.00596648 0)
(-0.00379493 0.0084075 0)
(-0.00610056 0.0107042 0)
(-0.0088287 0.0127832 0)
(-0.011919 0.0145921 0)
(-0.0153078 0.0160967 0)
(-0.0189306 0.0172773 0)
(-0.0227227 0.0181263 0)
(-0.0266202 0.018645 0)
(-0.0305608 0.0188423 0)
(-0.0344845 0.0187322 0)
(-0.0383345 0.0183326 0)
(-0.0420577 0.017664 0)
(-0.045605 0.0167486 0)
(-0.0489314 0.0156097 0)
(-0.0519965 0.0142707 0)
(-0.0547642 0.0127553 0)
(-0.0572031 0.0110866 0)
(-0.0592858 0.00928742 0)
(-0.0609894 0.00738035 0)
(-0.0622953 0.00538748 0)
(-0.0631891 0.00333073 0)
(-0.0636603 0.001232 0)
(-0.063703 -0.000886628 0)
(-0.0633151 -0.0030027 0)
(-0.0624992 -0.0050932 0)
(-0.0612621 -0.00713435 0)
(-0.0596153 -0.00910155 0)
(-0.0575752 -0.0109693 0)
(-0.055163 -0.0127112 0)
(-0.0524051 -0.0143003 0)
(-0.0493332 -0.0157089 0)
(-0.0459843 -0.0169093 0)
(-0.0424006 -0.0178744 0)
(-0.0386297 -0.0185777 0)
(-0.034724 -0.018995 0)
(-0.0307402 -0.0191045 0)
(-0.0267392 -0.0188884 0)
(-0.0227848 -0.0183343 0)
(-0.0189429 -0.0174363 0)
(-0.0152807 -0.0161972 0)
(-0.0118649 -0.0146302 0)
(-0.00876109 -0.0127611 0)
(-0.00603262 -0.0106315 0)
(-0.00373797 -0.00830085 0)
(-0.00192749 -0.00584941 0)
(-0.000669768 -0.00338031 0)
(-9.52558e-05 -0.00102837 0)
(-0.000111648 0.00144544 0)
(-0.000774096 0.00452152 0)
(-0.00221045 0.00761321 0)
(-0.00425811 0.0105927 0)
(-0.00682865 0.013363 0)
(-0.0098581 0.01585 0)
(-0.0132767 0.0180002 0)
(-0.0170122 0.0197783 0)
(-0.0209928 0.0211646 0)
(-0.0251475 0.022152 0)
(-0.0294068 0.0227436 0)
(-0.0337034 0.0229502 0)
(-0.0379733 0.0227892 0)
(-0.0421559 0.0222819 0)
(-0.0461948 0.0214529 0)
(-0.0500382 0.0203288 0)
(-0.0536386 0.0189373 0)
(-0.0569535 0.0173065 0)
(-0.059945 0.0154645 0)
(-0.0625801 0.013439 0)
(-0.0648303 0.0112574 0)
(-0.0666714 0.00894651 0)
(-0.0680839 0.0065328 0)
(-0.0690526 0.00404247 0)
(-0.0695666 0.00150166 0)
(-0.0696193 -0.00106324 0)
(-0.0692085 -0.0036254 0)
(-0.0683364 -0.00615732 0)
(-0.0670099 -0.00863058 0)
(-0.0652409 -0.0110158 0)
(-0.0630461 -0.0132823 0)
(-0.0604474 -0.0153987 0)
(-0.0574723 -0.0173325 0)
(-0.0541539 -0.0190506 0)
(-0.0505309 -0.0205199 0)
(-0.0466479 -0.0217076 0)
(-0.042555 -0.0225822 0)
(-0.0383079 -0.0231144 0)
(-0.033967 -0.0232779 0)
(-0.0295974 -0.0230513 0)
(-0.0252681 -0.0224192 0)
(-0.0210505 -0.0213738 0)
(-0.0170179 -0.0199171 0)
(-0.0132443 -0.0180628 0)
(-0.00980309 -0.0158382 0)
(-0.00676646 -0.0132872 0)
(-0.00420252 -0.0104723 0)
(-0.00217162 -0.00747654 0)
(-0.000755849 -0.00440474 0)
(-0.000107643 -0.00139106 0)
(-0.000123784 0.00186125 0)
(-0.000858515 0.00568534 0)
(-0.00245001 0.00944604 0)
(-0.00471415 0.0130178 0)
(-0.00754908 0.0163044 0)
(-0.0108808 0.0192317 0)
(-0.0146298 0.0217462 0)
(-0.018715 0.0238129 0)
(-0.0230567 0.0254128 0)
(-0.0275773 0.0265405 0)
(-0.0322011 0.0272012 0)
(-0.036856 0.0274091 0)
(-0.0414734 0.0271849 0)
(-0.045989 0.0265543 0)
(-0.0503433 0.0255464 0)
(-0.0544816 0.0241925 0)
(-0.0583545 0.0225252 0)
(-0.0619174 0.0205774 0)
(-0.065131 0.0183821 0)
(-0.0679607 0.0159719 0)
(-0.0703771 0.0133788 0)
(-0.0723551 0.0106341 0)
(-0.0738745 0.00776884 0)
(-0.0749192 0.00481353 0)
(-0.0754779 0.00179873 0)
(-0.0755435 -0.00124476 0)
(-0.0751133 -0.00428563 0)
(-0.0741894 -0.00729172 0)
(-0.0727786 -0.0102298 0)
(-0.0708925 -0.0130655 0)
(-0.0685481 -0.0157629 0)
(-0.0657679 -0.0182851 0)
(-0.0625801 -0.0205939 0)
(-0.0590187 -0.0226504 0)
(-0.0551241 -0.0244155 0)
(-0.0509427 -0.0258505 0)
(-0.0465273 -0.0269181 0)
(-0.0419365 -0.0275833 0)
(-0.0372348 -0.0278151 0)
(-0.0324917 -0.0275876 0)
(-0.0277812 -0.0268815 0)
(-0.0231808 -0.0256867 0)
(-0.0187708 -0.0240035 0)
(-0.0146326 -0.0218451 0)
(-0.0108482 -0.0192396 0)
(-0.00749926 -0.0162323 0)
(-0.00466388 -0.0128879 0)
(-0.00241242 -0.00929164 0)
(-0.000839931 -0.00554981 0)
(-0.000119488 -0.00179667 0)
(-0.000135681 0.00231949 0)
(-0.000942188 0.00696818 0)
(-0.00268876 0.011464 0)
(-0.00517052 0.0156831 0)
(-0.00827257 0.01953 0)
(-0.0119108 0.0229314 0)
(-0.0159958 0.0258344 0)
(-0.0204371 0.0282054 0)
(-0.025147 0.0300271 0)
(-0.0300403 0.0312966 0)
(-0.0350353 0.0320225 0)
(-0.0400543 0.0322227 0)
(-0.0450242 0.0319224 0)
(-0.049877 0.031152 0)
(-0.0545499 0.0299458 0)
(-0.0589858 0.0283402 0)
(-0.0631328 0.0263733 0)
(-0.066945 0.0240832 0)
(-0.0703815 0.021508 0)
(-0.0734068 0.0186853 0)
(-0.0759904 0.0156519 0)
(-0.0781066 0.012444 0)
(-0.0797345 0.00909699 0)
(-0.0808575 0.00564599 0)
(-0.0814637 0.00212597 0)
(-0.0815455 -0.00142779 0)
(-0.0810999 -0.00497942 0)
(-0.0801284 -0.00849204 0)
(-0.0786374 -0.0119275 0)
(-0.0766384 -0.0152462 0)
(-0.0741484 -0.0184069 0)
(-0.0711899 -0.0213669 0)
(-0.0677914 -0.0240819 0)
(-0.063988 -0.0265068 0)
(-0.0598212 -0.0285961 0)
(-0.0553392 -0.0303046 0)
(-0.0505971 -0.0315886 0)
(-0.0456569 -0.0324071 0)
(-0.0405865 -0.032723 0)
(-0.0354605 -0.0325052 0)
(-0.0303581 -0.0317303 0)
(-0.0253637 -0.0303844 0)
(-0.0205646 -0.0284655 0)
(-0.0160507 -0.0259854 0)
(-0.0119132 -0.0229722 0)
(-0.00824375 -0.0194719 0)
(-0.00513086 -0.0155507 0)
(-0.00265505 -0.0112957 0)
(-0.000924132 -0.00681521 0)
(-0.000131199 -0.0022446 0)
(-0.000147668 0.00282023 0)
(-0.00102691 0.00837078 0)
(-0.00293116 0.0136692 0)
(-0.00563493 0.0185922 0)
(-0.00901028 0.0230452 0)
(-0.0129629 0.0269557 0)
(-0.017393 0.0302726 0)
(-0.0222005 0.0329642 0)
(-0.0272888 0.0350161 0)
(-0.0325652 0.036429 0)
(-0.0379413 0.0372154 0)
(-0.0433336 0.0373983 0)
(-0.0486643 0.0370078 0)
(-0.0538614 0.0360802 0)
(-0.058859 0.0346553 0)
(-0.0635973 0.0327756 0)
(-0.0680227 0.0304846 0)
(-0.0720876 0.0278262 0)
(-0.07575 0.0248441 0)
(-0.0789735 0.021581 0)
(-0.0817269 0.0180788 0)
(-0.083984 0.0143783 0)
(-0.0857233 0.0105198 0)
(-0.0869279 0.00654285 0)
(-0.0875851 0.00248681 0)
(-0.0876871 -0.00160854 0)
(-0.08723 -0.00570274 0)
(-0.0862151 -0.00975418 0)
(-0.0846481 -0.0137197 0)
(-0.08254 -0.0175545 0)
(-0.0799074 -0.0212115 0)
(-0.0767726 -0.0246422 0)
(-0.0731644 -0.0277958 0)
(-0.0691182 -0.0306208 0)
(-0.0646766 -0.0330645 0)
(-0.0598893 -0.0350747 0)
(-0.0548139 -0.0366006 0)
(-0.049515 -0.0375942 0)
(-0.0440649 -0.0380118 0)
(-0.0385428 -0.0378162 0)
(-0.0330342 -0.0369786 0)
(-0.0276301 -0.0354805 0)
(-0.0224261 -0.0333167 0)
(-0.017521 -0.0304966 0)
(-0.013016 -0.0270473 0)
(-0.00901337 -0.0230151 0)
(-0.0056126 -0.0184674 0)
(-0.00290476 -0.0134932 0)
(-0.00101054 -0.00820317 0)
(-0.000143149 -0.00273541 0)
(-0.000160043 0.00336442 0)
(-0.0011144 0.00989608 0)
(-0.00318159 0.0160665 0)
(-0.00611504 0.021752 0)
(-0.00977345 0.0268585 0)
(-0.0140519 0.031315 0)
(-0.0188399 0.0350721 0)
(-0.0240271 0.0381013 0)
(-0.0295076 0.040392 0)
(-0.0351806 0.0419492 0)
(-0.0409505 0.0427911 0)
(-0.046728 0.0429459 0)
(-0.0524301 0.0424503 0)
(-0.0579808 0.0413468 0)
(-0.0633111 0.0396818 0)
(-0.0683588 0.0375042 0)
(-0.0730684 0.0348637 0)
(-0.0773908 0.0318106 0)
(-0.0812834 0.028394 0)
(-0.0847089 0.0246623 0)
(-0.0876357 0.0206626 0)
(-0.0900373 0.0164405 0)
(-0.0918917 0.0120409 0)
(-0.0931816 0.00750788 0)
(-0.0938941 0.00288525 0)
(-0.0940205 -0.00178281 0)
(-0.0935566 -0.00645132 0)
(-0.0925028 -0.011074 0)
(-0.090864 -0.0156026 0)
(-0.0886506 -0.0199869 0)
(-0.0858783 -0.0241744 0)
(-0.0825691 -0.0281099 0)
(-0.0787514 -0.0317363 0)
(-0.0744609 -0.0349947 0)
(-0.0697407 -0.0378251 0)
(-0.064642 -0.0401675 0)
(-0.0592243 -0.0419632 0)
(-0.0535556 -0.0431562 0)
(-0.0477119 -0.0436954 0)
(-0.0417777 -0.0435362 0)
(-0.0358448 -0.0426433 0)
(-0.0300117 -0.0409928 0)
(-0.0243828 -0.0385748 0)
(-0.0190666 -0.0353957 0)
(-0.014175 -0.0314808 0)
(-0.00982186 -0.0268759 0)
(-0.00611842 -0.0216492 0)
(-0.0031668 -0.0158922 0)
(-0.00110118 -0.00971857 0)
(-0.000155685 -0.00327071 0)
(-0.000173081 0.0039539 0)
(-0.00120627 0.0115491 0)
(-0.00344427 0.0186639 0)
(-0.00661835 0.025173 0)
(-0.0105731 0.0309827 0)
(-0.0151926 0.0360232 0)
(-0.0203548 0.0402479 0)
(-0.0259385 0.0436321 0)
(-0.0318281 0.0461699 0)
(-0.0379139 0.047872 0)
(-0.0440929 0.048763 0)
(-0.0502694 0.048878 0)
(-0.0563554 0.0482609 0)
(-0.0622706 0.0469614 0)
(-0.0679429 0.0450335 0)
(-0.0733078 0.042533 0)
(-0.0783081 0.0395168 0)
(-0.0828937 0.0360414 0)
(-0.0870212 0.0321623 0)
(-0.0906529 0.0279334 0)
(-0.0937572 0.0234073 0)
(-0.096307 0.0186344 0)
(-0.0982806 0.0136643 0)
(-0.0996602 0.00854535 0)
(-0.100432 0.00332582 0)
(-0.100588 -0.00194589 0)
(-0.100123 -0.0072204 0)
(-0.0990348 -0.0124468 0)
(-0.0973291 -0.0175719 0)
(-0.0950146 -0.0225402 0)
(-0.0921061 -0.027293 0)
(-0.0886246 -0.0317691 0)
(-0.084598 -0.0359041 0)
(-0.0800615 -0.0396316 0)
(-0.0750587 -0.0428835 0)
(-0.0696419 -0.0455912 0)
(-0.0638723 -0.0476872 0)
(-0.0578208 -0.0491068 0)
(-0.0515678 -0.0497899 0)
(-0.0452029 -0.0496836 0)
(-0.0388247 -0.0487448 0)
(-0.0325398 -0.0469428 0)
(-0.026462 -0.044262 0)
(-0.0207104 -0.0407046 0)
(-0.0154086 -0.0362931 0)
(-0.010683 -0.0310724 0)
(-0.00665756 -0.0251116 0)
(-0.00344636 -0.0185045 0)
(-0.00119803 -0.0113689 0)
(-0.000169138 -0.00385316 0)
(-0.000187039 0.00459132 0)
(-0.00130408 0.0133371 0)
(-0.00372326 0.0214723 0)
(-0.00715207 0.028869 0)
(-0.0114201 0.0354335 0)
(-0.0163992 0.0410977 0)
(-0.0219553 0.0458182 0)
(-0.0279556 0.0495748 0)
(-0.0342738 0.0523676 0)
(-0.040791 0.0542143 0)
(-0.0473963 0.0551467 0)
(-0.0539872 0.0552085 0)
(-0.0604705 0.0544517 0)
(-0.0667618 0.0529346 0)
(-0.0727858 0.0507192 0)
(-0.0784759 0.0478695 0)
(-0.0837734 0.0444498 0)
(-0.0886275 0.0405238 0)
(-0.0929943 0.0361533 0)
(-0.0968363 0.0313984 0)
(-0.100122 0.0263168 0)
(-0.102824 0.020964 0)
(-0.10492 0.0153941 0)
(-0.106394 0.00965985 0)
(-0.107231 0.00381343 0)
(-0.107421 -0.00209259 0)
(-0.106959 -0.00800463 0)
(-0.105844 -0.0138673 0)
(-0.104077 -0.0196227 0)
(-0.101666 -0.0252099 0)
(-0.0986263 -0.0305644 0)
(-0.0949758 -0.0356181 0)
(-0.0907417 -0.0402995 0)
(-0.0859586 -0.044534 0)
(-0.0806699 -0.0482448 0)
(-0.0749284 -0.0513541 0)
(-0.0687972 -0.0537844 0)
(-0.0623497 -0.0554609 0)
(-0.0556704 -0.0563135 0)
(-0.0488545 -0.0562796 0)
(-0.0420076 -0.0553067 0)
(-0.035245 -0.0533559 0)
(-0.0286906 -0.0504045 0)
(-0.0224752 -0.0464494 0)
(-0.0167351 -0.0415093 0)
(-0.0116105 -0.0356277 0)
(-0.00723922 -0.0288742 0)
(-0.00374855 -0.0213454 0)
(-0.00130302 -0.0131641 0)
(-0.000183823 -0.00448645 0)
(-0.000202158 0.00528013 0)
(-0.0014093 0.0152691 0)
(-0.00402245 0.0245051 0)
(-0.00772318 0.0328571 0)
(-0.0123245 0.0402307 0)
(-0.0176854 0.0465596 0)
(-0.0236583 0.0518045 0)
(-0.0300979 0.0559507 0)
(-0.0368667 0.0590055 0)
(-0.0438357 0.0609947 0)
(-0.0508856 0.0619594 0)
(-0.0579071 0.0619524 0)
(-0.0648015 0.0610356 0)
(-0.0714802 0.0592769 0)
(-0.0778651 0.0567476 0)
(-0.0838874 0.0535206 0)
(-0.0894877 0.0496685 0)
(-0.0946146 0.0452624 0)
(-0.0992241 0.0403712 0)
(-0.103279 0.0350608 0)
(-0.106748 0.0293946 0)
(-0.109605 0.0234331 0)
(-0.111828 0.0172346 0)
(-0.1134 0.010856 0)
(-0.114307 0.00435327 0)
(-0.114537 -0.00221718 0)
(-0.114086 -0.0087979 0)
(-0.112949 -0.0153293 0)
(-0.111128 -0.0217489 0)
(-0.108629 -0.0279905 0)
(-0.105463 -0.0339837 0)
(-0.101649 -0.0396537 0)
(-0.0972104 -0.0449213 0)
(-0.0921818 -0.0497034 0)
(-0.0866055 -0.0539137 0)
(-0.0805345 -0.057464 0)
(-0.0740327 -0.0602662 0)
(-0.0671763 -0.0622338 0)
(-0.0600537 -0.0632853 0)
(-0.0527655 -0.0633467 0)
(-0.0454249 -0.0623547 0)
(-0.0381563 -0.0602602 0)
(-0.0310946 -0.0570322 0)
(-0.0243832 -0.0526604 0)
(-0.0181725 -0.0471591 0)
(-0.0126178 -0.0405692 0)
(-0.00787243 -0.0329609 0)
(-0.00407841 -0.0244338 0)
(-0.00141806 -0.0151167 0)
(-0.000200048 -0.00517523 0)
(-0.00021867 0.00602452 0)
(-0.00152335 0.017356 0)
(-0.00434561 0.0277788 0)
(-0.00833835 0.0371573 0)
(-0.0132964 0.0453967 0)
(-0.0190641 0.0524329 0)
(-0.0254796 0.058231 0)
(-0.0323837 0.0627833 0)
(-0.0396266 0.0661056 0)
(-0.0470689 0.0682334 0)
(-0.0545824 0.0692184 0)
(-0.0620506 0.0691246 0)
(-0.069369 0.0680249 0)
(-0.0764454 0.0659983 0)
(-0.0831986 0.0631265 0)
(-0.0895586 0.0594922 0)
(-0.0954651 0.055177 0)
(-0.100867 0.0502603 0)
(-0.10572 0.044818 0)
(-0.109989 0.0389227 0)
(-0.113643 0.032643 0)
(-0.116657 0.0260443 0)
(-0.119009 0.0191891 0)
(-0.120682 0.012138 0)
(-0.121662 0.00495061 0)
(-0.121939 -0.00231346 0)
(-0.121505 -0.00959319 0)
(-0.120354 -0.0168252 0)
(-0.118488 -0.0239427 0)
(-0.115909 -0.0308745 0)
(-0.112627 -0.0375443 0)
(-0.108656 -0.0438706 0)
(-0.10402 -0.0497661 0)
(-0.0987505 -0.0551389 0)
(-0.0928878 -0.0598923 0)
(-0.0864846 -0.0639271 0)
(-0.0796058 -0.0671427 0)
(-0.0723292 -0.0694402 0)
(-0.064747 -0.0707246 0)
(-0.0569656 -0.0709086 0)
(-0.0491055 -0.0699163 0)
(-0.0413009 -0.0676866 0)
(-0.0336986 -0.064178 0)
(-0.0264557 -0.0593719 0)
(-0.0197382 -0.0532762 0)
(-0.0137181 -0.0459288 0)
(-0.00856612 -0.0373998 0)
(-0.00444092 -0.0277923 0)
(-0.00154502 -0.0172418 0)
(-0.000218121 -0.00592514 0)
(-0.000236804 0.0068294 0)
(-0.00164763 0.0196108 0)
(-0.00469635 0.0313123 0)
(-0.00900399 0.041793 0)
(-0.0143449 0.0509575 0)
(-0.0205475 0.0587443 0)
(-0.0274336 0.0651244 0)
(-0.0348291 0.070098 0)
(-0.0425711 0.0736911 0)
(-0.0505086 0.0759508 0)
(-0.0585041 0.0769412 0)
(-0.0664337 0.0767392 0)
(-0.0741875 0.0754306 0)
(-0.0816693 0.0731066 0)
(-0.0887958 0.069861 0)
(-0.0954956 0.0657872 0)
(-0.101709 0.0609768 0)
(-0.107384 0.0555178 0)
(-0.11248 0.0494938 0)
(-0.11696 0.0429838 0)
(-0.120798 0.0360622 0)
(-0.123967 0.0287987 0)
(-0.126448 0.0212599 0)
(-0.128225 0.0135097 0)
(-0.129283 0.0056106 0)
(-0.129612 -0.00237478 0)
(-0.129203 -0.0103825 0)
(-0.128049 -0.0183459 0)
(-0.126147 -0.0261942 0)
(-0.1235 -0.0338517 0)
(-0.120113 -0.0412364 0)
(-0.115998 -0.0482599 0)
(-0.111174 -0.054827 0)
(-0.105671 -0.0608361 0)
(-0.0995272 -0.0661797 0)
(-0.0927934 -0.0707462 0)
(-0.0855344 -0.0744217 0)
(-0.0778294 -0.0770927 0)
(-0.0697739 -0.0786492 0)
(-0.0614795 -0.0789886 0)
(-0.0530745 -0.0780197 0)
(-0.0447034 -0.0756676 0)
(-0.0365255 -0.0718778 0)
(-0.028713 -0.0666213 0)
(-0.021449 -0.0598984 0)
(-0.0149242 -0.0517425 0)
(-0.00932903 -0.0422231 0)
(-0.00484102 -0.0314468 0)
(-0.0016858 -0.0195568 0)
(-0.000238351 -0.00674281 0)
(-0.000256785 0.0077004 0)
(-0.00178347 0.022048 0)
(-0.00507818 0.0351268 0)
(-0.00972625 0.0467899 0)
(-0.015479 0.0569414 0)
(-0.0221468 0.0655232 0)
(-0.0295335 0.072513 0)
(-0.0374486 0.0779211 0)
(-0.0457146 0.0817854 0)
(-0.0541686 0.0841667 0)
(-0.0626631 0.0851437 0)
(-0.0710667 0.0848082 0)
(-0.079264 0.0832607 0)
(-0.0871553 0.0806066 0)
(-0.0946556 0.0769529 0)
(-0.101693 0.0724051 0)
(-0.108208 0.0670654 0)
(-0.114152 0.0610314 0)
(-0.119483 0.0543946 0)
(-0.12417 0.0472408 0)
(-0.128185 0.0396494 0)
(-0.131506 0.031695 0)
(-0.134115 0.0234474 0)
(-0.135996 0.0149734 0)
(-0.137135 0.00633796 0)
(-0.137522 -0.00239419 0)
(-0.137145 -0.0111568 0)
(-0.135998 -0.0198804 0)
(-0.134075 -0.0284911 0)
(-0.131374 -0.0369089 0)
(-0.127898 -0.0450465 0)
(-0.123654 -0.0528089 0)
(-0.118658 -0.0600926 0)
(-0.112935 -0.0667859 0)
(-0.106521 -0.0727701 0)
(-0.0994631 -0.07792 0)
(-0.0918259 -0.0821068 0)
(-0.083689 -0.0852008 0)
(-0.0751501 -0.0870748 0)
(-0.0663259 -0.0876084 0)
(-0.0573525 -0.0866928 0)
(-0.0483848 -0.0842362 0)
(-0.0395957 -0.0801689 0)
(-0.0311737 -0.074449 0)
(-0.0233207 -0.0670668 0)
(-0.0162486 -0.0580501 0)
(-0.0101698 -0.0474667 0)
(-0.0052836 -0.0354268 0)
(-0.00184226 -0.0220816 0)
(-0.00026105 -0.00763581 0)
(-0.000278841 0.00864382 0)
(-0.00193223 0.0246839 0)
(-0.00549456 0.039246 0)
(-0.0105111 0.0521766 0)
(-0.0167071 0.0633793 0)
(-0.0238723 0.0728006 0)
(-0.031791 0.0804266 0)
(-0.0402541 0.0862794 0)
(-0.0490686 0.0904114 0)
(-0.0580585 0.0928995 0)
(-0.0670661 0.0938394 0)
(-0.0759523 0.0933402 0)
(-0.0845966 0.0915194 0)
(-0.0928964 0.0884983 0)
(-0.100765 0.0843988 0)
(-0.108132 0.0793398 0)
(-0.114939 0.0734353 0)
(-0.121139 0.0667927 0)
(-0.126694 0.059512 0)
(-0.131576 0.0516855 0)
(-0.135758 0.0433984 0)
(-0.139224 0.0347288 0)
(-0.141955 0.0257498 0)
(-0.143938 0.0165302 0)
(-0.14516 0.00713665 0)
(-0.145609 -0.0023646 0)
(-0.145275 -0.0119058 0)
(-0.144147 -0.0214159 0)
(-0.142218 -0.0308181 0)
(-0.139482 -0.0400291 0)
(-0.135936 -0.0489567 0)
(-0.131585 -0.0574994 0)
(-0.126438 -0.0655455 0)
(-0.120515 -0.0729734 0)
(-0.113848 -0.0796516 0)
(-0.106481 -0.0854409 0)
(-0.0984747 -0.0901959 0)
(-0.0899087 -0.0937687 0)
(-0.0808822 -0.0960126 0)
(-0.0715163 -0.0967865 0)
(-0.0619544 -0.0959613 0)
(-0.0523622 -0.0934249 0)
(-0.0429269 -0.0890895 0)
(-0.0338546 -0.082897 0)
(-0.0253681 -0.0748256 0)
(-0.017703 -0.0648949 0)
(-0.0110967 -0.0531703 0)
(-0.00577352 -0.0397648 0)
(-0.0020163 -0.0248387 0)
(-0.000286544 -0.00861272 0)
(-0.000303205 0.0096667 0)
(-0.00209526 0.0275366 0)
(-0.00594888 0.0436958 0)
(-0.0113641 0.0579837 0)
(-0.0180368 0.0703042 0)
(-0.0257335 0.0806091 0)
(-0.0342158 0.0888952 0)
(-0.0432549 0.095199 0)
(-0.0526404 0.0995901 0)
(-0.0621825 0.102164 0)
(-0.0717129 0.103038 0)
(-0.081085 0.102339 0)
(-0.0901735 0.100205 0)
(-0.0988736 0.0967755 0)
(-0.107099 0.0921889 0)
(-0.114779 0.0865789 0)
(-0.12186 0.080072 0)
(-0.128297 0.0727866 0)
(-0.134057 0.0648311 0)
(-0.139114 0.0563047 0)
(-0.143449 0.0472975 0)
(-0.147045 0.0378914 0)
(-0.14989 0.0281617 0)
(-0.15197 0.0181786 0)
(-0.153274 0.00800945 0)
(-0.15379 -0.00227898 0)
(-0.153508 -0.0126185 0)
(-0.152413 -0.0229371 0)
(-0.150497 -0.0331566 0)
(-0.147747 -0.0431907 0)
(-0.144158 -0.0529433 0)
(-0.139727 -0.0623069 0)
(-0.134458 -0.0711617 0)
(-0.128364 -0.0793756 0)
(-0.121471 -0.0868044 0)
(-0.113817 -0.0932934 0)
(-0.10546 -0.0986792 0)
(-0.096476 -0.102794 0)
(-0.0869656 -0.105467 0)
(-0.0770528 -0.106537 0)
(-0.0668879 -0.105847 0)
(-0.0566473 -0.103264 0)
(-0.046533 -0.0986771 0)
(-0.0367703 -0.0920084 0)
(-0.0276049 -0.0832208 0)
(-0.0192988 -0.0723233 0)
(-0.012118 -0.0593769 0)
(-0.00631564 -0.0444968 0)
(-0.00220987 -0.0278527 0)
(-0.000315168 -0.00968308 0)
(-0.000330124 0.0107767 0)
(-0.00227395 0.0306257 0)
(-0.00644457 0.0485043 0)
(-0.0122911 0.0642443 0)
(-0.0194757 0.0777503 0)
(-0.0277385 0.0889818 0)
(-0.0368162 0.0979485 0)
(-0.0464573 0.104704 0)
(-0.056433 0.109339 0)
(-0.0665389 0.111972 0)
(-0.0765956 0.112742 0)
(-0.0864494 0.111801 0)
(-0.0959709 0.109308 0)
(-0.105054 0.105424 0)
(-0.113613 0.100305 0)
(-0.121581 0.0941007 0)
(-0.128908 0.0869527 0)
(-0.135553 0.0789897 0)
(-0.14149 0.0703295 0)
(-0.146698 0.0610779 0)
(-0.151162 0.0513295 0)
(-0.15487 0.0411692 0)
(-0.157813 0.0306739 0)
(-0.159981 0.0199143 0)
(-0.161364 0.00895746 0)
(-0.161951 -0.0021307 0)
(-0.161729 -0.0132827 0)
(-0.160684 -0.0244267 0)
(-0.158801 -0.0354843 0)
(-0.156066 -0.0463674 0)
(-0.152465 -0.0569767 0)
(-0.147989 -0.0671994 0)
(-0.142635 -0.0769082 0)
(-0.136408 -0.0859605 0)
(-0.129325 -0.0941988 0)
(-0.121419 -0.101452 0)
(-0.112741 -0.107537 0)
(-0.103362 -0.112263 0)
(-0.0933821 -0.115436 0)
(-0.0829268 -0.116865 0)
(-0.0721523 -0.116367 0)
(-0.0612454 -0.113781 0)
(-0.0504236 -0.108967 0)
(-0.0399325 -0.101826 0)
(-0.030043 -0.0922997 0)
(-0.0210465 -0.0803838 0)
(-0.0132417 -0.0661323 0)
(-0.00691479 -0.0496617 0)
(-0.00242492 -0.0311508 0)
(-0.000347277 -0.0108575 0)
(-0.000359861 0.0119824 0)
(-0.00246975 0.0339727 0)
(-0.00698514 0.0537016 0)
(-0.0132976 0.0709929 0)
(-0.0210307 0.0857534 0)
(-0.0298948 0.0979519 0)
(-0.0395979 0.107614 0)
(-0.0498642 0.114816 0)
(-0.0604446 0.119672 0)
(-0.071119 0.122327 0)
(-0.0816972 0.122948 0)
(-0.0920187 0.121714 0)
(-0.101951 0.118809 0)
(-0.111388 0.114418 0)
(-0.120247 0.108716 0)
(-0.128466 0.101873 0)
(-0.135999 0.0940438 0)
(-0.142813 0.0853691 0)
(-0.148889 0.0759758 0)
(-0.154211 0.0659762 0)
(-0.158772 0.0554693 0)
(-0.162565 0.0445422 0)
(-0.165586 0.0332723 0)
(-0.167828 0.0217296 0)
(-0.169284 0.00997955 0)
(-0.169942 -0.00191386 0)
(-0.169791 -0.0138853 0)
(-0.168812 -0.0258648 0)
(-0.166988 -0.0377748 0)
(-0.164298 -0.049527 0)
(-0.160724 -0.0610199 0)
(-0.156247 -0.0721364 0)
(-0.150856 -0.0827423 0)
(-0.144545 -0.0926848 0)
(-0.137323 -0.101793 0)
(-0.129213 -0.109878 0)
(-0.120256 -0.116736 0)
(-0.110519 -0.122152 0)
(-0.100097 -0.125903 0)
(-0.0891162 -0.127767 0)
(-0.0777364 -0.127529 0)
(-0.0661544 -0.124994 0)
(-0.0546031 -0.119991 0)
(-0.0433496 -0.11239 0)
(-0.0326924 -0.10211 0)
(-0.0229559 -0.0891267 0)
(-0.0144755 -0.0734854 0)
(-0.00757587 -0.0553013 0)
(-0.0026635 -0.0347625 0)
(-0.000383249 -0.0121476 0)
(-0.000392712 0.013293 0)
(-0.00268425 0.0376006 0)
(-0.00757431 0.0593199 0)
(-0.0143892 0.0782661 0)
(-0.0227087 0.0943495 0)
(-0.0322085 0.107552 0)
(-0.042565 0.117919 0)
(-0.0534749 0.125551 0)
(-0.0646672 0.130594 0)
(-0.075906 0.133225 0)
(-0.0869901 0.133642 0)
(-0.097753 0.132055 0)
(-0.108061 0.128677 0)
(-0.117809 0.12372 0)
(-0.12692 0.117382 0)
(-0.135337 0.109852 0)
(-0.143022 0.1013 0)
(-0.149953 0.0918795 0)
(-0.156116 0.0817272 0)
(-0.161506 0.070961 0)
(-0.166122 0.0596836 0)
(-0.169966 0.0479831 0)
(-0.173037 0.0359366 0)
(-0.175333 0.0236119 0)
(-0.176851 0.0110717 0)
(-0.17758 -0.00162378 0)
(-0.177507 -0.014413 0)
(-0.176614 -0.0272293 0)
(-0.174877 -0.0399977 0)
(-0.17227 -0.0526313 0)
(-0.168768 -0.0650279 0)
(-0.164343 -0.0770675 0)
(-0.158972 -0.0886097 0)
(-0.152641 -0.0994925 0)
(-0.145344 -0.109531 0)
(-0.137093 -0.118519 0)
(-0.127918 -0.12623 0)
(-0.117877 -0.132421 0)
(-0.107058 -0.136839 0)
(-0.0955833 -0.139226 0)
(-0.0836167 -0.13933 0)
(-0.0713628 -0.136915 0)
(-0.0590694 -0.131773 0)
(-0.0470261 -0.123738 0)
(-0.0355611 -0.112697 0)
(-0.0250356 -0.0986032 0)
(-0.0158269 -0.081487 0)
(-0.00830382 -0.0614604 0)
(-0.00292777 -0.0387197 0)
(-0.000423496 -0.013566 0)
(-0.000429015 0.0147187 0)
(-0.00291922 0.0415347 0)
(-0.00821617 0.0653934 0)
(-0.0155721 0.0861016 0)
(-0.0245163 0.103575 0)
(-0.0346851 0.117811 0)
(-0.045719 0.128882 0)
(-0.0572843 0.136919 0)
(-0.0690868 0.142103 0)
(-0.0808739 0.14465 0)
(-0.0924344 0.144795 0)
(-0.103597 0.142785 0)
(-0.114229 0.138865 0)
(-0.124228 0.133276 0)
(-0.133525 0.126244 0)
(-0.142071 0.117975 0)
(-0.14984 0.10866 0)
(-0.156818 0.0984623 0)
(-0.163004 0.0875286 0)
(-0.168402 0.0759823 0)
(-0.173021 0.0639286 0)
(-0.176869 0.0514561 0)
(-0.179953 0.0386396 0)
(-0.182279 0.0255438 0)
(-0.183843 0.0122265 0)
(-0.184639 -0.00125745 0)
(-0.184653 -0.0148519 0)
(-0.183864 -0.0284956 0)
(-0.182245 -0.0421181 0)
(-0.179764 -0.0556356 0)
(-0.176387 -0.0689472 0)
(-0.172077 -0.0819315 0)
(-0.166799 -0.0944435 0)
(-0.160524 -0.106313 0)
(-0.153233 -0.117341 0)
(-0.144923 -0.127304 0)
(-0.13561 -0.135952 0)
(-0.125339 -0.143012 0)
(-0.114187 -0.148197 0)
(-0.102272 -0.151208 0)
(-0.0897551 -0.15175 0)
(-0.0768481 -0.149542 0)
(-0.0638128 -0.144328 0)
(-0.0509616 -0.1359 0)
(-0.0386545 -0.124104 0)
(-0.0272935 -0.108864 0)
(-0.0173033 -0.0901894 0)
(-0.00910381 -0.068186 0)
(-0.00322001 -0.0430569 0)
(-0.000468475 -0.0151268 0)
(-0.000469174 0.0162704 0)
(-0.00317674 0.045802 0)
(-0.00891537 0.0719586 0)
(-0.0168529 0.0945384 0)
(-0.0264605 0.113465 0)
(-0.0373291 0.128757 0)
(-0.0490588 0.140518 0)
(-0.0612826 0.148919 0)
(-0.0736814 0.154184 0)
(-0.0859861 0.156573 0)
(-0.0979763 0.156365 0)
(-0.109478 0.153849 0)
(-0.120361 0.149308 0)
(-0.130532 0.143016 0)
(-0.139929 0.135225 0)
(-0.148516 0.126167 0)
(-0.15628 0.116046 0)
(-0.16322 0.105043 0)
(-0.169348 0.0933104 0)
(-0.174679 0.0809771 0)
(-0.179234 0.0681497 0)
(-0.183031 0.0549157 0)
(-0.186085 0.0413465 0)
(-0.188405 0.0275015 0)
(-0.189995 0.013432 0)
(-0.190851 -0.000814138 0)
(-0.190957 -0.0151886 0)
(-0.190292 -0.0296375 0)
(-0.188826 -0.044097 0)
(-0.186519 -0.0584887 0)
(-0.183328 -0.0727151 0)
(-0.179206 -0.0866555 0)
(-0.174105 -0.100162 0)
(-0.16798 -0.113058 0)
(-0.160795 -0.125132 0)
(-0.152529 -0.136142 0)
(-0.143181 -0.145814 0)
(-0.132778 -0.153844 0)
(-0.121383 -0.159906 0)
(-0.109103 -0.163658 0)
(-0.0960959 -0.164754 0)
(-0.0825751 -0.162858 0)
(-0.0688148 -0.15766 0)
(-0.0551503 -0.148897 0)
(-0.0419752 -0.136369 0)
(-0.0297364 -0.119958 0)
(-0.0189122 -0.0996461 0)
(-0.0099813 -0.0755279 0)
(-0.00354278 -0.047811 0)
(-0.000518709 -0.016845 0)
(-0.000513687 0.0179607 0)
(-0.00345935 0.0504322 0)
(-0.0096775 0.0790544 0)
(-0.0182394 0.103616 0)
(-0.0285487 0.124054 0)
(-0.0401444 0.140413 0)
(-0.0525809 0.152836 0)
(-0.0654546 0.161542 0)
(-0.0784205 0.166807 0)
(-0.0911933 0.168945 0)
(-0.103545 0.168287 0)
(-0.115303 0.165169 0)
(-0.126342 0.159918 0)
(-0.136579 0.152843 0)
(-0.145967 0.144227 0)
(-0.154485 0.134326 0)
(-0.162134 0.123363 0)
(-0.168931 0.11153 0)
(-0.174902 0.0989871 0)
(-0.180078 0.0858682 0)
(-0.184489 0.0722797 0)
(-0.188167 0.058306 0)
(-0.191134 0.0440135 0)
(-0.193408 0.0294544 0)
(-0.194998 0.0146718 0)
(-0.1959 -0.000295947 0)
(-0.196103 -0.0154103 0)
(-0.195583 -0.0306269 0)
(-0.194306 -0.0458913 0)
(-0.192226 -0.0611327 0)
(-0.189291 -0.0762596 0)
(-0.185441 -0.0911546 0)
(-0.180614 -0.10567 0)
(-0.174749 -0.119622 0)
(-0.16779 -0.132791 0)
(-0.159695 -0.144918 0)
(-0.15044 -0.155703 0)
(-0.140031 -0.16481 0)
(-0.128512 -0.171871 0)
(-0.115973 -0.176495 0)
(-0.102563 -0.178279 0)
(-0.0884927 -0.176824 0)
(-0.0740462 -0.171754 0)
(-0.0595799 -0.162741 0)
(-0.0455226 -0.149522 0)
(-0.03237 -0.131931 0)
(-0.020661 -0.109911 0)
(-0.0109423 -0.0835382 0)
(-0.00389899 -0.0530219 0)
(-0.000574813 -0.0187374 0)
(-0.000563189 0.0198033 0)
(-0.00377021 0.055458 0)
(-0.0105095 0.0867223 0)
(-0.0197408 0.113377 0)
(-0.0307898 0.135373 0)
(-0.0431349 0.152794 0)
(-0.056279 0.165829 0)
(-0.0697791 0.174759 0)
(-0.0832631 0.179923 0)
(-0.0964312 0.181697 0)
(-0.109051 0.180474 0)
(-0.120954 0.176645 0)
(-0.132025 0.170583 0)
(-0.142197 0.16264 0)
(-0.151439 0.153129 0)
(-0.159751 0.142333 0)
(-0.167154 0.130492 0)
(-0.173682 0.11781 0)
(-0.179379 0.104456 0)
(-0.184292 0.0905634 0)
(-0.188466 0.0762381 0)
(-0.191944 0.0615597 0)
(-0.194759 0.0465875 0)
(-0.196937 0.0313648 0)
(-0.198492 0.0159238 0)
(-0.199426 0.00029156 0)
(-0.199727 -0.0155054 0)
(-0.199372 -0.0314351 0)
(-0.198321 -0.0474545 0)
(-0.196525 -0.0635036 0)
(-0.193922 -0.0794997 0)
(-0.190439 -0.0953314 0)
(-0.186 -0.110853 0)
(-0.180523 -0.125881 0)
(-0.173931 -0.140185 0)
(-0.166158 -0.153492 0)
(-0.157154 -0.165477 0)
(-0.146897 -0.175772 0)
(-0.135406 -0.183964 0)
(-0.122748 -0.189608 0)
(-0.109055 -0.192235 0)
(-0.0945318 -0.191375 0)
(-0.0794652 -0.186574 0)
(-0.0642307 -0.177423 0)
(-0.0492927 -0.163584 0)
(-0.0351995 -0.144824 0)
(-0.0225581 -0.121037 0)
(-0.0119938 -0.0922714 0)
(-0.00429209 -0.0587324 0)
(-0.000637531 -0.0208221 0)
(-0.000618515 0.0218139 0)
(-0.00411347 0.060916 0)
(-0.0114202 0.0950076 0)
(-0.0213692 0.123861 0)
(-0.0331942 0.147452 0)
(-0.046304 0.165907 0)
(-0.0601435 0.179481 0)
(-0.0742269 0.188526 0)
(-0.0881557 0.193459 0)
(-0.101618 0.194733 0)
(-0.11438 0.192809 0)
(-0.126284 0.188142 0)
(-0.137231 0.18116 0)
(-0.147174 0.172256 0)
(-0.156106 0.161781 0)
(-0.164049 0.15004 0)
(-0.171047 0.137293 0)
(-0.177158 0.123754 0)
(-0.182444 0.109596 0)
(-0.186971 0.0949545 0)
(-0.1908 0.0799309 0)
(-0.193985 0.0645981 0)
(-0.196572 0.0490061 0)
(-0.198595 0.0331869 0)
(-0.200075 0.0171601 0)
(-0.201018 0.000938845 0)
(-0.201416 -0.0154647 0)
(-0.201243 -0.032033 0)
(-0.200459 -0.0487376 0)
(-0.199007 -0.065532 0)
(-0.196818 -0.0823455 0)
(-0.193806 -0.0990765 0)
(-0.189879 -0.115586 0)
(-0.184936 -0.13169 0)
(-0.178876 -0.147155 0)
(-0.171603 -0.161695 0)
(-0.163038 -0.174963 0)
(-0.153127 -0.186557 0)
(-0.141854 -0.19602 0)
(-0.129258 -0.202846 0)
(-0.115444 -0.206496 0)
(-0.100601 -0.206415 0)
(-0.0850145 -0.202057 0)
(-0.0690736 -0.192915 0)
(-0.053277 -0.178559 0)
(-0.038229 -0.15867 0)
(-0.0246126 -0.133077 0)
(-0.0131441 -0.101784 0)
(-0.0047263 -0.064989 0)
(-0.000707801 -0.0231195 0)
(-0.000680783 0.0240106 0)
(-0.00449461 0.0668475 0)
(-0.0124213 0.10396 0)
(-0.0231397 0.135112 0)
(-0.0357752 0.160312 0)
(-0.0496555 0.179748 0)
(-0.0641608 0.193753 0)
(-0.0787598 0.202772 0)
(-0.0930289 0.207314 0)
(-0.106648 0.207921 0)
(-0.119391 0.20514 0)
(-0.131114 0.199494 0)
(-0.141743 0.191472 0)
(-0.151258 0.181513 0)
(-0.15968 0.170003 0)
(-0.167061 0.157273 0)
(-0.173472 0.1436 0)
(-0.178994 0.129206 0)
(-0.183713 0.114268 0)
(-0.187713 0.0989175 0)
(-0.191073 0.0832506 0)
(-0.193861 0.0673311 0)
(-0.196134 0.0511972 0)
(-0.197936 0.0348675 0)
(-0.199294 0.0183467 0)
(-0.20022 0.00163196 0)
(-0.200708 -0.0152811 0)
(-0.200734 -0.0323923 0)
(-0.200255 -0.0496899 0)
(-0.19921 -0.0671443 0)
(-0.197522 -0.0847003 0)
(-0.195094 -0.10227 0)
(-0.191816 -0.119723 0)
(-0.187569 -0.136884 0)
(-0.182224 -0.153517 0)
(-0.175658 -0.169328 0)
(-0.167753 -0.183952 0)
(-0.158419 -0.196955 0)
(-0.147598 -0.207832 0)
(-0.13529 -0.216018 0)
(-0.121563 -0.220892 0)
(-0.106582 -0.221805 0)
(-0.0906185 -0.218103 0)
(-0.0740687 -0.209163 0)
(-0.0574625 -0.194435 0)
(-0.0414624 -0.173494 0)
(-0.0268356 -0.146079 0)
(-0.0144034 -0.112136 0)
(-0.00520702 -0.0718427 0)
(-0.000786831 -0.0256525 0)
(-0.000751526 0.0264151 0)
(-0.00492106 0.0733004 0)
(-0.0135284 0.113633 0)
(-0.0250724 0.147174 0)
(-0.0385497 0.173972 0)
(-0.0531936 0.194297 0)
(-0.0683119 0.208586 0)
(-0.0833269 0.217394 0)
(-0.0977933 0.221347 0)
(-0.11139 0.221094 0)
(-0.123905 0.217274 0)
(-0.135221 0.210493 0)
(-0.145296 0.201302 0)
(-0.154144 0.190191 0)
(-0.161823 0.177583 0)
(-0.168418 0.16383 0)
(-0.174031 0.149224 0)
(-0.178771 0.133994 0)
(-0.182748 0.118314 0)
(-0.186067 0.102313 0)
(-0.188822 0.0860774 0)
(-0.191098 0.0696583 0)
(-0.192963 0.0530802 0)
(-0.194469 0.036346 0)
(-0.195652 0.0194436 0)
(-0.196529 0.00235226 0)
(-0.197097 -0.0149514 0)
(-0.197334 -0.0324864 0)
(-0.197197 -0.0502609 0)
(-0.196622 -0.0682648 0)
(-0.195524 -0.0864618 0)
(-0.193796 -0.104781 0)
(-0.191315 -0.12311 0)
(-0.18794 -0.14128 0)
(-0.183517 -0.159065 0)
(-0.177888 -0.176164 0)
(-0.170899 -0.1922 0)
(-0.162413 -0.206711 0)
(-0.152325 -0.219148 0)
(-0.140582 -0.22888 0)
(-0.127208 -0.235203 0)
(-0.112324 -0.23736 0)
(-0.096178 -0.234572 0)
(-0.079162 -0.226074 0)
(-0.0618302 -0.211173 0)
(-0.0449032 -0.189304 0)
(-0.0292407 -0.160088 0)
(-0.0157851 -0.12339 0)
(-0.00574135 -0.0793502 0)
(-0.000876227 -0.0284472 0)
(-0.000832878 0.0290535 0)
(-0.005403 0.0803317 0)
(-0.0147625 0.124091 0)
(-0.0271939 0.160089 0)
(-0.0415393 0.188439 0)
(-0.0569217 0.209516 0)
(-0.07257 0.223887 0)
(-0.0878605 0.232253 0)
(-0.102333 0.235375 0)
(-0.115674 0.234031 0)
(-0.1277 0.228969 0)
(-0.138331 0.220883 0)
(-0.147567 0.210392 0)
(-0.155468 0.198037 0)
(-0.162134 0.184275 0)
(-0.167688 0.169479 0)
(-0.172268 0.153951 0)
(-0.176013 0.137922 0)
(-0.179057 0.121562 0)
(-0.181526 0.104991 0)
(-0.183533 0.088281 0)
(-0.185174 0.0714706 0)
(-0.186529 0.0545672 0)
(-0.18766 0.0375559 0)
(-0.18861 0.0204058 0)
(-0.189401 0.00307644 0)
(-0.190035 -0.0144761 0)
(-0.190493 -0.0322921 0)
(-0.190731 -0.0504018 0)
(-0.190685 -0.0688175 0)
(-0.190265 -0.0875256 0)
(-0.189358 -0.106477 0)
(-0.187825 -0.125579 0)
(-0.185507 -0.144681 0)
(-0.182226 -0.163568 0)
(-0.177791 -0.181944 0)
(-0.172004 -0.199425 0)
(-0.164679 -0.215527 0)
(-0.155653 -0.229661 0)
(-0.144813 -0.241133 0)
(-0.132118 -0.249149 0)
(-0.117633 -0.252835 0)
(-0.101564 -0.251266 0)
(-0.0842812 -0.243513 0)
(-0.0663529 -0.228703 0)
(-0.0485547 -0.206091 0)
(-0.0318453 -0.175145 0)
(-0.0173068 -0.135612 0)
(-0.00633879 -0.0875754 0)
(-0.000978176 -0.0315343 0)
(-0.000927855 0.0319583 0)
(-0.00595453 0.0880099 0)
(-0.0161523 0.135404 0)
(-0.0295394 0.173902 0)
(-0.0447708 0.203707 0)
(-0.0608418 0.225335 0)
(-0.0768959 0.239525 0)
(-0.0922679 0.247156 0)
(-0.106493 0.249159 0)
(-0.119284 0.246459 0)
(-0.130497 0.239929 0)
(-0.140107 0.230357 0)
(-0.148169 0.218436 0)
(-0.154797 0.204755 0)
(-0.160143 0.1898 0)
(-0.164373 0.173962 0)
(-0.167663 0.157546 0)
(-0.170182 0.140781 0)
(-0.172091 0.123826 0)
(-0.173535 0.106788 0)
(-0.174642 0.0897239 0)
(-0.175522 0.0726535 0)
(-0.176264 0.0555659 0)
(-0.176938 0.0384264 0)
(-0.177594 0.0211839 0)
(-0.178259 0.00377685 0)
(-0.17894 -0.0138603 0)
(-0.179622 -0.0317907 0)
(-0.180263 -0.0500683 0)
(-0.180801 -0.0687303 0)
(-0.181143 -0.0877886 0)
(-0.181171 -0.107221 0)
(-0.180738 -0.126959 0)
(-0.179669 -0.146878 0)
(-0.177762 -0.16678 0)
(-0.174793 -0.186385 0)
(-0.170523 -0.20531 0)
(-0.16471 -0.223059 0)
(-0.157128 -0.239011 0)
(-0.147588 -0.252413 0)
(-0.135971 -0.262381 0)
(-0.122265 -0.267914 0)
(-0.106607 -0.267924 0)
(-0.0893292 -0.261287 0)
(-0.0709926 -0.246909 0)
(-0.0524194 -0.223821 0)
(-0.0346721 -0.19128 0)
(-0.0189923 -0.148872 0)
(-0.00701243 -0.096592 0)
(-0.00109572 -0.0349503 0)
(-0.00104079 0.0351707 0)
(-0.00659543 0.0964201 0)
(-0.0177368 0.147655 0)
(-0.0321551 0.188655 0)
(-0.048277 0.21975 0)
(-0.0649502 0.241648 0)
(-0.0812304 0.255313 0)
(-0.0964205 0.261848 0)
(-0.11007 0.262388 0)
(-0.121936 0.258032 0)
(-0.131941 0.249789 0)
(-0.140129 0.23855 0)
(-0.146627 0.225079 0)
(-0.151614 0.210008 0)
(-0.155298 0.193847 0)
(-0.157897 0.176996 0)
(-0.159623 0.159758 0)
(-0.160677 0.142348 0)
(-0.161243 0.124913 0)
(-0.161484 0.10754 0)
(-0.161542 0.0902667 0)
(-0.161536 0.0730916 0)
(-0.161564 0.0559829 0)
(-0.1617 0.0388852 0)
(-0.162001 0.0217261 0)
(-0.162498 0.00442232 0)
(-0.163204 -0.013114 0)
(-0.164106 -0.0309694 0)
(-0.165171 -0.0492227 0)
(-0.166337 -0.0679376 0)
(-0.167515 -0.0871546 0)
(-0.168586 -0.106881 0)
(-0.169397 -0.12708 0)
(-0.169763 -0.147656 0)
(-0.169463 -0.168442 0)
(-0.168245 -0.189181 0)
(-0.165827 -0.209505 0)
(-0.161913 -0.228919 0)
(-0.156203 -0.24678 0)
(-0.148425 -0.262287 0)
(-0.138362 -0.27447 0)
(-0.125902 -0.282197 0)
(-0.111086 -0.284201 0)
(-0.0941735 -0.27913 0)
(-0.0756938 -0.265623 0)
(-0.0564976 -0.242423 0)
(-0.0377503 -0.208511 0)
(-0.0208738 -0.163246 0)
(-0.00778049 -0.106487 0)
(-0.0012332 -0.03874 0)
(-0.00117803 0.0387446 0)
(-0.00735366 0.105669 0)
(-0.0195694 0.160943 0)
(-0.0351008 0.204385 0)
(-0.0520944 0.236511 0)
(-0.0692308 0.258295 0)
(-0.0854808 0.270994 0)
(-0.100135 0.275992 0)
(-0.112784 0.27467 0)
(-0.123261 0.268326 0)
(-0.131579 0.258116 0)
(-0.137875 0.245037 0)
(-0.142363 0.229916 0)
(-0.1453 0.213422 0)
(-0.146956 0.196079 0)
(-0.147599 0.178283 0)
(-0.14748 0.160324 0)
(-0.146829 0.142399 0)
(-0.14585 0.124632 0)
(-0.144719 0.107086 0)
(-0.143587 0.0897746 0)
(-0.142579 0.0726739 0)
(-0.141798 0.055729 0)
(-0.141322 0.0388627 0)
(-0.141209 0.021981 0)
(-0.141497 0.00497944 0)
(-0.142201 -0.012252 0)
(-0.143317 -0.029823 0)
(-0.144815 -0.0478373 0)
(-0.146642 -0.066386 0)
(-0.148714 -0.0855393 0)
(-0.150917 -0.105338 0)
(-0.1531 -0.12578 0)
(-0.155074 -0.146809 0)
(-0.156606 -0.168296 0)
(-0.15742 -0.190018 0)
(-0.157199 -0.211638 0)
(-0.155592 -0.232679 0)
(-0.152227 -0.252494 0)
(-0.146735 -0.27025 0)
(-0.138785 -0.2849 0)
(-0.128137 -0.295186 0)
(-0.114704 -0.299651 0)
(-0.0986306 -0.296681 0)
(-0.0803743 -0.284596 0)
(-0.0607838 -0.261777 0)
(-0.0411172 -0.226838 0)
(-0.0229955 -0.178817 0)
(-0.00866885 -0.117366 0)
(-0.00139692 -0.0429599 0)
(-0.0013491 0.0427519 0)
(-0.00826931 0.115895 0)
(-0.021723 0.175384 0)
(-0.0384523 0.221118 0)
(-0.0562597 0.25389 0)
(-0.0736416 0.275041 0)
(-0.0894988 0.286214 0)
(-0.103143 0.289145 0)
(-0.114249 0.285508 0)
(-0.122764 0.27682 0)
(-0.128826 0.264396 0)
(-0.13269 0.249328 0)
(-0.134674 0.232498 0)
(-0.135119 0.214596 0)
(-0.134364 0.196142 0)
(-0.132724 0.177517 0)
(-0.130487 0.158986 0)
(-0.127904 0.140716 0)
(-0.125193 0.122801 0)
(-0.122539 0.105276 0)
(-0.120095 0.088126 0)
(-0.117988 0.0713017 0)
(-0.11632 0.0547247 0)
(-0.115168 0.038296 0)
(-0.114592 0.0219008 0)
(-0.114632 0.00541449 0)
(-0.115309 -0.0112936 0)
(-0.116622 -0.0283551 0)
(-0.118552 -0.0458974 0)
(-0.121055 -0.0640382 0)
(-0.124058 -0.0828785 0)
(-0.127458 -0.102493 0)
(-0.131113 -0.122921 0)
(-0.134839 -0.144148 0)
(-0.138401 -0.166094 0)
(-0.141511 -0.188584 0)
(-0.143825 -0.211327 0)
(-0.144944 -0.233885 0)
(-0.144424 -0.255631 0)
(-0.141795 -0.275723 0)
(-0.1366 -0.293061 0)
(-0.128441 -0.306272 0)
(-0.117061 -0.313703 0)
(-0.102441 -0.313459 0)
(-0.0849079 -0.303481 0)
(-0.0652594 -0.281694 0)
(-0.0448188 -0.246227 0)
(-0.0254181 -0.195672 0)
(-0.0097148 -0.129359 0)
(-0.00159639 -0.0476838 0)
(-0.0015687 0.0472907 0)
(-0.0094007 0.127276 0)
(-0.0242968 0.191111 0)
(-0.0423022 0.238853 0)
(-0.0607975 0.271711 0)
(-0.0780896 0.29154 0)
(-0.0930446 0.30049 0)
(-0.105051 0.300732 0)
(-0.113926 0.294281 0)
(-0.119785 0.282893 0)
(-0.122927 0.268033 0)
(-0.123753 0.250877 0)
(-0.122699 0.232339 0)
(-0.120197 0.213107 0)
(-0.116649 0.19368 0)
(-0.112416 0.174403 0)
(-0.107811 0.155501 0)
(-0.1031 0.137103 0)
(-0.0985057 0.119266 0)
(-0.0942113 0.101987 0)
(-0.0903662 0.0852233 0)
(-0.0870906 0.0688975 0)
(-0.0844801 0.0529083 0)
(-0.0826093 0.0371354 0)
(-0.0815346 0.0214456 0)
(-0.0812958 0.00569587 0)
(-0.0819169 -0.0102622 0)
(-0.0834055 -0.0265793 0)
(-0.0857514 -0.0434042 0)
(-0.0889238 -0.0608794 0)
(-0.0928667 -0.0791349 0)
(-0.097494 -0.0982808 0)
(-0.102682 -0.118397 0)
(-0.108262 -0.139518 0)
(-0.11401 -0.16162 0)
(-0.11964 -0.184589 0)
(-0.124794 -0.2082 0)
(-0.12904 -0.232073 0)
(-0.131872 -0.255635 0)
(-0.132724 -0.278065 0)
(-0.130997 -0.298245 0)
(-0.126116 -0.314715 0)
(-0.11761 -0.325642 0)
(-0.105229 -0.32883 0)
(-0.0890954 -0.321787 0)
(-0.0698772 -0.301881 0)
(-0.0489077 -0.266599 0)
(-0.0282247 -0.213902 0)
(-0.0109731 -0.142631 0)
(-0.00184631 -0.0530099 0)
(-0.0018604 0.0524986 0)
(-0.0108343 0.140046 0)
(-0.0274257 0.208276 0)
(-0.0467557 0.257541 0)
(-0.0656975 0.289686 0)
(-0.0823873 0.30729 0)
(-0.0957273 0.313164 0)
(-0.10527 0.310012 0)
(-0.111056 0.300227 0)
(-0.11343 0.285808 0)
(-0.1129 0.268353 0)
(-0.110033 0.24909 0)
(-0.105391 0.228934 0)
(-0.0994958 0.20854 0)
(-0.092805 0.188357 0)
(-0.0857109 0.168676 0)
(-0.0785398 0.149667 0)
(-0.0715584 0.131409 0)
(-0.0649814 0.113912 0)
(-0.0589801 0.0971358 0)
(-0.0536898 0.081005 0)
(-0.0492168 0.0654155 0)
(-0.0456444 0.0502436 0)
(-0.0430377 0.0353508 0)
(-0.0414467 0.0205877 0)
(-0.040909 0.00579716 0)
(-0.0414506 -0.0091835 0)
(-0.043086 -0.0245199 0)
(-0.0458165 -0.0403783 0)
(-0.0496275 -0.0569219 0)
(-0.054484 -0.074307 0)
(-0.0603242 -0.0926764 0)
(-0.067052 -0.112151 0)
(-0.0745263 -0.132818 0)
(-0.0825502 -0.154711 0)
(-0.0908569 -0.177794 0)
(-0.0990963 -0.20192 0)
(-0.106823 -0.226798 0)
(-0.113489 -0.251938 0)
(-0.118443 -0.276586 0)
(-0.120952 -0.299655 0)
(-0.120244 -0.319644 0)
(-0.115592 -0.334577 0)
(-0.106444 -0.341964 0)
(-0.0926163 -0.338839 0)
(-0.0745324 -0.321896 0)
(-0.0534351 -0.287791 0)
(-0.031528 -0.233593 0)
(-0.0125258 -0.157392 0)
(-0.00217044 -0.0590744 0)
(-0.00226349 0.0585737 0)
(-0.0127006 0.154514 0)
(-0.0312889 0.227031 0)
(-0.0519152 0.277033 0)
(-0.0708652 0.307347 0)
(-0.0861754 0.321565 0)
(-0.0969097 0.323352 0)
(-0.102915 0.316039 0)
(-0.104561 0.302421 0)
(-0.102496 0.28472 0)
(-0.0974726 0.264621 0)
(-0.0902401 0.243357 0)
(-0.0814845 0.221793 0)
(-0.0718006 0.200515 0)
(-0.061685 0.179891 0)
(-0.0515406 0.160135 0)
(-0.0416868 0.141347 0)
(-0.032373 0.123544 0)
(-0.0237906 0.106687 0)
(-0.0160854 0.0906955 0)
(-0.00936808 0.0754603 0)
(-0.00372221 0.0608527 0)
(0.000788038 0.0467298 0)
(0.00411271 0.0329384 0)
(0.00621194 0.0193176 0)
(0.00705325 0.0057005 0)
(0.00661012 -0.00808442 0)
(0.00486181 -0.0222125 0)
(0.00179463 -0.0368617 0)
(-0.00259544 -0.0522108 0)
(-0.00829827 -0.0684368 0)
(-0.0152833 -0.085711 0)
(-0.023491 -0.104192 0)
(-0.0328215 -0.124017 0)
(-0.0431206 -0.145285 0)
(-0.0541629 -0.168037 0)
(-0.0656318 -0.192226 0)
(-0.0770992 -0.21767 0)
(-0.0880052 -0.244002 0)
(-0.0976446 -0.270585 0)
(-0.105168 -0.296425 0)
(-0.109607 -0.320054 0)
(-0.109949 -0.33942 0)
(-0.105267 -0.351787 0)
(-0.0949474 -0.353698 0)
(-0.0790069 -0.341073 0)
(-0.0584299 -0.309499 0)
(-0.0354771 -0.254807 0)
(-0.014498 -0.173914 0)
(-0.00260871 -0.066072 0)
(-0.00284629 0.0658101 0)
(-0.0152004 0.171083 0)
(-0.0361168 0.247499 0)
(-0.0578383 0.297001 0)
(-0.0760276 0.32394 0)
(-0.0887888 0.333317 0)
(-0.0955589 0.32987 0)
(-0.0966611 0.31763 0)
(-0.0929218 0.29978 0)
(-0.0853617 0.278697 0)
(-0.0750042 0.256079 0)
(-0.0627757 0.23309 0)
(-0.0494627 0.210486 0)
(-0.0357045 0.188735 0)
(-0.0220031 0.168093 0)
(-0.00874249 0.148676 0)
(0.00379078 0.130499 0)
(0.0153872 0.113513 0)
(0.0258965 0.0976246 0)
(0.0352126 0.0827142 0)
(0.0432611 0.0686428 0)
(0.0499897 0.0552606 0)
(0.0553601 0.0424099 0)
(0.0593425 0.029928 0)
(0.061911 0.0176483 0)
(0.0630411 0.00540006 0)
(0.0627077 -0.00699101 0)
(0.0608845 -0.0197034 0)
(0.0575455 -0.03292 0)
(0.0526667 -0.0468278 0)
(0.0462304 -0.0616177 0)
(0.0382308 -0.0774819 0)
(0.0286825 -0.0946105 0)
(0.0176326 -0.113185 0)
(0.00517495 -0.133366 0)
(-0.00852921 -0.155277 0)
(-0.0232273 -0.178975 0)
(-0.0385461 -0.204413 0)
(-0.0539592 -0.231377 0)
(-0.0687546 -0.259404 0)
(-0.082011 -0.287667 0)
(-0.0925949 -0.314833 0)
(-0.0992016 -0.338883 0)
(-0.100472 -0.356932 0)
(-0.0952279 -0.365085 0)
(-0.0828659 -0.358412 0)
(-0.0638465 -0.33119 0)
(-0.0402585 -0.277532 0)
(-0.0170836 -0.192547 0)
(-0.00323101 -0.0742916 0)
(-0.00373159 0.0746596 0)
(-0.0186453 0.19027 0)
(-0.042178 0.269685 0)
(-0.0644348 0.316784 0)
(-0.0805489 0.338268 0)
(-0.0890298 0.341057 0)
(-0.0900145 0.331171 0)
(-0.0845365 0.313354 0)
(-0.074009 0.291085 0)
(-0.0598719 0.266775 0)
(-0.043411 0.242015 0)
(-0.0256907 0.217802 0)
(-0.00754794 0.194714 0)
(0.0103851 0.17305 0)
(0.0276473 0.152927 0)
(0.0439132 0.134341 0)
(0.0589608 0.117218 0)
(0.0726451 0.10144 0)
(0.0848761 0.0868635 0)
(0.0956013 0.0733327 0)
(0.104793 0.0606851 0)
(0.112438 0.0487556 0)
(0.118529 0.0373788 0)
(0.123061 0.026389 0)
(0.126024 0.0156204 0)
(0.127406 0.00490522 0)
(0.127183 -0.00592653 0)
(0.125326 -0.0170492 0)
(0.121796 -0.0286429 0)
(0.116551 -0.0408946 0)
(0.109543 -0.0539996 0)
(0.100727 -0.0681617 0)
(0.0900672 -0.0835921 0)
(0.0775484 -0.100507 0)
(0.0631897 -0.119119 0)
(0.0470655 -0.139629 0)
(0.0293326 -0.1622 0)
(0.0102658 -0.186927 0)
(-0.00969813 -0.213777 0)
(-0.0299092 -0.24251 0)
(-0.0494502 -0.272553 0)
(-0.0670926 -0.302823 0)
(-0.0812858 -0.331493 0)
(-0.0902214 -0.355705 0)
(-0.0920413 -0.371266 0)
(-0.0852671 -0.372428 0)
(-0.0694481 -0.351931 0)
(-0.0460737 -0.301584 0)
(-0.0205848 -0.213723 0)
(-0.00416358 -0.0841784 0)
(-0.0051443 0.0858415 0)
(-0.0235122 0.21269 0)
(-0.0497071 0.293294 0)
(-0.0712322 0.335128 0)
(-0.0830867 0.348459 0)
(-0.084791 0.342706 0)
(-0.0776435 0.325295 0)
(-0.0636451 0.30156 0)
(-0.044887 0.275068 0)
(-0.023213 0.248067 0)
(-0.000101642 0.221878 0)
(0.0233321 0.197215 0)
(0.046287 0.174404 0)
(0.0682126 0.153537 0)
(0.0887488 0.134566 0)
(0.107674 0.117364 0)
(0.124866 0.10177 0)
(0.140267 0.0876003 0)
(0.153866 0.0746714 0)
(0.165674 0.0628002 0)
(0.175718 0.0518091 0)
(0.184029 0.0415272 0)
(0.190635 0.0317893 0)
(0.195556 0.0224344 0)
(0.198804 0.0133048 0)
(0.200375 0.00424295 0)
(0.200252 -0.00490968 0)
(0.198403 -0.0143158 0)
(0.19478 -0.0241443 0)
(0.189322 -0.0345734 0)
(0.181952 -0.0457926 0)
(0.172588 -0.0580053 0)
(0.161142 -0.071431 0)
(0.147531 -0.0863056 0)
(0.131689 -0.10288 0)
(0.113586 -0.121415 0)
(0.0932553 -0.142168 0)
(0.0708295 -0.165371 0)
(0.0465921 -0.191185 0)
(0.0210454 -0.219625 0)
(-0.00500667 -0.250446 0)
(-0.0303652 -0.282944 0)
(-0.0533526 -0.315682 0)
(-0.0717822 -0.346089 0)
(-0.0830694 -0.369961 0)
(-0.0846165 -0.380929 0)
(-0.0745529 -0.370119 0)
(-0.0530481 -0.326397 0)
(-0.0254614 -0.237932 0)
(-0.00563753 -0.0964435 0)
(-0.00749222 0.100525 0)
(-0.0304892 0.238953 0)
(-0.0586622 0.317343 0)
(-0.0768594 0.349754 0)
(-0.0809562 0.35166 0)
(-0.0724507 0.335476 0)
(-0.0543539 0.309902 0)
(-0.0298269 0.28051 0)
(-0.00161027 0.250596 0)
(0.0281813 0.221955 0)
(0.0580374 0.195451 0)
(0.0869425 0.171404 0)
(0.114254 0.149831 0)
(0.139597 0.13059 0)
(0.162778 0.113468 0)
(0.183727 0.0982277 0)
(0.20245 0.0846291 0)
(0.218997 0.0724443 0)
(0.233445 0.0614612 0)
(0.245877 0.0514841 0)
(0.256376 0.0423332 0)
(0.265019 0.0338417 0)
(0.271868 0.0258539 0)
(0.276969 0.0182221 0)
(0.280353 0.0108036 0)
(0.282028 0.00345855 0)
(0.281983 -0.0039536 0)
(0.280185 -0.0115766 0)
(0.27658 -0.0195608 0)
(0.271089 -0.0280661 0)
(0.263616 -0.037266 0)
(0.254041 -0.0473514 0)
(0.242228 -0.0585344 0)
(0.22803 -0.0710528 0)
(0.211293 -0.0851733 0)
(0.191876 -0.101193 0)
(0.169668 -0.119439 0)
(0.144626 -0.140254 0)
(0.116819 -0.163976 0)
(0.0865089 -0.190884 0)
(0.054252 -0.2211 0)
(0.0210366 -0.254411 0)
(-0.0115478 -0.289978 0)
(-0.0411464 -0.325855 0)
(-0.0645652 -0.358287 0)
(-0.0779635 -0.380771 0)
(-0.077502 -0.383063 0)
(-0.0609538 -0.350605 0)
(-0.0323605 -0.265583 0)
(-0.00806833 -0.112244 0)
(-0.0114552 0.120575 0)
(-0.0403689 0.269282 0)
(-0.0680226 0.339414 0)
(-0.0779559 0.356735 0)
(-0.0690121 0.343743 0)
(-0.0459601 0.315886 0)
(-0.0139705 0.282505 0)
(0.0226948 0.248711 0)
(0.0609192 0.217002 0)
(0.0986299 0.18839 0)
(0.134558 0.163105 0)
(0.167997 0.140997 0)
(0.198609 0.121754 0)
(0.22629 0.10502 0)
(0.251076 0.0904428 0)
(0.273081 0.0777001 0)
(0.292456 0.0665063 0)
(0.309369 0.0566113 0)
(0.323983 0.0477972 0)
(0.336451 0.0398731 0)
(0.346909 0.0326706 0)
(0.355472 0.0260392 0)
(0.362232 0.0198418 0)
(0.36726 0.0139515 0)
(0.370601 0.00824795 0)
(0.372275 0.00261422 0)
(0.372276 -0.00306612 0)
(0.370573 -0.00891214 0)
(0.367107 -0.0150488 0)
(0.361793 -0.0216105 0)
(0.354513 -0.0287452 0)
(0.345125 -0.0366188 0)
(0.333453 -0.0454212 0)
(0.319294 -0.0553719 0)
(0.302419 -0.0667281 0)
(0.282581 -0.079792 0)
(0.259523 -0.094918 0)
(0.23301 -0.112518 0)
(0.202859 -0.133058 0)
(0.169011 -0.157038 0)
(0.131636 -0.184935 0)
(0.0912943 -0.217075 0)
(0.0491748 -0.253382 0)
(0.00740601 -0.292892 0)
(-0.0306072 -0.332913 0)
(-0.0599854 -0.367674 0)
(-0.0745822 -0.386408 0)
(-0.0684551 -0.371273 0)
(-0.0419599 -0.296555 0)
(-0.0121306 -0.133407 0)
(-0.0178803 0.148904 0)
(-0.0532415 0.302385 0)
(-0.073896 0.354249 0)
(-0.0669632 0.349699 0)
(-0.0378091 0.319231 0)
(0.00438047 0.280179 0)
(0.0524099 0.241087 0)
(0.101528 0.205544 0)
(0.148895 0.174638 0)
(0.193004 0.148321 0)
(0.233191 0.126102 0)
(0.269289 0.107377 0)
(0.301398 0.0915612 0)
(0.329758 0.0781442 0)
(0.35466 0.0666964 0)
(0.376411 0.0568634 0)
(0.395304 0.0483541 0)
(0.411607 0.0409289 0)
(0.425558 0.0343886 0)
(0.437365 0.0285663 0)
(0.447202 0.0233192 0)
(0.455213 0.0185234 0)
(0.461511 0.014069 0)
(0.466182 0.00985593 0)
(0.469281 0.00579102 0)
(0.470836 0.00178465 0)
(0.470847 -0.00225187 0)
(0.469285 -0.00640911 0)
(0.466092 -0.0107824 0)
(0.461179 -0.0154751 0)
(0.454424 -0.0206026 0)
(0.445667 -0.0262964 0)
(0.434714 -0.0327104 0)
(0.421325 -0.0400279 0)
(0.405217 -0.0484706 0)
(0.38606 -0.0583102 0)
(0.363479 -0.0698825 0)
(0.337059 -0.0836042 0)
(0.306367 -0.0999905 0)
(0.27099 -0.119669 0)
(0.230614 -0.143376 0)
(0.185169 -0.171913 0)
(0.135082 -0.205998 0)
(0.0816864 -0.245895 0)
(0.0278219 -0.29062 0)
(-0.0214096 -0.336341 0)
(-0.0579485 -0.373506 0)
(-0.0711746 -0.382519 0)
(-0.0540446 -0.328992 0)
(-0.0185991 -0.162741 0)
(-0.026804 0.190429 0)
(-0.06557 0.332603 0)
(-0.0648518 0.351018 0)
(-0.0279462 0.318798 0)
(0.0290951 0.271662 0)
(0.0932197 0.225304 0)
(0.156744 0.185176 0)
(0.215884 0.152167 0)
(0.269127 0.125531 0)
(0.316175 0.104125 0)
(0.35732 0.086858 0)
(0.393091 0.0728262 0)
(0.424084 0.0613175 0)
(0.450874 0.0517852 0)
(0.473985 0.0438112 0)
(0.493874 0.0370742 0)
(0.510936 0.0313254 0)
(0.525506 0.0263688 0)
(0.537864 0.0220481 0)
(0.548243 0.0182363 0)
(0.556835 0.0148279 0)
(0.563794 0.0117335 0)
(0.569239 0.00887531 0)
(0.573258 0.0061839 0)
(0.575912 0.00359531 0)
(0.577231 0.00104873 0)
(0.577218 -0.00151567 0)
(0.57585 -0.00415891 0)
(0.573072 -0.00694537 0)
(0.568801 -0.00994537 0)
(0.562919 -0.0132381 0)
(0.555271 -0.0169154 0)
(0.54566 -0.0210866 0)
(0.533841 -0.025885 0)
(0.519511 -0.0314762 0)
(0.502303 -0.0380702 0)
(0.481772 -0.0459373 0)
(0.457387 -0.0554307 0)
(0.428521 -0.0670159 0)
(0.394454 -0.0813099 0)
(0.354395 -0.0991285 0)
(0.307557 -0.121529 0)
(0.253328 -0.149817 0)
(0.191644 -0.185421 0)
(0.123688 -0.229406 0)
(0.0531555 -0.281092 0)
(-0.0118849 -0.334726 0)
(-0.0571839 -0.373012 0)
(-0.0644509 -0.356407 0)
(-0.0272511 -0.204943 0)
(-0.0329481 0.250278 0)
(-0.061727 0.343797 0)
(-0.0117959 0.310292 0)
(0.0703477 0.25124 0)
(0.158332 0.195781 0)
(0.240795 0.151308 0)
(0.313394 0.117726 0)
(0.37545 0.0927566 0)
(0.427865 0.0740947 0)
(0.471986 0.0599539 0)
(0.509146 0.0490556 0)
(0.54051 0.0405077 0)
(0.56705 0.0336901 0)
(0.589557 0.028168 0)
(0.60867 0.0236316 0)
(0.624905 0.019856 0)
(0.63868 0.0166745 0)
(0.650334 0.0139608 0)
(0.660139 0.0116172 0)
(0.668316 0.00956608 0)
(0.675044 0.00774475 0)
(0.680461 0.00610091 0)
(0.684677 0.0045899 0)
(0.687769 0.00317237 0)
(0.689792 0.00181251 0)
(0.690774 0.000476543 0)
(0.690718 -0.000868601 0)
(0.689608 -0.00225656 0)
(0.687398 -0.00372292 0)
(0.684018 -0.00530675 0)
(0.679368 -0.00705245 0)
(0.673315 -0.00901212 0)
(0.665688 -0.0112487 0)
(0.656266 -0.0138403 0)
(0.644776 -0.0168863 0)
(0.630871 -0.0205159 0)
(0.614117 -0.0249011 0)
(0.593968 -0.0302756 0)
(0.569734 -0.0369638 0)
(0.540547 -0.0454244 0)
(0.505313 -0.0563182 0)
(0.462681 -0.0706072 0)
(0.411048 -0.0896919 0)
(0.348673 -0.115567 0)
(0.274142 -0.150877 0)
(0.187602 -0.198379 0)
(0.0931033 -0.258607 0)
(0.00228106 -0.323705 0)
(-0.056784 -0.36176 0)
(-0.0321511 -0.264032 0)
(0.00106531 0.29485 0)
(0.0167522 0.298507 0)
(0.152077 0.212882 0)
(0.282464 0.145192 0)
(0.387511 0.0995357 0)
(0.470656 0.0697541 0)
(0.536065 0.0504567 0)
(0.5876 0.0377154 0)
(0.628604 0.0290137 0)
(0.661633 0.0228466 0)
(0.688547 0.0183216 0)
(0.710695 0.014899 0)
(0.729067 0.0122425 0)
(0.7444 0.0101354 0)
(0.757252 0.00843306 0)
(0.768051 0.00703534 0)
(0.777129 0.00587092 0)
(0.784747 0.00488735 0)
(0.791111 0.00404502 0)
(0.796385 0.00331321 0)
(0.800698 0.00266743 0)
(0.804149 0.00208762 0)
(0.806817 0.00155687 0)
(0.808757 0.00106044 0)
(0.810006 0.000585059 0)
(0.810584 0.000118281 0)
(0.810497 -0.000352018 0)
(0.809729 -0.000838176 0)
(0.808253 -0.00135325 0)
(0.806019 -0.00191165 0)
(0.802959 -0.00252985 0)
(0.798981 -0.0032274 0)
(0.793962 -0.00402818 0)
(0.787748 -0.0049623 0)
(0.78014 -0.00606867 0)
(0.770883 -0.00739906 0)
(0.759648 -0.00902416 0)
(0.74601 -0.0110432 0)
(0.729406 -0.0136002 0)
(0.709084 -0.0169106 0)
(0.684022 -0.0213098 0)
(0.652811 -0.0273386 0)
(0.613482 -0.0359012 0)
(0.563273 -0.0485484 0)
(0.498462 -0.0679379 0)
(0.4146 -0.0983716 0)
(0.306798 -0.145959 0)
(0.170745 -0.217425 0)
(0.0269604 -0.30725 0)
(0.00518578 -0.303 0)
(0.290246 0.152408 0)
(0.389494 0.128212 0)
(0.56531 0.0747023 0)
(0.683061 0.0422016 0)
(0.752589 0.0245061 0)
(0.797561 0.0148745 0)
(0.828716 0.00957785 0)
(0.851209 0.00656571 0)
(0.86807 0.00475234 0)
(0.881118 0.00358721 0)
(0.891459 0.00279173 0)
(0.899798 0.00222026 0)
(0.906609 0.00179284 0)
(0.912223 0.001463 0)
(0.916881 0.00120216 0)
(0.920759 0.000991716 0)
(0.923993 0.000818984 0)
(0.926688 0.000674957 0)
(0.928923 0.000553009 0)
(0.930764 0.00044811 0)
(0.932258 0.000356323 0)
(0.933444 0.000274479 0)
(0.934351 0.00019994 0)
(0.935001 0.000130437 0)
(0.935406 6.3945e-05 0)
(0.935575 -1.41731e-06 0)
(0.935508 -6.74668e-05 0)
(0.9352 -0.000136079 0)
(0.934641 -0.000209221 0)
(0.933811 -0.000289081 0)
(0.932686 -0.000378189 0)
(0.931229 -0.000479576 0)
(0.929394 -0.000597002 0)
(0.927123 -0.000735282 0)
(0.924337 -0.000900767 0)
(0.920938 -0.0011021 0)
(0.916796 -0.00135142 0)
(0.911737 -0.00166645 0)
(0.905529 -0.00207418 0)
(0.897847 -0.002618 0)
(0.888228 -0.00337182 0)
(0.875979 -0.00446983 0)
(0.860016 -0.00617053 0)
(0.838541 -0.00899442 0)
(0.808505 -0.0140012 0)
(0.764642 -0.0232824 0)
(0.696026 -0.0407995 0)
(0.577978 -0.0737638 0)
(0.398038 -0.128746 0)
(0.293857 -0.153774 0)
)
;

boundaryField
{
    movingWall
    {
        type            fixedValue;
        value           uniform (1 0 0);
    }
    fixedWalls
    {
        type            noSlip;
    }
    frontAndBack
    {
        type            empty;
    }
}


// ************************************************************************* //
