/*--------------------------------*- C++ -*----------------------------------*\
  =========                 |
  \\      /  F ield         | OpenFOAM: The Open Source CFD Toolbox
   \\    /   O peration     | Website:  https://openfoam.org
    \\  /    A nd           | Version:  7
     \\/     M anipulation  |
\*---------------------------------------------------------------------------*/
FoamFile
{
    version     2.0;
    format      ascii;
    class       surfaceScalarField;
    location    "0.022";
    object      phi;
}
// * * * * * * * * * * * * * * * * * * * * * * * * * * * * * * * * * * * * * //

dimensions      [0 3 -1 0 0 0 0];

internalField   nonuniform List<scalar> 
4900
(
8.31805e-10
-8.32202e-10
1.39664e-09
-5.64841e-10
9.03083e-10
4.9358e-10
-8.40569e-10
1.74366e-09
-3.80904e-09
2.9685e-09
-7.87439e-09
4.06533e-09
-1.28663e-08
4.99192e-09
-1.86037e-08
5.73737e-09
-2.49082e-08
6.30446e-09
-3.16103e-08
6.70208e-09
-3.85522e-08
6.94192e-09
-4.5589e-08
7.03689e-09
-5.25893e-08
7.00028e-09
-5.94346e-08
6.84526e-09
-6.60191e-08
6.58455e-09
-7.22493e-08
6.23021e-09
-7.80429e-08
5.79361e-09
-8.33282e-08
5.28536e-09
-8.80435e-08
4.71527e-09
-9.21359e-08
4.09245e-09
-9.55613e-08
3.42537e-09
-9.82833e-08
2.72196e-09
-1.00273e-07
1.9897e-09
-1.01509e-07
1.23579e-09
-1.01976e-07
4.67254e-10
-1.01667e-07
-3.08835e-10
-1.00582e-07
-1.08528e-09
-9.87273e-08
-1.85463e-09
-9.61183e-08
-2.60898e-09
-9.27783e-08
-3.33995e-09
-8.87398e-08
-4.03851e-09
-8.40449e-08
-4.69497e-09
-7.87459e-08
-5.29894e-09
-7.29066e-08
-5.83931e-09
-6.66023e-08
-6.30431e-09
-5.99207e-08
-6.68158e-09
-5.29624e-08
-6.95828e-09
-4.58412e-08
-7.12123e-09
-3.8684e-08
-7.15716e-09
-3.16311e-08
-7.05295e-09
-2.4835e-08
-6.79602e-09
-1.84602e-08
-6.37483e-09
-1.26804e-08
-5.77977e-09
-7.67571e-09
-5.00471e-09
-3.62559e-09
-4.05011e-09
-6.95019e-10
-2.93056e-09
9.97882e-10
-1.69289e-09
1.44068e-09
-4.42804e-10
8.39121e-10
6.0155e-10
8.39122e-10
5.76327e-10
-1.40853e-09
-1.88948e-10
2.00478e-10
-3.35824e-09
3.66281e-09
-9.3528e-09
7.73823e-09
-1.81757e-08
1.17914e-08
-2.96058e-08
1.54955e-08
-4.33012e-08
1.86874e-08
-5.88625e-08
2.12986e-08
-7.5871e-08
2.33129e-08
-9.39115e-08
2.47425e-08
-1.12585e-07
2.56159e-08
-1.31519e-07
2.59701e-08
-1.50365e-07
2.58468e-08
-1.68809e-07
2.52896e-08
-1.86567e-07
2.43418e-08
-2.03382e-07
2.30458e-08
-2.19031e-07
2.14424e-08
-2.33315e-07
1.95699e-08
-2.46065e-07
1.74646e-08
-2.57133e-07
1.51604e-08
-2.66396e-07
1.26889e-08
-2.73755e-07
1.00803e-08
-2.79128e-07
7.36292e-09
-2.82457e-07
4.56435e-09
-2.83701e-07
1.71159e-09
-2.82841e-07
-1.16838e-09
-2.79878e-07
-4.04806e-09
-2.74834e-07
-6.89903e-09
-2.67752e-07
-9.69142e-09
-2.58698e-07
-1.23936e-08
-2.47765e-07
-1.49719e-08
-2.35069e-07
-1.73903e-08
-2.20758e-07
-1.96104e-08
-2.05005e-07
-2.15917e-08
-1.88018e-07
-2.32915e-08
-1.70034e-07
-2.46653e-08
-1.51325e-07
-2.56677e-08
-1.32194e-07
-2.62525e-08
-1.12976e-07
-2.63747e-08
-9.40382e-08
-2.59909e-08
-7.57721e-08
-2.5062e-08
-5.85913e-08
-2.35556e-08
-4.29208e-08
-2.14503e-08
-2.91826e-08
-1.87428e-08
-1.77727e-08
-1.546e-08
-9.0213e-09
-1.1682e-08
-3.13108e-09
-7.5831e-09
-7.46228e-11
-3.49927e-09
6.10541e-10
-8.36265e-11
1.44967e-09
-4.52366e-10
-9.56136e-10
-3.58483e-09
3.33296e-09
-1.0353e-08
1.0431e-08
-2.11075e-08
1.84928e-08
-3.58254e-08
2.65092e-08
-5.42194e-08
3.38895e-08
-7.58381e-08
4.0306e-08
-1.00138e-07
4.55989e-08
-1.26535e-07
4.971e-08
-1.54436e-07
5.2643e-08
-1.8326e-07
5.44394e-08
-2.12453e-07
5.51637e-08
-2.415e-07
5.48933e-08
-2.69922e-07
5.37123e-08
-2.97288e-07
5.17072e-08
-3.23206e-07
4.8964e-08
-3.4733e-07
4.55663e-08
-3.69354e-07
4.15942e-08
-3.89013e-07
3.71239e-08
-4.0608e-07
3.22271e-08
-4.20363e-07
2.69717e-08
-4.31705e-07
2.14219e-08
-4.39981e-07
1.56391e-08
-4.45099e-07
9.68276e-09
-4.46999e-07
3.61138e-09
-4.45651e-07
-2.51664e-09
-4.41057e-07
-8.64193e-09
-4.33253e-07
-1.47032e-08
-4.22308e-07
-2.06362e-08
-4.08328e-07
-2.63732e-08
-3.91457e-07
-3.18425e-08
-3.7188e-07
-3.69677e-08
-3.49822e-07
-4.16679e-08
-3.25556e-07
-4.58579e-08
-2.99399e-07
-4.94486e-08
-2.71716e-07
-5.23482e-08
-2.42921e-07
-5.44632e-08
-2.13472e-07
-5.57008e-08
-1.83876e-07
-5.59709e-08
-1.54677e-07
-5.519e-08
-1.26454e-07
-5.32857e-08
-9.98062e-08
-5.02029e-08
-7.53425e-08
-4.59141e-08
-5.36524e-08
-4.04329e-08
-3.52744e-08
-3.3838e-08
-2.06447e-08
-2.63116e-08
-1.00252e-08
-1.82026e-08
-3.40344e-09
-1.0121e-08
-3.96988e-10
-3.09009e-09
1.05269e-09
-1.67006e-09
7.13895e-10
-7.60894e-09
9.27189e-09
-1.83726e-08
2.11946e-08
-3.41343e-08
3.42545e-08
-5.47536e-08
4.71286e-08
-7.98487e-08
5.89845e-08
-1.08869e-07
6.93267e-08
-1.41161e-07
7.78905e-08
-1.76014e-07
8.45626e-08
-2.12699e-07
8.93286e-08
-2.50498e-07
9.22383e-08
-2.88717e-07
9.33829e-08
-3.26703e-07
9.28791e-08
-3.63848e-07
9.08576e-08
-3.99597e-07
8.74563e-08
-4.33448e-07
8.28143e-08
-4.6495e-07
7.70688e-08
-4.93708e-07
7.03523e-08
-5.19376e-07
6.27917e-08
-5.41657e-07
5.45076e-08
-5.60299e-07
4.56145e-08
-5.75099e-07
3.62214e-08
-5.85893e-07
2.64329e-08
-5.92561e-07
1.63506e-08
-5.95023e-07
6.07423e-09
-5.93244e-07
-4.29638e-09
-5.87226e-07
-1.46598e-08
-5.77017e-07
-2.49116e-08
-5.62711e-07
-3.49425e-08
-5.44446e-07
-4.46379e-08
-5.22413e-07
-5.38763e-08
-4.96851e-07
-6.25293e-08
-4.68057e-07
-7.04614e-08
-4.36385e-07
-7.75303e-08
-4.02245e-07
-8.35883e-08
-3.6611e-07
-8.84839e-08
-3.28509e-07
-9.20644e-08
-2.9003e-07
-9.41795e-08
-2.51315e-07
-9.46859e-08
-2.13051e-07
-9.34537e-08
-1.75963e-07
-9.03741e-08
-1.40795e-07
-8.5371e-08
-1.08293e-07
-7.84163e-08
-7.91731e-08
-6.95523e-08
-5.40868e-08
-5.89243e-08
-3.35666e-08
-4.68318e-08
-1.79651e-08
-3.38042e-08
-7.38251e-09
-2.07037e-08
-1.59851e-09
-8.8741e-09
-5.45833e-10
-2.88366e-09
3.59756e-09
-1.17076e-08
1.80959e-08
-2.65766e-08
3.60636e-08
-4.73956e-08
5.50735e-08
-7.38473e-08
7.35803e-08
-1.05421e-07
9.05583e-08
-1.41458e-07
1.05364e-07
-1.812e-07
1.17633e-07
-2.23831e-07
1.27194e-07
-2.68514e-07
1.34011e-07
-3.14415e-07
1.3814e-07
-3.60731e-07
1.39699e-07
-4.06697e-07
1.38845e-07
-4.516e-07
1.3576e-07
-4.94784e-07
1.3064e-07
-5.35653e-07
1.23683e-07
-5.73673e-07
1.15089e-07
-6.08371e-07
1.0505e-07
-6.39333e-07
9.37541e-08
-6.66204e-07
8.13785e-08
-6.88684e-07
6.80938e-08
-7.06525e-07
5.40624e-08
-7.19533e-07
3.94408e-08
-7.27563e-07
2.43809e-08
-7.30521e-07
9.03263e-09
-7.28363e-07
-6.4544e-09
-7.21095e-07
-2.19281e-08
-7.08774e-07
-3.7232e-08
-6.91514e-07
-5.22031e-08
-6.69481e-07
-6.66702e-08
-6.42905e-07
-8.04528e-08
-6.12074e-07
-9.33605e-08
-5.77342e-07
-1.05193e-07
-5.39131e-07
-1.15741e-07
-4.97932e-07
-1.24788e-07
-4.54303e-07
-1.32113e-07
-4.08873e-07
-1.37495e-07
-3.62333e-07
-1.40719e-07
-3.15437e-07
-1.41582e-07
-2.68989e-07
-1.39902e-07
-2.23829e-07
-1.35534e-07
-1.8082e-07
-1.2838e-07
-1.4082e-07
-1.18416e-07
-1.04655e-07
-1.05718e-07
-7.30791e-08
-9.04999e-08
-4.67338e-08
-7.31771e-08
-2.60967e-08
-5.44413e-08
-1.14388e-08
-3.53615e-08
-2.79736e-09
-1.75156e-08
-3.3432e-09
-4.01563e-09
7.6132e-09
-1.56378e-08
2.9718e-08
-3.45436e-08
5.49695e-08
-6.03387e-08
8.08685e-08
-9.24932e-08
1.05735e-07
-1.30339e-07
1.28404e-07
-1.73094e-07
1.48119e-07
-2.1989e-07
1.64428e-07
-2.6981e-07
1.77114e-07
-3.21918e-07
1.86119e-07
-3.75287e-07
1.91509e-07
-4.29017e-07
1.93429e-07
-4.82251e-07
1.92079e-07
-5.34189e-07
1.87698e-07
-5.8409e-07
1.80541e-07
-6.31282e-07
1.70876e-07
-6.7516e-07
1.58967e-07
-7.15187e-07
1.45077e-07
-7.50892e-07
1.2946e-07
-7.81872e-07
1.12358e-07
-8.07783e-07
9.40048e-08
-8.28344e-07
7.46238e-08
-8.43334e-07
5.44303e-08
-8.52587e-07
3.36339e-08
-8.55995e-07
1.24413e-08
-8.53509e-07
-8.94053e-09
-8.45135e-07
-3.03019e-08
-8.3094e-07
-5.1427e-08
-8.11052e-07
-7.20913e-08
-7.85663e-07
-9.20595e-08
-7.55032e-07
-1.11084e-07
-7.19488e-07
-1.28904e-07
-6.79435e-07
-1.45246e-07
-6.35351e-07
-1.59825e-07
-5.87792e-07
-1.72347e-07
-5.37389e-07
-1.82515e-07
-4.84853e-07
-1.90031e-07
-4.30964e-07
-1.94608e-07
-3.76568e-07
-1.95978e-07
-3.22565e-07
-1.93905e-07
-2.69898e-07
-1.88201e-07
-2.19529e-07
-1.78749e-07
-1.7242e-07
-1.65526e-07
-1.295e-07
-1.48637e-07
-9.16343e-08
-1.28365e-07
-5.95881e-08
-1.05223e-07
-3.3993e-08
-8.00364e-08
-1.53264e-08
-5.40281e-08
-3.91487e-09
-2.89271e-08
-7.25806e-09
-5.04609e-09
1.26593e-08
-1.93129e-08
4.39848e-08
-4.21021e-08
7.77586e-08
-7.27236e-08
1.1149e-07
-1.10421e-07
1.43432e-07
-1.54349e-07
1.72333e-07
-2.03586e-07
1.97355e-07
-2.57146e-07
2.17988e-07
-3.14008e-07
2.33976e-07
-3.73142e-07
2.45254e-07
-4.33531e-07
2.51898e-07
-4.94189e-07
2.54087e-07
-5.54181e-07
2.52071e-07
-6.12629e-07
2.46146e-07
-6.68723e-07
2.36636e-07
-7.21726e-07
2.23878e-07
-7.70973e-07
2.08214e-07
-8.15873e-07
1.89978e-07
-8.5591e-07
1.69496e-07
-8.90637e-07
1.47085e-07
-9.19677e-07
1.23045e-07
-9.42721e-07
9.76673e-08
-9.59522e-07
7.12314e-08
-9.69899e-07
4.40109e-08
-9.73733e-07
1.62751e-08
-9.70967e-07
-1.17065e-08
-9.61608e-07
-3.96602e-08
-9.4573e-07
-6.73051e-08
-9.23473e-07
-9.43488e-08
-8.95047e-07
-1.20485e-07
-8.60737e-07
-1.45394e-07
-8.20906e-07
-1.68735e-07
-7.75996e-07
-1.90156e-07
-7.26533e-07
-2.09288e-07
-6.73127e-07
-2.25753e-07
-6.16473e-07
-2.39169e-07
-5.57349e-07
-2.49155e-07
-4.9661e-07
-2.55346e-07
-4.35185e-07
-2.57403e-07
-3.74061e-07
-2.55029e-07
-3.14269e-07
-2.47993e-07
-2.5687e-07
-2.36149e-07
-2.02924e-07
-2.19472e-07
-1.53468e-07
-1.98093e-07
-1.0949e-07
-1.72344e-07
-7.18933e-08
-1.4282e-07
-4.14836e-08
-1.10446e-07
-1.89587e-08
-7.6553e-08
-4.93003e-09
-4.29557e-08
-1.21881e-08
-5.98308e-09
1.86424e-08
-2.27312e-08
6.0733e-08
-4.92282e-08
1.04256e-07
-8.45089e-08
1.46771e-07
-1.27588e-07
1.86511e-07
-1.77437e-07
2.22182e-07
-2.3298e-07
2.52898e-07
-2.93102e-07
2.78111e-07
-3.56674e-07
2.97548e-07
-4.22567e-07
3.11147e-07
-4.89677e-07
3.19007e-07
-5.56938e-07
3.21348e-07
-6.2334e-07
3.18473e-07
-6.87939e-07
3.10745e-07
-7.49863e-07
2.9856e-07
-8.08317e-07
2.82333e-07
-8.62587e-07
2.62483e-07
-9.12037e-07
2.39428e-07
-9.56111e-07
2.1357e-07
-9.94328e-07
1.85302e-07
-1.02628e-06
1.55e-07
-1.05164e-06
1.23025e-07
-1.07014e-06
8.97281e-08
-1.08158e-06
5.54496e-08
-1.08583e-06
2.05265e-08
-1.08283e-06
-1.47044e-08
-1.07259e-06
-4.99012e-08
-1.05518e-06
-8.47126e-08
-1.03076e-06
-1.18774e-07
-9.99538e-07
-1.51703e-07
-9.61833e-07
-1.83099e-07
-9.18029e-07
-2.1254e-07
-8.68599e-07
-2.39585e-07
-8.1411e-07
-2.63777e-07
-7.55218e-07
-2.84646e-07
-6.9267e-07
-3.01717e-07
-6.27305e-07
-3.1452e-07
-5.60046e-07
-3.22605e-07
-4.91896e-07
-3.25553e-07
-4.23922e-07
-3.23003e-07
-3.57245e-07
-3.1467e-07
-2.93019e-07
-3.00375e-07
-2.3241e-07
-2.80081e-07
-1.76572e-07
-2.53931e-07
-1.26622e-07
-2.22294e-07
-8.36186e-08
-1.85823e-07
-4.85502e-08
-1.45514e-07
-2.2336e-08
-1.02767e-07
-5.85133e-09
-5.94404e-08
-1.80394e-08
-6.84479e-09
2.54872e-08
-2.59319e-08
7.982e-08
-5.59788e-08
1.34303e-07
-9.57699e-08
1.86562e-07
-1.44099e-07
2.34841e-07
-1.99748e-07
2.77831e-07
-2.61479e-07
3.14628e-07
-3.28042e-07
3.44673e-07
-3.98188e-07
3.67694e-07
-4.70687e-07
3.83646e-07
-5.44344e-07
3.92664e-07
-6.18014e-07
3.95018e-07
-6.90615e-07
3.91075e-07
-7.61141e-07
3.81271e-07
-8.28663e-07
3.66081e-07
-8.92336e-07
3.46006e-07
-9.51403e-07
3.2155e-07
-1.00519e-06
2.93214e-07
-1.0531e-06
2.61486e-07
-1.09464e-06
2.26839e-07
-1.12937e-06
1.89729e-07
-1.15694e-06
1.50591e-07
-1.17706e-06
1.0985e-07
-1.18953e-06
6.7919e-08
-1.19421e-06
2.52045e-08
-1.19102e-06
-1.78855e-08
-1.17999e-06
-6.09376e-08
-1.16117e-06
-1.03527e-07
-1.13474e-06
-1.45211e-07
-1.10091e-06
-1.85528e-07
-1.06002e-06
-2.23993e-07
-1.01246e-06
-2.60095e-07
-9.58747e-07
-2.933e-07
-8.99469e-07
-3.23056e-07
-8.35323e-07
-3.48792e-07
-7.67105e-07
-3.69935e-07
-6.95707e-07
-3.85918e-07
-6.22116e-07
-3.96196e-07
-5.47404e-07
-4.00265e-07
-4.7272e-07
-3.97688e-07
-3.99273e-07
-3.88116e-07
-3.28317e-07
-3.7133e-07
-2.6113e-07
-3.47268e-07
-1.98991e-07
-3.1607e-07
-1.43159e-07
-2.78126e-07
-9.48562e-08
-2.34126e-07
-5.52595e-08
-1.85111e-07
-2.55021e-08
-1.32525e-07
-6.6982e-09
-7.82443e-08
-2.47376e-08
-7.65241e-09
3.31396e-08
-2.89726e-08
1.0114e-07
-6.24524e-08
1.67782e-07
-1.06648e-07
2.30758e-07
-1.60143e-07
2.88335e-07
-2.21527e-07
3.39216e-07
-2.89396e-07
3.82497e-07
-3.62355e-07
4.17632e-07
-4.39028e-07
4.44367e-07
-5.18077e-07
4.62695e-07
-5.98212e-07
4.72799e-07
-6.78207e-07
4.75013e-07
-7.5691e-07
4.69778e-07
-8.33251e-07
4.57612e-07
-9.06249e-07
4.3908e-07
-9.75016e-07
4.14772e-07
-1.03875e-06
3.85286e-07
-1.09675e-06
3.51213e-07
-1.1484e-06
3.13132e-07
-1.19316e-06
2.71599e-07
-1.23058e-06
2.27153e-07
-1.2603e-06
1.80309e-07
-1.28202e-06
1.31568e-07
-1.29551e-06
8.14155e-08
-1.30064e-06
3.03332e-08
-1.29733e-06
-2.11987e-08
-1.28557e-06
-7.26925e-08
-1.26545e-06
-1.23647e-07
-1.23712e-06
-1.7354e-07
-1.20083e-06
-2.21826e-07
-1.15689e-06
-2.67931e-07
-1.10573e-06
-3.11251e-07
-1.04788e-06
-3.51153e-07
-9.83954e-07
-3.86981e-07
-9.14685e-07
-4.18061e-07
-8.40909e-07
-4.43711e-07
-7.6357e-07
-4.63257e-07
-6.83715e-07
-4.76051e-07
-6.02487e-07
-4.81493e-07
-5.21117e-07
-4.79058e-07
-4.40907e-07
-4.68326e-07
-3.63219e-07
-4.49019e-07
-2.89448e-07
-4.21038e-07
-2.21012e-07
-3.84507e-07
-1.59321e-07
-3.39817e-07
-1.05769e-07
-2.87678e-07
-6.17224e-08
-2.29158e-07
-2.85206e-08
-1.65726e-07
-7.49351e-09
-9.92714e-08
-3.22311e-08
-8.42742e-09
4.1567e-08
-3.19185e-08
1.24631e-07
-6.87677e-08
2.04632e-07
-1.17322e-07
2.79312e-07
-1.75959e-07
3.46973e-07
-2.4308e-07
4.06337e-07
-3.17108e-07
4.56525e-07
-3.96495e-07
4.97018e-07
-4.79732e-07
5.27604e-07
-5.65364e-07
5.48327e-07
-6.52001e-07
5.59436e-07
-7.38332e-07
5.61344e-07
-8.23133e-07
5.54578e-07
-9.05272e-07
5.39751e-07
-9.83717e-07
5.17525e-07
-1.05754e-06
4.88592e-07
-1.1259e-06
4.53647e-07
-1.18806e-06
4.1338e-07
-1.2434e-06
3.68463e-07
-1.29134e-06
3.19544e-07
-1.33143e-06
2.67245e-07
-1.36329e-06
2.12166e-07
-1.3866e-06
1.54883e-07
-1.40115e-06
9.59595e-08
-1.40677e-06
3.59507e-08
-1.40338e-06
-2.45887e-08
-1.39097e-06
-8.50954e-08
-1.36963e-06
-1.4499e-07
-1.3395e-06
-2.03669e-07
-1.30083e-06
-2.60499e-07
-1.25394e-06
-3.14815e-07
-1.19928e-06
-3.65915e-07
-1.13737e-06
-4.13061e-07
-1.06887e-06
-4.55488e-07
-9.94519e-07
-4.92408e-07
-9.15207e-07
-5.23022e-07
-8.31923e-07
-5.46541e-07
-7.45774e-07
-5.62201e-07
-6.57974e-07
-5.69293e-07
-5.6984e-07
-5.67192e-07
-4.82775e-07
-5.55391e-07
-3.98255e-07
-5.3354e-07
-3.17806e-07
-5.01486e-07
-2.42991e-07
-4.59322e-07
-1.75384e-07
-4.07424e-07
-1.16559e-07
-3.46503e-07
-6.80728e-08
-2.77644e-07
-3.14639e-08
-2.02335e-07
-8.2607e-09
-1.22475e-07
-4.04918e-08
-9.19057e-09
5.07576e-08
-3.48365e-08
1.50277e-07
-7.50518e-08
2.44847e-07
-1.27985e-07
3.32245e-07
-1.91814e-07
4.10802e-07
-2.64748e-07
4.79271e-07
-3.45032e-07
5.36809e-07
-4.30958e-07
5.82944e-07
-5.20875e-07
6.17521e-07
-6.13204e-07
6.40656e-07
-7.0645e-07
6.52682e-07
-7.9921e-07
6.54104e-07
-8.90186e-07
6.45554e-07
-9.78184e-07
6.27749e-07
-1.06212e-06
6.01463e-07
-1.14103e-06
5.67496e-07
-1.21403e-06
5.26653e-07
-1.28038e-06
4.79727e-07
-1.33941e-06
4.2749e-07
-1.39055e-06
3.70684e-07
-1.43332e-06
3.10021e-07
-1.46734e-06
2.46182e-07
-1.49228e-06
1.79826e-07
-1.50791e-06
1.11591e-07
-1.51407e-06
4.21079e-08
-1.51067e-06
-2.79948e-08
-1.49768e-06
-9.80776e-08
-1.47519e-06
-1.67482e-07
-1.44334e-06
-2.35522e-07
-1.40236e-06
-3.01476e-07
-1.35259e-06
-3.64583e-07
-1.29447e-06
-4.24037e-07
-1.22854e-06
-4.78993e-07
-1.15546e-06
-5.28569e-07
-1.07601e-06
-5.71853e-07
-9.91113e-07
-6.07921e-07
-9.018e-07
-6.35854e-07
-8.0924e-07
-6.54761e-07
-7.14723e-07
-6.63809e-07
-6.19657e-07
-6.62258e-07
-5.25551e-07
-6.49496e-07
-4.34006e-07
-6.25085e-07
-3.4669e-07
-5.88802e-07
-2.65325e-07
-5.40687e-07
-1.91659e-07
-4.8109e-07
-1.27451e-07
-4.1071e-07
-7.44553e-08
-3.3064e-07
-3.44072e-08
-2.42383e-07
-9.02278e-09
-1.47859e-07
-4.95146e-08
-9.96157e-09
6.07192e-08
-3.77927e-08
1.78108e-07
-8.14341e-08
2.88488e-07
-1.38839e-07
3.8965e-07
-2.07986e-07
4.79949e-07
-2.86888e-07
5.58173e-07
-3.73604e-07
6.23526e-07
-4.66259e-07
6.75599e-07
-5.6305e-07
7.14312e-07
-6.62267e-07
7.39873e-07
-7.62301e-07
7.52716e-07
-8.61655e-07
7.53459e-07
-9.58952e-07
7.4285e-07
-1.05293e-06
7.21731e-07
-1.14247e-06
6.90998e-07
-1.22655e-06
6.51573e-07
-1.30427e-06
6.04377e-07
-1.37486e-06
5.50315e-07
-1.43763e-06
4.90266e-07
-1.49202e-06
4.25068e-07
-1.53752e-06
3.55526e-07
-1.57375e-06
2.82408e-07
-1.60037e-06
2.0645e-07
-1.61715e-06
1.28369e-07
-1.62391e-06
4.88678e-08
-1.62055e-06
-3.13495e-08
-1.60706e-06
-1.11569e-07
-1.58349e-06
-1.91054e-07
-1.54998e-06
-2.69036e-07
-1.50675e-06
-3.44701e-07
-1.45414e-06
-4.17192e-07
-1.39258e-06
-4.85597e-07
-1.32262e-06
-5.48956e-07
-1.24493e-06
-6.0626e-07
-1.16031e-06
-6.56468e-07
-1.06972e-06
-6.98518e-07
-9.74224e-07
-7.31346e-07
-8.75065e-07
-7.5392e-07
-7.73609e-07
-7.65266e-07
-6.71357e-07
-7.64509e-07
-5.69937e-07
-7.50916e-07
-4.71083e-07
-7.23939e-07
-3.76619e-07
-6.83266e-07
-2.88436e-07
-6.2887e-07
-2.0847e-07
-5.61055e-07
-1.38679e-07
-4.80501e-07
-8.1019e-08
-3.883e-07
-3.74259e-08
-2.85976e-07
-9.80197e-09
-1.75483e-07
-5.93166e-08
-1.07591e-08
7.14783e-08
-4.08515e-08
2.08201e-07
-8.80426e-08
3.3568e-07
-1.50087e-07
4.51695e-07
-2.24757e-07
5.54619e-07
-3.09863e-07
6.43278e-07
-4.03269e-07
7.16933e-07
-5.0292e-07
7.7525e-07
-6.06854e-07
8.18246e-07
-7.13219e-07
8.46238e-07
-8.20287e-07
8.59784e-07
-9.2646e-07
8.59632e-07
-1.03028e-06
8.46669e-07
-1.13042e-06
8.21874e-07
-1.22571e-06
7.86283e-07
-1.31509e-06
7.40951e-07
-1.39764e-06
6.86927e-07
-1.47256e-06
6.25237e-07
-1.53916e-06
5.5687e-07
-1.59686e-06
4.82768e-07
-1.64517e-06
4.0383e-07
-1.68367e-06
3.20909e-07
-1.71204e-06
2.34823e-07
-1.73004e-06
1.46363e-07
-1.73747e-06
5.63044e-08
-1.73424e-06
-3.45771e-08
-1.72032e-06
-1.25495e-07
-1.69574e-06
-2.15635e-07
-1.66063e-06
-3.04145e-07
-1.61521e-06
-3.90124e-07
-1.55979e-06
-4.72613e-07
-1.49479e-06
-5.50591e-07
-1.42077e-06
-6.22975e-07
-1.33841e-06
-6.88627e-07
-1.24851e-06
-7.46361e-07
-1.15207e-06
-7.94964e-07
-1.0502e-06
-8.33217e-07
-9.44193e-07
-8.59924e-07
-8.35506e-07
-8.73953e-07
-7.25742e-07
-8.74274e-07
-6.16651e-07
-8.60007e-07
-5.10115e-07
-8.30475e-07
-4.08124e-07
-7.85257e-07
-3.12758e-07
-7.24237e-07
-2.26154e-07
-6.47659e-07
-1.50482e-07
-5.56173e-07
-8.79141e-08
-4.50868e-07
-4.05951e-08
-3.33295e-07
-1.06198e-08
-2.05458e-07
-6.99364e-08
-1.16009e-08
8.30792e-08
-4.40756e-08
2.40675e-07
-9.50031e-08
3.86607e-07
-1.6193e-07
5.18621e-07
-2.42409e-07
6.35099e-07
-3.34035e-07
7.34904e-07
-4.34468e-07
8.17365e-07
-5.41458e-07
8.8224e-07
-6.52874e-07
9.29662e-07
-7.66712e-07
9.60077e-07
-8.81117e-07
9.74189e-07
-9.94385e-07
9.729e-07
-1.10497e-06
9.57255e-07
-1.21149e-06
9.28393e-07
-1.31271e-06
8.87503e-07
-1.40755e-06
8.35788e-07
-1.49506e-06
7.74437e-07
-1.57443e-06
7.04606e-07
-1.64496e-06
6.27401e-07
-1.70606e-06
5.43872e-07
-1.75725e-06
4.55014e-07
-1.7981e-06
3.61765e-07
-1.8283e-06
2.65025e-07
-1.8476e-06
1.65655e-07
-1.85579e-06
6.45015e-08
-1.85278e-06
-3.75924e-08
-1.8385e-06
-1.3977e-07
-1.81299e-06
-2.41144e-07
-1.77636e-06
-3.40781e-07
-1.72879e-06
-4.3769e-07
-1.67059e-06
-5.30812e-07
-1.60217e-06
-6.19013e-07
-1.52406e-06
-7.01084e-07
-1.43694e-06
-7.75744e-07
-1.34165e-06
-8.41656e-07
-1.23917e-06
-8.9744e-07
-1.13068e-06
-9.41702e-07
-1.01754e-06
-9.73067e-07
-9.01278e-07
-9.90218e-07
-7.83605e-07
-9.91946e-07
-6.6641e-07
-9.77202e-07
-5.51733e-07
-9.45153e-07
-4.41746e-07
-8.95243e-07
-3.38733e-07
-8.2725e-07
-2.45051e-07
-7.4134e-07
-1.63103e-07
-6.38122e-07
-9.52913e-08
-5.1868e-07
-4.39889e-08
-3.84598e-07
-1.14972e-08
-2.3795e-07
-8.14336e-08
-1.25041e-08
9.55833e-08
-4.75255e-08
2.75697e-07
-1.02439e-07
4.4152e-07
-1.74563e-07
5.90746e-07
-2.61218e-07
7.21753e-07
-3.59763e-07
8.33448e-07
-4.67635e-07
9.25237e-07
-5.8238e-07
9.96986e-07
-7.0168e-07
1.04896e-06
-8.23372e-07
1.08177e-06
-9.45465e-07
1.09628e-06
-1.06614e-06
1.09358e-06
-1.18377e-06
1.07489e-06
-1.29691e-06
1.04153e-06
-1.40427e-06
9.94859e-07
-1.50473e-06
9.36252e-07
-1.59734e-06
8.67048e-07
-1.68127e-06
7.8854e-07
-1.75583e-06
7.01961e-07
-1.82043e-06
6.0847e-07
-1.87458e-06
5.0916e-07
-1.91787e-06
4.05059e-07
-1.94999e-06
2.97138e-07
-1.97066e-06
1.86332e-07
-1.97971e-06
7.35505e-08
-1.977e-06
-4.03004e-08
-1.96247e-06
-1.54299e-07
-1.93613e-06
-2.67488e-07
-1.89805e-06
-3.78858e-07
-1.84841e-06
-4.8733e-07
-1.78748e-06
-5.91744e-07
-1.71565e-06
-6.9085e-07
-1.63342e-06
-7.83307e-07
-1.54148e-06
-8.67686e-07
-1.44065e-06
-9.42483e-07
-1.33196e-06
-1.00614e-06
-1.2166e-06
-1.05706e-06
-1.09599e-06
-1.09367e-06
-9.7176e-07
-1.11445e-06
-8.4573e-07
-1.11798e-06
-7.19929e-07
-1.103e-06
-5.96569e-07
-1.06851e-06
-4.78026e-07
-1.01379e-06
-3.66803e-07
-9.38472e-07
-2.65504e-07
-8.4264e-07
-1.76783e-07
-7.26843e-07
-1.03301e-07
-5.92161e-07
-4.76815e-08
-4.40218e-07
-1.24549e-08
-2.73177e-07
-9.38884e-08
-1.34853e-08
1.09069e-07
-5.12607e-08
3.13472e-07
-1.1047e-07
5.0073e-07
-1.88182e-07
6.68457e-07
-2.81455e-07
8.15026e-07
-3.87394e-07
9.39387e-07
-5.03192e-07
1.04104e-06
-6.26173e-07
1.11997e-06
-7.53818e-07
1.17661e-06
-8.83791e-07
1.21174e-06
-1.01396e-06
1.22645e-06
-1.14239e-06
1.22201e-06
-1.26736e-06
1.19986e-06
-1.38735e-06
1.16152e-06
-1.50105e-06
1.10856e-06
-1.60731e-06
1.04251e-06
-1.70515e-06
9.64892e-07
-1.79376e-06
8.77147e-07
-1.87243e-06
7.80638e-07
-1.9406e-06
6.7664e-07
-1.99779e-06
5.66345e-07
-2.04359e-06
4.50864e-07
-2.0777e-06
3.31244e-07
-2.09985e-06
2.08483e-07
-2.10985e-06
8.35487e-08
-2.10755e-06
-4.25954e-08
-2.09288e-06
-1.6897e-07
-2.06582e-06
-2.94555e-07
-2.02641e-06
-4.18268e-07
-1.97479e-06
-5.38947e-07
-1.9112e-06
-6.55332e-07
-1.83599e-06
-7.66056e-07
-1.74966e-06
-8.69642e-07
-1.65284e-06
-9.64502e-07
-1.54637e-06
-1.04895e-06
-1.43127e-06
-1.12124e-06
-1.30878e-06
-1.17955e-06
-1.18037e-06
-1.22208e-06
-1.04775e-06
-1.24707e-06
-9.12867e-07
-1.25286e-06
-7.779e-07
-1.23797e-06
-6.45247e-07
-1.20117e-06
-5.17501e-07
-1.14153e-06
-3.97414e-07
-1.05856e-06
-2.87856e-07
-9.52198e-07
-1.91766e-07
-8.22933e-07
-1.12096e-07
-6.71831e-07
-5.1747e-08
-5.00566e-07
-1.35135e-08
-3.1141e-07
-1.07402e-07
-1.45609e-08
1.2363e-07
-5.53397e-08
3.54251e-07
-1.19217e-07
5.64607e-07
-2.02975e-07
7.52215e-07
-3.03385e-07
9.15436e-07
-4.17267e-07
1.05327e-06
-5.41547e-07
1.16532e-06
-6.73302e-07
1.25172e-06
-8.09798e-07
1.3131e-06
-9.48514e-07
1.35046e-06
-1.08716e-06
1.3651e-06
-1.22369e-06
1.35854e-06
-1.35629e-06
1.33246e-06
-1.48339e-06
1.28861e-06
-1.60361e-06
1.22878e-06
-1.7158e-06
1.1547e-06
-1.81899e-06
1.06808e-06
-1.91234e-06
9.70506e-07
-1.9952e-06
8.63494e-07
-2.06699e-06
7.48434e-07
-2.12727e-06
6.26618e-07
-2.17564e-06
4.99239e-07
-2.21181e-06
3.67411e-07
-2.23552e-06
2.3219e-07
-2.24656e-06
9.4596e-08
-2.2448e-06
-4.43618e-08
-2.23011e-06
-1.83654e-07
-2.20246e-06
-3.22206e-07
-2.16186e-06
-4.58871e-07
-2.1084e-06
-5.92408e-07
-2.04227e-06
-7.21461e-07
-1.96378e-06
-8.44546e-07
-1.87338e-06
-9.60044e-07
-1.77168e-06
-1.0662e-06
-1.65949e-06
-1.16115e-06
-1.53783e-06
-1.2429e-06
-1.40797e-06
-1.30941e-06
-1.27142e-06
-1.35863e-06
-1.12999e-06
-1.38851e-06
-9.8573e-07
-1.39712e-06
-8.40993e-07
-1.38271e-06
-6.98373e-07
-1.34378e-06
-5.60702e-07
-1.2792e-06
-4.31004e-07
-1.18826e-06
-3.1245e-07
-1.07075e-06
-2.08299e-07
-9.27084e-07
-1.21828e-07
-7.58303e-07
-5.62604e-08
-5.66134e-07
-1.4694e-08
-3.52977e-07
-1.22096e-07
-1.57474e-08
1.39377e-07
-5.98208e-08
3.98324e-07
-1.28795e-07
6.33582e-07
-2.1913e-07
8.42549e-07
-3.27267e-07
1.02357e-06
-4.49709e-07
1.17571e-06
-5.83085e-07
1.29869e-06
-7.24203e-07
1.39284e-06
-8.70091e-07
1.45899e-06
-1.01803e-06
1.4984e-06
-1.16557e-06
1.51264e-06
-1.31055e-06
1.50351e-06
-1.45105e-06
1.47296e-06
-1.58545e-06
1.42301e-06
-1.71234e-06
1.35567e-06
-1.83056e-06
1.27292e-06
-1.93914e-06
1.17666e-06
-2.03729e-06
1.06865e-06
-2.12434e-06
9.50544e-07
-2.19977e-06
8.23864e-07
-2.26314e-06
6.89995e-07
-2.31411e-06
5.50211e-07
-2.35239e-06
4.05686e-07
-2.37773e-06
2.57526e-07
-2.38992e-06
1.0679e-07
-2.38881e-06
-4.54744e-08
-2.37426e-06
-1.98201e-07
-2.34619e-06
-3.50272e-07
-2.30458e-06
-5.00486e-07
-2.24946e-06
-6.4753e-07
-2.18096e-06
-7.89957e-07
-2.09934e-06
-9.26169e-07
-2.00498e-06
-1.0544e-06
-1.89845e-06
-1.17273e-06
-1.78053e-06
-1.27907e-06
-1.65221e-06
-1.37121e-06
-1.51478e-06
-1.44685e-06
-1.3698e-06
-1.50361e-06
-1.21913e-06
-1.53917e-06
-1.06497e-06
-1.55127e-06
-9.09834e-07
-1.53785e-06
-7.56527e-07
-1.49709e-06
-6.08142e-07
-1.42759e-06
-4.68007e-07
-1.32839e-06
-3.39629e-07
-1.19913e-06
-2.26627e-07
-1.04009e-06
-1.32651e-07
-8.52278e-07
-6.12979e-08
-6.37487e-07
-1.60178e-08
-3.98257e-07
-1.38114e-07
-1.70612e-08
1.56438e-07
-6.47621e-08
4.46025e-07
-1.39323e-07
7.08143e-07
-2.36829e-07
9.40055e-07
-3.53351e-07
1.1401e-06
-4.85033e-07
1.30739e-06
-6.28171e-07
1.44183e-06
-7.79273e-07
1.54394e-06
-9.35113e-07
1.61483e-06
-1.09276e-06
1.65605e-06
-1.24959e-06
1.66947e-06
-1.40332e-06
1.65724e-06
-1.55195e-06
1.62159e-06
-1.69379e-06
1.56485e-06
-1.82744e-06
1.48932e-06
-1.95172e-06
1.39721e-06
-2.06569e-06
1.29062e-06
-2.16857e-06
1.17153e-06
-2.25976e-06
1.04174e-06
-2.33877e-06
9.02876e-07
-2.40522e-06
7.56437e-07
-2.45877e-06
6.03763e-07
-2.49917e-06
4.46084e-07
-2.52618e-06
2.84542e-07
-2.53961e-06
1.20223e-07
-2.53929e-06
-4.58012e-08
-2.52505e-06
-2.12442e-07
-2.49677e-06
-3.7855e-07
-2.45437e-06
-5.42883e-07
-2.39783e-06
-7.04069e-07
-2.32721e-06
-8.60576e-07
-2.24269e-06
-1.01069e-06
-2.14457e-06
-1.15252e-06
-2.03337e-06
-1.28394e-06
-1.90978e-06
-1.40265e-06
-1.7748e-06
-1.5062e-06
-1.62967e-06
-1.59197e-06
-1.476e-06
-1.65728e-06
-1.31573e-06
-1.69944e-06
-1.15117e-06
-1.71584e-06
-9.84994e-07
-1.70402e-06
-8.20252e-07
-1.66183e-06
-6.60317e-07
-1.58752e-06
-5.08848e-07
-1.47986e-06
-3.69731e-07
-1.33825e-06
-2.46996e-07
-1.16282e-06
-1.44723e-07
-9.54552e-07
-6.69376e-08
-7.15272e-07
-1.7507e-08
-4.47687e-07
-1.55621e-07
-1.85192e-08
1.74957e-07
-7.02226e-08
4.97729e-07
-1.50916e-07
7.88836e-07
-2.56255e-07
1.04539e-06
-3.81882e-07
1.26572e-06
-5.23535e-07
1.44905e-06
-6.77137e-07
1.59543e-06
-8.38867e-07
1.70567e-06
-1.00522e-06
1.78118e-06
-1.17303e-06
1.82386e-06
-1.33951e-06
1.83596e-06
-1.50224e-06
1.81996e-06
-1.65914e-06
1.7785e-06
-1.8085e-06
1.71421e-06
-1.94888e-06
1.6297e-06
-2.07915e-06
1.52747e-06
-2.19838e-06
1.40986e-06
-2.30587e-06
1.27902e-06
-2.40106e-06
1.13692e-06
-2.48352e-06
9.85335e-07
-2.55291e-06
8.2583e-07
-2.60897e-06
6.59819e-07
-2.65146e-06
4.88573e-07
-2.68017e-06
3.13257e-07
-2.69492e-06
1.34973e-07
-2.69552e-06
-4.52057e-08
-2.68178e-06
-2.26182e-07
-2.65353e-06
-4.06795e-07
-2.61064e-06
-5.85775e-07
-2.55301e-06
-7.61704e-07
-2.4806e-06
-9.32981e-07
-2.39351e-06
-1.09779e-06
-2.29194e-06
-1.25408e-06
-2.17632e-06
-1.39956e-06
-2.04727e-06
-1.5317e-06
-1.90572e-06
-1.64776e-06
-1.75288e-06
-1.7448e-06
-1.59038e-06
-1.81979e-06
-1.42021e-06
-1.86962e-06
-1.24478e-06
-1.89126e-06
-1.06697e-06
-1.88184e-06
-8.90041e-07
-1.83876e-06
-7.17686e-07
-1.75988e-06
-5.53932e-07
-1.64361e-06
-4.0309e-07
-1.48909e-06
-2.69655e-07
-1.29626e-06
-1.58202e-07
-1.06601e-06
-7.32592e-08
-8.00215e-07
-1.91844e-08
-5.01762e-07
-1.74805e-07
-2.01388e-08
1.95096e-07
-7.62623e-08
5.53852e-07
-1.63692e-07
8.76267e-07
-2.77584e-07
1.15929e-06
-4.13092e-07
1.40123e-06
-5.65491e-07
1.60145e-06
-7.30284e-07
1.76022e-06
-9.03283e-07
1.87867e-06
-1.08068e-06
1.95858e-06
-1.25907e-06
2.00225e-06
-1.43548e-06
2.01236e-06
-1.60736e-06
1.99185e-06
-1.77258e-06
1.94372e-06
-1.92939e-06
1.87102e-06
-2.07637e-06
1.77668e-06
-2.21241e-06
1.66352e-06
-2.33667e-06
1.53412e-06
-2.4485e-06
1.39085e-06
-2.54742e-06
1.23585e-06
-2.63308e-06
1.071e-06
-2.70522e-06
8.97967e-07
-2.76362e-06
7.18221e-07
-2.80811e-06
5.33058e-07
-2.8385e-06
3.43652e-07
-2.85463e-06
1.51095e-07
-2.85628e-06
-4.3552e-08
-2.84326e-06
-2.39207e-07
-2.81533e-06
-4.34717e-07
-2.7723e-06
-6.28807e-07
-2.71398e-06
-8.20031e-07
-2.64023e-06
-1.00673e-06
-2.55102e-06
-1.18699e-06
-2.44646e-06
-1.35864e-06
-2.32684e-06
-1.51918e-06
-2.19268e-06
-1.66586e-06
-2.0448e-06
-1.79563e-06
-1.8844e-06
-1.9052e-06
-1.71305e-06
-1.99113e-06
-1.53279e-06
-2.04988e-06
-1.34615e-06
-2.07791e-06
-1.15614e-06
-2.07184e-06
-9.66315e-07
-2.02859e-06
-7.80669e-07
-1.94552e-06
-6.03645e-07
-1.82064e-06
-4.40028e-07
-1.65271e-06
-2.94847e-07
-1.44144e-06
-1.73248e-07
-1.1876e-06
-8.0345e-08
-8.93117e-07
-2.10741e-08
-5.61033e-07
-1.95879e-07
-2.19382e-08
2.17034e-07
-8.29427e-08
6.14857e-07
-1.77769e-07
9.71093e-07
-3.00994e-07
1.28251e-06
-4.47207e-07
1.54744e-06
-6.11155e-07
1.76539e-06
-7.87868e-07
1.93694e-06
-9.72756e-07
2.06356e-06
-1.16167e-06
2.14749e-06
-1.35096e-06
2.19154e-06
-1.53747e-06
2.19887e-06
-1.71854e-06
2.17291e-06
-1.89197e-06
2.11715e-06
-2.056e-06
2.03505e-06
-2.20927e-06
1.92995e-06
-2.35072e-06
1.80497e-06
-2.47958e-06
1.66298e-06
-2.59533e-06
1.50659e-06
-2.69757e-06
1.33809e-06
-2.78605e-06
1.15948e-06
-2.86061e-06
9.72522e-07
-2.9211e-06
7.78715e-07
-2.96741e-06
5.7937e-07
-2.99941e-06
3.75648e-07
-3.01693e-06
1.68614e-07
-3.01977e-06
-4.07102e-08
-3.00769e-06
-2.51282e-07
-2.98043e-06
-4.61981e-07
-2.93769e-06
-6.71551e-07
-2.87918e-06
-8.7854e-07
-2.80465e-06
-1.08125e-06
-2.71394e-06
-1.2777e-06
-2.607e-06
-1.46558e-06
-2.48398e-06
-1.64221e-06
-2.34525e-06
-1.80459e-06
-2.19152e-06
-1.94935e-06
-2.02388e-06
-2.07284e-06
-1.84386e-06
-2.17116e-06
-1.6535e-06
-2.24023e-06
-1.45542e-06
-2.27599e-06
-1.25279e-06
-2.27447e-06
-1.0494e-06
-2.23197e-06
-8.49624e-07
-2.1453e-06
-6.58334e-07
-2.01193e-06
-4.80853e-07
-1.83019e-06
-3.22815e-07
-1.59947e-06
-1.90023e-07
-1.3204e-06
-8.82793e-08
-9.94861e-07
-2.32009e-08
-6.26112e-07
-2.1908e-07
-2.39366e-08
2.40971e-07
-9.03278e-08
6.81248e-07
-1.93268e-07
1.07403e-06
-3.26657e-07
1.4159e-06
-4.84436e-07
1.70522e-06
-6.60749e-07
1.94171e-06
-8.50095e-07
2.12628e-06
-1.04743e-06
2.2609e-06
-1.24826e-06
2.34832e-06
-1.44866e-06
2.39193e-06
-1.64528e-06
2.3955e-06
-1.83537e-06
2.363e-06
-2.0167e-06
2.29848e-06
-2.18753e-06
2.20588e-06
-2.34655e-06
2.08897e-06
-2.49282e-06
1.95123e-06
-2.62568e-06
1.79584e-06
-2.74471e-06
1.62562e-06
-2.84967e-06
1.44305e-06
-2.94044e-06
1.25025e-06
-3.01694e-06
1.04903e-06
-3.07915e-06
8.40922e-07
-3.12702e-06
6.27238e-07
-3.16047e-06
4.09098e-07
-3.17936e-06
1.87511e-07
-3.18351e-06
-3.65642e-08
-3.17264e-06
-2.62155e-07
-3.14641e-06
-4.88203e-07
-3.10446e-06
-7.13499e-07
-3.04639e-06
-9.36616e-07
-2.9718e-06
-1.15584e-06
-2.88037e-06
-1.36914e-06
-2.77187e-06
-1.57408e-06
-2.64626e-06
-1.76782e-06
-2.50375e-06
-1.9471e-06
-2.34487e-06
-2.10823e-06
-2.17058e-06
-2.24714e-06
-1.9823e-06
-2.35943e-06
-1.78206e-06
-2.44047e-06
-1.57251e-06
-2.48555e-06
-1.35698e-06
-2.49e-06
-1.13951e-06
-2.44944e-06
-9.24832e-07
-2.35999e-06
-7.18306e-07
-2.21845e-06
-5.25851e-07
-2.02264e-06
-3.53792e-07
-1.77153e-06
-2.0869e-07
-1.4655e-06
-9.71488e-08
-1.1064e-06
-2.5591e-08
-6.97669e-07
-2.44671e-07
-2.61546e-08
2.67125e-07
-9.84852e-08
7.53579e-07
-2.1031e-07
1.18586e-06
-3.54746e-07
1.56034e-06
-5.24979e-07
1.87545e-06
-7.14467e-07
2.1312e-06
-9.17109e-07
2.32892e-06
-1.12737e-06
2.47116e-06
-1.34036e-06
2.56131e-06
-1.55189e-06
2.60346e-06
-1.75844e-06
2.60204e-06
-1.95716e-06
2.56173e-06
-2.14583e-06
2.48715e-06
-2.32277e-06
2.38282e-06
-2.48675e-06
2.25296e-06
-2.63698e-06
2.10146e-06
-2.77296e-06
1.93182e-06
-2.89443e-06
1.74709e-06
-3.0013e-06
1.54992e-06
-3.0936e-06
1.34255e-06
-3.17141e-06
1.12683e-06
-3.2348e-06
9.0432e-07
-3.28384e-06
6.76277e-07
-3.31851e-06
4.43766e-07
-3.33871e-06
2.07713e-07
-3.34426e-06
-3.1021e-08
-3.33485e-06
-2.71564e-07
-3.3101e-06
-5.12954e-07
-3.26953e-06
-7.54062e-07
-3.21263e-06
-9.93516e-07
-3.13885e-06
-1.22963e-06
-3.04767e-06
-1.46032e-06
-2.93865e-06
-1.68309e-06
-2.81155e-06
-1.89492e-06
-2.66633e-06
-2.09232e-06
-2.50332e-06
-2.27124e-06
-2.32326e-06
-2.4272e-06
-2.12746e-06
-2.55523e-06
-1.91785e-06
-2.65009e-06
-1.69708e-06
-2.70631e-06
-1.46861e-06
-2.71847e-06
-1.2367e-06
-2.68135e-06
-1.00647e-06
-2.59021e-06
-7.83806e-07
-2.44112e-06
-5.75282e-07
-2.23117e-06
-3.88004e-07
-1.95881e-06
-2.29412e-07
-1.62409e-06
-1.07043e-07
-1.22877e-06
-2.8272e-08
-7.7644e-07
-2.72943e-07
-2.86149e-08
2.9574e-07
-1.07487e-07
8.32451e-07
-2.29026e-07
1.3074e-06
-3.85431e-07
1.71674e-06
-5.69018e-07
2.05904e-06
-7.72458e-07
2.33464e-06
-9.88977e-07
2.54544e-06
-1.2125e-06
2.69468e-06
-1.43772e-06
2.78654e-06
-1.66017e-06
2.82591e-06
-1.87618e-06
2.81805e-06
-2.08285e-06
2.7684e-06
-2.27799e-06
2.68229e-06
-2.46001e-06
2.56484e-06
-2.62785e-06
2.4208e-06
-2.78088e-06
2.25449e-06
-2.9188e-06
2.06974e-06
-3.04156e-06
1.86985e-06
-3.14928e-06
1.65763e-06
-3.24215e-06
1.43542e-06
-3.32042e-06
1.2051e-06
-3.38431e-06
9.68218e-07
-3.434e-06
7.25964e-07
-3.46955e-06
4.79314e-07
-3.49091e-06
2.29076e-07
-3.49791e-06
-2.40209e-08
-3.49023e-06
-2.79241e-07
-3.46743e-06
-5.35758e-07
-3.42893e-06
-7.92562e-07
-3.37407e-06
-1.04837e-06
-3.30213e-06
-1.30156e-06
-3.21239e-06
-1.55007e-06
-3.10418e-06
-1.7913e-06
-2.97696e-06
-2.02214e-06
-2.83044e-06
-2.23884e-06
-2.66466e-06
-2.43702e-06
-2.48012e-06
-2.61173e-06
-2.27791e-06
-2.75744e-06
-2.05981e-06
-2.86819e-06
-1.82842e-06
-2.9377e-06
-1.58726e-06
-2.95963e-06
-1.34082e-06
-2.92779e-06
-1.09459e-06
-2.83645e-06
-8.55003e-07
-2.6807e-06
-6.29365e-07
-2.45681e-06
-4.25664e-07
-2.16251e-06
-2.52351e-07
-1.7974e-06
-1.18055e-07
-1.36307e-06
-3.12734e-08
-8.63222e-07
-3.04216e-07
-3.13429e-08
3.27083e-07
-1.17414e-07
9.18522e-07
-2.49552e-07
1.43954e-06
-4.18887e-07
1.88608e-06
-6.16722e-07
2.25688e-06
-8.3483e-07
2.55274e-06
-1.06568e-06
2.77629e-06
-1.3026e-06
2.93159e-06
-1.53986e-06
3.0238e-06
-1.77273e-06
3.05877e-06
-1.99739e-06
3.04272e-06
-2.21096e-06
2.98196e-06
-2.4113e-06
2.88263e-06
-2.597e-06
2.75054e-06
-2.7672e-06
2.591e-06
-2.9215e-06
2.4088e-06
-3.05985e-06
2.20809e-06
-3.18245e-06
1.99245e-06
-3.28964e-06
1.76482e-06
-3.38185e-06
1.52763e-06
-3.45952e-06
1.28277e-06
-3.52303e-06
1.03173e-06
-3.57269e-06
7.75619e-07
-3.60865e-06
5.15281e-07
-3.63095e-06
2.51372e-07
-3.63942e-06
-1.55495e-08
-3.63374e-06
-2.84925e-07
-3.61339e-06
-5.56103e-07
-3.57772e-06
-8.28238e-07
-3.5259e-06
-1.10019e-06
-3.45703e-06
-1.37043e-06
-3.37016e-06
-1.63694e-06
-3.26433e-06
-1.89713e-06
-3.13872e-06
-2.14776e-06
-2.99269e-06
-2.38487e-06
-2.82594e-06
-2.60377e-06
-2.63866e-06
-2.79902e-06
-2.43162e-06
-2.96448e-06
-2.20638e-06
-3.09343e-06
-1.96541e-06
-3.17867e-06
-1.71223e-06
-3.21281e-06
-1.45151e-06
-3.18851e-06
-1.18908e-06
-3.09887e-06
-9.31973e-07
-2.93781e-06
-6.88275e-07
-2.7005e-06
-4.66971e-07
-2.38382e-06
-2.77671e-07
-1.9867e-06
-1.30282e-07
-1.51046e-06
-3.46272e-08
-9.58876e-07
-3.38844e-07
-3.43681e-08
3.61451e-07
-1.28355e-07
1.01251e-06
-2.72041e-07
1.58322e-06
-4.55295e-07
2.06933e-06
-6.68246e-07
2.46983e-06
-9.01637e-07
2.78614e-06
-1.14709e-06
3.02175e-06
-1.39729e-06
3.1818e-06
-1.64608e-06
3.27259e-06
-1.88846e-06
3.30115e-06
-2.12055e-06
3.27481e-06
-2.33948e-06
3.2009e-06
-2.5433e-06
3.08645e-06
-2.73081e-06
2.93804e-06
-2.90142e-06
2.76161e-06
-3.05504e-06
2.56241e-06
-3.19191e-06
2.34496e-06
-3.31252e-06
2.11306e-06
-3.41751e-06
1.86981e-06
-3.50755e-06
1.61767e-06
-3.5833e-06
1.35852e-06
-3.64534e-06
1.09377e-06
-3.69411e-06
8.24389e-07
-3.7299e-06
5.51071e-07
-3.7528e-06
2.74275e-07
-3.7627e-06
-5.65024e-09
-3.75926e-06
-2.88369e-07
-3.74191e-06
-5.73448e-07
-3.7099e-06
-8.60254e-07
-3.66225e-06
-1.14783e-06
-3.59787e-06
-1.43481e-06
-3.51553e-06
-1.71928e-06
-3.414e-06
-1.99867e-06
-3.29208e-06
-2.26968e-06
-3.14876e-06
-2.52819e-06
-2.98333e-06
-2.76919e-06
-2.79555e-06
-2.98679e-06
-2.58582e-06
-3.17422e-06
-2.35536e-06
-3.32389e-06
-2.10641e-06
-3.42762e-06
-1.84239e-06
-3.47682e-06
-1.56808e-06
-3.46283e-06
-1.28964e-06
-3.37731e-06
-1.01468e-06
-3.21278e-06
-7.52133e-07
-2.96305e-06
-5.12106e-07
-2.62384e-06
-3.05538e-07
-2.19327e-06
-1.43828e-07
-1.67217e-06
-3.83687e-08
-1.06434e-06
-3.77212e-07
-3.7726e-08
3.99177e-07
-1.40419e-07
1.1152e-06
-2.96665e-07
1.73947e-06
-4.9485e-07
2.26751e-06
-7.23731e-07
2.69871e-06
-9.72873e-07
3.03528e-06
-1.23296e-06
3.28183e-06
-1.49599e-06
3.44482e-06
-1.75536e-06
3.53196e-06
-2.00586e-06
3.55165e-06
-2.2436e-06
3.51255e-06
-2.46584e-06
3.42313e-06
-2.67085e-06
3.29147e-06
-2.85776e-06
3.12495e-06
-3.02632e-06
2.93018e-06
-3.17682e-06
2.7129e-06
-3.30986e-06
2.478e-06
-3.42628e-06
2.22949e-06
-3.52703e-06
1.97057e-06
-3.61308e-06
1.70372e-06
-3.68533e-06
1.43077e-06
-3.74457e-06
1.153e-06
-3.79141e-06
8.71236e-07
-3.82628e-06
5.85943e-07
-3.84936e-06
2.97353e-07
-3.86058e-06
5.56341e-09
-3.85959e-06
-2.89354e-07
-3.8458e-06
-5.87235e-07
-3.81835e-06
-8.87705e-07
-3.77613e-06
-1.19006e-06
-3.71782e-06
-1.49312e-06
-3.64194e-06
-1.79516e-06
-3.54692e-06
-2.09369e-06
-3.43118e-06
-2.38542e-06
-3.29326e-06
-2.6661e-06
-3.13197e-06
-2.93048e-06
-2.94656e-06
-3.17221e-06
-2.73693e-06
-3.38385e-06
-2.50384e-06
-3.55698e-06
-2.24917e-06
-3.68229e-06
-1.97615e-06
-3.74985e-06
-1.68952e-06
-3.74945e-06
-1.39573e-06
-3.67111e-06
-1.10294e-06
-3.50557e-06
-8.20996e-07
-3.24499e-06
-5.61236e-07
-2.8836e-06
-3.36126e-07
-2.41838e-06
-1.58809e-07
-1.84949e-06
-4.25379e-08
-1.18061e-06
-4.1975e-07
-4.14608e-08
4.40638e-07
-1.53736e-07
1.22748e-06
-3.23633e-07
1.90936e-06
-5.37773e-07
2.48165e-06
-7.83313e-07
2.94425e-06
-1.04847e-06
3.30043e-06
-1.32288e-06
3.55624e-06
-1.59783e-06
3.71977e-06
-1.8663e-06
3.80043e-06
-2.12294e-06
3.80829e-06
-2.36391e-06
3.75352e-06
-2.58673e-06
3.64595e-06
-2.79e-06
3.49475e-06
-2.97327e-06
3.30822e-06
-3.13675e-06
3.09366e-06
-3.28116e-06
2.85731e-06
-3.40754e-06
2.60438e-06
-3.51713e-06
2.33908e-06
-3.61124e-06
2.06468e-06
-3.69115e-06
1.78363e-06
-3.75804e-06
1.49767e-06
-3.81294e-06
1.20789e-06
-3.85663e-06
9.1493e-07
-3.88968e-06
6.18998e-07
-3.91238e-06
3.20053e-07
-3.92472e-06
1.78968e-08
-3.92636e-06
-2.87706e-07
-3.91669e-06
-5.96907e-07
-3.89476e-06
-9.09642e-07
-3.85931e-06
-1.2255e-06
-3.80883e-06
-1.5436e-06
-3.74157e-06
-1.86242e-06
-3.6556e-06
-2.17965e-06
-3.54894e-06
-2.49208e-06
-3.41961e-06
-2.79543e-06
-3.26587e-06
-3.08422e-06
-3.08637e-06
-3.35171e-06
-2.88036e-06
-3.58986e-06
-2.64803e-06
-3.78931e-06
-2.39073e-06
-3.93959e-06
-2.11131e-06
-4.02927e-06
-1.81437e-06
-4.04639e-06
-1.50651e-06
-3.97897e-06
-1.1964e-06
-3.81567e-06
-8.94845e-07
-3.54655e-06
-6.14514e-07
-3.16394e-06
-3.69623e-07
-2.66327e-06
-1.75357e-07
-2.04375e-06
-4.71827e-08
-1.30878e-06
-4.66933e-07
-4.56291e-08
4.86267e-07
-1.68473e-07
1.35032e-06
-3.53199e-07
2.09409e-06
-5.84325e-07
2.71278e-06
-8.47125e-07
3.20705e-06
-1.12827e-06
3.58158e-06
-1.41627e-06
3.84424e-06
-1.70165e-06
4.00516e-06
-1.97706e-06
4.07584e-06
-2.23709e-06
4.06832e-06
-2.47811e-06
3.99454e-06
-2.698e-06
3.86584e-06
-2.89586e-06
3.69261e-06
-3.07176e-06
3.48412e-06
-3.22648e-06
3.24837e-06
-3.36125e-06
2.99208e-06
-3.47764e-06
2.72077e-06
-3.57732e-06
2.43876e-06
-3.66202e-06
2.14937e-06
-3.73333e-06
1.85495e-06
-3.79275e-06
1.55708e-06
-3.84152e-06
1.25666e-06
-3.88065e-06
9.54054e-07
-3.91083e-06
6.49186e-07
-3.93248e-06
3.41701e-07
-3.94565e-06
3.10653e-08
-3.95005e-06
-2.83307e-07
-3.94503e-06
-6.01924e-07
-3.92959e-06
-9.25087e-07
-3.90234e-06
-1.25275e-06
-3.8616e-06
-1.58435e-06
-3.80532e-06
-1.91869e-06
-3.73125e-06
-2.25372e-06
-3.63695e-06
-2.58639e-06
-3.51991e-06
-2.91247e-06
-3.37776e-06
-3.22637e-06
-3.20842e-06
-3.52105e-06
-3.01041e-06
-3.78787e-06
-2.78314e-06
-4.01659e-06
-2.52724e-06
-4.19549e-06
-2.24499e-06
-4.31152e-06
-1.94065e-06
-4.35073e-06
-1.62079e-06
-4.29883e-06
-1.29453e-06
-4.14193e-06
-9.7358e-07
-3.8675e-06
-6.72085e-07
-3.46543e-06
-4.06243e-07
-2.92911e-06
-1.93632e-07
-2.25636e-06
-5.23614e-08
-1.45005e-06
-5.19294e-07
-5.03064e-08
5.36573e-07
-1.84848e-07
1.48486e-06
-3.85693e-07
2.29494e-06
-6.34827e-07
2.96191e-06
-9.15302e-07
3.48753e-06
-1.21203e-06
3.87831e-06
-1.51229e-06
4.14449e-06
-1.8059e-06
4.29877e-06
-2.08524e-06
4.35518e-06
-2.34501e-06
4.32809e-06
-2.58195e-06
4.23149e-06
-2.79451e-06
4.07839e-06
-2.98243e-06
3.88053e-06
-3.14646e-06
3.64815e-06
-3.28804e-06
3.38995e-06
-3.40905e-06
3.1131e-06
-3.51161e-06
2.82332e-06
-3.59789e-06
2.52504e-06
-3.67002e-06
2.2215e-06
-3.72999e-06
1.91492e-06
-3.77956e-06
1.60665e-06
-3.82024e-06
1.29734e-06
-3.85321e-06
9.87025e-07
-3.87934e-06
6.75319e-07
-3.89915e-06
3.61509e-07
-3.91277e-06
4.469e-08
-3.91997e-06
-2.76108e-07
-3.9201e-06
-6.01794e-07
-3.91211e-06
-9.33077e-07
-3.89454e-06
-1.27032e-06
-3.86551e-06
-1.61338e-06
-3.82277e-06
-1.96144e-06
-3.7637e-06
-2.31279e-06
-3.68541e-06
-2.66467e-06
-3.58485e-06
-3.01302e-06
-3.45895e-06
-3.35228e-06
-3.30482e-06
-3.67518e-06
-3.12008e-06
-3.9726e-06
-2.90318e-06
-4.23349e-06
-2.65383e-06
-4.44483e-06
-2.37347e-06
-4.59188e-06
-2.06574e-06
-4.65846e-06
-1.73697e-06
-4.6276e-06
-1.39653e-06
-4.48237e-06
-1.057e-06
-4.20703e-06
-7.34093e-07
-3.78834e-06
-4.4624e-07
-3.21696e-06
-2.13831e-07
-2.48877e-06
-5.81492e-08
-1.60573e-06
-5.77444e-07
-5.55951e-08
5.92169e-07
-2.03153e-07
1.63242e-06
-4.21549e-07
2.51333e-06
-6.89684e-07
3.23005e-06
-9.87985e-07
3.78583e-06
-1.29937e-06
4.1897e-06
-1.60981e-06
4.45493e-06
-1.9085e-06
4.59745e-06
-2.18769e-06
4.63438e-06
-2.44245e-06
4.58284e-06
-2.67011e-06
4.45915e-06
-2.8699e-06
4.27818e-06
-3.04241e-06
4.05304e-06
-3.18924e-06
3.79498e-06
-3.31262e-06
3.51333e-06
-3.41514e-06
3.21562e-06
-3.49953e-06
2.90772e-06
-3.56851e-06
2.59402e-06
-3.62464e-06
2.27763e-06
-3.67026e-06
1.96054e-06
-3.70742e-06
1.64382e-06
-3.73787e-06
1.32778e-06
-3.76297e-06
1.01213e-06
-3.78374e-06
6.96092e-07
-3.80081e-06
3.78584e-07
-3.81442e-06
5.8299e-08
-3.82439e-06
-2.66147e-07
-3.83009e-06
-5.96093e-07
-3.83047e-06
-9.32694e-07
-3.82401e-06
-1.27678e-06
-3.80873e-06
-1.62867e-06
-3.78215e-06
-1.98801e-06
-3.74136e-06
-2.35357e-06
-3.68306e-06
-2.72298e-06
-3.60361e-06
-3.09248e-06
-3.49921e-06
-3.45668e-06
-3.36611e-06
-3.80828e-06
-3.20087e-06
-4.13784e-06
-3.0008e-06
-4.43356e-06
-2.7644e-06
-4.68123e-06
-2.49197e-06
-4.86432e-06
-2.1862e-06
-4.96423e-06
-1.85285e-06
-4.96094e-06
-1.50128e-06
-4.83394e-06
-1.14478e-06
-4.56352e-06
-8.00691e-07
-4.13243e-06
-4.89937e-07
-3.52772e-06
-2.36215e-07
-2.7425e-06
-6.46453e-08
-1.7773e-06
-6.42089e-07
-6.16374e-08
6.53806e-07
-2.2379e-07
1.79457e-06
-4.61343e-07
2.75088e-06
-7.49416e-07
3.51812e-06
-1.06531e-06
4.10172e-06
-1.38971e-06
4.5141e-06
-1.70726e-06
4.77248e-06
-2.00666e-06
4.89685e-06
-2.28036e-06
4.90807e-06
-2.52402e-06
4.82651e-06
-2.73593e-06
4.67107e-06
-2.91636e-06
4.45861e-06
-3.06699e-06
4.20367e-06
-3.19043e-06
3.91842e-06
-3.28983e-06
3.61273e-06
-3.36857e-06
3.29436e-06
-3.43005e-06
2.9692e-06
-3.47752e-06
2.64149e-06
-3.51396e-06
2.31407e-06
-3.54206e-06
1.98864e-06
-3.56414e-06
1.66589e-06
-3.58212e-06
1.34576e-06
-3.59756e-06
1.02756e-06
-3.61159e-06
7.10128e-07
-3.62497e-06
3.91959e-07
-3.63801e-06
7.13368e-08
-3.6506e-06
-2.53552e-07
-3.6622e-06
-5.84494e-07
-3.67178e-06
-9.23118e-07
-3.6778e-06
-1.27075e-06
-3.67823e-06
-1.62824e-06
-3.67045e-06
-1.99579e-06
-3.65132e-06
-2.3727e-06
-3.61715e-06
-2.75715e-06
-3.56378e-06
-3.14585e-06
-3.48667e-06
-3.53378e-06
-3.38114e-06
-3.91382e-06
-3.24259e-06
-4.27639e-06
-3.06698e-06
-4.60916e-06
-2.85134e-06
-4.89688e-06
-2.59444e-06
-5.12122e-06
-2.2976e-06
-5.26106e-06
-1.96555e-06
-5.29299e-06
-1.60724e-06
-5.19226e-06
-1.23645e-06
-4.93432e-06
-8.72047e-07
-4.49683e-06
-5.37752e-07
-3.86201e-06
-2.61131e-07
-3.01912e-06
-7.19854e-08
-1.96645e-06
-7.14074e-07
-6.86342e-08
7.2244e-07
-2.47311e-07
1.97325e-06
-5.05853e-07
3.00943e-06
-8.1468e-07
3.82695e-06
-1.14738e-06
4.43442e-06
-1.48216e-06
4.84888e-06
-1.80243e-06
5.09275e-06
-2.09667e-06
5.19109e-06
-2.35789e-06
5.16929e-06
-2.58283e-06
5.05145e-06
-2.77108e-06
4.85932e-06
-2.92431e-06
4.61184e-06
-3.04554e-06
4.32489e-06
-3.13857e-06
4.01145e-06
-3.20758e-06
3.68174e-06
-3.2568e-06
3.34358e-06
-3.2903e-06
3.00269e-06
-3.31184e-06
2.66303e-06
-3.32481e-06
2.32704e-06
-3.33217e-06
1.996e-06
-3.33646e-06
1.67018e-06
-3.33976e-06
1.34907e-06
-3.34374e-06
1.03155e-06
-3.34966e-06
7.16041e-07
-3.35833e-06
4.00632e-07
-3.37018e-06
8.31831e-08
-3.38518e-06
-2.38548e-07
-3.40287e-06
-5.668e-07
-3.42231e-06
-9.03681e-07
-3.44202e-06
-1.25104e-06
-3.45996e-06
-1.6103e-06
-3.4735e-06
-1.98226e-06
-3.47933e-06
-2.36688e-06
-3.47348e-06
-2.763e-06
-3.45133e-06
-3.168e-06
-3.40768e-06
-3.57743e-06
-3.33688e-06
-3.98462e-06
-3.23312e-06
-4.38015e-06
-3.09083e-06
-4.75146e-06
-2.90524e-06
-5.08246e-06
-2.67321e-06
-5.35325e-06
-2.39417e-06
-5.54011e-06
-2.07122e-06
-5.61594e-06
-1.71232e-06
-5.55116e-06
-1.33127e-06
-5.31537e-06
-9.48348e-07
-4.87975e-06
-5.90238e-07
-4.22012e-06
-2.8906e-07
-3.32029e-06
-8.03597e-08
-2.17515e-06
-7.94434e-07
-7.6874e-08
7.99314e-07
-2.7449e-07
2.17087e-06
-5.56124e-07
3.29106e-06
-8.8629e-07
4.15711e-06
-1.23418e-06
4.78231e-06
-1.57535e-06
5.19005e-06
-1.89218e-06
5.40959e-06
-2.17344e-06
5.47235e-06
-2.41326e-06
5.40912e-06
-2.61002e-06
5.2482e-06
-2.76512e-06
5.01442e-06
-2.882e-06
4.72872e-06
-2.96527e-06
4.40817e-06
-3.02012e-06
4.0663e-06
-3.05183e-06
3.71345e-06
-3.06549e-06
3.35724e-06
-3.06581e-06
3.00301e-06
-3.057e-06
2.65422e-06
-3.04278e-06
2.31282e-06
-3.0263e-06
1.97953e-06
-3.01024e-06
1.65412e-06
-2.99677e-06
1.3356e-06
-2.98762e-06
1.0224e-06
-2.98409e-06
7.12516e-07
-2.98709e-06
4.03623e-07
-2.99709e-06
9.31831e-08
-3.01418e-06
-2.21458e-07
-3.03801e-06
-5.42969e-07
-3.06776e-06
-8.7393e-07
-3.10209e-06
-1.21671e-06
-3.13908e-06
-1.57331e-06
-3.17615e-06
-1.94519e-06
-3.20998e-06
-2.33305e-06
-3.23646e-06
-2.73651e-06
-3.25065e-06
-3.15381e-06
-3.24677e-06
-3.58132e-06
-3.21829e-06
-4.0131e-06
-3.15816e-06
-4.44028e-06
-3.05915e-06
-4.85047e-06
-2.91446e-06
-5.22715e-06
-2.71857e-06
-5.54913e-06
-2.46839e-06
-5.79029e-06
-2.16467e-06
-5.91966e-06
-1.81355e-06
-5.90227e-06
-1.42817e-06
-5.70075e-06
-1.02978e-06
-5.27815e-06
-6.48139e-07
-4.60176e-06
-3.20672e-07
-3.64776e-06
-9.00407e-08
-2.40578e-06
-8.84475e-07
-8.67781e-08
8.86092e-07
-3.06419e-07
2.39051e-06
-6.13547e-07
3.59819e-06
-9.652e-07
4.50877e-06
-1.3254e-06
5.1425e-06
-1.66703e-06
5.53168e-06
-1.97195e-06
5.7145e-06
-2.22993e-06
5.73033e-06
-2.43709e-06
5.61627e-06
-2.59414e-06
5.40526e-06
-2.7049e-06
5.12518e-06
-2.77498e-06
4.7988e-06
-2.81087e-06
4.44406e-06
-2.81922e-06
4.07466e-06
-2.80646e-06
3.70069e-06
-2.77848e-06
3.32926e-06
-2.74054e-06
2.96507e-06
-2.69721e-06
2.61088e-06
-2.65237e-06
2.26798e-06
-2.60928e-06
1.93644e-06
-2.57064e-06
1.61547e-06
-2.5386e-06
1.30356e-06
-2.51488e-06
9.98678e-07
-2.50077e-06
6.9841e-07
-2.4972e-06
4.00049e-07
-2.5047e-06
1.00689e-07
-2.52347e-06
-2.02688e-07
-2.5533e-06
-5.13142e-07
-2.59355e-06
-8.33682e-07
-2.64309e-06
-1.16717e-06
-2.70021e-06
-1.51618e-06
-2.76255e-06
-1.88285e-06
-2.82693e-06
-2.26866e-06
-2.8893e-06
-2.67415e-06
-2.94457e-06
-3.09854e-06
-2.98658e-06
-3.5393e-06
-3.0081e-06
-3.99157e-06
-3.00091e-06
-4.44747e-06
-2.9561e-06
-4.89528e-06
-2.86463e-06
-5.31863e-06
-2.71817e-06
-5.69559e-06
-2.51043e-06
-5.99802e-06
-2.23887e-06
-6.19122e-06
-1.90676e-06
-6.23439e-06
-1.52546e-06
-6.08205e-06
-1.11645e-06
-5.68715e-06
-7.12438e-07
-5.00577e-06
-3.56915e-07
-4.00328e-06
-1.01428e-07
-2.66127e-06
-9.85902e-07
-9.89741e-08
9.85066e-07
-3.4464e-07
2.63617e-06
-6.7995e-07
3.9335e-06
-1.05241e-06
4.88122e-06
-1.4201e-06
5.51019e-06
-1.75352e-06
5.86511e-06
-2.03493e-06
5.99591e-06
-2.25628e-06
5.95168e-06
-2.41674e-06
5.77673e-06
-2.52031e-06
5.50883e-06
-2.57385e-06
5.17872e-06
-2.58557e-06
4.81052e-06
-2.564e-06
4.42249e-06
-2.51733e-06
4.02799e-06
-2.45303e-06
3.63639e-06
-2.37768e-06
3.25391e-06
-2.2969e-06
2.88429e-06
-2.21543e-06
2.52941e-06
-2.13717e-06
2.18972e-06
-2.0653e-06
1.86458e-06
-2.00239e-06
1.55256e-06
-1.95046e-06
1.25164e-06
-1.91113e-06
9.59344e-07
-1.8856e-06
6.72878e-07
-1.87475e-06
3.89205e-07
-1.87918e-06
1.05115e-07
-1.89915e-06
-1.82714e-07
-1.93464e-06
-4.77659e-07
-1.98522e-06
-7.83094e-07
-2.05008e-06
-1.10231e-06
-2.12784e-06
-1.43842e-06
-2.21649e-06
-1.79421e-06
-2.3132e-06
-2.17195e-06
-2.41419e-06
-2.57316e-06
-2.51453e-06
-2.9982e-06
-2.60795e-06
-3.44588e-06
-2.68678e-06
-3.91275e-06
-2.74186e-06
-4.39239e-06
-2.76272e-06
-4.87442e-06
-2.73799e-06
-5.34336e-06
-2.65623e-06
-5.77736e-06
-2.50725e-06
-6.147e-06
-2.28411e-06
-6.41436e-06
-1.98581e-06
-6.53269e-06
-1.6204e-06
-6.44746e-06
-1.20825e-06
-6.09931e-06
-7.84409e-07
-5.42961e-06
-3.99144e-07
-4.38855e-06
-1.1512e-07
-2.94529e-06
-1.10102e-06
-1.14419e-07
1.09949e-06
-3.91349e-07
2.9131e-06
-7.57654e-07
4.29981e-06
-1.14869e-06
5.27226e-06
-1.51604e-06
5.87754e-06
-1.82871e-06
6.17777e-06
-2.0709e-06
6.23811e-06
-2.23846e-06
6.11924e-06
-2.33507e-06
5.87334e-06
-2.36908e-06
5.54284e-06
-2.35105e-06
5.16069e-06
-2.2921e-06
4.75157e-06
-2.20287e-06
4.33326e-06
-2.09298e-06
3.91809e-06
-1.97073e-06
3.51414e-06
-1.84311e-06
3.12629e-06
-1.71588e-06
2.75705e-06
-1.59366e-06
2.40719e-06
-1.48013e-06
2.07619e-06
-1.37821e-06
1.76265e-06
-1.29016e-06
1.46451e-06
-1.21774e-06
1.17922e-06
-1.16232e-06
9.03922e-07
-1.12494e-06
6.35503e-07
-1.10641e-06
3.70671e-07
-1.10729e-06
1.05996e-07
-1.12795e-06
-1.62051e-07
-1.16854e-06
-4.37074e-07
-1.22892e-06
-7.22713e-07
-1.30863e-06
-1.0226e-06
-1.40677e-06
-1.34028e-06
-1.52183e-06
-1.67914e-06
-1.65156e-06
-2.04222e-06
-1.79273e-06
-2.43199e-06
-1.94087e-06
-2.85006e-06
-2.09002e-06
-3.29673e-06
-2.23244e-06
-3.77032e-06
-2.35847e-06
-4.26637e-06
-2.45638e-06
-4.77651e-06
-2.51266e-06
-5.28708e-06
-2.51255e-06
-5.77746e-06
-2.44141e-06
-6.21815e-06
-2.28677e-06
-6.569e-06
-2.0416e-06
-6.77786e-06
-1.70846e-06
-6.78059e-06
-1.30446e-06
-6.50332e-06
-8.65618e-07
-5.86845e-06
-4.49296e-07
-4.80487e-06
-1.32039e-07
-3.26255e-06
-1.23306e-06
-1.34615e-07
1.2341e-06
-4.49672e-07
3.22816e-06
-8.49438e-07
4.69957e-06
-1.25398e-06
5.6768e-06
-1.60845e-06
6.23201e-06
-1.88227e-06
6.45159e-06
-2.06422e-06
6.42005e-06
-2.15635e-06
6.21137e-06
-2.16868e-06
5.88567e-06
-2.115e-06
5.48915e-06
-2.01011e-06
5.0558e-06
-1.86816e-06
4.60962e-06
-1.70173e-06
4.16684e-06
-1.52152e-06
3.73788e-06
-1.3363e-06
3.32892e-06
-1.15307e-06
2.94306e-06
-9.77308e-07
2.58129e-06
-8.1322e-07
2.2431e-06
-6.63989e-07
1.92696e-06
-5.32001e-07
1.63067e-06
-4.19037e-07
1.35154e-06
-3.26431e-07
1.08661e-06
-2.55198e-07
8.32689e-07
-2.06131e-07
5.86436e-07
-1.79867e-07
3.44407e-07
-1.76933e-07
1.03062e-07
-1.97761e-07
-1.41224e-07
-2.42676e-07
-3.92159e-07
-3.11865e-07
-6.53525e-07
-4.05298e-07
-9.29165e-07
-5.22632e-07
-1.22295e-06
-6.63053e-07
-1.53872e-06
-8.25089e-07
-1.88018e-06
-1.00635e-06
-2.25073e-06
-1.20322e-06
-2.6532e-06
-1.41049e-06
-3.08946e-06
-1.62096e-06
-3.55985e-06
-1.82502e-06
-4.0623e-06
-2.01033e-06
-4.5912e-06
-2.16167e-06
-5.13574e-06
-2.26122e-06
-5.67791e-06
-2.28952e-06
-6.18984e-06
-2.22756e-06
-6.63096e-06
-2.06028e-06
-6.94514e-06
-1.78194e-06
-7.05894e-06
-1.40301e-06
-6.88224e-06
-9.57792e-07
-6.31367e-06
-5.1014e-07
-5.25252e-06
-1.53645e-07
-3.61904e-06
-1.38671e-06
-1.61985e-07
1.39609e-06
-5.24022e-07
3.5902e-06
-9.58198e-07
5.13375e-06
-1.36602e-06
6.08462e-06
-1.68773e-06
6.55373e-06
-1.89696e-06
6.66083e-06
-1.99094e-06
6.51403e-06
-1.98109e-06
6.20152e-06
-1.88568e-06
5.79025e-06
-1.7249e-06
5.32837e-06
-1.51801e-06
4.84892e-06
-1.2819e-06
4.3735e-06
-1.03056e-06
3.9155e-06
-7.75158e-07
3.48248e-06
-5.24301e-07
3.07806e-06
-2.84449e-07
2.70321e-06
-6.03296e-08
2.35717e-06
1.4468e-07
2.03809e-06
3.28221e-07
1.74342e-06
4.88678e-07
1.47021e-06
6.24952e-07
1.21527e-06
7.36289e-07
9.75277e-07
8.22136e-07
7.46842e-07
8.82044e-07
5.26527e-07
9.15597e-07
3.10854e-07
9.22359e-07
9.63e-08
9.0186e-07
-1.20724e-07
8.53592e-07
-3.43891e-07
7.77046e-07
-5.76979e-07
6.71768e-07
-8.23887e-07
5.37459e-07
-1.08864e-06
3.74115e-07
-1.37538e-06
1.8223e-07
-1.68829e-06
-3.69424e-08
-2.03155e-06
-2.81037e-07
-2.4091e-06
-5.46139e-07
-2.82436e-06
-8.26241e-07
-3.27975e-06
-1.11263e-06
-3.77591e-06
-1.39325e-06
-4.31058e-06
-1.65211e-06
-4.87689e-06
-1.86903e-06
-5.46099e-06
-2.02003e-06
-6.03884e-06
-2.07887e-06
-6.57211e-06
-2.02058e-06
-7.00343e-06
-1.82757e-06
-7.25195e-06
-1.49894e-06
-7.21087e-06
-1.06233e-06
-6.75028e-06
-5.85582e-07
-5.72928e-06
-1.8232e-07
-4.02231e-06
-1.56903e-06
-2.00532e-07
1.59662e-06
-6.20441e-07
4.0101e-06
-1.08583e-06
5.59914e-06
-1.47748e-06
6.47627e-06
-1.73541e-06
6.81166e-06
-1.84398e-06
6.76939e-06
-1.81448e-06
6.48453e-06
-1.67133e-06
6.05837e-06
-1.44282e-06
5.56175e-06
-1.15595e-06
5.04149e-06
-8.33915e-07
4.52689e-06
-4.95467e-07
4.03505e-06
-1.55003e-07
3.57504e-06
1.76826e-07
3.15065e-06
4.92428e-07
2.76246e-06
7.86596e-07
2.40904e-06
1.05591e-06
2.08786e-06
1.29825e-06
1.79575e-06
1.51242e-06
1.52926e-06
1.69779e-06
1.28483e-06
1.85414e-06
1.05892e-06
1.98142e-06
8.48003e-07
2.07962e-06
6.48638e-07
2.14872e-06
4.57429e-07
2.18856e-06
2.71009e-07
2.19885e-06
8.60104e-08
2.1791e-06
-1.00976e-07
2.12865e-06
-2.93441e-07
2.04667e-06
-4.94998e-07
1.93221e-06
-7.09429e-07
1.78429e-06
-9.40721e-07
1.60201e-06
-1.19309e-06
1.38473e-06
-1.47101e-06
1.13232e-06
-1.77914e-06
8.45529e-07
-2.12231e-06
5.26454e-07
-2.50529e-06
1.7915e-07
-2.93245e-06
-1.89558e-07
-3.4072e-06
-5.69129e-07
-3.93101e-06
-9.44247e-07
-4.50177e-06
-1.29384e-06
-5.11139e-06
-1.59054e-06
-5.74214e-06
-1.8012e-06
-6.36145e-06
-1.88955e-06
-6.91508e-06
-1.82248e-06
-7.31903e-06
-1.5813e-06
-7.45204e-06
-1.17895e-06
-7.15263e-06
-6.80885e-07
-6.22734e-06
-2.22024e-07
-4.48117e-06
-1.79105e-06
-2.56962e-07
1.85358e-06
-7.46505e-07
4.49965e-06
-1.23017e-06
6.0828e-06
-1.5702e-06
6.8163e-06
-1.71688e-06
6.95834e-06
-1.67577e-06
6.72828e-06
-1.47938e-06
6.28814e-06
-1.16857e-06
5.74756e-06
-7.82421e-07
5.1756e-06
-3.53836e-07
4.61291e-06
9.15662e-08
4.08148e-06
5.3494e-07
3.59168e-06
9.63084e-07
3.14689e-06
1.3672e-06
2.74654e-06
1.74176e-06
2.38789e-06
2.08361e-06
2.06719e-06
2.39121e-06
1.78026e-06
2.66412e-06
1.52284e-06
2.90254e-06
1.29084e-06
3.10707e-06
1.0803e-06
3.27845e-06
8.87539e-07
3.41741e-06
7.0904e-07
3.52457e-06
5.41477e-07
3.60035e-06
3.81655e-07
3.64489e-06
2.26468e-07
3.65806e-06
7.28427e-08
3.63939e-06
-8.23078e-08
3.58809e-06
-2.42145e-07
3.50306e-06
-4.09961e-07
3.38287e-06
-5.89241e-07
3.22588e-06
-7.83729e-07
3.03027e-06
-9.97484e-07
2.79421e-06
-1.23495e-06
2.51606e-06
-1.50099e-06
2.19467e-06
-1.80093e-06
1.82986e-06
-2.14048e-06
1.42302e-06
-2.52561e-06
9.78023e-07
-2.96221e-06
5.02407e-07
-3.45539e-06
8.87523e-09
-4.00824e-06
-4.82938e-07
-4.61958e-06
-9.44701e-07
-5.28038e-06
-1.33824e-06
-5.96792e-06
-1.61628e-06
-6.63703e-06
-1.72725e-06
-7.20806e-06
-1.62719e-06
-7.5521e-06
-1.30221e-06
-7.47761e-06
-8.02331e-07
-6.72723e-06
-2.79398e-07
-5.0041e-06
-2.07045e-06
-3.42362e-07
2.19594e-06
-9.09434e-07
5.06672e-06
-1.37735e-06
6.55073e-06
-1.60362e-06
7.04256e-06
-1.56901e-06
6.92374e-06
-1.31515e-06
6.47442e-06
-9.03089e-07
5.87608e-06
-3.91742e-07
5.23621e-06
1.70667e-07
4.61319e-06
7.48262e-07
4.03531e-06
1.31614e-06
3.51361e-06
1.85807e-06
3.04975e-06
2.36419e-06
2.64077e-06
2.82916e-06
2.28157e-06
3.25064e-06
1.96641e-06
3.62828e-06
1.68956e-06
3.9629e-06
1.44564e-06
4.25601e-06
1.22973e-06
4.50942e-06
1.03742e-06
4.725e-06
8.64727e-07
4.90449e-06
7.08046e-07
5.04942e-06
5.64108e-07
5.16101e-06
4.29891e-07
5.2401e-06
3.02561e-07
5.28716e-06
1.7941e-07
5.30221e-06
5.7791e-08
5.28484e-06
-6.49375e-08
5.23418e-06
-1.91479e-07
5.14888e-06
-3.24662e-07
5.02715e-06
-4.67512e-07
4.86675e-06
-6.23329e-07
4.66504e-06
-7.95773e-07
4.41905e-06
-9.8896e-07
4.12562e-06
-1.20757e-06
3.78164e-06
-1.45695e-06
3.38436e-06
-1.74319e-06
2.93198e-06
-2.07323e-06
2.42449e-06
-2.45472e-06
1.86489e-06
-2.8958e-06
1.26102e-06
-3.40436e-06
6.2792e-07
-3.98648e-06
-9.05933e-09
-4.6434e-06
-6.10984e-07
-5.36599e-06
-1.12285e-06
-6.12516e-06
-1.47459e-06
-6.85632e-06
-1.59032e-06
-7.43638e-06
-1.41338e-06
-7.65454e-06
-9.54795e-07
-7.18581e-06
-3.65324e-07
-5.59357e-06
-2.43577e-06
-4.73445e-07
2.66939e-06
-1.10802e-06
5.70129e-06
-1.48358e-06
6.92629e-06
-1.49252e-06
7.0515e-06
-1.17976e-06
6.61098e-06
-6.39885e-07
5.93454e-06
3.38073e-08
5.20239e-06
7.67726e-07
4.50229e-06
1.5104e-06
3.87051e-06
2.22886e-06
3.31686e-06
2.90372e-06
2.83875e-06
3.52489e-06
2.42858e-06
4.08832e-06
2.07735e-06
4.59362e-06
1.77626e-06
5.04262e-06
1.51742e-06
5.43823e-06
1.29394e-06
5.78391e-06
1.09996e-06
6.08318e-06
9.30461e-07
6.33942e-06
7.81189e-07
6.55568e-06
6.48467e-07
6.73463e-06
5.29099e-07
6.87847e-06
4.20264e-07
6.98894e-06
3.1942e-07
7.06727e-06
2.24236e-07
7.11416e-06
1.32517e-07
7.12981e-06
4.21419e-08
7.11386e-06
-4.89934e-08
7.06542e-06
-1.43039e-07
6.98301e-06
-2.42252e-07
6.86457e-06
-3.4907e-07
6.70743e-06
-4.66186e-07
6.5083e-06
-5.96644e-07
6.26329e-06
-7.43952e-07
5.96794e-06
-9.12216e-07
5.6173e-06
-1.1063e-06
5.20614e-06
-1.33203e-06
4.7293e-06
-1.5964e-06
4.18235e-06
-1.90776e-06
3.56257e-06
-2.27602e-06
2.87076e-06
-2.71255e-06
2.11383e-06
-3.22956e-06
1.30886e-06
-3.83843e-06
4.88498e-07
-4.54563e-06
-2.92484e-07
-5.34418e-06
-9.51646e-07
-6.19716e-06
-1.37992e-06
-7.00811e-06
-1.4618e-06
-7.57265e-06
-1.1326e-06
-7.51502e-06
-4.95642e-07
-6.23053e-06
-2.93141e-06
-6.67217e-07
3.3366e-06
-1.30516e-06
6.33923e-06
-1.4334e-06
7.05453e-06
-1.06644e-06
6.68454e-06
-3.57379e-07
5.90192e-06
5.36031e-07
5.04113e-06
1.49616e-06
4.24226e-06
2.44747e-06
3.55098e-06
3.34701e-06
2.97098e-06
4.17354e-06
2.49033e-06
4.91912e-06
2.09316e-06
5.58346e-06
1.76424e-06
6.17027e-06
1.49054e-06
6.68516e-06
1.26137e-06
7.13441e-06
1.06817e-06
7.52425e-06
9.041e-07
7.86053e-06
7.6367e-07
8.14854e-06
6.42451e-07
8.39291e-06
5.36818e-07
8.59762e-06
4.43763e-07
8.76597e-06
3.60744e-07
8.90066e-06
2.85576e-07
9.00375e-06
2.16333e-07
9.07671e-06
1.51278e-07
9.12042e-06
8.87999e-08
9.13521e-06
2.73579e-08
9.12078e-06
-3.45685e-08
9.07627e-06
-9.85298e-08
9.00018e-06
-1.6616e-07
8.89034e-06
-2.39234e-07
8.7439e-06
-3.19737e-07
8.5572e-06
-4.09951e-07
8.32581e-06
-5.12556e-07
8.04436e-06
-6.30767e-07
7.70657e-06
-7.68513e-07
7.30521e-06
-9.30669e-07
6.83217e-06
-1.12336e-06
6.27875e-06
-1.35434e-06
5.63622e-06
-1.63349e-06
4.89702e-06
-1.97335e-06
4.05699e-06
-2.38953e-06
3.11932e-06
-2.90076e-06
2.1011e-06
-3.5274e-06
1.04345e-06
-4.28653e-06
2.52415e-08
-5.17895e-06
-8.23951e-07
-6.15892e-06
-1.32415e-06
-7.07245e-06
-1.29043e-06
-7.54874e-06
-6.84269e-07
-6.83669e-06
-3.61568e-06
-9.14936e-07
4.25154e-06
-1.34807e-06
6.77236e-06
-9.49728e-07
6.65619e-06
1.2171e-09
5.7336e-06
1.20971e-06
4.69343e-06
2.47859e-06
3.77225e-06
3.69521e-06
3.02565e-06
4.80707e-06
2.43912e-06
5.7966e-06
1.98144e-06
6.66416e-06
1.62277e-06
7.41829e-06
1.33904e-06
8.07052e-06
1.11201e-06
8.63286e-06
9.28202e-07
9.11655e-06
7.7768e-07
9.53165e-06
6.53072e-07
9.8869e-06
5.48844e-07
1.01898e-05
4.60775e-07
1.04467e-05
3.85587e-07
1.06628e-05
3.2069e-07
1.08426e-05
2.63996e-07
1.09895e-05
2.13782e-07
1.11065e-05
1.68597e-07
1.11956e-05
1.27188e-07
1.12585e-05
8.84397e-08
1.1296e-05
5.13303e-08
1.13084e-05
1.48923e-08
1.12957e-05
-2.18249e-08
1.12569e-05
-5.97895e-08
1.11908e-05
-1.00023e-07
1.10952e-05
-1.43642e-07
1.09674e-05
-1.91909e-07
1.08037e-05
-2.46292e-07
1.05997e-05
-3.08544e-07
1.03498e-05
-3.80811e-07
1.0047e-05
-4.65782e-07
9.68324e-06
-5.66889e-07
9.24848e-06
-6.88601e-07
8.73098e-06
-8.36841e-07
8.11707e-06
-1.01958e-06
7.39141e-06
-1.24769e-06
6.53797e-06
-1.53609e-06
5.54245e-06
-1.90524e-06
4.39768e-06
-2.38264e-06
3.1143e-06
-3.00315e-06
1.74e-06
-3.80465e-06
3.89712e-07
-4.80863e-06
-7.20552e-07
-5.96218e-06
-1.26368e-06
-7.00562e-06
-9.15274e-07
-7.18509e-06
-4.53096e-06
-1.08366e-06
5.3352e-06
-7.58653e-07
6.44735e-06
5.79771e-07
5.31777e-06
2.28535e-06
4.02802e-06
3.98958e-06
2.9892e-06
5.53358e-06
2.22825e-06
6.87074e-06
1.68849e-06
8.005e-06
1.30485e-06
8.95922e-06
1.02722e-06
9.76033e-06
8.21659e-07
1.04335e-05
6.65879e-07
1.10003e-05
5.45245e-07
1.14784e-05
4.50018e-07
1.18825e-05
3.73575e-07
1.22243e-05
3.11304e-07
1.25132e-05
2.59905e-07
1.27571e-05
2.16957e-07
1.2962e-05
1.80641e-07
1.31331e-05
1.49555e-07
1.32745e-05
1.22593e-07
1.33895e-05
9.88624e-08
1.34804e-05
7.76212e-08
1.35494e-05
5.82383e-08
1.35977e-05
4.01594e-08
1.36261e-05
2.28816e-08
1.36351e-05
5.93167e-09
1.36244e-05
-1.11528e-08
1.35935e-05
-2.88427e-08
1.35411e-05
-4.76353e-08
1.34655e-05
-6.80771e-08
1.33644e-05
-9.07903e-08
1.32346e-05
-1.16506e-07
1.30722e-05
-1.46108e-07
1.28721e-05
-1.80697e-07
1.26279e-05
-2.21675e-07
1.23319e-05
-2.70875e-07
1.19741e-05
-3.30752e-07
1.15419e-05
-4.04672e-07
1.10197e-05
-4.97368e-07
1.03877e-05
-6.15675e-07
9.62132e-06
-7.69711e-07
8.69089e-06
-9.74818e-07
7.56289e-06
-1.25464e-06
6.20549e-06
-1.64574e-06
4.60404e-06
-2.20321e-06
2.79635e-06
-3.00093e-06
9.41269e-07
-4.1071e-06
-5.68898e-07
-5.49545e-06
-1.03759e-06
-6.71639e-06
-5.56855e-06
-1.19692e-07
5.45489e-06
1.82957e-06
4.49809e-06
4.40777e-06
2.73957e-06
6.71938e-06
1.71641e-06
8.59455e-06
1.11402e-06
1.0072e-05
7.5076e-07
1.12319e-05
5.28658e-07
1.21485e-05
3.88252e-07
1.28805e-05
2.95177e-07
1.34717e-05
2.30456e-07
1.39541e-05
1.83533e-07
1.4351e-05
1.48322e-07
1.46799e-05
1.21156e-07
1.49537e-05
9.97222e-08
1.51825e-05
8.24993e-08
1.5374e-05
6.84423e-08
1.55341e-05
5.68083e-08
1.56677e-05
4.70517e-08
1.57785e-05
3.87605e-08
1.58695e-05
3.16147e-08
1.5943e-05
2.53592e-08
1.60008e-05
1.9785e-08
1.60443e-05
1.47161e-08
1.60745e-05
9.99929e-09
1.60919e-05
5.49644e-09
1.60967e-05
1.07875e-09
1.6089e-05
-3.38027e-09
1.60681e-05
-8.00763e-09
1.60334e-05
-1.29392e-08
1.59837e-05
-1.83242e-08
1.59172e-05
-2.43336e-08
1.58319e-05
-3.11698e-08
1.57249e-05
-3.90802e-08
1.55925e-05
-4.83759e-08
1.54303e-05
-5.9459e-08
1.52323e-05
-7.28639e-08
1.49909e-05
-8.93204e-08
1.46961e-05
-1.09857e-07
1.43347e-05
-1.35971e-07
1.38889e-05
-1.69934e-07
1.33346e-05
-2.15344e-07
1.26379e-05
-2.78188e-07
1.17522e-05
-3.68922e-07
1.06131e-05
-5.0662e-07
9.13653e-06
-7.26645e-07
7.22814e-06
-1.09254e-06
4.83405e-06
-1.71301e-06
2.12237e-06
-2.78378e-06
1.11638e-08
-4.60519e-06
-5.55738e-06
5.45489e-06
9.95298e-06
1.26926e-05
1.4409e-05
1.5523e-05
1.62737e-05
1.68024e-05
1.71907e-05
1.74858e-05
1.77163e-05
1.78998e-05
1.80481e-05
1.81693e-05
1.8269e-05
1.83515e-05
1.842e-05
1.84768e-05
1.85238e-05
1.85626e-05
1.85942e-05
1.86196e-05
1.86393e-05
1.86541e-05
1.86641e-05
1.86696e-05
1.86706e-05
1.86673e-05
1.86592e-05
1.86463e-05
1.8628e-05
1.86036e-05
1.85725e-05
1.85334e-05
1.8485e-05
1.84256e-05
1.83527e-05
1.82634e-05
1.81535e-05
1.80175e-05
1.78476e-05
1.76323e-05
1.73541e-05
1.69852e-05
1.64785e-05
1.57519e-05
1.46594e-05
1.29464e-05
1.01626e-05
5.55738e-06
)
;

boundaryField
{
    movingWall
    {
        type            calculated;
        value           uniform 0;
    }
    fixedWalls
    {
        type            calculated;
        value           uniform 0;
    }
    frontAndBack
    {
        type            empty;
        value           nonuniform 0();
    }
}


// ************************************************************************* //
