/*--------------------------------*- C++ -*----------------------------------*\
  =========                 |
  \\      /  F ield         | OpenFOAM: The Open Source CFD Toolbox
   \\    /   O peration     | Website:  https://openfoam.org
    \\  /    A nd           | Version:  7
     \\/     M anipulation  |
\*---------------------------------------------------------------------------*/
FoamFile
{
    version     2.0;
    format      ascii;
    class       surfaceScalarField;
    location    "0.0236";
    object      phi;
}
// * * * * * * * * * * * * * * * * * * * * * * * * * * * * * * * * * * * * * //

dimensions      [0 3 -1 0 0 0 0];

internalField   nonuniform List<scalar> 
4900
(
8.46794e-10
-8.47015e-10
1.4578e-09
-6.10982e-10
1.02076e-09
4.37029e-10
-6.69618e-10
1.69039e-09
-3.59852e-09
2.92887e-09
-7.64519e-09
4.04664e-09
-1.26428e-08
4.99763e-09
-1.84115e-08
5.76871e-09
-2.47726e-08
6.36112e-09
-3.15551e-08
6.7825e-09
-3.85987e-08
7.04362e-09
-4.57555e-08
7.15674e-09
-5.28901e-08
7.13463e-09
-5.98802e-08
6.99008e-09
-6.66158e-08
6.7356e-09
-7.2999e-08
6.38319e-09
-7.89432e-08
5.94428e-09
-8.43729e-08
5.42962e-09
-8.92221e-08
4.84927e-09
-9.34348e-08
4.21265e-09
-9.69634e-08
3.5286e-09
-9.97689e-08
2.8055e-09
-1.0182e-07
2.05132e-09
-1.03094e-07
1.27378e-09
-1.03575e-07
4.8051e-10
-1.03254e-07
-3.20833e-10
-1.02131e-07
-1.12244e-09
-1.00215e-07
-1.91621e-09
-9.75214e-08
-2.69361e-09
-9.40757e-08
-3.44561e-09
-8.99132e-08
-4.16258e-09
-8.50789e-08
-4.83425e-09
-7.96292e-08
-5.4497e-09
-7.36318e-08
-5.99739e-09
-6.71666e-08
-6.46518e-09
-6.03262e-08
-6.84047e-09
-5.32159e-08
-7.1103e-09
-4.59543e-08
-7.26157e-09
-3.86731e-08
-7.28125e-09
-3.15164e-08
-7.15665e-09
-2.46406e-08
-6.87584e-09
-1.82124e-08
-6.42816e-09
-1.24072e-08
-5.80518e-09
-7.40504e-09
-5.00221e-09
-3.38347e-09
-4.02159e-09
-5.03061e-10
-2.88043e-09
1.12671e-09
-1.62978e-09
1.50414e-09
-3.77417e-10
8.53434e-10
6.50715e-10
8.53432e-10
6.22163e-10
-1.46916e-09
-5.74912e-11
6.86205e-11
-3.11656e-09
3.49612e-09
-9.01971e-09
7.59354e-09
-1.77892e-08
1.16983e-08
-2.9217e-08
1.54745e-08
-4.297e-08
1.87505e-08
-5.86523e-08
2.1451e-08
-7.5845e-08
2.35538e-08
-9.41295e-08
2.50671e-08
-1.13101e-07
2.60156e-08
-1.32378e-07
2.64338e-08
-1.51605e-07
2.63615e-08
-1.70456e-07
2.58407e-08
-1.88635e-07
2.49141e-08
-2.05875e-07
2.36237e-08
-2.21941e-07
2.20102e-08
-2.36624e-07
2.01126e-08
-2.49743e-07
1.7968e-08
-2.61141e-07
1.56113e-08
-2.70689e-07
1.30758e-08
-2.78276e-07
1.0393e-08
-2.83818e-07
7.59334e-09
-2.87251e-07
4.70621e-09
-2.88531e-07
1.76078e-09
-2.87638e-07
-1.21371e-09
-2.84573e-07
-4.18748e-09
-2.79359e-07
-7.12973e-09
-2.72045e-07
-1.00083e-08
-2.62701e-07
-1.27891e-08
-2.51428e-07
-1.54363e-08
-2.3835e-07
-1.79118e-08
-2.23624e-07
-2.01753e-08
-2.07437e-07
-2.21848e-08
-1.90006e-07
-2.38962e-08
-1.71582e-07
-2.52643e-08
-1.52449e-07
-2.62433e-08
-1.32923e-07
-2.67876e-08
-1.13351e-07
-2.68528e-08
-9.41106e-08
-2.63975e-08
-7.56016e-08
-2.53848e-08
-5.8244e-08
-2.37858e-08
-4.24659e-08
-2.15832e-08
-2.8689e-08
-1.87791e-08
-1.73038e-08
-1.54069e-08
-8.62953e-09
-1.15547e-08
-2.85281e-09
-7.40648e-09
7.86152e-11
-3.30882e-09
6.6033e-10
6.8999e-11
1.51376e-09
-3.94197e-10
-1.07498e-09
-3.41502e-09
3.08946e-09
-1.00764e-08
1.01575e-08
-2.07533e-08
1.82705e-08
-3.54514e-08
2.63965e-08
-5.39024e-08
3.39254e-08
-7.56659e-08
4.05141e-08
-1.00204e-07
4.59892e-08
-1.26932e-07
5.02814e-08
-1.5525e-07
5.33855e-08
-1.8457e-07
5.53357e-08
-2.14327e-07
5.61908e-08
-2.4399e-07
5.6024e-08
-2.73065e-07
5.49162e-08
-3.01103e-07
5.29523e-08
-3.27697e-07
5.02173e-08
-3.52482e-07
4.6795e-08
-3.75136e-07
4.27667e-08
-3.95378e-07
3.82099e-08
-4.12966e-07
3.3199e-08
-4.27694e-07
2.78048e-08
-4.39396e-07
2.20948e-08
-4.47937e-07
1.61345e-08
-4.53219e-07
9.9876e-09
-4.55175e-07
3.71698e-09
-4.53775e-07
-2.61417e-09
-4.4902e-07
-8.94158e-09
-4.40951e-07
-1.51989e-08
-4.29642e-07
-2.1317e-08
-4.15208e-07
-2.72232e-08
-3.97804e-07
-3.2841e-08
-3.77626e-07
-3.80898e-08
-3.54916e-07
-4.28847e-08
-3.29964e-07
-4.71372e-08
-3.03104e-07
-5.07557e-08
-2.74722e-07
-5.36468e-08
-2.45249e-07
-5.57165e-08
-2.15163e-07
-5.68727e-08
-1.84989e-07
-5.70275e-08
-1.55285e-07
-5.6101e-08
-1.26644e-07
-5.40259e-08
-9.96758e-08
-5.07542e-08
-7.49921e-08
-4.6267e-08
-5.31825e-08
-4.05887e-08
-3.47785e-08
-3.38109e-08
-2.02023e-08
-2.61309e-08
-9.69358e-09
-1.79151e-08
-3.20921e-09
-9.79318e-09
-3.30779e-10
-2.80944e-09
1.183e-09
-1.61348e-09
5.38527e-10
-7.45634e-09
8.93231e-09
-1.81395e-08
2.08406e-08
-3.38724e-08
3.40033e-08
-5.45431e-08
4.70671e-08
-7.97898e-08
5.91722e-08
-1.09075e-07
6.9799e-08
-1.41748e-07
7.86623e-08
-1.77098e-07
8.56314e-08
-2.1439e-07
9.06774e-08
-2.52892e-07
9.38382e-08
-2.91897e-07
9.51956e-08
-3.30732e-07
9.4859e-08
-3.6877e-07
9.29542e-08
-4.05433e-07
8.96158e-08
-4.40198e-07
8.49816e-08
-4.72591e-07
7.91886e-08
-5.02196e-07
7.23713e-08
-5.28645e-07
6.46592e-08
-5.51623e-07
5.61771e-08
-5.70863e-07
4.70443e-08
-5.86144e-07
3.73758e-08
-5.97292e-07
2.72826e-08
-6.04178e-07
1.68734e-08
-6.06716e-07
6.25574e-09
-6.04868e-07
-4.46264e-09
-5.98637e-07
-1.5172e-08
-5.88077e-07
-2.57595e-08
-5.73286e-07
-3.61076e-08
-5.54416e-07
-4.60932e-08
-5.3167e-07
-5.55872e-08
-5.05306e-07
-6.44538e-08
-4.7564e-07
-7.2551e-08
-4.43046e-07
-7.9731e-08
-4.07959e-07
-8.58421e-08
-3.70876e-07
-9.073e-08
-3.32351e-07
-9.42415e-08
-2.92996e-07
-9.62274e-08
-2.53476e-07
-9.65481e-08
-2.14497e-07
-9.50797e-08
-1.76801e-07
-9.1722e-08
-1.41145e-07
-8.64104e-08
-1.08281e-07
-7.91309e-08
-7.89263e-08
-6.99431e-08
-5.37245e-08
-5.90127e-08
-3.31932e-08
-4.66622e-08
-1.76608e-08
-3.34474e-08
-7.19452e-09
-2.02595e-08
-1.53155e-09
-8.47239e-09
-3.4853e-10
-2.83881e-09
3.37731e-09
-1.16021e-08
1.76956e-08
-2.64468e-08
3.56854e-08
-4.73166e-08
5.48731e-08
-7.39228e-08
7.36733e-08
-1.05774e-07
9.10238e-08
-1.42224e-07
1.06249e-07
-1.82517e-07
1.18955e-07
-2.25833e-07
1.28948e-07
-2.71327e-07
1.36171e-07
-3.18151e-07
1.40663e-07
-3.65483e-07
1.42527e-07
-4.12535e-07
1.41911e-07
-4.5857e-07
1.3899e-07
-5.02907e-07
1.33953e-07
-5.44923e-07
1.26997e-07
-5.84057e-07
1.18323e-07
-6.1981e-07
1.08125e-07
-6.51744e-07
9.65937e-08
-6.79482e-07
8.39143e-08
-7.02701e-07
7.02639e-08
-7.21139e-07
5.58136e-08
-7.34586e-07
4.07296e-08
-7.42887e-07
2.51746e-08
-7.45941e-07
9.30966e-09
-7.437e-07
-6.70355e-09
-7.36172e-07
-2.27007e-08
-7.23418e-07
-3.85129e-08
-7.05561e-07
-5.39645e-08
-6.82782e-07
-6.88723e-08
-6.55325e-07
-8.30441e-08
-6.235e-07
-9.62787e-08
-5.87685e-07
-1.08366e-07
-5.48326e-07
-1.1909e-07
-5.05943e-07
-1.28226e-07
-4.61122e-07
-1.35551e-07
-4.14522e-07
-1.40842e-07
-3.66864e-07
-1.43886e-07
-3.18927e-07
-1.44485e-07
-2.7154e-07
-1.42467e-07
-2.25563e-07
-1.37698e-07
-1.81875e-07
-1.30098e-07
-1.41344e-07
-1.19663e-07
-1.04796e-07
-1.06491e-07
-7.29814e-08
-9.08272e-08
-4.65259e-08
-7.31177e-08
-2.58832e-08
-5.40901e-08
-1.12904e-08
-3.48523e-08
-2.73948e-09
-1.70233e-08
-3.08801e-09
-3.99025e-09
7.36754e-09
-1.56025e-08
2.93078e-08
-3.45633e-08
5.46462e-08
-6.0515e-08
8.08248e-08
-9.29547e-08
1.06113e-07
-1.31232e-07
1.29302e-07
-1.74574e-07
1.4959e-07
-2.22114e-07
1.66495e-07
-2.72929e-07
1.79763e-07
-3.26072e-07
1.89314e-07
-3.80597e-07
1.95188e-07
-4.35583e-07
1.97513e-07
-4.90148e-07
1.96476e-07
-5.43462e-07
1.92304e-07
-5.94756e-07
1.85247e-07
-6.43328e-07
1.75569e-07
-6.8854e-07
1.63536e-07
-7.29828e-07
1.49412e-07
-7.66693e-07
1.33458e-07
-7.98703e-07
1.15925e-07
-8.25494e-07
9.70552e-08
-8.46765e-07
7.70845e-08
-8.62278e-07
5.62417e-08
-8.71854e-07
3.47509e-08
-8.75379e-07
1.28345e-08
-8.72798e-07
-9.28438e-09
-8.64119e-07
-3.1379e-08
-8.49416e-07
-5.32165e-08
-8.28825e-07
-7.45553e-08
-8.02554e-07
-9.51433e-08
-7.70881e-07
-1.14717e-07
-7.34158e-07
-1.33001e-07
-6.92816e-07
-1.49709e-07
-6.47361e-07
-1.64545e-07
-5.98381e-07
-1.77206e-07
-5.46541e-07
-1.8739e-07
-4.92585e-07
-1.94798e-07
-4.37326e-07
-1.99145e-07
-3.81641e-07
-2.0017e-07
-3.26459e-07
-1.97649e-07
-2.72746e-07
-1.91412e-07
-2.21484e-07
-1.81361e-07
-1.73646e-07
-1.675e-07
-1.30167e-07
-1.4997e-07
-9.19091e-08
-1.29085e-07
-5.96236e-08
-1.05403e-07
-3.39201e-08
-7.97936e-08
-1.5243e-08
-5.35294e-08
-3.87491e-09
-2.83914e-08
-6.96293e-09
-5.045e-09
1.24126e-08
-1.93656e-08
4.36284e-08
-4.23072e-08
7.75879e-08
-7.32131e-08
1.11731e-07
-1.1135e-07
1.4425e-07
-1.55888e-07
1.7384e-07
-2.05911e-07
1.99613e-07
-2.60431e-07
2.21015e-07
-3.18419e-07
2.37751e-07
-3.78828e-07
2.49724e-07
-4.40622e-07
2.56982e-07
-5.0279e-07
2.5968e-07
-5.64366e-07
2.58052e-07
-6.24443e-07
2.5238e-07
-6.82176e-07
2.4298e-07
-7.36794e-07
2.30187e-07
-7.87598e-07
2.1434e-07
-8.33965e-07
1.9578e-07
-8.75348e-07
1.74841e-07
-9.1127e-07
1.51847e-07
-9.4133e-07
1.27115e-07
-9.65196e-07
1.0095e-07
-9.82603e-07
7.36491e-08
-9.93357e-07
4.55048e-08
-9.9733e-07
1.68068e-08
-9.9446e-07
-1.21542e-08
-9.84756e-07
-4.10827e-08
-9.68297e-07
-6.96752e-08
-9.45235e-07
-9.76176e-08
-9.15796e-07
-1.24582e-07
-8.80287e-07
-1.50227e-07
-8.39094e-07
-1.74194e-07
-7.9269e-07
-1.96113e-07
-7.41632e-07
-2.15602e-07
-6.86567e-07
-2.32271e-07
-6.28225e-07
-2.45731e-07
-5.67422e-07
-2.55601e-07
-5.05052e-07
-2.61516e-07
-4.42075e-07
-2.63146e-07
-3.79513e-07
-2.60211e-07
-3.18425e-07
-2.52499e-07
-2.59894e-07
-2.39892e-07
-2.04997e-07
-2.22398e-07
-1.54779e-07
-2.00187e-07
-1.10227e-07
-1.73638e-07
-7.22356e-08
-1.43395e-07
-4.15906e-08
-1.10439e-07
-1.89597e-08
-7.61603e-08
-4.91323e-09
-4.24379e-08
-1.18762e-08
-6.00975e-09
1.84223e-08
-2.28852e-08
6.05038e-08
-4.96472e-08
1.0435e-07
-8.53583e-08
1.47442e-07
-1.29052e-07
1.87944e-07
-1.79711e-07
2.24498e-07
-2.36259e-07
2.56161e-07
-2.97578e-07
2.82334e-07
-3.62525e-07
3.02698e-07
-4.29954e-07
3.17152e-07
-4.98734e-07
3.25762e-07
-5.67771e-07
3.28718e-07
-6.36024e-07
3.26305e-07
-7.02512e-07
3.18868e-07
-7.66328e-07
3.06796e-07
-8.26638e-07
2.90497e-07
-8.82692e-07
2.70394e-07
-9.33819e-07
2.46906e-07
-9.79427e-07
2.20449e-07
-1.01901e-06
1.91426e-07
-1.05212e-06
1.60231e-07
-1.07842e-06
1.27244e-07
-1.0976e-06
9.28378e-08
-1.10948e-06
5.73762e-08
-1.11389e-06
2.12217e-08
-1.11078e-06
-1.52623e-08
-1.10016e-06
-5.17067e-08
-1.0821e-06
-8.77323e-08
-1.05677e-06
-1.22947e-07
-1.02441e-06
-1.56941e-07
-9.85353e-07
-1.89288e-07
-9.40004e-07
-2.19542e-07
-8.88875e-07
-2.47242e-07
-8.32565e-07
-2.71912e-07
-7.71769e-07
-2.93067e-07
-7.07275e-07
-3.10225e-07
-6.39963e-07
-3.22913e-07
-5.70796e-07
-3.30683e-07
-5.00815e-07
-3.33127e-07
-4.31127e-07
-3.299e-07
-3.62882e-07
-3.20743e-07
-2.97263e-07
-3.05511e-07
-2.35456e-07
-2.84205e-07
-1.78627e-07
-2.57016e-07
-1.27897e-07
-2.24367e-07
-8.43203e-08
-1.86971e-07
-4.8869e-08
-1.4589e-07
-2.24364e-08
-1.02593e-07
-5.86147e-09
-5.90128e-08
-1.77376e-08
-6.90184e-09
2.53241e-08
-2.61976e-08
7.97996e-08
-5.66343e-08
1.34787e-07
-9.70172e-08
1.87825e-07
-1.46154e-07
2.3708e-07
-2.0283e-07
2.81175e-07
-2.65806e-07
3.19137e-07
-3.33822e-07
3.50349e-07
-4.05611e-07
3.74488e-07
-4.79921e-07
3.91462e-07
-5.55528e-07
4.01369e-07
-6.31254e-07
4.04445e-07
-7.05984e-07
4.01035e-07
-7.7867e-07
3.91554e-07
-8.48345e-07
3.7647e-07
-9.14123e-07
3.56275e-07
-9.75206e-07
3.31477e-07
-1.03088e-06
3.02583e-07
-1.08053e-06
2.70092e-07
-1.12359e-06
2.34495e-07
-1.15963e-06
1.96265e-07
-1.18825e-06
1.55864e-07
-1.20915e-06
1.13741e-07
-1.22211e-06
7.03371e-08
-1.22698e-06
2.60915e-08
-1.22369e-06
-1.85567e-08
-1.21223e-06
-6.31606e-08
-1.1927e-06
-1.07262e-07
-1.16527e-06
-1.50385e-07
-1.13017e-06
-1.92034e-07
-1.08777e-06
-2.31694e-07
-1.03848e-06
-2.68824e-07
-9.82862e-07
-3.02865e-07
-9.21532e-07
-3.33241e-07
-8.55233e-07
-3.59367e-07
-7.84802e-07
-3.80656e-07
-7.11176e-07
-3.96539e-07
-6.35387e-07
-4.06472e-07
-5.5855e-07
-4.09964e-07
-4.81854e-07
-4.06595e-07
-4.06548e-07
-3.9605e-07
-3.33916e-07
-3.78143e-07
-2.6526e-07
-3.52861e-07
-2.01878e-07
-3.20398e-07
-1.45038e-07
-2.81208e-07
-9.59619e-08
-2.36047e-07
-5.58163e-08
-1.86035e-07
-2.5714e-08
-1.32695e-07
-6.73829e-09
-7.79885e-08
-2.44759e-08
-7.74189e-09
3.3066e-08
-2.93585e-08
1.01416e-07
-6.33626e-08
1.68791e-07
-1.08325e-07
2.32787e-07
-1.62834e-07
2.9159e-07
-2.2548e-07
3.43821e-07
-2.94849e-07
3.88506e-07
-3.69532e-07
4.25032e-07
-4.48132e-07
4.53088e-07
-5.29283e-07
4.72613e-07
-6.11662e-07
4.83748e-07
-6.94007e-07
4.8679e-07
-7.75126e-07
4.82154e-07
-8.53908e-07
4.70336e-07
-9.29329e-07
4.51891e-07
-1.00046e-06
4.27402e-07
-1.06645e-06
3.97469e-07
-1.12656e-06
3.62692e-07
-1.18013e-06
3.23663e-07
-1.22659e-06
2.8096e-07
-1.26547e-06
2.35143e-07
-1.29636e-06
1.86756e-07
-1.31895e-06
1.36331e-07
-1.333e-06
8.4388e-08
-1.33836e-06
3.1444e-08
-1.33493e-06
-2.19824e-08
-1.32273e-06
-7.53641e-08
-1.30183e-06
-1.2816e-07
-1.27241e-06
-1.79809e-07
-1.23471e-06
-2.29726e-07
-1.18911e-06
-2.77299e-07
-1.13604e-06
-3.2189e-07
-1.07607e-06
-3.62836e-07
-1.00986e-06
-3.99453e-07
-9.38182e-07
-4.31046e-07
-8.61917e-07
-4.56921e-07
-7.82059e-07
-4.76397e-07
-6.99702e-07
-4.88828e-07
-6.16039e-07
-4.93627e-07
-5.32344e-07
-4.90291e-07
-4.49963e-07
-4.78431e-07
-3.70293e-07
-4.57813e-07
-2.94762e-07
-4.28391e-07
-2.24809e-07
-3.90351e-07
-1.61861e-07
-3.44155e-07
-1.07317e-07
-2.90591e-07
-6.25401e-08
-2.30813e-07
-2.88545e-08
-1.66381e-07
-7.56608e-09
-9.92769e-08
-3.2042e-08
-8.55103e-09
4.16171e-08
-3.24313e-08
1.25296e-07
-6.99474e-08
2.06307e-07
-1.19452e-07
2.82292e-07
-1.79323e-07
3.51461e-07
-2.47954e-07
4.12451e-07
-3.23752e-07
4.64304e-07
-4.05148e-07
5.06429e-07
-4.90609e-07
5.38548e-07
-5.78646e-07
5.6065e-07
-6.67834e-07
5.72935e-07
-7.56819e-07
5.75775e-07
-8.44334e-07
5.69669e-07
-9.29203e-07
5.55206e-07
-1.01035e-06
5.33035e-07
-1.08679e-06
5.03844e-07
-1.15765e-06
4.6833e-07
-1.22215e-06
4.27193e-07
-1.27961e-06
3.81123e-07
-1.32944e-06
3.30789e-07
-1.37114e-06
2.76842e-07
-1.4043e-06
2.19913e-07
-1.42858e-06
1.60616e-07
-1.44375e-06
9.95534e-08
-1.44962e-06
3.73216e-08
-1.44613e-06
-2.54799e-08
-1.43325e-06
-8.82424e-08
-1.41107e-06
-1.5034e-07
-1.37975e-06
-2.11124e-07
-1.33956e-06
-2.69915e-07
-1.29086e-06
-3.26004e-07
-1.2341e-06
-3.78647e-07
-1.16986e-06
-4.27074e-07
-1.09883e-06
-4.70484e-07
-1.02181e-06
-5.08067e-07
-9.39728e-07
-5.39006e-07
-8.53623e-07
-5.62502e-07
-7.64656e-07
-5.77795e-07
-6.74095e-07
-5.84188e-07
-5.83306e-07
-5.81079e-07
-4.9374e-07
-5.67997e-07
-4.06914e-07
-5.44639e-07
-3.24393e-07
-5.10912e-07
-2.47769e-07
-4.66975e-07
-1.78638e-07
-4.13286e-07
-1.18586e-07
-3.50643e-07
-6.91718e-08
-2.80227e-07
-3.19289e-08
-2.03624e-07
-8.36806e-09
-1.22838e-07
-4.041e-08
-9.34972e-09
5.09668e-08
-3.54816e-08
1.51428e-07
-7.65131e-08
2.47338e-07
-1.3059e-07
3.36368e-07
-1.95882e-07
4.16752e-07
-2.70583e-07
4.87152e-07
-3.52917e-07
5.46639e-07
-4.4115e-07
5.94662e-07
-5.33599e-07
6.30997e-07
-6.28647e-07
6.55698e-07
-7.24758e-07
6.69046e-07
-8.20485e-07
6.71502e-07
-9.14481e-07
6.63665e-07
-1.00551e-06
6.4623e-07
-1.09243e-06
6.19956e-07
-1.17422e-06
5.85638e-07
-1.24998e-06
5.44085e-07
-1.31889e-06
4.96104e-07
-1.38025e-06
4.42485e-07
-1.43346e-06
3.83996e-07
-1.47799e-06
3.21381e-07
-1.51344e-06
2.5536e-07
-1.53946e-06
1.86631e-07
-1.55578e-06
1.15878e-07
-1.56224e-06
4.37801e-08
-1.55874e-06
-2.89838e-08
-1.54526e-06
-1.01722e-07
-1.52187e-06
-1.73724e-07
-1.48874e-06
-2.4425e-07
-1.44613e-06
-3.12527e-07
-1.39439e-06
-3.77743e-07
-1.33399e-06
-4.39046e-07
-1.26552e-06
-4.95549e-07
-1.18967e-06
-5.46331e-07
-1.10729e-06
-5.90452e-07
-1.01932e-06
-6.26968e-07
-9.2688e-07
-6.54947e-07
-8.31176e-07
-6.73499e-07
-7.3356e-07
-6.81804e-07
-6.35494e-07
-6.79145e-07
-5.38541e-07
-6.6495e-07
-4.4435e-07
-6.3883e-07
-3.54633e-07
-6.00628e-07
-2.71148e-07
-5.5046e-07
-1.95673e-07
-4.88762e-07
-1.29987e-07
-4.16329e-07
-7.58543e-08
-3.34359e-07
-3.50118e-08
-2.44466e-07
-9.1671e-09
-1.48682e-07
-4.95771e-08
-1.01574e-08
6.11242e-08
-3.85745e-08
1.79845e-07
-8.3186e-08
2.9195e-07
-1.41934e-07
3.95116e-07
-2.1278e-07
4.87598e-07
-2.93714e-07
5.68086e-07
-3.8277e-07
6.35695e-07
-4.78036e-07
6.89928e-07
-5.77674e-07
7.30635e-07
-6.7993e-07
7.57954e-07
-7.8315e-07
7.72266e-07
-8.85789e-07
7.74141e-07
-9.86417e-07
7.64293e-07
-1.08373e-06
7.43539e-07
-1.17653e-06
7.1276e-07
-1.26377e-06
6.72875e-07
-1.34449e-06
6.24811e-07
-1.41788e-06
5.69488e-07
-1.4832e-06
5.07805e-07
-1.53983e-06
4.40633e-07
-1.58726e-06
3.68811e-07
-1.62505e-06
2.93149e-07
-1.65285e-06
2.14431e-07
-1.6704e-06
1.33425e-07
-1.67751e-06
5.08875e-08
-1.67407e-06
-3.24212e-08
-1.66006e-06
-1.15728e-07
-1.63555e-06
-1.98237e-07
-1.60068e-06
-2.79119e-07
-1.5557e-06
-3.57503e-07
-1.50098e-06
-4.32472e-07
-1.43696e-06
-5.03063e-07
-1.36424e-06
-5.68265e-07
-1.28355e-06
-6.27029e-07
-1.19572e-06
-6.78277e-07
-1.10177e-06
-7.20922e-07
-1.00283e-06
-7.53887e-07
-9.00192e-07
-7.76136e-07
-7.95288e-07
-7.86708e-07
-6.89681e-07
-7.84752e-07
-5.85055e-07
-7.69576e-07
-4.832e-07
-7.40685e-07
-3.8599e-07
-6.97838e-07
-2.95362e-07
-6.41089e-07
-2.13288e-07
-5.70836e-07
-1.41753e-07
-4.87863e-07
-8.2735e-08
-3.93378e-07
-3.81782e-08
-2.89023e-07
-9.98536e-09
-1.76875e-07
-5.95625e-08
-1.09924e-08
7.21166e-08
-4.17732e-08
2.10626e-07
-9.00917e-08
3.40268e-07
-1.53682e-07
4.58707e-07
-2.30292e-07
5.64208e-07
-3.177e-07
6.55494e-07
-4.13738e-07
7.31732e-07
-5.16309e-07
7.92499e-07
-6.23409e-07
8.37734e-07
-7.33137e-07
8.67682e-07
-8.43715e-07
8.82844e-07
-9.53492e-07
8.83918e-07
-1.06095e-06
8.71755e-07
-1.16472e-06
8.4731e-07
-1.26357e-06
8.11602e-07
-1.35638e-06
7.65685e-07
-1.44218e-06
7.10616e-07
-1.52013e-06
6.47438e-07
-1.58949e-06
5.77164e-07
-1.64963e-06
5.00772e-07
-1.70002e-06
4.192e-07
-1.74022e-06
3.3335e-07
-1.76988e-06
2.4409e-07
-1.78872e-06
1.52269e-07
-1.79656e-06
5.87228e-08
-1.79327e-06
-3.57106e-08
-1.77882e-06
-1.30179e-07
-1.75326e-06
-2.23801e-07
-1.71672e-06
-3.15659e-07
-1.66944e-06
-4.04784e-07
-1.61175e-06
-4.90154e-07
-1.54413e-06
-5.70686e-07
-1.46715e-06
-6.45244e-07
-1.38154e-06
-7.12639e-07
-1.28817e-06
-7.71645e-07
-1.18808e-06
-8.21019e-07
-1.08244e-06
-8.59523e-07
-9.72619e-07
-8.85956e-07
-8.60131e-07
-8.99196e-07
-7.46647e-07
-8.98237e-07
-6.33982e-07
-8.82241e-07
-5.24078e-07
-8.50588e-07
-4.18987e-07
-8.0293e-07
-3.20837e-07
-7.39239e-07
-2.31813e-07
-6.5986e-07
-1.54121e-07
-5.65555e-07
-8.9963e-08
-4.57536e-07
-4.15026e-08
-3.37483e-07
-1.08443e-08
-2.07534e-07
-7.04067e-08
-1.18724e-08
8.3989e-08
-4.51389e-08
2.43893e-07
-9.73528e-08
3.92482e-07
-1.6603e-07
5.27384e-07
-2.48691e-07
6.46869e-07
-3.42892e-07
7.49694e-07
-4.46248e-07
8.35089e-07
-5.56468e-07
9.02719e-07
-6.71366e-07
9.52633e-07
-7.88889e-07
9.85206e-07
-9.07125e-07
1.00108e-06
-1.02431e-06
1.00111e-06
-1.13885e-06
9.86294e-07
-1.2493e-06
9.57754e-07
-1.35436e-06
9.16662e-07
-1.45289e-06
8.64222e-07
-1.54391e-06
8.01631e-07
-1.62654e-06
7.30065e-07
-1.70003e-06
6.50659e-07
-1.76376e-06
5.64502e-07
-1.81719e-06
4.72633e-07
-1.85989e-06
3.76044e-07
-1.89148e-06
2.75689e-07
-1.91171e-06
1.72496e-07
-1.92036e-06
6.73748e-08
-1.91731e-06
-3.87608e-08
-1.90251e-06
-1.44982e-07
-1.87598e-06
-2.50328e-07
-1.83785e-06
-3.53791e-07
-1.78833e-06
-4.54308e-07
-1.72773e-06
-5.50746e-07
-1.65652e-06
-6.41905e-07
-1.57525e-06
-7.26511e-07
-1.48466e-06
-8.03231e-07
-1.38562e-06
-8.70678e-07
-1.27921e-06
-9.27436e-07
-1.16664e-06
-9.72089e-07
-1.04934e-06
-1.00325e-06
-9.28923e-07
-1.01962e-06
-8.07163e-07
-1.02e-06
-6.8602e-07
-1.00338e-06
-5.67603e-07
-9.69006e-07
-4.5415e-07
-9.16382e-07
-3.48006e-07
-8.45383e-07
-2.51583e-07
-7.56283e-07
-1.67329e-07
-6.49809e-07
-9.76872e-08
-5.27178e-07
-4.50585e-08
-3.90112e-07
-1.17647e-08
-2.40827e-07
-8.21715e-08
-1.28138e-08
9.68028e-08
-4.87308e-08
2.7981e-07
-1.05089e-07
4.4884e-07
-1.79168e-07
6.01463e-07
-2.68244e-07
7.35945e-07
-3.69631e-07
8.51081e-07
-4.80716e-07
9.46174e-07
-5.98993e-07
1.021e-06
-7.22087e-07
1.07573e-06
-8.47779e-07
1.1109e-06
-9.74016e-07
1.12732e-06
-1.09892e-06
1.12601e-06
-1.22081e-06
1.10818e-06
-1.33816e-06
1.0751e-06
-1.44963e-06
1.02813e-06
-1.55405e-06
9.68646e-07
-1.65041e-06
8.97989e-07
-1.73783e-06
8.17481e-07
-1.81555e-06
7.28386e-07
-1.88296e-06
6.31908e-07
-1.93951e-06
5.29188e-07
-1.98478e-06
4.21311e-07
-2.0184e-06
3.09313e-07
-2.0401e-06
1.94195e-07
-2.04967e-06
7.69395e-08
-2.04696e-06
-4.14702e-08
-2.03191e-06
-1.60034e-07
-2.00452e-06
-2.77715e-07
-1.96489e-06
-3.93421e-07
-1.9132e-06
-5.05993e-07
-1.84976e-06
-6.14191e-07
-1.77497e-06
-7.1669e-07
-1.68941e-06
-8.12079e-07
-1.59377e-06
-8.98866e-07
-1.48896e-06
-9.75492e-07
-1.37604e-06
-1.04035e-06
-1.25629e-06
-1.09184e-06
-1.1312e-06
-1.12834e-06
-1.00246e-06
-1.14836e-06
-8.71979e-07
-1.15048e-06
-7.41856e-07
-1.13351e-06
-6.14383e-07
-1.09648e-06
-4.92006e-07
-1.03876e-06
-3.77301e-07
-9.60088e-07
-2.72933e-07
-8.60651e-07
-1.81614e-07
-7.41128e-07
-1.06056e-07
-6.02737e-07
-4.89191e-08
-4.47249e-07
-1.27671e-08
-2.76979e-07
-9.49386e-08
-1.38331e-08
1.10636e-07
-5.26061e-08
3.18583e-07
-1.13416e-07
5.09651e-07
-1.93281e-07
6.81328e-07
-2.89209e-07
8.31873e-07
-3.9825e-07
9.60122e-07
-5.17541e-07
1.06547e-06
-6.44345e-07
1.1478e-06
-7.76083e-07
1.20747e-06
-9.10358e-07
1.24517e-06
-1.04497e-06
1.26193e-06
-1.17792e-06
1.25897e-06
-1.30743e-06
1.23769e-06
-1.43191e-06
1.19958e-06
-1.54999e-06
1.14621e-06
-1.66045e-06
1.07911e-06
-1.76227e-06
9.9981e-07
-1.85457e-06
9.09781e-07
-1.93661e-06
8.10424e-07
-2.00776e-06
7.0306e-07
-2.06751e-06
5.88935e-07
-2.11542e-06
4.69223e-07
-2.15115e-06
3.4504e-07
-2.17441e-06
2.17455e-07
-2.18499e-06
8.75181e-08
-2.18273e-06
-4.37272e-08
-2.16755e-06
-1.75215e-07
-2.13942e-06
-3.05839e-07
-2.09842e-06
-4.34427e-07
-2.04468e-06
-5.59728e-07
-1.97848e-06
-6.80397e-07
-1.90018e-06
-7.94982e-07
-1.81033e-06
-9.01928e-07
-1.70962e-06
-9.99577e-07
-1.59893e-06
-1.08618e-06
-1.47935e-06
-1.15994e-06
-1.35217e-06
-1.21901e-06
-1.21896e-06
-1.26155e-06
-1.0815e-06
-1.28582e-06
-9.41806e-07
-1.29017e-06
-8.02152e-07
-1.27316e-06
-6.65016e-07
-1.23362e-06
-5.33072e-07
-1.1707e-06
-4.09151e-07
-1.08401e-06
-2.96196e-07
-9.73606e-07
-1.97214e-07
-8.40109e-07
-1.15217e-07
-6.84734e-07
-5.3157e-08
-5.09308e-07
-1.3872e-08
-3.16264e-07
-1.08811e-07
-1.49458e-08
1.25582e-07
-5.68211e-08
3.60458e-07
-1.22448e-07
5.75277e-07
-2.0855e-07
7.6743e-07
-3.11837e-07
9.3516e-07
-4.29067e-07
1.07735e-06
-5.57103e-07
1.1935e-06
-6.92956e-07
1.28365e-06
-8.33825e-07
1.34833e-06
-9.77123e-07
1.38847e-06
-1.12049e-06
1.4053e-06
-1.26182e-06
1.40029e-06
-1.39922e-06
1.37509e-06
-1.53106e-06
1.33142e-06
-1.65589e-06
1.27105e-06
-1.77252e-06
1.19573e-06
-1.87989e-06
1.10718e-06
-1.97714e-06
1.00703e-06
-2.06353e-06
8.9682e-07
-2.13847e-06
7.77999e-07
-2.20145e-06
6.51915e-07
-2.25206e-06
5.19831e-07
-2.28996e-06
3.82935e-07
-2.31486e-06
2.42361e-07
-2.32656e-06
9.92129e-08
-2.32487e-06
-4.54101e-08
-2.3097e-06
-1.90387e-07
-2.28099e-06
-3.34549e-07
-2.23876e-06
-4.76654e-07
-2.18313e-06
-6.15364e-07
-2.1143e-06
-7.49229e-07
-2.03261e-06
-8.76673e-07
-1.93854e-06
-9.9599e-07
-1.83277e-06
-1.10535e-06
-1.71615e-06
-1.2028e-06
-1.58977e-06
-1.28632e-06
-1.45495e-06
-1.35382e-06
-1.31331e-06
-1.4032e-06
-1.16671e-06
-1.43242e-06
-1.01731e-06
-1.43957e-06
-8.67533e-07
-1.42294e-06
-7.20073e-07
-1.38107e-06
-5.7785e-07
-1.31293e-06
-4.43974e-07
-1.21789e-06
-3.21701e-07
-1.09588e-06
-2.14366e-07
-9.47445e-07
-1.25318e-07
-7.73782e-07
-5.78449e-08
-5.76781e-07
-1.50996e-08
-3.5901e-07
-1.2391e-07
-1.61677e-08
1.41749e-07
-6.14308e-08
4.05721e-07
-1.32295e-07
6.46142e-07
-2.2515e-07
8.60285e-07
-3.36369e-07
1.04638e-06
-4.62385e-07
1.20337e-06
-5.99757e-07
1.33087e-06
-7.4522e-07
1.42912e-06
-8.95734e-07
1.49885e-06
-1.04851e-06
1.54124e-06
-1.20102e-06
1.55781e-06
-1.35103e-06
1.5503e-06
-1.49657e-06
1.52063e-06
-1.63593e-06
1.47078e-06
-1.76765e-06
1.40277e-06
-1.8905e-06
1.31858e-06
-2.00346e-06
1.22014e-06
-2.10566e-06
1.10923e-06
-2.19641e-06
9.87568e-07
-2.27513e-06
8.56717e-07
-2.34134e-06
7.1813e-07
-2.39466e-06
5.73152e-07
-2.43476e-06
4.23039e-07
-2.46138e-06
2.6898e-07
-2.47429e-06
1.12123e-07
-2.47331e-06
-4.63886e-08
-2.45831e-06
-2.05391e-07
-2.4292e-06
-3.63664e-07
-2.38595e-06
-5.19904e-07
-2.32861e-06
-6.72696e-07
-2.25735e-06
-8.2049e-07
-2.17244e-06
-9.61585e-07
-2.0743e-06
-1.09413e-06
-1.96356e-06
-1.2161e-06
-1.84102e-06
-1.32534e-06
-1.70778e-06
-1.41957e-06
-1.56516e-06
-1.49644e-06
-1.41481e-06
-1.55355e-06
-1.25869e-06
-1.58854e-06
-1.09907e-06
-1.59919e-06
-9.38573e-07
-1.58344e-06
-7.80092e-07
-1.53955e-06
-6.26821e-07
-1.4662e-06
-4.8218e-07
-1.36253e-06
-3.49771e-07
-1.22829e-06
-2.33302e-07
-1.06391e-06
-1.36506e-07
-8.70578e-07
-6.30561e-08
-6.50231e-07
-1.64707e-08
-4.05595e-07
-1.40381e-07
-1.75142e-08
1.59264e-07
-6.64897e-08
4.54697e-07
-1.43066e-07
7.22718e-07
-2.4325e-07
9.60469e-07
-3.63036e-07
1.16616e-06
-4.98489e-07
1.33882e-06
-6.4583e-07
1.47821e-06
-8.01492e-07
1.58478e-06
-9.62173e-07
1.65953e-06
-1.12487e-06
1.70394e-06
-1.28688e-06
1.71983e-06
-1.44584e-06
1.70927e-06
-1.5997e-06
1.67448e-06
-1.74669e-06
1.61777e-06
-1.88534e-06
1.54142e-06
-2.01441e-06
1.44766e-06
-2.1329e-06
1.33863e-06
-2.23999e-06
1.21632e-06
-2.33501e-06
1.08259e-06
-2.41743e-06
9.39137e-07
-2.48682e-06
7.87518e-07
-2.54282e-06
6.29153e-07
-2.58514e-06
4.65355e-07
-2.61351e-06
2.97356e-07
-2.62773e-06
1.26339e-07
-2.62759e-06
-4.65267e-08
-2.61294e-06
-2.20047e-07
-2.58364e-06
-3.92965e-07
-2.53961e-06
-5.63929e-07
-2.48085e-06
-7.31456e-07
-2.40743e-06
-8.93905e-07
-2.31956e-06
-1.04946e-06
-2.21759e-06
-1.1961e-06
-2.10205e-06
-1.33163e-06
-1.97372e-06
-1.45367e-06
-1.83363e-06
-1.55966e-06
-1.68313e-06
-1.64695e-06
-1.52387e-06
-1.7128e-06
-1.35789e-06
-1.75452e-06
-1.1876e-06
-1.76948e-06
-1.01578e-06
-1.75526e-06
-8.45565e-07
-1.70977e-06
-6.80436e-07
-1.63133e-06
-5.2416e-07
-1.5188e-06
-3.80723e-07
-1.37172e-06
-2.54255e-07
-1.19038e-06
-1.48931e-07
-9.75903e-07
-6.88647e-08
-7.30297e-07
-1.80063e-08
-4.56454e-07
-1.58387e-07
-1.9001e-08
1.78265e-07
-7.20521e-08
5.07748e-07
-1.54868e-07
8.05534e-07
-2.63017e-07
1.06862e-06
-3.92056e-07
1.2952e-06
-5.37642e-07
1.48441e-06
-6.95615e-07
1.63619e-06
-8.62074e-07
1.75124e-06
-1.03343e-06
1.83089e-06
-1.20646e-06
1.87696e-06
-1.37828e-06
1.89165e-06
-1.54639e-06
1.87738e-06
-1.70867e-06
1.83676e-06
-1.86331e-06
1.77241e-06
-2.00882e-06
1.68693e-06
-2.144e-06
1.58283e-06
-2.26786e-06
1.46249e-06
-2.37966e-06
1.32811e-06
-2.47877e-06
1.1817e-06
-2.56473e-06
1.02509e-06
-2.63715e-06
8.59942e-07
-2.69573e-06
6.87736e-07
-2.74021e-06
5.09836e-07
-2.77036e-06
3.27502e-07
-2.78596e-06
1.41935e-07
-2.7868e-06
-4.56853e-08
-2.77269e-06
-2.34152e-07
-2.74347e-06
-4.22192e-07
-2.69898e-06
-6.08419e-07
-2.63913e-06
-7.91298e-07
-2.56393e-06
-9.69108e-07
-2.47347e-06
-1.13992e-06
-2.36801e-06
-1.30156e-06
-2.24799e-06
-1.45165e-06
-2.11411e-06
-1.58755e-06
-1.96734e-06
-1.70643e-06
-1.80898e-06
-1.8053e-06
-1.64072e-06
-1.88106e-06
-1.46465e-06
-1.93059e-06
-1.28328e-06
-1.95084e-06
-1.09957e-06
-1.93897e-06
-9.16919e-07
-1.89242e-06
-7.39108e-07
-1.80914e-06
-5.70282e-07
-1.68763e-06
-4.14862e-07
-1.52714e-06
-2.77454e-07
-1.32779e-06
-1.62739e-07
-1.09062e-06
-7.53455e-08
-8.1769e-07
-1.9728e-08
-5.12071e-07
-1.78115e-07
-2.06441e-08
1.98909e-07
-7.81729e-08
5.65276e-07
-1.67808e-07
8.95169e-07
-2.84608e-07
1.18542e-06
-4.23638e-07
1.43423e-06
-5.80084e-07
1.64085e-06
-7.49364e-07
1.80547e-06
-9.27207e-07
1.92908e-06
-1.10972e-06
2.0134e-06
-1.29343e-06
2.06067e-06
-1.47527e-06
2.07349e-06
-1.65263e-06
2.05475e-06
-1.82331e-06
2.00743e-06
-1.98547e-06
1.93457e-06
-2.13765e-06
1.8391e-06
-2.27867e-06
1.72385e-06
-2.40762e-06
1.59144e-06
-2.52381e-06
1.4443e-06
-2.6267e-06
1.2846e-06
-2.71591e-06
1.1143e-06
-2.79113e-06
9.35161e-07
-2.85211e-06
7.48718e-07
-2.89864e-06
5.56368e-07
-2.93053e-06
3.59383e-07
-2.94755e-06
1.5896e-07
-2.94951e-06
-4.37277e-08
-2.93618e-06
-2.47485e-07
-2.90733e-06
-4.51041e-07
-2.86275e-06
-6.52997e-07
-2.80226e-06
-8.51784e-07
-2.72575e-06
-1.04562e-06
-2.63321e-06
-1.23246e-06
-2.52476e-06
-1.41001e-06
-2.40073e-06
-1.57568e-06
-2.26171e-06
-1.72657e-06
-2.10857e-06
-1.85957e-06
-1.94256e-06
-1.97131e-06
-1.76536e-06
-2.05827e-06
-1.57907e-06
-2.11688e-06
-1.38633e-06
-2.14359e-06
-1.19026e-06
-2.13504e-06
-9.94507e-07
-2.08818e-06
-8.03198e-07
-2.00045e-06
-6.20887e-07
-1.86994e-06
-4.52479e-07
-1.69555e-06
-3.03122e-07
-1.47715e-06
-1.78078e-07
-1.21566e-06
-8.25747e-08
-9.13193e-07
-2.16582e-08
-5.72988e-07
-1.99773e-07
-2.246e-08
2.21369e-07
-8.49077e-08
6.27724e-07
-1.8199e-07
9.92251e-07
-3.08181e-07
1.31161e-06
-4.57975e-07
1.58403e-06
-6.26029e-07
1.80891e-06
-8.07283e-07
1.98672e-06
-9.97062e-07
2.11886e-06
-1.19114e-06
2.20748e-06
-1.38578e-06
2.2553e-06
-1.57775e-06
2.26546e-06
-1.76431e-06
2.24131e-06
-1.9432e-06
2.18633e-06
-2.1126e-06
2.10397e-06
-2.27106e-06
1.99756e-06
-2.41748e-06
1.87027e-06
-2.55104e-06
1.725e-06
-2.67113e-06
1.56439e-06
-2.77735e-06
1.39081e-06
-2.86939e-06
1.20634e-06
-2.94703e-06
1.01281e-06
-3.01013e-06
8.1181e-07
-3.05851e-06
6.04753e-07
-3.09203e-06
3.92902e-07
-3.1105e-06
1.7743e-07
-3.1137e-06
-4.05256e-08
-3.10138e-06
-2.59803e-07
-3.07326e-06
-4.7916e-07
-3.02905e-06
-6.97211e-07
-2.96846e-06
-9.12375e-07
-2.89125e-06
-1.12282e-06
-2.79728e-06
-1.32644e-06
-2.68652e-06
-1.52078e-06
-2.55914e-06
-1.70305e-06
-2.41559e-06
-1.87013e-06
-2.25662e-06
-2.01854e-06
-2.08338e-06
-2.14455e-06
-1.89748e-06
-2.24417e-06
-1.70105e-06
-2.31331e-06
-1.49679e-06
-2.34785e-06
-1.288e-06
-2.34383e-06
-1.07858e-06
-2.2976e-06
-8.72999e-07
-2.20602e-06
-6.76273e-07
-2.06666e-06
-4.93844e-07
-1.87798e-06
-3.31475e-07
-1.63952e-06
-1.95095e-07
-1.35204e-06
-9.06295e-08
-1.01766e-06
-2.38198e-08
-6.39797e-07
-2.23593e-07
-2.44661e-08
2.45835e-07
-9.23143e-08
6.95572e-07
-1.97523e-07
1.09746e-06
-3.33887e-07
1.44797e-06
-4.95248e-07
1.74539e-06
-6.75658e-07
1.98932e-06
-8.69525e-07
2.18059e-06
-1.07173e-06
2.32106e-06
-1.27767e-06
2.41343e-06
-1.48337e-06
2.461e-06
-1.68539e-06
2.46748e-06
-1.88091e-06
2.43683e-06
-2.06763e-06
2.37305e-06
-2.24374e-06
2.28008e-06
-2.40788e-06
2.1617e-06
-2.55904e-06
2.02143e-06
-2.69651e-06
1.86247e-06
-2.81983e-06
1.68771e-06
-2.9287e-06
1.49969e-06
-3.02297e-06
1.30061e-06
-3.10253e-06
1.09237e-06
-3.16731e-06
8.76594e-07
-3.21725e-06
6.5469e-07
-3.25224e-06
4.27889e-07
-3.27212e-06
1.97311e-07
-3.27668e-06
-3.59671e-08
-3.26563e-06
-2.70849e-07
-3.23864e-06
-5.0615e-07
-3.19533e-06
-7.40526e-07
-3.13529e-06
-9.72416e-07
-3.05814e-06
-1.19997e-06
-2.96357e-06
-1.42101e-06
-2.85138e-06
-1.63297e-06
-2.72155e-06
-1.83287e-06
-2.57434e-06
-2.01734e-06
-2.41033e-06
-2.18256e-06
-2.23052e-06
-2.32436e-06
-2.03644e-06
-2.43825e-06
-1.83017e-06
-2.51957e-06
-1.61448e-06
-2.56354e-06
-1.39279e-06
-2.56552e-06
-1.16925e-06
-2.52113e-06
-9.48721e-07
-2.42655e-06
-7.3669e-07
-2.2787e-06
-5.39204e-07
-2.07547e-06
-3.6272e-07
-1.816e-06
-2.13936e-07
-1.50083e-06
-9.95889e-08
-1.13201e-06
-2.62369e-08
-7.13149e-07
-2.4983e-07
-2.66813e-08
2.72516e-07
-1.00453e-07
7.69344e-07
-2.14515e-07
1.21152e-06
-3.61876e-07
1.59533e-06
-5.35623e-07
1.91914e-06
-7.29121e-07
2.18282e-06
-9.36181e-07
2.38765e-06
-1.15118e-06
2.53606e-06
-1.36916e-06
2.63141e-06
-1.58584e-06
2.67767e-06
-1.79763e-06
2.67927e-06
-2.00162e-06
2.64082e-06
-2.19551e-06
2.56694e-06
-2.37756e-06
2.46213e-06
-2.5465e-06
2.33064e-06
-2.70145e-06
2.17638e-06
-2.84188e-06
2.0029e-06
-2.96749e-06
1.81332e-06
-3.07814e-06
1.61034e-06
-3.17384e-06
1.3963e-06
-3.25461e-06
1.17314e-06
-3.32052e-06
9.42502e-07
-3.37158e-06
7.05758e-07
-3.40778e-06
4.64081e-07
-3.42898e-06
2.18513e-07
-3.43498e-06
-2.9966e-08
-3.42547e-06
-2.80356e-07
-3.40006e-06
-5.31565e-07
-3.35826e-06
-7.82327e-07
-3.29954e-06
-1.03113e-06
-3.22337e-06
-1.27614e-06
-3.12924e-06
-1.51514e-06
-3.01674e-06
-1.74547e-06
-2.88562e-06
-1.96399e-06
-2.73591e-06
-2.16705e-06
-2.56796e-06
-2.3505e-06
-2.38259e-06
-2.50972e-06
-2.18117e-06
-2.63968e-06
-1.96569e-06
-2.73505e-06
-1.73891e-06
-2.79032e-06
-1.50438e-06
-2.80005e-06
-1.26649e-06
-2.75902e-06
-1.03047e-06
-2.66258e-06
-8.02328e-07
-2.50684e-06
-5.88774e-07
-2.28902e-06
-3.97053e-07
-2.00772e-06
-2.34747e-07
-1.66313e-06
-1.09534e-07
-1.25722e-06
-2.89349e-08
-7.93748e-07
-2.78765e-07
-2.91263e-08
3.01642e-07
-1.09391e-07
8.49609e-07
-2.33083e-07
1.33521e-06
-3.92298e-07
1.75455e-06
-5.79252e-07
2.10609e-06
-7.86528e-07
2.39009e-06
-1.00727e-06
2.60838e-06
-1.23531e-06
2.7641e-06
-1.46528e-06
2.86138e-06
-1.69263e-06
2.90502e-06
-1.91362e-06
2.90027e-06
-2.12529e-06
2.85249e-06
-2.32537e-06
2.76702e-06
-2.51223e-06
2.64899e-06
-2.68475e-06
2.50316e-06
-2.84225e-06
2.33388e-06
-2.98438e-06
2.14503e-06
-3.11105e-06
1.93999e-06
-3.22234e-06
1.72163e-06
-3.31842e-06
1.49238e-06
-3.3995e-06
1.25423e-06
-3.46579e-06
1.00879e-06
-3.51742e-06
7.5739e-07
-3.55445e-06
5.01108e-07
-3.57681e-06
2.4087e-07
-3.5843e-06
-2.24724e-08
-3.5766e-06
-2.88055e-07
-3.55325e-06
-5.54917e-07
-3.51367e-06
-8.21909e-07
-3.45719e-06
-1.08761e-06
-3.38309e-06
-1.35024e-06
-3.29065e-06
-1.60758e-06
-3.17922e-06
-1.8569e-06
-3.04828e-06
-2.09493e-06
-2.89757e-06
-2.31776e-06
-2.72717e-06
-2.5209e-06
-2.53763e-06
-2.69927e-06
-2.33009e-06
-2.84722e-06
-2.10641e-06
-2.95873e-06
-1.86927e-06
-3.02745e-06
-1.6223e-06
-3.04702e-06
-1.37008e-06
-3.01124e-06
-1.11822e-06
-2.91444e-06
-8.73297e-07
-2.75177e-06
-6.42732e-07
-2.51959e-06
-4.34659e-07
-2.21579e-06
-2.57672e-07
-1.84012e-06
-1.20549e-07
-1.39434e-06
-3.19407e-08
-8.82356e-07
-3.10706e-07
-3.18247e-08
3.33467e-07
-1.19201e-07
9.36985e-07
-2.53352e-07
1.46936e-06
-4.25307e-07
1.9265e-06
-6.26277e-07
2.30706e-06
-8.4795e-07
2.61177e-06
-1.08272e-06
2.84315e-06
-1.32383e-06
3.00521e-06
-1.56549e-06
3.10304e-06
-1.80289e-06
3.14242e-06
-2.03215e-06
3.12953e-06
-2.25033e-06
3.07066e-06
-2.45523e-06
2.97193e-06
-2.64538e-06
2.83914e-06
-2.81988e-06
2.67766e-06
-2.97829e-06
2.49229e-06
-3.12051e-06
2.28725e-06
-3.2467e-06
2.06618e-06
-3.35718e-06
1.83211e-06
-3.45234e-06
1.58755e-06
-3.5326e-06
1.33449e-06
-3.59833e-06
1.07452e-06
-3.6498e-06
8.0886e-07
-3.68717e-06
5.38473e-07
-3.71043e-06
2.6413e-07
-3.71942e-06
-1.34845e-08
-3.71379e-06
-2.93684e-07
-3.69302e-06
-5.75681e-07
-3.65645e-06
-8.58487e-07
-3.60324e-06
-1.14082e-06
-3.53249e-06
-1.42099e-06
-3.44324e-06
-1.69683e-06
-3.33455e-06
-1.96559e-06
-3.2056e-06
-2.22387e-06
-3.05579e-06
-2.46757e-06
-2.88485e-06
-2.69185e-06
-2.69299e-06
-2.89113e-06
-2.48104e-06
-3.05917e-06
-2.25064e-06
-3.18913e-06
-2.00433e-06
-3.27377e-06
-1.74571e-06
-3.30564e-06
-1.47955e-06
-3.2774e-06
-1.21181e-06
-3.18218e-06
-9.49622e-07
-3.01395e-06
-7.01214e-07
-2.76799e-06
-4.75707e-07
-2.4413e-06
-2.82858e-07
-2.03297e-06
-1.32723e-07
-1.54448e-06
-3.5284e-08
-9.79795e-07
-3.4599e-07
-3.48046e-08
3.68272e-07
-1.29968e-07
1.03215e-06
-2.75463e-07
1.61486e-06
-4.61068e-07
2.11211e-06
-6.76829e-07
2.52282e-06
-9.13413e-07
2.84835e-06
-1.16237e-06
3.09211e-06
-1.41632e-06
3.25917e-06
-1.66904e-06
3.35575e-06
-1.91546e-06
3.38884e-06
-2.15165e-06
3.36572e-06
-2.37468e-06
3.2937e-06
-2.58256e-06
3.1798e-06
-2.77402e-06
3.03061e-06
-2.94844e-06
2.85209e-06
-3.10569e-06
2.64954e-06
-3.24599e-06
2.42754e-06
-3.36978e-06
2.18997e-06
-3.47768e-06
1.94001e-06
-3.57033e-06
1.6802e-06
-3.64839e-06
1.41254e-06
-3.7124e-06
1.13853e-06
-3.76281e-06
8.59266e-07
-3.79988e-06
5.75542e-07
-3.82369e-06
2.87942e-07
-3.83411e-06
-3.06066e-09
-3.8308e-06
-2.96998e-07
-3.81318e-06
-5.93303e-07
-3.78046e-06
-8.91198e-07
-3.7317e-06
-1.18958e-06
-3.66576e-06
-1.48693e-06
-3.58143e-06
-1.78116e-06
-3.47747e-06
-2.06955e-06
-3.3527e-06
-2.34865e-06
-3.20611e-06
-2.61416e-06
-3.03703e-06
-2.86093e-06
-2.84523e-06
-3.08292e-06
-2.63116e-06
-3.27323e-06
-2.3961e-06
-3.42419e-06
-2.14235e-06
-3.52751e-06
-1.87343e-06
-3.57456e-06
-1.59417e-06
-3.55666e-06
-1.31086e-06
-3.46549e-06
-1.03121e-06
-3.2936e-06
-7.64303e-07
-3.03491e-06
-5.20355e-07
-2.68525e-06
-3.10456e-07
-2.24287e-06
-1.46153e-07
-1.70878e-06
-3.89979e-08
-1.08695e-06
-3.84987e-07
-3.81002e-08
4.06372e-07
-1.41797e-07
1.13584e-06
-2.99584e-07
1.77265e-06
-4.99768e-07
2.31229e-06
-7.31039e-07
2.75409e-06
-9.82895e-07
3.10021e-06
-1.24596e-06
3.35517e-06
-1.51217e-06
3.52538e-06
-1.77487e-06
3.61846e-06
-2.02881e-06
3.64278e-06
-2.27002e-06
3.60693e-06
-2.49573e-06
3.51941e-06
-2.70417e-06
3.38824e-06
-2.89441e-06
3.22084e-06
-3.06618e-06
3.02386e-06
-3.21973e-06
2.80309e-06
-3.35564e-06
2.56345e-06
-3.47473e-06
2.30906e-06
-3.57792e-06
2.0432e-06
-3.66616e-06
1.76845e-06
-3.74036e-06
1.48674e-06
-3.80127e-06
1.19945e-06
-3.84952e-06
9.07516e-07
-3.88551e-06
6.1153e-07
-3.90941e-06
3.11841e-07
-3.92114e-06
8.66851e-09
-3.92035e-06
-2.97785e-07
-3.90644e-06
-6.07218e-07
-3.87852e-06
-9.19116e-07
-3.83548e-06
-1.23262e-06
-3.776e-06
-1.54641e-06
-3.69858e-06
-1.85858e-06
-3.60165e-06
-2.16648e-06
-3.48363e-06
-2.46667e-06
-3.34307e-06
-2.75472e-06
-3.17878e-06
-3.02522e-06
-2.99005e-06
-3.27166e-06
-2.77678e-06
-3.4865e-06
-2.5398e-06
-3.66117e-06
-2.28104e-06
-3.78628e-06
-2.00378e-06
-3.85182e-06
-1.71286e-06
-3.84758e-06
-1.41479e-06
-3.76355e-06
-1.11786e-06
-3.59053e-06
-8.3203e-07
-3.32074e-06
-5.6875e-07
-2.94853e-06
-3.40627e-07
-2.47099e-06
-1.60948e-07
-1.88846e-06
-4.31208e-08
-1.20478e-06
-4.28108e-07
-4.17551e-08
4.48127e-07
-1.54816e-07
1.24891e-06
-3.25918e-07
1.94375e-06
-5.41624e-07
2.528e-06
-7.89037e-07
3.00151e-06
-1.05632e-06
3.36749e-06
-1.33307e-06
3.63192e-06
-1.61052e-06
3.80282e-06
-1.88161e-06
3.88955e-06
-2.14094e-06
3.90211e-06
-2.38464e-06
3.85063e-06
-2.61017e-06
3.74494e-06
-2.81612e-06
3.59419e-06
-3.00198e-06
3.40671e-06
-3.16795e-06
3.18983e-06
-3.31472e-06
2.94985e-06
-3.44332e-06
2.69205e-06
-3.55496e-06
2.42071e-06
-3.65096e-06
2.13919e-06
-3.73257e-06
1.85006e-06
-3.80097e-06
1.55514e-06
-3.85718e-06
1.25566e-06
-3.90199e-06
9.52327e-07
-3.93596e-06
6.45499e-07
-3.95936e-06
3.35245e-07
-3.97219e-06
2.14898e-08
-3.9741e-06
-2.95873e-07
-3.96445e-06
-6.16861e-07
-3.9423e-06
-9.41269e-07
-3.90638e-06
-1.26854e-06
-3.85516e-06
-1.59763e-06
-3.78687e-06
-1.92686e-06
-3.69959e-06
-2.25377e-06
-3.5913e-06
-2.57495e-06
-3.46006e-06
-2.88596e-06
-3.3041e-06
-3.18117e-06
-3.12208e-06
-3.45368e-06
-2.91329e-06
-3.69529e-06
-2.67793e-06
-3.89653e-06
-2.41739e-06
-4.04682e-06
-2.13456e-06
-4.13464e-06
-1.83413e-06
-4.14802e-06
-1.52275e-06
-4.07493e-06
-1.2092e-06
-3.90408e-06
-9.04361e-07
-3.62558e-06
-6.21033e-07
-3.23186e-06
-3.73551e-07
-2.71847e-06
-1.77236e-07
-2.08477e-06
-4.76991e-08
-1.33431e-06
-4.75807e-07
-4.58263e-08
4.93953e-07
-1.69194e-07
1.37227e-06
-3.54726e-07
2.12928e-06
-5.86903e-07
2.76018e-06
-8.50967e-07
3.26557e-06
-1.13356e-06
3.65008e-06
-1.42314e-06
3.92151e-06
-1.71023e-06
4.08992e-06
-1.98743e-06
4.16674e-06
-2.2493e-06
4.16397e-06
-2.49217e-06
4.09351e-06
-2.7139e-06
3.96667e-06
-2.91357e-06
3.79386e-06
-3.09121e-06
3.58436e-06
-3.24759e-06
3.34621e-06
-3.38394e-06
3.0862e-06
-3.50179e-06
2.8099e-06
-3.60283e-06
2.52174e-06
-3.68875e-06
2.22512e-06
-3.7612e-06
1.9225e-06
-3.82162e-06
1.61557e-06
-3.87129e-06
1.30532e-06
-3.91119e-06
9.92233e-07
-3.94205e-06
6.76357e-07
-3.96426e-06
3.5745e-07
-3.97787e-06
3.50996e-08
-3.98258e-06
-2.91154e-07
-3.97776e-06
-6.21689e-07
-3.96236e-06
-9.56666e-07
-3.93501e-06
-1.29589e-06
-3.89399e-06
-1.63866e-06
-3.83726e-06
-1.98359e-06
-3.76254e-06
-2.32849e-06
-3.66736e-06
-2.67013e-06
-3.54923e-06
-3.0041e-06
-3.40574e-06
-3.32466e-06
-3.23483e-06
-3.62459e-06
-3.03501e-06
-3.89511e-06
-2.8057e-06
-4.12585e-06
-2.54757e-06
-4.30495e-06
-2.2629e-06
-4.41931e-06
-1.95602e-06
-4.4549e-06
-1.63355e-06
-4.3974e-06
-1.30468e-06
-4.23295e-06
-9.81192e-07
-3.94906e-06
-6.77346e-07
-3.5357e-06
-4.09441e-07
-2.98638e-06
-1.95176e-07
-2.29904e-06
-5.27906e-08
-1.4767e-06
-5.28598e-07
-5.03903e-08
5.44344e-07
-1.85155e-07
1.50704e-06
-3.86348e-07
2.33048e-06
-6.35946e-07
3.00977e-06
-9.16993e-07
3.54662e-06
-1.21439e-06
3.94748e-06
-1.51539e-06
4.22251e-06
-1.80981e-06
4.38434e-06
-2.09e-06
4.44693e-06
-2.35065e-06
4.42462e-06
-2.58847e-06
4.33133e-06
-2.80189e-06
4.18008e-06
-2.99064e-06
3.98261e-06
-3.15546e-06
3.74918e-06
-3.29778e-06
3.48853e-06
-3.41947e-06
3.20789e-06
-3.52265e-06
2.91308e-06
-3.60949e-06
2.60859e-06
-3.68214e-06
2.29777e-06
-3.74259e-06
1.98295e-06
-3.7926e-06
1.66558e-06
-3.83369e-06
1.34641e-06
-3.86706e-06
1.0256e-06
-3.89359e-06
7.02879e-07
-3.91377e-06
3.7764e-07
-3.92777e-06
4.90999e-08
-3.93534e-06
-2.83589e-07
-3.93582e-06
-6.21207e-07
-3.92816e-06
-9.64328e-07
-3.91088e-06
-1.31317e-06
-3.88208e-06
-1.66745e-06
-3.8395e-06
-2.02618e-06
-3.78049e-06
-2.38749e-06
-3.70216e-06
-2.74846e-06
-3.60141e-06
-3.10485e-06
-3.47515e-06
-3.45092e-06
-3.32049e-06
-3.77925e-06
-3.13504e-06
-4.08056e-06
-2.91723e-06
-4.34366e-06
-2.66677e-06
-4.55541e-06
-2.38512e-06
-4.70096e-06
-2.07594e-06
-4.76408e-06
-1.7456e-06
-4.72774e-06
-1.40352e-06
-4.57503e-06
-1.06234e-06
-4.29025e-06
-7.37842e-07
-3.8602e-06
-4.48555e-07
-3.27566e-06
-2.14966e-07
-2.53263e-06
-5.84708e-08
-1.63319e-06
-5.87069e-07
-5.5552e-08
5.99896e-07
-2.02998e-07
1.65448e-06
-4.21235e-07
2.54871e-06
-6.89188e-07
3.27773e-06
-9.873e-07
3.84473e-06
-1.2985e-06
4.25868e-06
-1.60876e-06
4.53277e-06
-1.90727e-06
4.68285e-06
-2.1863e-06
4.72596e-06
-2.44088e-06
4.67919e-06
-2.66836e-06
4.55881e-06
-2.86793e-06
4.37966e-06
-3.04022e-06
4.15489e-06
-3.18679e-06
3.89575e-06
-3.30989e-06
3.61163e-06
-3.41212e-06
3.31012e-06
-3.49622e-06
2.99717e-06
-3.56491e-06
2.67728e-06
-3.62077e-06
2.35363e-06
-3.66615e-06
2.02834e-06
-3.70314e-06
1.70257e-06
-3.73347e-06
1.37674e-06
-3.75855e-06
1.05068e-06
-3.7794e-06
7.23726e-07
-3.79666e-06
3.94896e-07
-3.81056e-06
6.30013e-08
-3.82092e-06
-2.73223e-07
-3.82714e-06
-6.14991e-07
-3.82813e-06
-9.63331e-07
-3.82238e-06
-1.31893e-06
-3.80786e-06
-1.68197e-06
-3.78209e-06
-2.05194e-06
-3.74214e-06
-2.42745e-06
-3.68466e-06
-2.80594e-06
-3.60599e-06
-3.18352e-06
-3.5023e-06
-3.55461e-06
-3.3698e-06
-3.91175e-06
-3.20503e-06
-4.24533e-06
-3.00528e-06
-4.54341e-06
-2.76902e-06
-4.79167e-06
-2.49654e-06
-4.97344e-06
-2.19055e-06
-5.07007e-06
-1.8568e-06
-5.06149e-06
-1.50467e-06
-4.92716e-06
-1.14751e-06
-4.6474e-06
-8.02697e-07
-4.20501e-06
-4.91228e-07
-3.58713e-06
-2.36873e-07
-2.78698e-06
-6.48403e-08
-1.80523e-06
-6.51909e-07
-6.14568e-08
6.61352e-07
-2.23137e-07
1.81616e-06
-4.5999e-07
2.78557e-06
-7.47192e-07
3.56493e-06
-1.06209e-06
4.15962e-06
-1.38539e-06
4.58199e-06
-1.70178e-06
4.84916e-06
-1.99997e-06
4.98103e-06
-2.27241e-06
4.9984e-06
-2.51478e-06
4.92157e-06
-2.72537e-06
4.7694e-06
-2.90446e-06
4.55875e-06
-3.05373e-06
4.30416e-06
-3.1758e-06
4.01783e-06
-3.27385e-06
3.70968e-06
-3.35127e-06
3.38754e-06
-3.41147e-06
3.05738e-06
-3.45773e-06
2.72354e-06
-3.49307e-06
2.38897e-06
-3.52019e-06
2.05545e-06
-3.54142e-06
1.7238e-06
-3.55874e-06
1.39406e-06
-3.5737e-06
1.06564e-06
-3.58747e-06
7.37497e-07
-3.6008e-06
4.0823e-07
-3.61403e-06
7.62328e-08
-3.62706e-06
-2.60195e-07
-3.63933e-06
-6.02722e-07
-3.64981e-06
-9.52854e-07
-3.65695e-06
-1.31178e-06
-3.65869e-06
-1.68023e-06
-3.6524e-06
-2.05823e-06
-3.6349e-06
-2.44495e-06
-3.60246e-06
-2.83838e-06
-3.55088e-06
-3.2351e-06
-3.4756e-06
-3.6299e-06
-3.37186e-06
-4.01549e-06
-3.23505e-06
-4.38214e-06
-3.06106e-06
-4.7174e-06
-2.84689e-06
-5.00584e-06
-2.59127e-06
-5.22905e-06
-2.29552e-06
-5.36583e-06
-1.96433e-06
-5.39268e-06
-1.60666e-06
-5.28484e-06
-1.23628e-06
-5.01778e-06
-8.72113e-07
-4.56918e-06
-5.37899e-07
-3.92135e-06
-2.61254e-07
-3.06363e-06
-7.2037e-08
-1.99444e-06
-7.23946e-07
-6.83105e-08
7.29663e-07
-2.46142e-07
1.994e-06
-5.03427e-07
3.04285e-06
-8.10673e-07
3.87217e-06
-1.14154e-06
4.49049e-06
-1.4743e-06
4.91474e-06
-1.7924e-06
5.16725e-06
-2.08435e-06
5.27298e-06
-2.34319e-06
5.25724e-06
-2.56568e-06
5.14406e-06
-2.75144e-06
4.95516e-06
-2.90215e-06
4.70946e-06
-3.02084e-06
4.42285e-06
-3.11136e-06
4.10834e-06
-3.1779e-06
3.77622e-06
-3.22473e-06
3.43436e-06
-3.25594e-06
3.08859e-06
-3.27533e-06
2.74293e-06
-3.28633e-06
2.39996e-06
-3.29192e-06
2.06105e-06
-3.29468e-06
1.72656e-06
-3.29673e-06
1.39611e-06
-3.29977e-06
1.06868e-06
-3.30506e-06
7.42787e-07
-3.31346e-06
4.16626e-07
-3.32539e-06
8.81621e-08
-3.34084e-06
-2.4474e-07
-3.35935e-06
-5.84208e-07
-3.37997e-06
-9.32234e-07
-3.40122e-06
-1.29054e-06
-3.42102e-06
-1.66042e-06
-3.43672e-06
-2.04253e-06
-3.44498e-06
-2.43669e-06
-3.44179e-06
-2.84157e-06
-3.42248e-06
-3.25441e-06
-3.38178e-06
-3.67059e-06
-3.314e-06
-4.08327e-06
-3.21326e-06
-4.48288e-06
-3.07394e-06
-4.85673e-06
-2.8912e-06
-5.18858e-06
-2.66185e-06
-5.45841e-06
-2.38526e-06
-5.64242e-06
-2.06449e-06
-5.71344e-06
-1.70748e-06
-5.64185e-06
-1.328e-06
-5.39726e-06
-9.46328e-07
-4.95085e-06
-5.8915e-07
-4.27853e-06
-2.88602e-07
-3.36418e-06
-8.02548e-08
-2.20279e-06
-8.04201e-07
-7.64075e-08
8.0607e-07
-2.7281e-07
2.1904e-06
-5.52633e-07
3.32267e-06
-8.80517e-07
4.20006e-06
-1.22575e-06
4.83573e-06
-1.56397e-06
5.25296e-06
-1.87762e-06
5.48091e-06
-2.15552e-06
5.55088e-06
-2.39184e-06
5.49356e-06
-2.58499e-06
5.33721e-06
-2.73642e-06
5.10659e-06
-2.84959e-06
4.82263e-06
-2.92916e-06
4.50242e-06
-2.98034e-06
4.15953e-06
-3.00846e-06
3.80434e-06
-3.01864e-06
3.44455e-06
-3.01565e-06
3.08559e-06
-3.00374e-06
2.73102e-06
-2.98666e-06
2.38289e-06
-2.96763e-06
2.04202e-06
-2.94935e-06
1.70828e-06
-2.93404e-06
1.3808e-06
-2.92346e-06
1.0581e-06
-2.91895e-06
7.38275e-07
-2.92142e-06
4.19097e-07
-2.93139e-06
9.81265e-08
-2.94894e-06
-2.2719e-07
-2.97373e-06
-5.59418e-07
-3.00493e-06
-9.01028e-07
-3.0412e-06
-1.25427e-06
-3.08059e-06
-1.62103e-06
-3.12049e-06
-2.00264e-06
-3.15754e-06
-2.39964e-06
-3.18758e-06
-2.81153e-06
-3.20563e-06
-3.23637e-06
-3.20582e-06
-3.6704e-06
-3.18158e-06
-4.10751e-06
-3.12576e-06
-4.53869e-06
-3.03106e-06
-4.95142e-06
-2.89061e-06
-5.32903e-06
-2.6988e-06
-5.65021e-06
-2.45247e-06
-5.88876e-06
-2.15228e-06
-6.01363e-06
-1.80433e-06
-5.9898e-06
-1.42169e-06
-5.77989e-06
-1.02559e-06
-5.34695e-06
-6.45762e-07
-4.65835e-06
-3.19605e-07
-3.69033e-06
-8.97708e-08
-2.43263e-06
-8.93972e-07
-8.6176e-08
8.92246e-07
-3.04254e-07
2.40847e-06
-6.0905e-07
3.62747e-06
-9.57756e-07
4.54876e-06
-1.31451e-06
5.19248e-06
-1.65231e-06
5.59076e-06
-1.95309e-06
5.78168e-06
-2.20668e-06
5.80447e-06
-2.40925e-06
5.69613e-06
-2.56158e-06
5.48954e-06
-2.66751e-06
5.21253e-06
-2.73273e-06
4.88784e-06
-2.76376e-06
4.53345e-06
-2.76731e-06
4.16308e-06
-2.74985e-06
3.78688e-06
-2.71734e-06
3.41204e-06
-2.67509e-06
3.04334e-06
-2.62771e-06
2.68365e-06
-2.57917e-06
2.33434e-06
-2.53276e-06
1.99561e-06
-2.49122e-06
1.66674e-06
-2.45676e-06
1.34635e-06
-2.43114e-06
1.03248e-06
-2.41569e-06
7.22825e-07
-2.41136e-06
4.1476e-07
-2.4187e-06
1.05476e-07
-2.43794e-06
-2.07958e-07
-2.46885e-06
-5.28505e-07
-2.5108e-06
-8.59073e-07
-2.56266e-06
-1.20242e-06
-2.62269e-06
-1.561e-06
-2.68848e-06
-1.93684e-06
-2.75684e-06
-2.33129e-06
-2.82363e-06
-2.74473e-06
-2.88373e-06
-3.17627e-06
-2.9309e-06
-3.62323e-06
-2.95782e-06
-4.08059e-06
-2.95619e-06
-4.54033e-06
-2.917e-06
-4.99061e-06
-2.8311e-06
-5.41492e-06
-2.69008e-06
-5.79123e-06
-2.48755e-06
-6.09129e-06
-2.22084e-06
-6.28034e-06
-1.89315e-06
-6.31749e-06
-1.51576e-06
-6.15728e-06
-1.11009e-06
-5.75263e-06
-7.08765e-07
-5.05967e-06
-3.55234e-07
-4.04386e-06
-1.0099e-07
-2.68687e-06
-9.94962e-07
-9.82517e-08
9.90498e-07
-3.42045e-07
2.65227e-06
-6.7456e-07
3.95999e-06
-1.04348e-06
4.91768e-06
-1.40702e-06
5.55603e-06
-1.73582e-06
5.91956e-06
-2.0122e-06
6.05807e-06
-2.22821e-06
6.02047e-06
-2.38308e-06
5.851e-06
-2.48087e-06
5.58733e-06
-2.52852e-06
5.26017e-06
-2.53428e-06
4.89361e-06
-2.50676e-06
4.50593e-06
-2.45422e-06
4.11053e-06
-2.38418e-06
3.71684e-06
-2.30329e-06
3.33115e-06
-2.21725e-06
2.9573e-06
-2.13086e-06
2.59725e-06
-2.04807e-06
2.25156e-06
-1.97215e-06
1.91968e-06
-1.9057e-06
1.6003e-06
-1.85082e-06
1.29146e-06
-1.80915e-06
9.90805e-07
-1.78193e-06
6.9561e-07
-1.7701e-06
4.02925e-07
-1.77425e-06
1.09626e-07
-1.79468e-06
-1.87527e-07
-1.83136e-06
-4.91825e-07
-1.88388e-06
-8.06551e-07
-1.9514e-06
-1.1349e-06
-2.03252e-06
-1.47988e-06
-2.1252e-06
-1.84417e-06
-2.22657e-06
-2.22992e-06
-2.33278e-06
-2.63852e-06
-2.43884e-06
-3.07021e-06
-2.53841e-06
-3.52365e-06
-2.62372e-06
-3.99528e-06
-2.6855e-06
-4.47854e-06
-2.71319e-06
-4.96292e-06
-2.69529e-06
-5.43282e-06
-2.62024e-06
-5.86628e-06
-2.47773e-06
-6.23381e-06
-2.26069e-06
-6.49737e-06
-1.96801e-06
-6.61018e-06
-1.60762e-06
-6.51766e-06
-1.19979e-06
-6.16047e-06
-7.79482e-07
-5.47998e-06
-3.96866e-07
-4.42648e-06
-1.14518e-07
-2.96922e-06
-1.10948e-06
-1.136e-07
1.1041e-06
-3.88408e-07
2.92708e-06
-7.51541e-07
4.32312e-06
-1.13855e-06
5.30469e-06
-1.50117e-06
5.91865e-06
-1.80852e-06
6.22692e-06
-2.04493e-06
6.29448e-06
-2.20632e-06
6.18186e-06
-2.29645e-06
5.94113e-06
-2.32375e-06
5.61463e-06
-2.29886e-06
5.23528e-06
-2.23298e-06
4.82773e-06
-2.13682e-06
4.40978e-06
-2.02008e-06
3.99379e-06
-1.89114e-06
3.5879e-06
-1.75708e-06
3.19709e-06
-1.62372e-06
2.82394e-06
-1.49577e-06
2.4693e-06
-1.377e-06
2.13278e-06
-1.27036e-06
1.81305e-06
-1.1782e-06
1.50813e-06
-1.10233e-06
1.21559e-06
-1.04417e-06
9.32642e-07
-1.00481e-06
6.56247e-07
-9.85073e-07
3.83191e-07
-9.8557e-07
1.10123e-07
-1.00668e-06
-1.66416e-07
-1.04855e-06
-4.49951e-07
-1.11106e-06
-7.44041e-07
-1.19373e-06
-1.05223e-06
-1.29563e-06
-1.37798e-06
-1.41522e-06
-1.72457e-06
-1.55021e-06
-2.09493e-06
-1.69729e-06
-2.49143e-06
-1.85194e-06
-2.91557e-06
-2.00809e-06
-3.3675e-06
-2.15793e-06
-3.84544e-06
-2.29167e-06
-4.3448e-06
-2.39748e-06
-4.85712e-06
-2.46169e-06
-5.36861e-06
-2.46943e-06
-5.85855e-06
-2.40589e-06
-6.29735e-06
-2.25847e-06
-6.64479e-06
-2.01998e-06
-6.84866e-06
-1.69287e-06
-6.84477e-06
-1.29408e-06
-6.55925e-06
-8.59538e-07
-5.91452e-06
-4.46466e-07
-4.83955e-06
-1.31284e-07
-3.2844e-06
-1.24076e-06
-1.33732e-07
1.23783e-06
-4.46497e-07
3.23984e-06
-8.42827e-07
4.71945e-06
-1.24299e-06
5.70485e-06
-1.59229e-06
6.26794e-06
-1.86028e-06
6.49491e-06
-2.03584e-06
6.47004e-06
-2.12114e-06
6.26716e-06
-2.12626e-06
5.94626e-06
-2.06509e-06
5.55347e-06
-1.95253e-06
5.12272e-06
-1.80281e-06
4.67801e-06
-1.62861e-06
4.23558e-06
-1.44072e-06
3.80589e-06
-1.248e-06
3.39518e-06
-1.05754e-06
3.00663e-06
-8.74917e-07
2.64132e-06
-7.04419e-07
2.29881e-06
-5.49309e-07
1.97767e-06
-4.12047e-07
1.67579e-06
-2.94482e-07
1.39057e-06
-1.98011e-07
1.11912e-06
-1.237e-07
8.58332e-07
-7.23884e-08
6.04935e-07
-4.47495e-08
3.55553e-07
-4.13378e-08
1.06711e-07
-6.26033e-08
-1.45151e-07
-1.08882e-07
-4.03673e-07
-1.80356e-07
-6.72567e-07
-2.76986e-07
-9.55602e-07
-3.98403e-07
-1.25657e-06
-5.43759e-07
-1.57922e-06
-7.1153e-07
-1.92716e-06
-8.99264e-07
-2.3037e-06
-1.10327e-06
-2.71156e-06
-1.31825e-06
-3.15252e-06
-1.5369e-06
-3.62679e-06
-1.7495e-06
-4.13221e-06
-1.94357e-06
-4.66305e-06
-2.10376e-06
-5.20843e-06
-2.21208e-06
-5.75023e-06
-2.24892e-06
-6.2605e-06
-2.19511e-06
-6.6986e-06
-2.03542e-06
-7.00836e-06
-1.76393e-06
-7.11626e-06
-1.39099e-06
-6.93219e-06
-9.50721e-07
-6.3548e-06
-5.06833e-07
-5.28344e-06
-1.52758e-07
-3.63848e-06
-1.39352e-06
-1.61076e-07
1.39891e-06
-5.2075e-07
3.59952e-06
-9.51364e-07
5.15006e-06
-1.35461e-06
6.1081e-06
-1.6709e-06
6.58423e-06
-1.87397e-06
6.69798e-06
-1.96116e-06
6.55723e-06
-1.94399e-06
6.24999e-06
-1.84083e-06
5.8431e-06
-1.67199e-06
5.38462e-06
-1.4568e-06
4.90754e-06
-1.21227e-06
4.43347e-06
-9.52503e-07
3.97581e-06
-6.88761e-07
3.54215e-06
-4.29762e-07
3.13618e-06
-1.82069e-07
2.75894e-06
4.94903e-08
2.40976e-06
2.61447e-07
2.08685e-06
4.51355e-07
1.78776e-06
6.17519e-07
1.50962e-06
7.5877e-07
1.24932e-06
8.74288e-07
1.0036e-06
9.63469e-07
7.69151e-07
1.02582e-06
5.42586e-07
1.06088e-06
3.20492e-07
1.06819e-06
9.93999e-08
1.04726e-06
-1.24222e-07
9.97577e-07
-3.5399e-07
9.18632e-07
-5.93622e-07
8.09984e-07
-8.46954e-07
6.71359e-07
-1.11794e-06
5.02791e-07
-1.41065e-06
3.04822e-07
-1.72919e-06
7.8772e-08
-2.07765e-06
-1.72917e-07
-2.45987e-06
-4.46237e-07
-2.8792e-06
-7.35074e-07
-3.33795e-06
-1.0306e-06
-3.83668e-06
-1.32061e-06
-4.37304e-06
-1.58897e-06
-4.94007e-06
-1.81534e-06
-5.52385e-06
-1.97558e-06
-6.10027e-06
-2.04326e-06
-6.63092e-06
-1.99323e-06
-7.05839e-06
-1.80772e-06
-7.30177e-06
-1.48565e-06
-7.25425e-06
-1.05449e-06
-6.78596e-06
-5.81902e-07
-5.75603e-06
-1.81327e-07
-4.03905e-06
-1.57485e-06
-1.99644e-07
1.59855e-06
-6.17228e-07
4.0171e-06
-1.07908e-06
5.61192e-06
-1.46615e-06
6.49517e-06
-1.7186e-06
6.83668e-06
-1.82088e-06
6.80026e-06
-1.78441e-06
6.52075e-06
-1.63369e-06
6.09927e-06
-1.39713e-06
5.60654e-06
-1.10181e-06
5.08931e-06
-7.71085e-07
4.57681e-06
-4.23791e-07
4.08618e-06
-7.44543e-08
3.62647e-06
2.66156e-07
3.20154e-06
5.90333e-07
2.812e-06
8.92754e-07
2.45652e-06
1.1699e-06
2.13262e-06
1.41954e-06
1.83721e-06
1.64039e-06
1.56691e-06
1.83175e-06
1.31826e-06
1.99332e-06
1.08775e-06
2.12497e-06
8.71949e-07
2.22667e-06
6.67455e-07
2.29832e-06
4.70931e-07
2.33976e-06
2.7906e-07
2.35064e-06
8.85197e-08
2.33046e-06
-1.04051e-07
2.27857e-06
-3.02095e-07
2.19412e-06
-5.09177e-07
2.0762e-06
-7.29028e-07
1.92383e-06
-9.65576e-07
1.73616e-06
-1.22298e-06
1.5126e-06
-1.50563e-06
1.25309e-06
-1.81814e-06
9.58453e-07
-2.16524e-06
6.30879e-07
-2.55162e-06
2.74532e-07
-2.9816e-06
-1.0364e-07
-3.45851e-06
-4.92958e-07
-3.98372e-06
-8.77956e-07
-4.55507e-06
-1.2374e-06
-5.16441e-06
-1.54374e-06
-5.79393e-06
-1.76364e-06
-6.41101e-06
-1.86066e-06
-6.96137e-06
-1.80147e-06
-7.36096e-06
-1.56722e-06
-7.48851e-06
-1.17062e-06
-7.18255e-06
-6.76966e-07
-6.24969e-06
-2.20962e-07
-4.49505e-06
-1.79581e-06
-2.56146e-07
1.8547e-06
-7.4352e-07
4.50447e-06
-1.22384e-06
6.09224e-06
-1.55947e-06
6.8308e-06
-1.70082e-06
6.97803e-06
-1.65354e-06
6.75297e-06
-1.45021e-06
6.31743e-06
-1.13181e-06
5.78087e-06
-7.37537e-07
5.21226e-06
-3.00401e-07
4.65217e-06
1.53852e-07
4.12256e-06
6.06249e-07
3.63378e-06
1.04346e-06
3.18926e-06
1.45655e-06
2.78845e-06
1.83987e-06
2.42868e-06
2.19016e-06
2.10624e-06
2.50575e-06
1.81702e-06
2.7861e-06
1.55686e-06
3.03133e-06
1.32168e-06
3.24194e-06
1.10764e-06
3.41862e-06
9.11078e-07
3.56202e-06
7.28543e-07
3.67272e-06
5.56757e-07
3.75109e-06
3.92569e-07
3.79723e-06
2.32912e-07
3.811e-06
7.47534e-08
3.79191e-06
-8.49586e-08
3.73916e-06
-2.49347e-07
3.65165e-06
-4.21666e-07
3.52798e-06
-6.05358e-07
3.36652e-06
-8.04118e-07
3.1655e-06
-1.02196e-06
2.92314e-06
-1.26327e-06
2.63786e-06
-1.53286e-06
2.3086e-06
-1.83598e-06
1.93525e-06
-2.17828e-06
1.51933e-06
-2.56568e-06
1.06483e-06
-3.00401e-06
5.79412e-07
-3.4983e-06
7.59412e-08
-4.0516e-06
-4.25789e-07
-4.66268e-06
-8.97269e-07
-5.32245e-06
-1.30014e-06
-6.00814e-06
-1.58695e-06
-6.67456e-06
-1.70591e-06
-7.242e-06
-1.61286e-06
-7.58155e-06
-1.29374e-06
-7.50168e-06
-7.98335e-07
-6.74509e-06
-2.78312e-07
-5.01508e-06
-2.07412e-06
-3.41669e-07
2.19636e-06
-9.06843e-07
5.06965e-06
-1.37176e-06
6.55716e-06
-1.594e-06
7.05303e-06
-1.55443e-06
6.93846e-06
-1.29472e-06
6.49326e-06
-8.75996e-07
5.89871e-06
-3.57294e-07
5.26217e-06
2.13056e-07
4.64191e-06
7.99054e-07
4.06617e-06
1.37566e-06
3.54595e-06
1.92651e-06
3.08294e-06
2.44161e-06
2.67416e-06
2.91547e-06
2.31459e-06
3.34563e-06
1.99851e-06
3.73161e-06
1.72026e-06
4.07413e-06
1.47451e-06
4.37459e-06
1.2564e-06
4.63471e-06
1.06157e-06
4.85627e-06
8.86077e-07
5.04097e-06
7.26386e-07
5.19025e-06
5.79259e-07
5.30529e-06
4.41715e-07
5.38691e-06
3.10954e-07
5.43552e-06
1.84299e-07
5.45114e-06
5.91325e-08
5.43334e-06
-6.71589e-08
5.38124e-06
-1.9725e-07
5.29352e-06
-3.3394e-07
5.16838e-06
-4.80221e-07
5.00362e-06
-6.39357e-07
4.79663e-06
-8.14971e-07
4.5445e-06
-1.01114e-06
4.24413e-06
-1.23249e-06
3.89247e-06
-1.48432e-06
3.48689e-06
-1.77269e-06
3.02567e-06
-2.10447e-06
2.50894e-06
-2.48727e-06
1.93981e-06
-2.92918e-06
1.32628e-06
-3.43806e-06
6.83535e-07
-4.01993e-06
3.71012e-08
-4.67602e-06
-5.73905e-07
-5.39714e-06
-1.0943e-06
-6.15417e-06
-1.45381e-06
-6.88249e-06
-1.57637e-06
-7.459e-06
-1.40514e-06
-7.67291e-06
-9.50909e-07
-7.19932e-06
-3.64265e-07
-5.60172e-06
-2.43839e-06
-4.72921e-07
2.66929e-06
-1.10597e-06
5.7027e-06
-1.47902e-06
6.93021e-06
-1.48445e-06
7.05846e-06
-1.16729e-06
6.6213e-06
-6.22097e-07
5.94807e-06
5.77435e-08
5.21887e-06
7.98542e-07
4.52137e-06
1.54871e-06
3.89174e-06
2.27514e-06
3.33974e-06
2.95832e-06
2.86277e-06
3.58802e-06
2.45324e-06
4.16002e-06
2.10216e-06
4.67383e-06
1.80078e-06
5.13111e-06
1.54123e-06
5.53469e-06
1.31668e-06
5.88789e-06
1.1213e-06
6.19416e-06
9.50138e-07
6.45676e-06
7.98964e-07
6.67869e-06
6.64148e-07
6.86254e-06
5.42529e-07
7.01048e-06
4.31318e-07
7.1242e-06
3.28004e-07
7.20487e-06
2.30279e-07
7.2532e-06
1.3597e-07
7.26935e-06
4.29806e-08
7.25297e-06
-5.07756e-08
7.20315e-06
-1.47428e-07
7.11842e-06
-2.49212e-07
6.99674e-06
-3.58542e-07
6.83547e-06
-4.78085e-07
6.63135e-06
-6.10858e-07
6.38055e-06
-7.60338e-07
6.07866e-06
-9.30596e-07
5.72081e-06
-1.12647e-06
5.30184e-06
-1.35373e-06
4.81672e-06
-1.61934e-06
4.26109e-06
-1.93164e-06
3.63239e-06
-2.30048e-06
2.93153e-06
-2.7372e-06
2.16559e-06
-3.25399e-06
1.35179e-06
-3.86221e-06
5.2294e-07
-4.56829e-06
-2.65996e-07
-5.36523e-06
-9.32396e-07
-6.21609e-06
-1.36703e-06
-7.02436e-06
-1.4542e-06
-7.58574e-06
-1.12903e-06
-7.5245e-06
-4.94671e-07
-6.23608e-06
-2.93306e-06
-6.66903e-07
3.33619e-06
-1.30378e-06
6.33957e-06
-1.43009e-06
7.05651e-06
-1.06019e-06
6.68856e-06
-3.47528e-07
5.90864e-06
5.50481e-07
5.05006e-06
1.51605e-06
4.2533e-06
2.47353e-06
3.56389e-06
3.37984e-06
2.98543e-06
4.21363e-06
2.50596e-06
4.96681e-06
2.10959e-06
5.63895e-06
1.78111e-06
6.23361e-06
1.5075e-06
6.75628e-06
1.27811e-06
7.21311e-06
1.0844e-06
7.61022e-06
9.19569e-07
7.95336e-06
7.78161e-07
8.24772e-06
6.55777e-07
8.49786e-06
5.48824e-07
8.70768e-06
4.54321e-07
8.88046e-06
3.69754e-07
9.01882e-06
2.92959e-07
9.12479e-06
2.22028e-07
9.19983e-06
1.55243e-07
9.24479e-06
9.10072e-08
9.25998e-06
2.77944e-08
9.24511e-06
-3.59031e-08
9.1993e-06
-1.01623e-07
9.12107e-06
-1.70984e-07
9.00828e-06
-2.45746e-07
8.85807e-06
-3.27879e-07
8.66686e-06
-4.19644e-07
8.43022e-06
-5.23701e-07
8.14287e-06
-6.43242e-07
7.79858e-06
-7.82174e-07
7.39019e-06
-9.45346e-07
6.9097e-06
-1.13886e-06
6.3485e-06
-1.37044e-06
5.69798e-06
-1.64996e-06
4.95069e-06
-1.98991e-06
4.10262e-06
-2.40592e-06
3.15708e-06
-2.91667e-06
2.13131e-06
-3.54252e-06
1.06659e-06
-4.30052e-06
4.19511e-08
-5.19144e-06
-8.12806e-07
-6.1696e-06
-1.31762e-06
-7.08093e-06
-1.28738e-06
-7.55473e-06
-6.83451e-07
-6.84001e-06
-3.61651e-06
-9.14849e-07
4.25104e-06
-1.34741e-06
6.77213e-06
-9.47876e-07
6.65698e-06
4.80657e-09
5.73588e-06
1.21656e-06
4.69689e-06
2.48928e-06
3.77733e-06
3.71044e-06
3.03214e-06
4.82752e-06
2.44681e-06
5.82285e-06
1.9901e-06
6.69666e-06
1.63215e-06
7.45733e-06
1.34891e-06
8.1163e-06
1.12214e-06
8.68541e-06
9.38381e-07
9.17582e-06
7.87708e-07
9.59744e-06
6.62776e-07
9.95894e-06
5.5807e-07
1.02677e-05
4.69393e-07
1.053e-05
3.93489e-07
1.0751e-05
3.27786e-07
1.09351e-05
2.70212e-07
1.10858e-05
2.19062e-07
1.12059e-05
1.72898e-07
1.12974e-05
1.30478e-07
1.1362e-05
9.0696e-08
1.14005e-05
5.25403e-08
1.14132e-05
1.50508e-08
1.14e-05
-2.27156e-08
1.13601e-05
-6.17194e-08
1.12921e-05
-1.02974e-07
1.11939e-05
-1.47588e-07
1.10629e-05
-1.96813e-07
1.08953e-05
-2.52106e-07
1.06868e-05
-3.15207e-07
1.04319e-05
-3.88252e-07
1.01236e-05
-4.73911e-07
9.75385e-06
-5.75605e-07
9.31278e-06
-6.97787e-07
8.78871e-06
-8.46368e-07
8.16806e-06
-1.0293e-06
7.43559e-06
-1.25745e-06
6.57539e-06
-1.54572e-06
5.57328e-06
-1.91456e-06
4.42223e-06
-2.39147e-06
3.13299e-06
-3.01128e-06
1.75341e-06
-3.81187e-06
3.98532e-07
-4.81472e-06
-7.15466e-07
-5.96693e-06
-1.26136e-06
-7.00883e-06
-9.14684e-07
-7.18669e-06
-4.53119e-06
-1.08376e-06
5.3348e-06
-7.58609e-07
6.44698e-06
5.80496e-07
5.31788e-06
2.28753e-06
4.02884e-06
3.9937e-06
2.99073e-06
5.54046e-06
2.23057e-06
6.88107e-06
1.69153e-06
8.01939e-06
1.30849e-06
8.97814e-06
1.03134e-06
9.78416e-06
8.26136e-07
1.04625e-05
6.70588e-07
1.10346e-05
5.50072e-07
1.15181e-05
4.54855e-07
1.19275e-05
3.78328e-07
1.22743e-05
3.15889e-07
1.25682e-05
2.6425e-07
1.28166e-05
2.21001e-07
1.30257e-05
1.84335e-07
1.32006e-05
1.52857e-07
1.33454e-05
1.25472e-07
1.34632e-05
1.01293e-07
1.35565e-05
7.95853e-08
1.36272e-05
5.9723e-08
1.36768e-05
4.11564e-08
1.37059e-05
2.33864e-08
1.3715e-05
5.94339e-09
1.37039e-05
-1.16316e-08
1.3672e-05
-2.98064e-08
1.36181e-05
-4.90744e-08
1.35405e-05
-6.99782e-08
1.34368e-05
-9.31354e-08
1.3304e-05
-1.19272e-07
1.31381e-05
-1.49266e-07
1.2934e-05
-1.84212e-07
1.26856e-05
-2.25505e-07
1.2385e-05
-2.74972e-07
1.20223e-05
-3.3506e-07
1.1585e-05
-4.09128e-07
1.10576e-05
-5.01905e-07
1.04204e-05
-6.20218e-07
9.64885e-06
-7.74181e-07
8.71342e-06
-9.7913e-07
7.58066e-06
-1.2587e-06
6.21885e-06
-1.64947e-06
4.61346e-06
-2.20648e-06
2.80239e-06
-3.00366e-06
9.44622e-07
-4.10916e-06
-5.67464e-07
-5.49675e-06
-1.03726e-06
-6.71689e-06
-5.56845e-06
-1.19918e-07
5.45472e-06
1.82919e-06
4.49787e-06
4.40757e-06
2.73949e-06
6.71986e-06
1.71656e-06
8.59621e-06
1.11438e-06
1.00754e-05
7.51364e-07
1.12375e-05
5.29477e-07
1.21567e-05
3.89246e-07
1.28917e-05
2.96307e-07
1.34862e-05
2.31684e-07
1.3972e-05
1.84822e-07
1.43724e-05
1.49638e-07
1.47048e-05
1.22469e-07
1.49821e-05
1.01006e-07
1.52143e-05
8.37319e-08
1.54089e-05
6.96043e-08
1.5572e-05
5.78839e-08
1.57083e-05
4.80281e-08
1.58216e-05
3.96276e-08
1.59147e-05
3.23647e-08
1.599e-05
2.59864e-08
1.60493e-05
2.02854e-08
1.60939e-05
1.50871e-08
1.61248e-05
1.02392e-08
1.61426e-05
5.6049e-09
1.61475e-05
1.05606e-09
1.61394e-05
-3.53306e-09
1.61179e-05
-8.28852e-09
1.60822e-05
-1.33453e-08
1.6031e-05
-1.88518e-08
1.59629e-05
-2.49776e-08
1.58755e-05
-3.19238e-08
1.57662e-05
-3.99363e-08
1.56313e-05
-4.93244e-08
1.54663e-05
-6.04886e-08
1.52653e-05
-7.39613e-08
1.50207e-05
-9.04704e-08
1.47226e-05
-1.11042e-07
1.43579e-05
-1.37174e-07
1.39088e-05
-1.71134e-07
1.33511e-05
-2.16521e-07
1.26513e-05
-2.79318e-07
1.17626e-05
-3.69981e-07
1.06207e-05
-5.07582e-07
9.14171e-06
-7.27481e-07
7.23127e-06
-1.09322e-06
4.83561e-06
-1.7135e-06
2.1229e-06
-2.78404e-06
1.12029e-08
-4.6052e-06
-5.55725e-06
5.45472e-06
9.95259e-06
1.26921e-05
1.44086e-05
1.5523e-05
1.62744e-05
1.68039e-05
1.71931e-05
1.74894e-05
1.77211e-05
1.79059e-05
1.80556e-05
1.8178e-05
1.8279e-05
1.83628e-05
1.84324e-05
1.84903e-05
1.85383e-05
1.85779e-05
1.86103e-05
1.86363e-05
1.86565e-05
1.86716e-05
1.86819e-05
1.86875e-05
1.86885e-05
1.8685e-05
1.86767e-05
1.86634e-05
1.86445e-05
1.86195e-05
1.85876e-05
1.85477e-05
1.84984e-05
1.84379e-05
1.83639e-05
1.82734e-05
1.81624e-05
1.80252e-05
1.78541e-05
1.76376e-05
1.73582e-05
1.69883e-05
1.64807e-05
1.57532e-05
1.466e-05
1.29465e-05
1.01624e-05
5.55725e-06
)
;

boundaryField
{
    movingWall
    {
        type            calculated;
        value           uniform 0;
    }
    fixedWalls
    {
        type            calculated;
        value           uniform 0;
    }
    frontAndBack
    {
        type            empty;
        value           nonuniform 0();
    }
}


// ************************************************************************* //
