/*--------------------------------*- C++ -*----------------------------------*\
  =========                 |
  \\      /  F ield         | OpenFOAM: The Open Source CFD Toolbox
   \\    /   O peration     | Website:  https://openfoam.org
    \\  /    A nd           | Version:  7
     \\/     M anipulation  |
\*---------------------------------------------------------------------------*/
FoamFile
{
    version     2.0;
    format      ascii;
    class       volVectorField;
    location    "0.0564";
    object      U;
}
// * * * * * * * * * * * * * * * * * * * * * * * * * * * * * * * * * * * * * //

dimensions      [0 1 -1 0 0 0 0];

internalField   nonuniform List<vector> 
2500
(
(0.290245 -0.152407 0)
(0.389518 -0.128228 0)
(0.565397 -0.074729 0)
(0.683226 -0.0422315 0)
(0.75283 -0.0245332 0)
(0.797864 -0.0148952 0)
(0.829061 -0.00958992 0)
(0.85157 -0.00656817 0)
(0.868418 -0.00474512 0)
(0.881426 -0.00357087 0)
(0.891702 -0.00276721 0)
(0.899953 -0.00218873 0)
(0.906657 -0.00175561 0)
(0.912148 -0.00142141 0)
(0.91667 -0.00115753 0)
(0.920405 -0.000945293 0)
(0.923492 -0.000771937 0)
(0.926038 -0.000628342 0)
(0.928127 -0.000507765 0)
(0.929826 -0.000405055 0)
(0.931186 -0.000316158 0)
(0.932248 -0.000237787 0)
(0.933042 -0.000167199 0)
(0.933591 -0.000102028 0)
(0.93391 -4.01691e-05 0)
(0.934006 2.03317e-05 0)
(0.933883 8.14837e-05 0)
(0.933536 0.000145113 0)
(0.932952 0.00021325 0)
(0.932115 0.000288144 0)
(0.930998 0.000372373 0)
(0.929565 0.00046901 0)
(0.92777 0.000581853 0)
(0.925553 0.000715756 0)
(0.922836 0.000877108 0)
(0.919519 0.00107459 0)
(0.915471 0.0013204 0)
(0.910518 0.00163231 0)
(0.904425 0.00203738 0)
(0.896867 0.00257907 0)
(0.887377 0.00333139 0)
(0.875261 0.00442866 0)
(0.859433 0.00612951 0)
(0.83809 0.00895466 0)
(0.808179 0.013964 0)
(0.764431 0.0232495 0)
(0.695913 0.0407733 0)
(0.577939 0.0737473 0)
(0.398043 0.128743 0)
(0.293866 0.153783 0)
(0.00107888 -0.294874 0)
(0.0168399 -0.298598 0)
(0.152305 -0.213014 0)
(0.282855 -0.145335 0)
(0.388055 -0.0996631 0)
(0.471321 -0.0698493 0)
(0.536804 -0.0505082 0)
(0.588355 -0.0377168 0)
(0.629311 -0.0289634 0)
(0.662229 -0.0227462 0)
(0.688971 -0.0181752 0)
(0.710891 -0.0147122 0)
(0.728987 -0.0120219 0)
(0.744006 -0.00988814 0)
(0.756513 -0.00816632 0)
(0.766945 -0.00675628 0)
(0.775644 -0.00558629 0)
(0.78288 -0.00460344 0)
(0.788865 -0.00376755 0)
(0.793772 -0.00304726 0)
(0.797736 -0.00241746 0)
(0.800862 -0.00185746 0)
(0.803232 -0.00134971 0)
(0.804906 -0.000878899 0)
(0.805926 -0.000431211 0)
(0.806314 6.29952e-06 0)
(0.806075 0.000446294 0)
(0.805199 0.00090145 0)
(0.803656 0.0013852 0)
(0.801398 0.0019123 0)
(0.798357 0.00249954 0)
(0.794439 0.00316674 0)
(0.789523 0.00393808 0)
(0.783452 0.00484391 0)
(0.776025 0.00592348 0)
(0.766984 0.00722883 0)
(0.756 0.00883101 0)
(0.742643 0.0108297 0)
(0.726345 0.0133693 0)
(0.706351 0.0166659 0)
(0.681634 0.0210553 0)
(0.650779 0.0270793 0)
(0.611808 0.035643 0)
(0.56195 0.0482982 0)
(0.497475 0.067704 0)
(0.413921 0.0981636 0)
(0.306387 0.145788 0)
(0.170546 0.217306 0)
(0.0269048 0.307195 0)
(0.00518394 0.303003 0)
(-0.0329213 -0.250366 0)
(-0.06159 -0.344028 0)
(-0.011474 -0.310603 0)
(0.0708719 -0.251569 0)
(0.159034 -0.196064 0)
(0.241623 -0.151511 0)
(0.314282 -0.117821 0)
(0.376315 -0.0927266 0)
(0.428618 -0.0739348 0)
(0.472538 -0.0596672 0)
(0.509411 -0.0486512 0)
(0.540412 -0.039999 0)
(0.56652 -0.0330932 0)
(0.58854 -0.0275007 0)
(0.607122 -0.0229124 0)
(0.622797 -0.0191033 0)
(0.635995 -0.0159059 0)
(0.647067 -0.013193 0)
(0.656297 -0.0108654 0)
(0.663918 -0.00884413 0)
(0.670116 -0.00706475 0)
(0.675041 -0.00547339 0)
(0.678806 -0.00402378 0)
(0.681498 -0.00267505 0)
(0.683174 -0.00138992 0)
(0.683868 -0.000133261 0)
(0.683588 0.00112919 0)
(0.682317 0.00243226 0)
(0.680012 0.00381257 0)
(0.676603 0.00531015 0)
(0.671991 0.00697025 0)
(0.666042 0.00884581 0)
(0.658583 0.0110006 0)
(0.649392 0.0135135 0)
(0.638192 0.0164848 0)
(0.624634 0.0200445 0)
(0.608279 0.0243658 0)
(0.588575 0.0296835 0)
(0.564829 0.0363232 0)
(0.536162 0.0447453 0)
(0.501473 0.0556124 0)
(0.459403 0.0698884 0)
(0.408333 0.0889763 0)
(0.346513 0.114874 0)
(0.272512 0.150227 0)
(0.186459 0.197799 0)
(0.0923879 0.258124 0)
(0.00191185 0.323352 0)
(-0.0569096 0.361563 0)
(-0.0321675 0.263989 0)
(-0.0267685 -0.190601 0)
(-0.0654072 -0.333005 0)
(-0.064492 -0.351533 0)
(-0.0273812 -0.319318 0)
(0.0298164 -0.272099 0)
(0.0940202 -0.22559 0)
(0.15754 -0.185265 0)
(0.216573 -0.152034 0)
(0.269597 -0.125168 0)
(0.31632 -0.103536 0)
(0.357036 -0.0860604 0)
(0.392285 -0.0718427 0)
(0.422676 -0.0601769 0)
(0.4488 -0.0505191 0)
(0.471195 -0.0424527 0)
(0.490335 -0.0356566 0)
(0.506631 -0.0298806 0)
(0.520432 -0.0249272 0)
(0.532035 -0.0206378 0)
(0.541686 -0.0168828 0)
(0.549589 -0.0135537 0)
(0.555907 -0.0105584 0)
(0.560771 -0.00781608 0)
(0.564277 -0.00525461 0)
(0.56649 -0.00280736 0)
(0.567448 -0.000411025 0)
(0.567157 0.00199654 0)
(0.565597 0.00447848 0)
(0.562717 0.00710117 0)
(0.558432 0.00993671 0)
(0.552627 0.013066 0)
(0.545144 0.0165826 0)
(0.535784 0.0205973 0)
(0.524301 0.025245 0)
(0.510387 0.0306931 0)
(0.49367 0.0371534 0)
(0.4737 0.0448984 0)
(0.449938 0.0542833 0)
(0.421751 0.0657764 0)
(0.388406 0.0799976 0)
(0.349101 0.0977661 0)
(0.303036 0.120143 0)
(0.249584 0.148438 0)
(0.18866 0.184085 0)
(0.121429 0.228155 0)
(0.0515634 0.279969 0)
(-0.012891 0.333785 0)
(-0.0577124 0.372307 0)
(-0.0646399 0.355983 0)
(-0.0272803 0.204819 0)
(-0.0178424 -0.149169 0)
(-0.0530775 -0.302963 0)
(-0.0735533 -0.354956 0)
(-0.0664628 -0.350377 0)
(-0.0372222 -0.319763 0)
(0.00495506 -0.280466 0)
(0.0528605 -0.241069 0)
(0.101731 -0.205188 0)
(0.148722 -0.173933 0)
(0.192331 -0.147278 0)
(0.231903 -0.124746 0)
(0.267283 -0.105743 0)
(0.29859 -0.0896937 0)
(0.326077 -0.0760915 0)
(0.350058 -0.0645091 0)
(0.370856 -0.0545923 0)
(0.388784 -0.0460484 0)
(0.404128 -0.0386354 0)
(0.417144 -0.0321508 0)
(0.428055 -0.0264236 0)
(0.43705 -0.0213069 0)
(0.444286 -0.0166723 0)
(0.449886 -0.0124055 0)
(0.453945 -0.0084024 0)
(0.456528 -0.00456548 0)
(0.457668 -0.000801347 0)
(0.457371 0.00298231 0)
(0.455612 0.0068794 0)
(0.452334 0.0109884 0)
(0.447449 0.0154156 0)
(0.440836 0.0202791 0)
(0.432334 0.0257131 0)
(0.421745 0.0318742 0)
(0.408827 0.0389484 0)
(0.393291 0.0471601 0)
(0.374801 0.0567842 0)
(0.352974 0.06816 0)
(0.327387 0.081708 0)
(0.297594 0.0979474 0)
(0.263168 0.117511 0)
(0.223781 0.14114 0)
(0.179345 0.169643 0)
(0.130268 0.203743 0)
(0.0778576 0.243713 0)
(0.0249247 0.288576 0)
(-0.0234501 0.334508 0)
(-0.0592372 0.371963 0)
(-0.0718535 0.381348 0)
(-0.0542884 0.328266 0)
(-0.0186369 0.162506 0)
(-0.0114197 -0.120928 0)
(-0.040229 -0.270012 0)
(-0.0677598 -0.340262 0)
(-0.0776272 -0.357495 0)
(-0.06872 -0.344257 0)
(-0.0458315 -0.316038 0)
(-0.0141457 -0.282221 0)
(0.0220695 -0.247953 0)
(0.0596989 -0.215762 0)
(0.0966779 -0.186686 0)
(0.13175 -0.160975 0)
(0.164226 -0.138492 0)
(0.193787 -0.118938 0)
(0.220351 -0.10196 0)
(0.243975 -0.0872093 0)
(0.264795 -0.0743648 0)
(0.282985 -0.0631383 0)
(0.298731 -0.0532763 0)
(0.312218 -0.0445562 0)
(0.323617 -0.0367816 0)
(0.333078 -0.0297785 0)
(0.340731 -0.02339 0)
(0.346684 -0.0174731 0)
(0.351014 -0.0118949 0)
(0.353778 -0.00652934 0)
(0.355002 -0.001254 0)
(0.354688 0.00405265 0)
(0.352806 0.0095145 0)
(0.349301 0.015261 0)
(0.344089 0.0214309 0)
(0.337052 0.028176 0)
(0.328045 0.0356666 0)
(0.316889 0.0440962 0)
(0.303378 0.0536887 0)
(0.287274 0.0647055 0)
(0.268322 0.0774535 0)
(0.246256 0.0922925 0)
(0.220827 0.10964 0)
(0.191839 0.129968 0)
(0.159214 0.153785 0)
(0.123104 0.181574 0)
(0.0840456 0.213671 0)
(0.0432011 0.25001 0)
(0.00267028 0.289636 0)
(-0.0341758 0.329868 0)
(-0.0624897 0.364949 0)
(-0.0761609 0.384113 0)
(-0.0692839 0.369521 0)
(-0.0422553 0.295455 0)
(-0.0121752 0.133034 0)
(-0.00746346 -0.100947 0)
(-0.0303988 -0.239779 0)
(-0.0585445 -0.318237 0)
(-0.0768171 -0.350462 0)
(-0.0811314 -0.35199 0)
(-0.0730053 -0.335296 0)
(-0.0554583 -0.30913 0)
(-0.0316509 -0.279107 0)
(-0.00431602 -0.248564 0)
(0.0244454 -0.219323 0)
(0.0531413 -0.192275 0)
(0.0807778 -0.167756 0)
(0.106736 -0.145795 0)
(0.130666 -0.126257 0)
(0.1524 -0.108934 0)
(0.171894 -0.0935856 0)
(0.189177 -0.0799713 0)
(0.204324 -0.0678578 0)
(0.217432 -0.0570266 0)
(0.228605 -0.0472751 0)
(0.237945 -0.0384156 0)
(0.245542 -0.0302735 0)
(0.251474 -0.0226851 0)
(0.2558 -0.0154946 0)
(0.258558 -0.00855199 0)
(0.259766 -0.00171 0)
(0.259419 0.00517869 0)
(0.257488 0.0122644 0)
(0.253921 0.0197034 0)
(0.248641 0.0276617 0)
(0.24155 0.0363184 0)
(0.232526 0.04587 0)
(0.221427 0.0565343 0)
(0.2081 0.0685551 0)
(0.192384 0.0822054 0)
(0.174126 0.0977893 0)
(0.153201 0.11564 0)
(0.12955 0.136111 0)
(0.103224 0.159547 0)
(0.0744628 0.186238 0)
(0.0437963 0.216317 0)
(0.0121845 0.249583 0)
(-0.0188159 0.285211 0)
(-0.046886 0.321267 0)
(-0.0688715 0.35401 0)
(-0.0809724 0.376951 0)
(-0.0793911 0.379849 0)
(-0.0619405 0.348151 0)
(-0.032709 0.264031 0)
(-0.00811965 0.111708 0)
(-0.00512644 -0.0863016 0)
(-0.0234962 -0.213522 0)
(-0.0498008 -0.294093 0)
(-0.0715958 -0.335594 0)
(-0.0839105 -0.348376 0)
(-0.0862782 -0.341929 0)
(-0.0799978 -0.323741 0)
(-0.0670615 -0.299199 0)
(-0.0495452 -0.271916 0)
(-0.0292716 -0.244172 0)
(-0.00769451 -0.217318 0)
(0.0140987 -0.192088 0)
(0.0353358 -0.168821 0)
(0.0554964 -0.147616 0)
(0.0742498 -0.128429 0)
(0.0914036 -0.111133 0)
(0.106863 -0.0955611 0)
(0.120596 -0.081525 0)
(0.132616 -0.0688319 0)
(0.142956 -0.0572898 0)
(0.151663 -0.0467117 0)
(0.158784 -0.0369164 0)
(0.164364 -0.0277283 0)
(0.168436 -0.0189767 0)
(0.17102 -0.0104941 0)
(0.172122 -0.00211391 0)
(0.171733 0.0063314 0)
(0.169823 0.0150128 0)
(0.166348 0.0241074 0)
(0.161245 0.033801 0)
(0.154439 0.0442908 0)
(0.145841 0.0557878 0)
(0.135357 0.0685194 0)
(0.122896 0.0827296 0)
(0.108381 0.098678 0)
(0.0917677 0.116635 0)
(0.0730719 0.136868 0)
(0.0524056 0.15962 0)
(0.0300284 0.185065 0)
(0.00641455 0.213233 0)
(-0.017664 0.243891 0)
(-0.0410444 0.276353 0)
(-0.0620893 0.309198 0)
(-0.0786557 0.339872 0)
(-0.0882059 0.364186 0)
(-0.0881908 0.375786 0)
(-0.0767874 0.365804 0)
(-0.0542091 0.323106 0)
(-0.0258679 0.235847 0)
(-0.00569607 0.0957166 0)
(-0.00372869 -0.0751131 0)
(-0.0187286 -0.190987 0)
(-0.0425495 -0.2702 0)
(-0.0653257 -0.316762 0)
(-0.0822066 -0.337475 0)
(-0.091705 -0.339346 0)
(-0.0939481 -0.328469 0)
(-0.089951 -0.309647 0)
(-0.0811018 -0.286409 0)
(-0.0688109 -0.261208 0)
(-0.0543313 -0.235664 0)
(-0.0386932 -0.210795 0)
(-0.022698 -0.187194 0)
(-0.00694278 -0.165169 0)
(0.00814564 -0.144837 0)
(0.0222746 -0.126194 0)
(0.0352535 -0.109159 0)
(0.0469661 -0.0936062 0)
(0.0573488 -0.0793819 0)
(0.0663734 -0.0663183 0)
(0.0740333 -0.0542408 0)
(0.080334 -0.0429719 0)
(0.0852851 -0.0323336 0)
(0.0888946 -0.022148 0)
(0.0911652 -0.012237 0)
(0.0920915 -0.00242179 0)
(0.0916581 0.00747889 0)
(0.0898391 0.0176499 0)
(0.0865989 0.0282815 0)
(0.0818929 0.0395708 0)
(0.0756715 0.051723 0)
(0.0678841 0.0649519 0)
(0.0584868 0.0794792 0)
(0.0474527 0.0955317 0)
(0.0347865 0.113335 0)
(0.0205445 0.133101 0)
(0.00486175 0.155007 0)
(-0.0120128 0.179164 0)
(-0.0296729 0.205554 0)
(-0.0475034 0.233958 0)
(-0.0646267 0.263819 0)
(-0.0798585 0.294075 0)
(-0.0916968 0.32292 0)
(-0.0983858 0.347517 0)
(-0.0981222 0.36369 0)
(-0.0894839 0.365704 0)
(-0.0720746 0.346307 0)
(-0.0474325 0.297303 0)
(-0.0210572 0.211012 0)
(-0.00423042 0.08323 0)
(-0.00286224 -0.0661996 0)
(-0.0154073 -0.17153 0)
(-0.0368313 -0.247491 0)
(-0.0593759 -0.296182 0)
(-0.0787025 -0.322073 0)
(-0.0929058 -0.330264 0)
(-0.101401 -0.325577 0)
(-0.104479 -0.31211 0)
(-0.102932 -0.293102 0)
(-0.09774 -0.270973 0)
(-0.0898852 -0.247455 0)
(-0.0802511 -0.223732 0)
(-0.0695822 -0.200576 0)
(-0.0584764 -0.178461 0)
(-0.0473963 -0.157646 0)
(-0.0366884 -0.138239 0)
(-0.0266045 -0.12025 0)
(-0.017322 -0.103617 0)
(-0.00896214 -0.0882358 0)
(-0.00160487 -0.0739712 0)
(0.00469862 -0.0606695 0)
(0.00991615 -0.0481656 0)
(0.0140269 -0.0362866 0)
(0.0170155 -0.0248549 0)
(0.0188682 -0.0136893 0)
(0.0195694 -0.00260532 0)
(0.0191007 0.00858497 0)
(0.01744 0.0200731 0)
(0.0145625 0.0320545 0)
(0.010443 0.0447291 0)
(0.00505924 0.0583003 0)
(-0.00160186 0.0729733 0)
(-0.0095363 0.0889519 0)
(-0.0187116 0.106432 0)
(-0.0290521 0.125589 0)
(-0.0404192 0.146564 0)
(-0.0525877 0.169433 0)
(-0.0652166 0.194167 0)
(-0.0778168 0.220574 0)
(-0.0897194 0.248213 0)
(-0.100051 0.276285 0)
(-0.107732 0.303477 0)
(-0.111515 0.327797 0)
(-0.110104 0.346385 0)
(-0.102383 0.355361 0)
(-0.0878147 0.349813 0)
(-0.0669204 0.324021 0)
(-0.0418436 0.272087 0)
(-0.0176319 0.189104 0)
(-0.0033076 0.0730867 0)
(-0.00230195 -0.0588298 0)
(-0.0130539 -0.154503 0)
(-0.0324085 -0.226216 0)
(-0.0542142 -0.275052 0)
(-0.074734 -0.303975 0)
(-0.0919794 -0.316688 0)
(-0.104977 -0.316949 0)
(-0.113529 -0.308162 0)
(-0.117957 -0.293184 0)
(-0.118857 -0.274281 0)
(-0.11693 -0.253171 0)
(-0.112874 -0.23111 0)
(-0.107324 -0.208976 0)
(-0.100828 -0.187359 0)
(-0.0938363 -0.166626 0)
(-0.0867103 -0.146985 0)
(-0.0797305 -0.128524 0)
(-0.0731108 -0.111247 0)
(-0.0670109 -0.0950969 0)
(-0.0615482 -0.0799769 0)
(-0.0568084 -0.0657597 0)
(-0.0528536 -0.0522982 0)
(-0.0497295 -0.0394311 0)
(-0.0474707 -0.0269876 0)
(-0.0461047 -0.0147894 0)
(-0.0456546 -0.00265296 0)
(-0.0461402 0.00960949 0)
(-0.0475787 0.0221892 0)
(-0.0499831 0.0352796 0)
(-0.0533598 0.0490752 0)
(-0.0577048 0.0637691 0)
(-0.0629971 0.0795489 0)
(-0.0691906 0.0965909 0)
(-0.0762035 0.11505 0)
(-0.0839042 0.135046 0)
(-0.0920951 0.156642 0)
(-0.100493 0.179813 0)
(-0.10871 0.204405 0)
(-0.11623 0.230075 0)
(-0.122401 0.256216 0)
(-0.126431 0.281864 0)
(-0.127415 0.30558 0)
(-0.124408 0.325343 0)
(-0.116556 0.33844 0)
(-0.103318 0.341438 0)
(-0.0847857 0.330266 0)
(-0.0620125 0.300515 0)
(-0.0373202 0.248002 0)
(-0.0151332 0.169618 0)
(-0.0026967 0.0645697 0)
(-0.00192472 -0.0525401 0)
(-0.0113553 -0.139361 0)
(-0.0290082 -0.206324 0)
(-0.049923 -0.253977 0)
(-0.070925 -0.284314 0)
(-0.0901079 -0.300038 0)
(-0.106319 -0.30406 0)
(-0.11905 -0.299163 0)
(-0.128279 -0.287801 0)
(-0.134285 -0.272022 0)
(-0.137514 -0.253455 0)
(-0.13847 -0.233349 0)
(-0.137658 -0.21263 0)
(-0.135543 -0.191954 0)
(-0.132531 -0.171766 0)
(-0.128969 -0.152346 0)
(-0.125138 -0.133849 0)
(-0.121267 -0.116336 0)
(-0.117535 -0.0997974 0)
(-0.114085 -0.0841724 0)
(-0.111023 -0.0693628 0)
(-0.108434 -0.0552431 0)
(-0.106382 -0.0416681 0)
(-0.104914 -0.0284784 0)
(-0.10407 -0.0155043 0)
(-0.103876 -0.00256871 0)
(-0.104353 0.0105101 0)
(-0.105511 0.023917 0)
(-0.107352 0.0378368 0)
(-0.109865 0.0524522 0)
(-0.113024 0.0679391 0)
(-0.116777 0.084461 0)
(-0.121046 0.102161 0)
(-0.125711 0.121149 0)
(-0.130604 0.141485 0)
(-0.13549 0.16316 0)
(-0.140061 0.186056 0)
(-0.143917 0.209916 0)
(-0.146565 0.234281 0)
(-0.147415 0.258434 0)
(-0.145802 0.281324 0)
(-0.141029 0.301485 0)
(-0.132446 0.316973 0)
(-0.119587 0.325328 0)
(-0.10235 0.323604 0)
(-0.0812443 0.308507 0)
(-0.0575911 0.27669 0)
(-0.033663 0.225204 0)
(-0.0132601 0.152106 0)
(-0.00227162 0.057228 0)
(-0.00166188 -0.0470261 0)
(-0.0101086 -0.125673 0)
(-0.0263945 -0.187652 0)
(-0.0464346 -0.233233 0)
(-0.0675335 -0.263786 0)
(-0.0879352 -0.281298 0)
(-0.106432 -0.288026 0)
(-0.122333 -0.286225 0)
(-0.135377 -0.277969 0)
(-0.145599 -0.265062 0)
(-0.153225 -0.249 0)
(-0.158581 -0.230976 0)
(-0.162036 -0.211911 0)
(-0.163958 -0.192491 0)
(-0.164693 -0.173204 0)
(-0.164547 -0.154381 0)
(-0.163786 -0.136227 0)
(-0.162634 -0.118849 0)
(-0.161276 -0.102279 0)
(-0.159862 -0.0864888 0)
(-0.158514 -0.0714096 0)
(-0.157328 -0.0569389 0)
(-0.156378 -0.0429498 0)
(-0.155723 -0.0292981 0)
(-0.155407 -0.0158266 0)
(-0.155458 -0.00236927 0)
(-0.155894 0.011245 0)
(-0.156722 0.0251892 0)
(-0.157931 0.039635 0)
(-0.159496 0.0547479 0)
(-0.16137 0.0706821 0)
(-0.163483 0.0875732 0)
(-0.16573 0.105528 0)
(-0.167968 0.124612 0)
(-0.170007 0.14483 0)
(-0.1716 0.166105 0)
(-0.172437 0.188248 0)
(-0.17214 0.21092 0)
(-0.170268 0.233586 0)
(-0.166325 0.25547 0)
(-0.159792 0.275496 0)
(-0.15018 0.292246 0)
(-0.137109 0.303923 0)
(-0.120423 0.308363 0)
(-0.100342 0.303094 0)
(-0.0776272 0.285495 0)
(-0.0537035 0.253044 0)
(-0.0306867 0.203679 0)
(-0.011819 0.1362 0)
(-0.00196255 0.0507665 0)
(-0.00147371 -0.0420806 0)
(-0.00918067 -0.113105 0)
(-0.0243813 -0.170011 0)
(-0.0436345 -0.212923 0)
(-0.0646353 -0.242805 0)
(-0.0857951 -0.261138 0)
(-0.10592 -0.269674 0)
(-0.124222 -0.270232 0)
(-0.140279 -0.264549 0)
(-0.153947 -0.254187 0)
(-0.165271 -0.240484 0)
(-0.174423 -0.224547 0)
(-0.181644 -0.20726 0)
(-0.187203 -0.189302 0)
(-0.191373 -0.171181 0)
(-0.194412 -0.153255 0)
(-0.196555 -0.135764 0)
(-0.198007 -0.118847 0)
(-0.198946 -0.102569 0)
(-0.199523 -0.0869341 0)
(-0.199859 -0.0718971 0)
(-0.200058 -0.0573789 0)
(-0.200198 -0.0432722 0)
(-0.200341 -0.0294498 0)
(-0.200534 -0.0157697 0)
(-0.200805 -0.00208039 0)
(-0.20117 0.011775 0)
(-0.201627 0.0259542 0)
(-0.202157 0.0406117 0)
(-0.202724 0.0558929 0)
(-0.203266 0.0719278 0)
(-0.203698 0.0888224 0)
(-0.2039 0.106648 0)
(-0.203719 0.125429 0)
(-0.202958 0.145122 0)
(-0.201375 0.165595 0)
(-0.198681 0.186604 0)
(-0.19454 0.207756 0)
(-0.188582 0.228476 0)
(-0.180419 0.247971 0)
(-0.169685 0.265194 0)
(-0.156079 0.278816 0)
(-0.139449 0.287229 0)
(-0.119882 0.288569 0)
(-0.0978143 0.280799 0)
(-0.0741523 0.261853 0)
(-0.0503212 0.229845 0)
(-0.0282423 0.183337 0)
(-0.0106848 0.12161 0)
(-0.00172959 0.0449838 0)
(-0.00133621 -0.037558 0)
(-0.00848239 -0.101404 0)
(-0.0228266 -0.153218 0)
(-0.0414041 -0.193057 0)
(-0.0622203 -0.221615 0)
(-0.0838466 -0.240009 0)
(-0.105136 -0.249606 0)
(-0.125258 -0.251874 0)
(-0.14369 -0.248254 0)
(-0.160153 -0.24008 0)
(-0.174557 -0.228532 0)
(-0.186942 -0.21461 0)
(-0.197435 -0.199137 0)
(-0.20621 -0.182766 0)
(-0.213467 -0.165998 0)
(-0.219409 -0.149202 0)
(-0.224231 -0.132635 0)
(-0.228113 -0.116459 0)
(-0.231216 -0.100764 0)
(-0.233679 -0.0855764 0)
(-0.235623 -0.0708749 0)
(-0.237145 -0.0566008 0)
(-0.238327 -0.0426663 0)
(-0.239229 -0.0289619 0)
(-0.239896 -0.0153625 0)
(-0.240355 -0.00173299 0)
(-0.240616 0.0120667 0)
(-0.240674 0.026177 0)
(-0.240501 0.0407328 0)
(-0.240052 0.055858 0)
(-0.239257 0.0716575 0)
(-0.238021 0.0882091 0)
(-0.236219 0.105552 0)
(-0.233698 0.123673 0)
(-0.230266 0.14249 0)
(-0.225702 0.161833 0)
(-0.21975 0.181419 0)
(-0.212132 0.200828 0)
(-0.202557 0.219474 0)
(-0.190751 0.236582 0)
(-0.176485 0.251165 0)
(-0.15963 0.262019 0)
(-0.140215 0.267733 0)
(-0.118507 0.26673 0)
(-0.0950855 0.257353 0)
(-0.0709225 0.237984 0)
(-0.047392 0.207222 0)
(-0.026217 0.164067 0)
(-0.00977561 0.108109 0)
(-0.001549 0.0397374 0)
(-0.00123421 -0.0333538 0)
(-0.00795261 -0.0903714 0)
(-0.0216236 -0.137113 0)
(-0.0396367 -0.173603 0)
(-0.0602418 -0.200353 0)
(-0.082152 -0.218215 0)
(-0.10428 -0.228266 0)
(-0.125787 -0.231684 0)
(-0.146087 -0.229661 0)
(-0.16481 -0.223326 0)
(-0.181758 -0.213701 0)
(-0.196867 -0.201676 0)
(-0.210164 -0.187997 0)
(-0.22174 -0.173274 0)
(-0.231723 -0.157985 0)
(-0.24026 -0.142494 0)
(-0.247504 -0.127062 0)
(-0.253603 -0.111864 0)
(-0.258695 -0.0970045 0)
(-0.262905 -0.0825279 0)
(-0.266342 -0.0684317 0)
(-0.269098 -0.0546754 0)
(-0.271247 -0.0411892 0)
(-0.272849 -0.0278812 0)
(-0.273943 -0.0146439 0)
(-0.274553 -0.00135942 0)
(-0.274685 0.0120945 0)
(-0.274328 0.0258395 0)
(-0.273448 0.0399904 0)
(-0.271995 0.0546494 0)
(-0.269894 0.0698975 0)
(-0.267048 0.0857866 0)
(-0.263334 0.102328 0)
(-0.258605 0.119479 0)
(-0.252688 0.13713 0)
(-0.245389 0.155083 0)
(-0.236495 0.173039 0)
(-0.225792 0.190569 0)
(-0.213073 0.207102 0)
(-0.198169 0.221906 0)
(-0.180978 0.234079 0)
(-0.161511 0.242551 0)
(-0.139942 0.246109 0)
(-0.116665 0.243438 0)
(-0.0923489 0.233201 0)
(-0.067982 0.214143 0)
(-0.0448619 0.185222 0)
(-0.0245272 0.145749 0)
(-0.00903654 0.095515 0)
(-0.00140606 0.0349224 0)
(-0.00115774 -0.0293912 0)
(-0.00754843 -0.0798582 0)
(-0.0206917 -0.121561 0)
(-0.0382425 -0.15451 0)
(-0.0586414 -0.179091 0)
(-0.0807221 -0.195963 0)
(-0.10346 -0.205973 0)
(-0.126024 -0.210072 0)
(-0.147793 -0.209236 0)
(-0.168334 -0.204414 0)
(-0.18737 -0.19648 0)
(-0.204752 -0.186209 0)
(-0.220425 -0.174268 0)
(-0.234407 -0.16121 0)
(-0.24676 -0.147481 0)
(-0.257579 -0.133423 0)
(-0.266971 -0.119294 0)
(-0.275053 -0.10527 0)
(-0.281937 -0.0914633 0)
(-0.287727 -0.0779308 0)
(-0.29252 -0.0646836 0)
(-0.296396 -0.0516965 0)
(-0.299423 -0.038916 0)
(-0.301652 -0.0262668 0)
(-0.30312 -0.0136583 0)
(-0.303845 -0.000990318 0)
(-0.303828 0.0118416 0)
(-0.303052 0.0249402 0)
(-0.301482 0.0384008 0)
(-0.299063 0.0523047 0)
(-0.29572 0.0667116 0)
(-0.291358 0.0816507 0)
(-0.285862 0.0971111 0)
(-0.279099 0.113029 0)
(-0.270918 0.129277 0)
(-0.261159 0.145644 0)
(-0.24966 0.161827 0)
(-0.236269 0.177411 0)
(-0.22086 0.191856 0)
(-0.203359 0.204492 0)
(-0.183775 0.214512 0)
(-0.162233 0.220986 0)
(-0.139016 0.222888 0)
(-0.114608 0.219134 0)
(-0.0897249 0.208656 0)
(-0.0653461 0.190482 0)
(-0.0426834 0.163845 0)
(-0.0231115 0.128272 0)
(-0.00843015 0.08368 0)
(-0.00129129 0.0304589 0)
(-0.00110004 -0.0256129 0)
(-0.00723924 -0.0697472 0)
(-0.0199704 -0.106448 0)
(-0.0371479 -0.135722 0)
(-0.0573609 -0.157865 0)
(-0.0795427 -0.17339 0)
(-0.102727 -0.182965 0)
(-0.1261 -0.187354 0)
(-0.149024 -0.187354 0)
(-0.171022 -0.183753 0)
(-0.191759 -0.177287 0)
(-0.21102 -0.168624 0)
(-0.228683 -0.158345 0)
(-0.244703 -0.146942 0)
(-0.259086 -0.134816 0)
(-0.271876 -0.122285 0)
(-0.283141 -0.109589 0)
(-0.292963 -0.0969005 0)
(-0.301427 -0.0843319 0)
(-0.308618 -0.0719462 0)
(-0.314614 -0.0597642 0)
(-0.319486 -0.0477731 0)
(-0.32329 -0.0359331 0)
(-0.32607 -0.0241842 0)
(-0.327856 -0.0124516 0)
(-0.328661 -0.000652063 0)
(-0.328482 0.0113015 0)
(-0.327298 0.0234938 0)
(-0.325071 0.0360018 0)
(-0.321746 0.048888 0)
(-0.317251 0.0621937 0)
(-0.311495 0.0759301 0)
(-0.304377 0.09007 0)
(-0.295779 0.104537 0)
(-0.285579 0.119193 0)
(-0.273654 0.133829 0)
(-0.259889 0.148152 0)
(-0.244194 0.161771 0)
(-0.226518 0.174195 0)
(-0.206871 0.184824 0)
(-0.185352 0.192955 0)
(-0.162179 0.197793 0)
(-0.137717 0.198483 0)
(-0.112506 0.194143 0)
(-0.0872894 0.183927 0)
(-0.063017 0.167088 0)
(-0.0408176 0.143061 0)
(-0.0219252 0.111529 0)
(-0.00793051 0.0724823 0)
(-0.00119838 0.026284 0)
(-0.00105639 -0.0219753 0)
(-0.00700282 -0.0599474 0)
(-0.0194136 -0.0916825 0)
(-0.036294 -0.117187 0)
(-0.0563475 -0.13669 0)
(-0.0785884 -0.15059 0)
(-0.102102 -0.159416 0)
(-0.126095 -0.163777 0)
(-0.149923 -0.164317 0)
(-0.173081 -0.161682 0)
(-0.195192 -0.156485 0)
(-0.215989 -0.149287 0)
(-0.235298 -0.140587 0)
(-0.25302 -0.13081 0)
(-0.269113 -0.12031 0)
(-0.283577 -0.10937 0)
(-0.296443 -0.0982086 0)
(-0.307761 -0.0869859 0)
(-0.317591 -0.07581 0)
(-0.325995 -0.0647447 0)
(-0.333038 -0.0538166 0)
(-0.338773 -0.0430219 0)
(-0.343249 -0.0323322 0)
(-0.346501 -0.0217008 0)
(-0.348551 -0.0110677 0)
(-0.349406 -0.000365015 0)
(-0.349061 0.0104779 0)
(-0.34749 0.0215293 0)
(-0.344656 0.0328496 0)
(-0.340504 0.0444851 0)
(-0.334967 0.0564618 0)
(-0.327962 0.068778 0)
(-0.3194 0.081396 0)
(-0.309186 0.0942333 0)
(-0.297224 0.107153 0)
(-0.283428 0.119957 0)
(-0.267731 0.13237 0)
(-0.250097 0.144042 0)
(-0.23054 0.154535 0)
(-0.209145 0.163328 0)
(-0.186083 0.169821 0)
(-0.161644 0.17335 0)
(-0.136251 0.173213 0)
(-0.110484 0.168702 0)
(-0.0850917 0.159154 0)
(-0.0609913 0.143999 0)
(-0.0392341 0.122824 0)
(-0.0209358 0.0954189 0)
(-0.0075194 0.0618184 0)
(-0.00112304 0.0223464 0)
(-0.00102346 -0.018445 0)
(-0.00682294 -0.0503871 0)
(-0.0189871 -0.0771879 0)
(-0.0356342 -0.0988549 0)
(-0.0555559 -0.115565 0)
(-0.0778309 -0.127629 0)
(-0.101588 -0.135459 0)
(-0.126055 -0.139534 0)
(-0.150586 -0.14037 0)
(-0.174659 -0.138486 0)
(-0.197865 -0.134381 0)
(-0.2199 -0.12852 0)
(-0.240548 -0.121316 0)
(-0.259666 -0.113129 0)
(-0.277172 -0.104261 0)
(-0.293029 -0.0949563 0)
(-0.307235 -0.0854067 0)
(-0.319811 -0.0757546 0)
(-0.330793 -0.0660988 0)
(-0.340225 -0.0565002 0)
(-0.348153 -0.0469874 0)
(-0.35462 -0.0375625 0)
(-0.359662 -0.0282062 0)
(-0.363307 -0.0188833 0)
(-0.365569 -0.00954659 0)
(-0.366452 -0.000142479 0)
(-0.365944 0.009385 0)
(-0.364021 0.0190893 0)
(-0.360642 0.0290162 0)
(-0.355758 0.039199 0)
(-0.349304 0.0496521 0)
(-0.341209 0.0603651 0)
(-0.331398 0.0712956 0)
(-0.319796 0.0823622 0)
(-0.306334 0.0934368 0)
(-0.29096 0.104338 0)
(-0.273648 0.114822 0)
(-0.254415 0.124583 0)
(-0.233328 0.133245 0)
(-0.210532 0.140368 0)
(-0.186259 0.145454 0)
(-0.16085 0.14796 0)
(-0.134772 0.147321 0)
(-0.108629 0.142979 0)
(-0.083165 0.134422 0)
(-0.0592641 0.12122 0)
(-0.0379095 0.103074 0)
(-0.0201196 0.0798481 0)
(-0.00718396 0.051598 0)
(-0.0010623 0.0186032 0)
(-0.000998862 -0.0149959 0)
(-0.0066877 -0.0410093 0)
(-0.0186646 -0.0629025 0)
(-0.0351322 -0.0806835 0)
(-0.0549488 -0.0944879 0)
(-0.0772432 -0.104552 0)
(-0.10118 -0.111193 0)
(-0.126005 -0.11478 0)
(-0.151075 -0.115715 0)
(-0.175857 -0.114404 0)
(-0.199921 -0.111245 0)
(-0.222934 -0.106606 0)
(-0.244646 -0.100823 0)
(-0.264883 -0.0941879 0)
(-0.283527 -0.0869486 0)
(-0.300513 -0.0793086 0)
(-0.315809 -0.0714285 0)
(-0.329413 -0.0634294 0)
(-0.34134 -0.055397 0)
(-0.351616 -0.0473854 0)
(-0.360272 -0.0394224 0)
(-0.36734 -0.0315135 0)
(-0.372845 -0.0236462 0)
(-0.376807 -0.0157945 0)
(-0.379235 -0.00792299 0)
(-0.380128 9.69283e-06 0)
(-0.379471 0.00804637 0)
(-0.377238 0.0162275 0)
(-0.373389 0.0245868 0)
(-0.367878 0.0331468 0)
(-0.360646 0.0419141 0)
(-0.351632 0.0508738 0)
(-0.340774 0.0599839 0)
(-0.328016 0.0691699 0)
(-0.313314 0.0783186 0)
(-0.296646 0.0872728 0)
(-0.278024 0.0958268 0)
(-0.257505 0.103723 0)
(-0.235203 0.110653 0)
(-0.21131 0.116258 0)
(-0.186103 0.120138 0)
(-0.159966 0.121862 0)
(-0.133394 0.120989 0)
(-0.107004 0.117091 0)
(-0.0815321 0.109778 0)
(-0.0578309 0.0987338 0)
(-0.0368266 0.0837451 0)
(-0.0194595 0.0647271 0)
(-0.00691505 0.0417405 0)
(-0.00101407 0.0150174 0)
(-0.000980889 -0.0116072 0)
(-0.0065884 -0.0317681 0)
(-0.0184268 -0.0487749 0)
(-0.0347605 -0.0626354 0)
(-0.0544965 -0.0734498 0)
(-0.0768018 -0.0813926 0)
(-0.100868 -0.0866975 0)
(-0.125958 -0.0896398 0)
(-0.151431 -0.0905188 0)
(-0.176748 -0.0896409 0)
(-0.201463 -0.0873061 0)
(-0.225223 -0.0837966 0)
(-0.247753 -0.0793691 0)
(-0.268854 -0.0742499 0)
(-0.288384 -0.0686322 0)
(-0.30625 -0.0626757 0)
(-0.3224 -0.0565077 0)
(-0.336812 -0.0502251 0)
(-0.349483 -0.0438971 0)
(-0.360424 -0.0375689 0)
(-0.369655 -0.0312645 0)
(-0.377195 -0.0249905 0)
(-0.383064 -0.0187395 0)
(-0.387273 -0.0124932 0)
(-0.389826 -0.00622581 0)
(-0.390718 9.28732e-05 0)
(-0.389932 0.00649424 0)
(-0.38744 0.0130076 0)
(-0.383205 0.0196566 0)
(-0.377182 0.0264558 0)
(-0.369319 0.0334069 0)
(-0.359563 0.0404942 0)
(-0.347865 0.0476806 0)
(-0.334185 0.0549031 0)
(-0.3185 0.0620684 0)
(-0.300814 0.0690495 0)
(-0.281168 0.0756819 0)
(-0.259652 0.0817627 0)
(-0.236418 0.0870502 0)
(-0.211693 0.0912676 0)
(-0.185791 0.0941086 0)
(-0.159122 0.0952478 0)
(-0.132202 0.094355 0)
(-0.105655 0.091113 0)
(-0.0802092 0.0852387 0)
(-0.0566881 0.0765057 0)
(-0.0359728 0.0647666 0)
(-0.0189435 0.04997 0)
(-0.00670623 0.0321724 0)
(-0.000976897 0.0115558 0)
(-0.000968339 -0.00826191 0)
(-0.00651882 -0.0226255 0)
(-0.0182597 -0.0347621 0)
(-0.0344983 -0.044678 0)
(-0.0541762 -0.0524424 0)
(-0.0764875 -0.0581752 0)
(-0.100644 -0.062037 0)
(-0.12592 -0.0642181 0)
(-0.15168 -0.0649257 0)
(-0.177379 -0.0643734 0)
(-0.202563 -0.0627709 0)
(-0.226863 -0.0603168 0)
(-0.249988 -0.0571925 0)
(-0.27172 -0.053559 0)
(-0.291897 -0.0495543 0)
(-0.31041 -0.0452931 0)
(-0.32719 -0.0408675 0)
(-0.342198 -0.036348 0)
(-0.355419 -0.0317857 0)
(-0.366853 -0.0272141 0)
(-0.37651 -0.0226518 0)
(-0.3844 -0.0181049 0)
(-0.390537 -0.0135693 0)
(-0.394926 -0.00903286 0)
(-0.397568 -0.0044783 0)
(-0.398454 0.000114933 0)
(-0.397564 0.00476813 0)
(-0.394873 0.00950098 0)
(-0.390342 0.014329 0)
(-0.38393 0.019261 0)
(-0.375589 0.0242962 0)
(-0.365274 0.0294211 0)
(-0.352945 0.0346068 0)
(-0.338576 0.0398056 0)
(-0.322159 0.0449484 0)
(-0.30372 0.0499416 0)
(-0.28332 0.0546657 0)
(-0.261077 0.0589743 0)
(-0.237168 0.0626945 0)
(-0.211846 0.0656297 0)
(-0.18545 0.0675641 0)
(-0.158411 0.0682703 0)
(-0.131258 0.0675194 0)
(-0.104617 0.0650936 0)
(-0.0792079 0.0608007 0)
(-0.0558329 0.0544893 0)
(-0.0353392 0.0460633 0)
(-0.018563 0.0354937 0)
(-0.00655301 0.0228252 0)
(-0.000949778 0.0081884 0)
(-0.000960392 -0.0049459 0)
(-0.00647465 -0.0135497 0)
(-0.0181535 -0.0208272 0)
(-0.0343312 -0.0267827 0)
(-0.0539715 -0.0314568 0)
(-0.0762859 -0.0349195 0)
(-0.1005 -0.037265 0)
(-0.125895 -0.0386048 0)
(-0.151838 -0.0390609 0)
(-0.177784 -0.038759 0)
(-0.203271 -0.0378235 0)
(-0.227921 -0.0363721 0)
(-0.251434 -0.034513 0)
(-0.273578 -0.0323423 0)
(-0.294179 -0.0299429 0)
(-0.313117 -0.0273839 0)
(-0.330311 -0.0247208 0)
(-0.345712 -0.0219967 0)
(-0.359296 -0.0192425 0)
(-0.371056 -0.0164792 0)
(-0.380993 -0.0137183 0)
(-0.389114 -0.0109641 0)
(-0.395427 -0.0082144 0)
(-0.399934 -0.00546263 0)
(-0.402632 -0.00269872 0)
(-0.403511 8.92034e-05 0)
(-0.402551 0.00291346 0)
(-0.399723 0.00578536 0)
(-0.394992 0.00871363 0)
(-0.388318 0.0117029 0)
(-0.379656 0.0147518 0)
(-0.368967 0.0178514 0)
(-0.356218 0.0209835 0)
(-0.34139 0.0241183 0)
(-0.32449 0.0272132 0)
(-0.305553 0.0302112 0)
(-0.284658 0.0330397 0)
(-0.261939 0.0356104 0)
(-0.237592 0.0378194 0)
(-0.211885 0.0395493 0)
(-0.185174 0.0406719 0)
(-0.157902 0.0410527 0)
(-0.130606 0.0405574 0)
(-0.103913 0.0390586 0)
(-0.0785361 0.0364449 0)
(-0.0552637 0.0326295 0)
(-0.0349199 0.0275583 0)
(-0.0183122 0.0212168 0)
(-0.00645238 0.0136335 0)
(-0.000932039 0.00488698 0)
(-0.000956541 -0.00164677 0)
(-0.00645321 -0.0045123 0)
(-0.0181018 -0.0069374 0)
(-0.0342499 -0.00892353 0)
(-0.0538718 -0.0104841 0)
(-0.0761875 -0.0116421 0)
(-0.100429 -0.0124286 0)
(-0.125882 -0.0128803 0)
(-0.151915 -0.0130375 0)
(-0.177981 -0.0129418 0)
(-0.203617 -0.0126343 0)
(-0.22844 -0.012154 0)
(-0.252144 -0.0115369 0)
(-0.274491 -0.010815 0)
(-0.295303 -0.0100158 0)
(-0.314451 -0.00916243 0)
(-0.33185 -0.00827351 0)
(-0.347446 -0.00736341 0)
(-0.361211 -0.00644261 0)
(-0.373132 -0.00551812 0)
(-0.383208 -0.00459393 0)
(-0.391445 -0.00367151 0)
(-0.397844 -0.00275026 0)
(-0.40241 -0.00182802 0)
(-0.405135 -0.000901525 0)
(-0.40601 3.31163e-05 0)
(-0.405013 0.000979928 0)
(-0.402116 0.00194259 0)
(-0.397285 0.00292392 0)
(-0.390478 0.00392532 0)
(-0.381656 0.00494625 0)
(-0.370779 0.00598357 0)
(-0.35782 0.00703099 0)
(-0.342764 0.00807846 0)
(-0.325622 0.0091116 0)
(-0.306438 0.0101112 0)
(-0.285299 0.011053 0)
(-0.262345 0.0119074 0)
(-0.237781 0.0126399 0)
(-0.211886 0.0132113 0)
(-0.185022 0.0135791 0)
(-0.157637 0.013699 0)
(-0.130273 0.0135264 0)
(-0.103557 0.0130197 0)
(-0.078199 0.0121422 0)
(-0.0549793 0.0108657 0)
(-0.0347111 0.00917282 0)
(-0.0181876 0.00705908 0)
(-0.00640251 0.00453427 0)
(-0.000923268 0.00162468 0)
(-0.000956541 0.00164684 0)
(-0.00645321 0.00451246 0)
(-0.0181018 0.00693763 0)
(-0.0342499 0.00892381 0)
(-0.0538718 0.0104844 0)
(-0.0761875 0.0116424 0)
(-0.100429 0.0124289 0)
(-0.125882 0.0128807 0)
(-0.151915 0.0130379 0)
(-0.177981 0.0129421 0)
(-0.203617 0.0126346 0)
(-0.22844 0.0121542 0)
(-0.252144 0.0115371 0)
(-0.274491 0.0108151 0)
(-0.295303 0.0100159 0)
(-0.314451 0.00916245 0)
(-0.33185 0.00827349 0)
(-0.347446 0.00736335 0)
(-0.361211 0.00644251 0)
(-0.373132 0.00551798 0)
(-0.383208 0.00459376 0)
(-0.391445 0.00367131 0)
(-0.397844 0.00275004 0)
(-0.40241 0.00182778 0)
(-0.405135 0.000901272 0)
(-0.40601 -3.33735e-05 0)
(-0.405013 -0.000980185 0)
(-0.402116 -0.00194284 0)
(-0.397285 -0.00292416 0)
(-0.390478 -0.00392555 0)
(-0.381656 -0.00494646 0)
(-0.370779 -0.00598375 0)
(-0.35782 -0.00703115 0)
(-0.342764 -0.0080786 0)
(-0.325622 -0.0091117 0)
(-0.306438 -0.0101113 0)
(-0.285299 -0.0110531 0)
(-0.262345 -0.0119074 0)
(-0.237781 -0.0126399 0)
(-0.211886 -0.0132112 0)
(-0.185022 -0.0135791 0)
(-0.157637 -0.0136989 0)
(-0.130273 -0.0135263 0)
(-0.103557 -0.0130196 0)
(-0.078199 -0.0121421 0)
(-0.0549793 -0.0108656 0)
(-0.0347111 -0.00917274 0)
(-0.0181876 -0.00705901 0)
(-0.00640251 -0.00453423 0)
(-0.000923268 -0.00162466 0)
(-0.000960392 0.00494597 0)
(-0.00647465 0.0135498 0)
(-0.0181534 0.0208274 0)
(-0.0343312 0.026783 0)
(-0.0539715 0.0314571 0)
(-0.0762859 0.0349199 0)
(-0.1005 0.0372654 0)
(-0.125895 0.0386052 0)
(-0.151838 0.0390612 0)
(-0.177784 0.0387593 0)
(-0.203271 0.0378237 0)
(-0.227921 0.0363723 0)
(-0.251434 0.0345132 0)
(-0.273578 0.0323424 0)
(-0.294179 0.029943 0)
(-0.313117 0.0273839 0)
(-0.330311 0.0247208 0)
(-0.345712 0.0219966 0)
(-0.359296 0.0192424 0)
(-0.371056 0.016479 0)
(-0.380993 0.0137181 0)
(-0.389114 0.0109639 0)
(-0.395427 0.00821418 0)
(-0.399934 0.00546239 0)
(-0.402632 0.00269847 0)
(-0.403511 -8.94574e-05 0)
(-0.402551 -0.00291372 0)
(-0.399723 -0.00578561 0)
(-0.394992 -0.00871387 0)
(-0.388318 -0.0117031 0)
(-0.379656 -0.014752 0)
(-0.368967 -0.0178516 0)
(-0.356218 -0.0209836 0)
(-0.34139 -0.0241184 0)
(-0.32449 -0.0272133 0)
(-0.305553 -0.0302113 0)
(-0.284659 -0.0330398 0)
(-0.261939 -0.0356104 0)
(-0.237592 -0.0378194 0)
(-0.211885 -0.0395492 0)
(-0.185174 -0.0406718 0)
(-0.157902 -0.0410527 0)
(-0.130606 -0.0405573 0)
(-0.103913 -0.0390585 0)
(-0.0785362 -0.0364448 0)
(-0.0552637 -0.0326294 0)
(-0.0349199 -0.0275582 0)
(-0.0183122 -0.0212168 0)
(-0.00645238 -0.0136334 0)
(-0.000932039 -0.00488696 0)
(-0.000968339 0.00826197 0)
(-0.00651881 0.0226257 0)
(-0.0182597 0.0347623 0)
(-0.0344983 0.0446783 0)
(-0.0541762 0.0524427 0)
(-0.0764875 0.0581755 0)
(-0.100644 0.0620374 0)
(-0.12592 0.0642184 0)
(-0.15168 0.064926 0)
(-0.177379 0.0643736 0)
(-0.202563 0.0627711 0)
(-0.226863 0.060317 0)
(-0.249988 0.0571927 0)
(-0.27172 0.0535591 0)
(-0.291897 0.0495543 0)
(-0.31041 0.0452931 0)
(-0.32719 0.0408674 0)
(-0.342198 0.0363479 0)
(-0.355419 0.0317856 0)
(-0.366853 0.0272139 0)
(-0.37651 0.0226517 0)
(-0.3844 0.0181048 0)
(-0.390537 0.0135691 0)
(-0.394926 0.00903263 0)
(-0.397568 0.00447806 0)
(-0.398454 -0.000115181 0)
(-0.397564 -0.00476838 0)
(-0.394873 -0.00950122 0)
(-0.390342 -0.0143293 0)
(-0.38393 -0.0192613 0)
(-0.375589 -0.0242964 0)
(-0.365274 -0.0294213 0)
(-0.352945 -0.0346069 0)
(-0.338576 -0.0398058 0)
(-0.322159 -0.0449485 0)
(-0.30372 -0.0499416 0)
(-0.28332 -0.0546657 0)
(-0.261077 -0.0589743 0)
(-0.237168 -0.0626945 0)
(-0.211846 -0.0656297 0)
(-0.18545 -0.067564 0)
(-0.158411 -0.0682702 0)
(-0.131258 -0.0675193 0)
(-0.104617 -0.0650935 0)
(-0.0792079 -0.0608006 0)
(-0.0558329 -0.0544892 0)
(-0.0353392 -0.0460633 0)
(-0.018563 -0.0354937 0)
(-0.00655301 -0.0228251 0)
(-0.000949778 -0.00818838 0)
(-0.000980889 0.0116072 0)
(-0.0065884 0.0317682 0)
(-0.0184268 0.0487751 0)
(-0.0347604 0.0626357 0)
(-0.0544964 0.0734501 0)
(-0.0768018 0.0813929 0)
(-0.100868 0.0866978 0)
(-0.125958 0.0896401 0)
(-0.151431 0.090519 0)
(-0.176747 0.0896412 0)
(-0.201463 0.0873063 0)
(-0.225222 0.0837968 0)
(-0.247753 0.0793693 0)
(-0.268854 0.07425 0)
(-0.288383 0.0686323 0)
(-0.30625 0.0626758 0)
(-0.3224 0.0565077 0)
(-0.336812 0.050225 0)
(-0.349482 0.043897 0)
(-0.360424 0.0375688 0)
(-0.369655 0.0312643 0)
(-0.377195 0.0249903 0)
(-0.383064 0.0187393 0)
(-0.387273 0.012493 0)
(-0.389826 0.00622558 0)
(-0.390718 -9.31105e-05 0)
(-0.389932 -0.00649447 0)
(-0.38744 -0.0130078 0)
(-0.383205 -0.0196568 0)
(-0.377182 -0.0264561 0)
(-0.369319 -0.0334071 0)
(-0.359563 -0.0404944 0)
(-0.347866 -0.0476807 0)
(-0.334185 -0.0549032 0)
(-0.3185 -0.0620685 0)
(-0.300814 -0.0690495 0)
(-0.281168 -0.075682 0)
(-0.259652 -0.0817627 0)
(-0.236418 -0.0870502 0)
(-0.211694 -0.0912676 0)
(-0.185791 -0.0941085 0)
(-0.159122 -0.0952477 0)
(-0.132202 -0.0943549 0)
(-0.105655 -0.0911129 0)
(-0.0802092 -0.0852386 0)
(-0.0566881 -0.0765057 0)
(-0.0359728 -0.0647665 0)
(-0.0189435 -0.04997 0)
(-0.00670623 -0.0321724 0)
(-0.000976897 -0.0115558 0)
(-0.000998861 0.014996 0)
(-0.00668769 0.0410094 0)
(-0.0186646 0.0629027 0)
(-0.0351322 0.0806838 0)
(-0.0549487 0.0944882 0)
(-0.0772432 0.104553 0)
(-0.10118 0.111193 0)
(-0.126005 0.11478 0)
(-0.151075 0.115715 0)
(-0.175857 0.114404 0)
(-0.199921 0.111245 0)
(-0.222934 0.106606 0)
(-0.244646 0.100823 0)
(-0.264882 0.094188 0)
(-0.283527 0.0869487 0)
(-0.300513 0.0793086 0)
(-0.315809 0.0714284 0)
(-0.329413 0.0634294 0)
(-0.34134 0.0553969 0)
(-0.351616 0.0473853 0)
(-0.360272 0.0394223 0)
(-0.367339 0.0315133 0)
(-0.372845 0.023646 0)
(-0.376807 0.0157943 0)
(-0.379235 0.00792277 0)
(-0.380128 -9.91729e-06 0)
(-0.379471 -0.0080466 0)
(-0.377238 -0.0162277 0)
(-0.373389 -0.024587 0)
(-0.367878 -0.033147 0)
(-0.360646 -0.0419143 0)
(-0.351632 -0.0508739 0)
(-0.340774 -0.059984 0)
(-0.328016 -0.06917 0)
(-0.313314 -0.0783187 0)
(-0.296646 -0.0872729 0)
(-0.278024 -0.0958268 0)
(-0.257505 -0.103723 0)
(-0.235203 -0.110653 0)
(-0.21131 -0.116258 0)
(-0.186103 -0.120137 0)
(-0.159966 -0.121862 0)
(-0.133394 -0.120989 0)
(-0.107004 -0.117091 0)
(-0.0815321 -0.109778 0)
(-0.0578309 -0.0987337 0)
(-0.0368266 -0.083745 0)
(-0.0194595 -0.064727 0)
(-0.00691505 -0.0417405 0)
(-0.00101407 -0.0150174 0)
(-0.00102346 0.0184451 0)
(-0.00682293 0.0503872 0)
(-0.018987 0.0771881 0)
(-0.0356341 0.0988551 0)
(-0.0555558 0.115566 0)
(-0.0778309 0.127629 0)
(-0.101588 0.135459 0)
(-0.126055 0.139534 0)
(-0.150586 0.14037 0)
(-0.174659 0.138486 0)
(-0.197865 0.134382 0)
(-0.2199 0.12852 0)
(-0.240548 0.121316 0)
(-0.259666 0.113129 0)
(-0.277172 0.104261 0)
(-0.293029 0.0949564 0)
(-0.307235 0.0854067 0)
(-0.319811 0.0757546 0)
(-0.330793 0.0660988 0)
(-0.340225 0.0565001 0)
(-0.348153 0.0469872 0)
(-0.35462 0.0375623 0)
(-0.359662 0.0282061 0)
(-0.363307 0.0188831 0)
(-0.365569 0.00954638 0)
(-0.366452 0.00014227 0)
(-0.365944 -0.00938521 0)
(-0.364021 -0.0190895 0)
(-0.360642 -0.0290164 0)
(-0.355758 -0.0391992 0)
(-0.349304 -0.0496523 0)
(-0.341209 -0.0603652 0)
(-0.331398 -0.0712957 0)
(-0.319796 -0.0823623 0)
(-0.306334 -0.0934369 0)
(-0.29096 -0.104338 0)
(-0.273648 -0.114822 0)
(-0.254415 -0.124583 0)
(-0.233328 -0.133245 0)
(-0.210532 -0.140368 0)
(-0.186259 -0.145454 0)
(-0.16085 -0.147959 0)
(-0.134772 -0.147321 0)
(-0.108629 -0.142979 0)
(-0.083165 -0.134422 0)
(-0.0592641 -0.12122 0)
(-0.0379095 -0.103074 0)
(-0.0201196 -0.079848 0)
(-0.00718396 -0.0515979 0)
(-0.0010623 -0.0186032 0)
(-0.00105639 0.0219754 0)
(-0.00700281 0.0599475 0)
(-0.0194136 0.0916827 0)
(-0.036294 0.117187 0)
(-0.0563474 0.13669 0)
(-0.0785883 0.150591 0)
(-0.102102 0.159417 0)
(-0.126095 0.163777 0)
(-0.149923 0.164317 0)
(-0.173081 0.161682 0)
(-0.195192 0.156485 0)
(-0.215989 0.149287 0)
(-0.235298 0.140587 0)
(-0.25302 0.13081 0)
(-0.269113 0.12031 0)
(-0.283577 0.10937 0)
(-0.296443 0.0982086 0)
(-0.307761 0.0869859 0)
(-0.31759 0.0758099 0)
(-0.325995 0.0647446 0)
(-0.333037 0.0538165 0)
(-0.338773 0.0430217 0)
(-0.343249 0.0323321 0)
(-0.346501 0.0217006 0)
(-0.348551 0.0110675 0)
(-0.349406 0.000364823 0)
(-0.349061 -0.0104781 0)
(-0.34749 -0.0215295 0)
(-0.344656 -0.0328497 0)
(-0.340504 -0.0444852 0)
(-0.334967 -0.056462 0)
(-0.327962 -0.0687782 0)
(-0.3194 -0.0813961 0)
(-0.309186 -0.0942334 0)
(-0.297224 -0.107154 0)
(-0.283428 -0.119957 0)
(-0.267731 -0.13237 0)
(-0.250097 -0.144042 0)
(-0.230541 -0.154535 0)
(-0.209145 -0.163328 0)
(-0.186083 -0.169821 0)
(-0.161644 -0.17335 0)
(-0.136251 -0.173213 0)
(-0.110484 -0.168702 0)
(-0.0850917 -0.159154 0)
(-0.0609913 -0.143999 0)
(-0.0392341 -0.122824 0)
(-0.0209358 -0.0954189 0)
(-0.0075194 -0.0618184 0)
(-0.00112305 -0.0223464 0)
(-0.00110004 0.0256129 0)
(-0.00723923 0.0697474 0)
(-0.0199703 0.106448 0)
(-0.0371479 0.135723 0)
(-0.0573609 0.157866 0)
(-0.0795426 0.17339 0)
(-0.102727 0.182965 0)
(-0.1261 0.187354 0)
(-0.149023 0.187355 0)
(-0.171021 0.183753 0)
(-0.191759 0.177287 0)
(-0.211019 0.168624 0)
(-0.228683 0.158345 0)
(-0.244703 0.146942 0)
(-0.259086 0.134816 0)
(-0.271876 0.122285 0)
(-0.283141 0.109589 0)
(-0.292963 0.0969004 0)
(-0.301427 0.0843319 0)
(-0.308617 0.0719461 0)
(-0.314614 0.0597641 0)
(-0.319485 0.047773 0)
(-0.323289 0.035933 0)
(-0.32607 0.024184 0)
(-0.327856 0.0124515 0)
(-0.328661 0.00065189 0)
(-0.328482 -0.0113016 0)
(-0.327298 -0.0234939 0)
(-0.325071 -0.0360019 0)
(-0.321746 -0.0488882 0)
(-0.317251 -0.0621938 0)
(-0.311495 -0.0759303 0)
(-0.304377 -0.0900701 0)
(-0.295779 -0.104537 0)
(-0.285579 -0.119193 0)
(-0.273654 -0.133829 0)
(-0.259889 -0.148152 0)
(-0.244194 -0.161771 0)
(-0.226518 -0.174195 0)
(-0.206871 -0.184824 0)
(-0.185352 -0.192955 0)
(-0.162179 -0.197793 0)
(-0.137717 -0.198483 0)
(-0.112506 -0.194143 0)
(-0.0872894 -0.183927 0)
(-0.063017 -0.167088 0)
(-0.0408176 -0.143061 0)
(-0.0219252 -0.111529 0)
(-0.00793051 -0.0724823 0)
(-0.00119838 -0.0262839 0)
(-0.00115774 0.0293912 0)
(-0.00754843 0.0798583 0)
(-0.0206917 0.121561 0)
(-0.0382425 0.15451 0)
(-0.0586414 0.179091 0)
(-0.080722 0.195963 0)
(-0.10346 0.205973 0)
(-0.126024 0.210072 0)
(-0.147793 0.209237 0)
(-0.168334 0.204414 0)
(-0.18737 0.19648 0)
(-0.204752 0.186209 0)
(-0.220425 0.174268 0)
(-0.234407 0.16121 0)
(-0.24676 0.147481 0)
(-0.257578 0.133423 0)
(-0.266971 0.119294 0)
(-0.275053 0.10527 0)
(-0.281936 0.0914633 0)
(-0.287727 0.0779307 0)
(-0.292519 0.0646835 0)
(-0.296396 0.0516964 0)
(-0.299423 0.0389159 0)
(-0.301652 0.0262667 0)
(-0.30312 0.0136582 0)
(-0.303845 0.000990165 0)
(-0.303828 -0.0118417 0)
(-0.303052 -0.0249403 0)
(-0.301482 -0.038401 0)
(-0.299063 -0.0523049 0)
(-0.29572 -0.0667117 0)
(-0.291358 -0.0816508 0)
(-0.285862 -0.0971112 0)
(-0.279099 -0.113029 0)
(-0.270918 -0.129277 0)
(-0.261159 -0.145644 0)
(-0.249661 -0.161827 0)
(-0.236269 -0.177411 0)
(-0.22086 -0.191856 0)
(-0.203359 -0.204492 0)
(-0.183775 -0.214512 0)
(-0.162233 -0.220986 0)
(-0.139016 -0.222888 0)
(-0.114608 -0.219134 0)
(-0.0897249 -0.208656 0)
(-0.0653462 -0.190482 0)
(-0.0426834 -0.163845 0)
(-0.0231115 -0.128272 0)
(-0.00843016 -0.08368 0)
(-0.00129129 -0.0304589 0)
(-0.00123421 0.0333538 0)
(-0.0079526 0.0903715 0)
(-0.0216236 0.137114 0)
(-0.0396367 0.173603 0)
(-0.0602417 0.200353 0)
(-0.0821519 0.218216 0)
(-0.10428 0.228266 0)
(-0.125787 0.231684 0)
(-0.146087 0.229661 0)
(-0.164809 0.223327 0)
(-0.181758 0.213702 0)
(-0.196867 0.201676 0)
(-0.210164 0.187997 0)
(-0.221739 0.173274 0)
(-0.231723 0.157985 0)
(-0.24026 0.142494 0)
(-0.247504 0.127062 0)
(-0.253603 0.111864 0)
(-0.258695 0.0970044 0)
(-0.262905 0.0825278 0)
(-0.266342 0.0684316 0)
(-0.269098 0.0546753 0)
(-0.271247 0.0411891 0)
(-0.272848 0.0278811 0)
(-0.273943 0.0146437 0)
(-0.274553 0.00135929 0)
(-0.274685 -0.0120946 0)
(-0.274328 -0.0258396 0)
(-0.273448 -0.0399906 0)
(-0.271995 -0.0546495 0)
(-0.269894 -0.0698977 0)
(-0.267048 -0.0857867 0)
(-0.263334 -0.102328 0)
(-0.258605 -0.119479 0)
(-0.252688 -0.13713 0)
(-0.245389 -0.155083 0)
(-0.236495 -0.173039 0)
(-0.225792 -0.190569 0)
(-0.213073 -0.207102 0)
(-0.198169 -0.221906 0)
(-0.180978 -0.234079 0)
(-0.161511 -0.242551 0)
(-0.139943 -0.246109 0)
(-0.116665 -0.243438 0)
(-0.092349 -0.233201 0)
(-0.067982 -0.214143 0)
(-0.0448619 -0.185222 0)
(-0.0245272 -0.145749 0)
(-0.00903654 -0.0955149 0)
(-0.00140606 -0.0349224 0)
(-0.00133621 0.037558 0)
(-0.00848238 0.101404 0)
(-0.0228266 0.153218 0)
(-0.041404 0.193057 0)
(-0.0622202 0.221615 0)
(-0.0838466 0.240009 0)
(-0.105136 0.249607 0)
(-0.125258 0.251874 0)
(-0.14369 0.248254 0)
(-0.160153 0.240081 0)
(-0.174557 0.228532 0)
(-0.186942 0.21461 0)
(-0.197434 0.199137 0)
(-0.20621 0.182766 0)
(-0.213467 0.165998 0)
(-0.219409 0.149202 0)
(-0.224231 0.132635 0)
(-0.228113 0.116459 0)
(-0.231215 0.100764 0)
(-0.233679 0.0855763 0)
(-0.235623 0.0708748 0)
(-0.237145 0.0566007 0)
(-0.238327 0.0426662 0)
(-0.239229 0.0289618 0)
(-0.239895 0.0153624 0)
(-0.240355 0.00173287 0)
(-0.240616 -0.0120669 0)
(-0.240674 -0.0261771 0)
(-0.240501 -0.0407329 0)
(-0.240052 -0.0558581 0)
(-0.239257 -0.0716576 0)
(-0.238021 -0.0882092 0)
(-0.236219 -0.105552 0)
(-0.233698 -0.123673 0)
(-0.230266 -0.14249 0)
(-0.225702 -0.161833 0)
(-0.21975 -0.181419 0)
(-0.212132 -0.200828 0)
(-0.202557 -0.219474 0)
(-0.190751 -0.236582 0)
(-0.176485 -0.251165 0)
(-0.15963 -0.262019 0)
(-0.140215 -0.267733 0)
(-0.118507 -0.26673 0)
(-0.0950855 -0.257353 0)
(-0.0709225 -0.237984 0)
(-0.047392 -0.207222 0)
(-0.026217 -0.164066 0)
(-0.00977561 -0.108109 0)
(-0.001549 -0.0397374 0)
(-0.00147371 0.0420806 0)
(-0.00918066 0.113106 0)
(-0.0243812 0.170011 0)
(-0.0436345 0.212923 0)
(-0.0646352 0.242805 0)
(-0.0857951 0.261138 0)
(-0.10592 0.269674 0)
(-0.124222 0.270232 0)
(-0.140279 0.26455 0)
(-0.153946 0.254187 0)
(-0.165271 0.240484 0)
(-0.174423 0.224547 0)
(-0.181644 0.20726 0)
(-0.187203 0.189302 0)
(-0.191373 0.171181 0)
(-0.194412 0.153255 0)
(-0.196555 0.135764 0)
(-0.198007 0.118847 0)
(-0.198946 0.102569 0)
(-0.199522 0.086934 0)
(-0.199859 0.0718971 0)
(-0.200058 0.0573788 0)
(-0.200198 0.0432722 0)
(-0.200341 0.0294497 0)
(-0.200534 0.0157696 0)
(-0.200805 0.0020803 0)
(-0.20117 -0.0117751 0)
(-0.201627 -0.0259543 0)
(-0.202157 -0.0406118 0)
(-0.202724 -0.055893 0)
(-0.203266 -0.0719278 0)
(-0.203698 -0.0888225 0)
(-0.2039 -0.106649 0)
(-0.203719 -0.125429 0)
(-0.202958 -0.145122 0)
(-0.201375 -0.165595 0)
(-0.198681 -0.186604 0)
(-0.19454 -0.207756 0)
(-0.188582 -0.228476 0)
(-0.18042 -0.247971 0)
(-0.169685 -0.265193 0)
(-0.156079 -0.278816 0)
(-0.139449 -0.287229 0)
(-0.119882 -0.288569 0)
(-0.0978143 -0.280799 0)
(-0.0741523 -0.261853 0)
(-0.0503212 -0.229845 0)
(-0.0282423 -0.183337 0)
(-0.0106848 -0.12161 0)
(-0.00172959 -0.0449838 0)
(-0.00166188 0.0470262 0)
(-0.0101086 0.125673 0)
(-0.0263945 0.187652 0)
(-0.0464346 0.233233 0)
(-0.0675335 0.263786 0)
(-0.0879351 0.281298 0)
(-0.106432 0.288027 0)
(-0.122333 0.286225 0)
(-0.135377 0.277969 0)
(-0.145599 0.265062 0)
(-0.153225 0.249 0)
(-0.158581 0.230976 0)
(-0.162036 0.211911 0)
(-0.163958 0.192491 0)
(-0.164693 0.173204 0)
(-0.164547 0.154381 0)
(-0.163786 0.136227 0)
(-0.162634 0.118849 0)
(-0.161276 0.102279 0)
(-0.159862 0.0864887 0)
(-0.158514 0.0714096 0)
(-0.157328 0.0569388 0)
(-0.156378 0.0429498 0)
(-0.155723 0.0292981 0)
(-0.155406 0.0158265 0)
(-0.155457 0.00236919 0)
(-0.155894 -0.011245 0)
(-0.156722 -0.0251893 0)
(-0.157931 -0.0396351 0)
(-0.159496 -0.0547479 0)
(-0.16137 -0.0706822 0)
(-0.163483 -0.0875732 0)
(-0.16573 -0.105528 0)
(-0.167968 -0.124612 0)
(-0.170007 -0.14483 0)
(-0.1716 -0.166106 0)
(-0.172437 -0.188248 0)
(-0.17214 -0.21092 0)
(-0.170268 -0.233586 0)
(-0.166325 -0.25547 0)
(-0.159792 -0.275496 0)
(-0.15018 -0.292246 0)
(-0.137109 -0.303923 0)
(-0.120423 -0.308363 0)
(-0.100342 -0.303094 0)
(-0.0776273 -0.285495 0)
(-0.0537035 -0.253044 0)
(-0.0306867 -0.203679 0)
(-0.011819 -0.1362 0)
(-0.00196255 -0.0507665 0)
(-0.00192472 0.0525402 0)
(-0.0113553 0.139361 0)
(-0.0290082 0.206324 0)
(-0.049923 0.253977 0)
(-0.070925 0.284314 0)
(-0.0901078 0.300038 0)
(-0.106319 0.30406 0)
(-0.11905 0.299163 0)
(-0.128278 0.287801 0)
(-0.134285 0.272022 0)
(-0.137514 0.253455 0)
(-0.13847 0.23335 0)
(-0.137658 0.21263 0)
(-0.135542 0.191954 0)
(-0.132531 0.171766 0)
(-0.128968 0.152346 0)
(-0.125137 0.133849 0)
(-0.121266 0.116336 0)
(-0.117535 0.0997974 0)
(-0.114084 0.0841724 0)
(-0.111023 0.0693628 0)
(-0.108434 0.0552431 0)
(-0.106381 0.0416681 0)
(-0.104914 0.0284784 0)
(-0.10407 0.0155042 0)
(-0.103876 0.00256865 0)
(-0.104353 -0.0105102 0)
(-0.105511 -0.023917 0)
(-0.107352 -0.0378369 0)
(-0.109865 -0.0524522 0)
(-0.113024 -0.0679391 0)
(-0.116777 -0.084461 0)
(-0.121046 -0.102161 0)
(-0.125711 -0.121149 0)
(-0.130604 -0.141485 0)
(-0.13549 -0.16316 0)
(-0.140061 -0.186056 0)
(-0.143917 -0.209916 0)
(-0.146565 -0.234281 0)
(-0.147415 -0.258434 0)
(-0.145802 -0.281324 0)
(-0.141029 -0.301485 0)
(-0.132446 -0.316973 0)
(-0.119587 -0.325328 0)
(-0.10235 -0.323604 0)
(-0.0812443 -0.308507 0)
(-0.0575911 -0.27669 0)
(-0.033663 -0.225204 0)
(-0.0132601 -0.152106 0)
(-0.00227162 -0.057228 0)
(-0.00230195 0.0588298 0)
(-0.0130539 0.154503 0)
(-0.0324085 0.226216 0)
(-0.0542142 0.275053 0)
(-0.0747339 0.303975 0)
(-0.0919794 0.316688 0)
(-0.104977 0.316949 0)
(-0.113529 0.308162 0)
(-0.117957 0.293184 0)
(-0.118857 0.274281 0)
(-0.11693 0.253171 0)
(-0.112873 0.23111 0)
(-0.107324 0.208976 0)
(-0.100828 0.187359 0)
(-0.0938361 0.166626 0)
(-0.0867101 0.146985 0)
(-0.0797304 0.128524 0)
(-0.0731106 0.111247 0)
(-0.0670107 0.0950969 0)
(-0.0615481 0.0799769 0)
(-0.0568082 0.0657597 0)
(-0.0528534 0.0522982 0)
(-0.0497294 0.0394311 0)
(-0.0474706 0.0269875 0)
(-0.0461046 0.0147893 0)
(-0.0456545 0.00265292 0)
(-0.0461402 -0.00960954 0)
(-0.0475786 -0.0221892 0)
(-0.049983 -0.0352796 0)
(-0.0533598 -0.0490752 0)
(-0.0577048 -0.0637691 0)
(-0.0629971 -0.0795489 0)
(-0.0691906 -0.096591 0)
(-0.0762035 -0.11505 0)
(-0.0839042 -0.135047 0)
(-0.0920952 -0.156642 0)
(-0.100493 -0.179813 0)
(-0.10871 -0.204405 0)
(-0.11623 -0.230075 0)
(-0.122401 -0.256216 0)
(-0.126431 -0.281864 0)
(-0.127415 -0.30558 0)
(-0.124408 -0.325343 0)
(-0.116556 -0.33844 0)
(-0.103318 -0.341438 0)
(-0.0847858 -0.330266 0)
(-0.0620125 -0.300515 0)
(-0.0373202 -0.248002 0)
(-0.0151332 -0.169618 0)
(-0.0026967 -0.0645697 0)
(-0.00286224 0.0661997 0)
(-0.0154073 0.17153 0)
(-0.0368313 0.247491 0)
(-0.0593759 0.296183 0)
(-0.0787025 0.322073 0)
(-0.0929058 0.330264 0)
(-0.1014 0.325577 0)
(-0.104479 0.31211 0)
(-0.102932 0.293102 0)
(-0.0977399 0.270973 0)
(-0.0898851 0.247455 0)
(-0.080251 0.223732 0)
(-0.0695821 0.200577 0)
(-0.0584762 0.178462 0)
(-0.0473961 0.157646 0)
(-0.0366882 0.138239 0)
(-0.0266043 0.12025 0)
(-0.0173218 0.103617 0)
(-0.008962 0.0882359 0)
(-0.00160474 0.0739712 0)
(0.00469875 0.0606695 0)
(0.00991627 0.0481655 0)
(0.014027 0.0362865 0)
(0.0170156 0.0248549 0)
(0.0188682 0.0136893 0)
(0.0195694 0.00260529 0)
(0.0191007 -0.008585 0)
(0.01744 -0.0200731 0)
(0.0145626 -0.0320546 0)
(0.010443 -0.0447292 0)
(0.00505925 -0.0583003 0)
(-0.00160186 -0.0729734 0)
(-0.0095363 -0.0889519 0)
(-0.0187116 -0.106432 0)
(-0.0290521 -0.125589 0)
(-0.0404192 -0.146564 0)
(-0.0525877 -0.169433 0)
(-0.0652166 -0.194167 0)
(-0.0778168 -0.220574 0)
(-0.0897194 -0.248213 0)
(-0.100051 -0.276285 0)
(-0.107732 -0.303477 0)
(-0.111515 -0.327797 0)
(-0.110104 -0.346385 0)
(-0.102383 -0.355361 0)
(-0.0878147 -0.349813 0)
(-0.0669204 -0.324021 0)
(-0.0418436 -0.272087 0)
(-0.0176319 -0.189104 0)
(-0.0033076 -0.0730867 0)
(-0.00372869 0.0751132 0)
(-0.0187286 0.190987 0)
(-0.0425495 0.2702 0)
(-0.0653257 0.316762 0)
(-0.0822066 0.337475 0)
(-0.0917049 0.339346 0)
(-0.093948 0.328469 0)
(-0.0899509 0.309647 0)
(-0.0811018 0.286409 0)
(-0.0688108 0.261208 0)
(-0.0543312 0.235664 0)
(-0.0386931 0.210795 0)
(-0.0226979 0.187194 0)
(-0.00694266 0.165169 0)
(0.00814577 0.144837 0)
(0.0222748 0.126194 0)
(0.0352537 0.109159 0)
(0.0469662 0.0936063 0)
(0.057349 0.0793819 0)
(0.0663735 0.0663183 0)
(0.0740334 0.0542408 0)
(0.0803341 0.0429719 0)
(0.0852852 0.0323336 0)
(0.0888947 0.022148 0)
(0.0911653 0.012237 0)
(0.0920916 0.00242177 0)
(0.0916581 -0.00747891 0)
(0.0898392 -0.0176499 0)
(0.0865989 -0.0282815 0)
(0.0818929 -0.0395708 0)
(0.0756715 -0.051723 0)
(0.0678841 -0.0649519 0)
(0.0584868 -0.0794792 0)
(0.0474527 -0.0955317 0)
(0.0347865 -0.113335 0)
(0.0205445 -0.133101 0)
(0.00486174 -0.155007 0)
(-0.0120128 -0.179164 0)
(-0.029673 -0.205554 0)
(-0.0475034 -0.233958 0)
(-0.0646267 -0.263819 0)
(-0.0798585 -0.294075 0)
(-0.0916969 -0.32292 0)
(-0.0983858 -0.347517 0)
(-0.0981222 -0.36369 0)
(-0.0894839 -0.365704 0)
(-0.0720746 -0.346307 0)
(-0.0474325 -0.297303 0)
(-0.0210572 -0.211012 0)
(-0.00423043 -0.08323 0)
(-0.00512645 0.0863016 0)
(-0.0234962 0.213522 0)
(-0.0498008 0.294094 0)
(-0.0715958 0.335594 0)
(-0.0839105 0.348376 0)
(-0.0862782 0.341929 0)
(-0.0799977 0.323741 0)
(-0.0670615 0.299199 0)
(-0.0495452 0.271916 0)
(-0.0292715 0.244172 0)
(-0.00769443 0.217318 0)
(0.0140987 0.192088 0)
(0.0353359 0.168821 0)
(0.0554965 0.147617 0)
(0.0742499 0.128429 0)
(0.0914037 0.111133 0)
(0.106863 0.0955611 0)
(0.120596 0.081525 0)
(0.132616 0.0688319 0)
(0.142956 0.0572898 0)
(0.151663 0.0467117 0)
(0.158785 0.0369164 0)
(0.164364 0.0277283 0)
(0.168436 0.0189767 0)
(0.17102 0.0104941 0)
(0.172122 0.0021139 0)
(0.171733 -0.00633141 0)
(0.169823 -0.0150128 0)
(0.166348 -0.0241075 0)
(0.161246 -0.033801 0)
(0.154439 -0.0442908 0)
(0.145841 -0.0557879 0)
(0.135357 -0.0685194 0)
(0.122896 -0.0827296 0)
(0.108381 -0.098678 0)
(0.0917677 -0.116635 0)
(0.0730719 -0.136868 0)
(0.0524056 -0.15962 0)
(0.0300284 -0.185065 0)
(0.00641455 -0.213233 0)
(-0.017664 -0.243891 0)
(-0.0410444 -0.276353 0)
(-0.0620893 -0.309198 0)
(-0.0786557 -0.339872 0)
(-0.0882059 -0.364186 0)
(-0.0881908 -0.375786 0)
(-0.0767874 -0.365804 0)
(-0.0542091 -0.323106 0)
(-0.0258679 -0.235847 0)
(-0.00569607 -0.0957166 0)
(-0.00746346 0.100947 0)
(-0.0303988 0.239779 0)
(-0.0585445 0.318237 0)
(-0.0768171 0.350462 0)
(-0.0811313 0.35199 0)
(-0.0730053 0.335296 0)
(-0.0554583 0.30913 0)
(-0.0316509 0.279107 0)
(-0.00431597 0.248564 0)
(0.0244455 0.219323 0)
(0.0531414 0.192275 0)
(0.0807779 0.167756 0)
(0.106736 0.145795 0)
(0.130666 0.126257 0)
(0.1524 0.108934 0)
(0.171894 0.0935856 0)
(0.189177 0.0799713 0)
(0.204324 0.0678578 0)
(0.217432 0.0570266 0)
(0.228605 0.0472751 0)
(0.237945 0.0384156 0)
(0.245542 0.0302735 0)
(0.251474 0.0226851 0)
(0.2558 0.0154946 0)
(0.258558 0.00855198 0)
(0.259766 0.00170999 0)
(0.259419 -0.0051787 0)
(0.257488 -0.0122644 0)
(0.253921 -0.0197034 0)
(0.248641 -0.0276617 0)
(0.24155 -0.0363184 0)
(0.232526 -0.04587 0)
(0.221427 -0.0565343 0)
(0.2081 -0.0685551 0)
(0.192384 -0.0822054 0)
(0.174126 -0.0977893 0)
(0.153201 -0.11564 0)
(0.12955 -0.136111 0)
(0.103224 -0.159547 0)
(0.0744628 -0.186238 0)
(0.0437964 -0.216317 0)
(0.0121845 -0.249583 0)
(-0.0188159 -0.285211 0)
(-0.046886 -0.321267 0)
(-0.0688715 -0.35401 0)
(-0.0809724 -0.376951 0)
(-0.0793911 -0.379849 0)
(-0.0619405 -0.348151 0)
(-0.032709 -0.264031 0)
(-0.00811965 -0.111708 0)
(-0.0114197 0.120928 0)
(-0.0402291 0.270012 0)
(-0.0677598 0.340262 0)
(-0.0776272 0.357495 0)
(-0.06872 0.344257 0)
(-0.0458315 0.316038 0)
(-0.0141457 0.282221 0)
(0.0220695 0.247953 0)
(0.0596989 0.215762 0)
(0.0966779 0.186686 0)
(0.131751 0.160975 0)
(0.164226 0.138492 0)
(0.193787 0.118938 0)
(0.220351 0.10196 0)
(0.243975 0.0872094 0)
(0.264795 0.0743648 0)
(0.282985 0.0631383 0)
(0.298731 0.0532763 0)
(0.312219 0.0445562 0)
(0.323617 0.0367817 0)
(0.333078 0.0297785 0)
(0.340731 0.02339 0)
(0.346684 0.0174731 0)
(0.351014 0.0118949 0)
(0.353778 0.00652933 0)
(0.355003 0.001254 0)
(0.354688 -0.00405265 0)
(0.352806 -0.0095145 0)
(0.349301 -0.015261 0)
(0.344089 -0.0214309 0)
(0.337052 -0.028176 0)
(0.328045 -0.0356666 0)
(0.316889 -0.0440962 0)
(0.303378 -0.0536887 0)
(0.287274 -0.0647055 0)
(0.268322 -0.0774535 0)
(0.246256 -0.0922925 0)
(0.220827 -0.10964 0)
(0.191839 -0.129968 0)
(0.159214 -0.153785 0)
(0.123104 -0.181574 0)
(0.0840456 -0.213671 0)
(0.0432011 -0.25001 0)
(0.00267029 -0.289636 0)
(-0.0341758 -0.329868 0)
(-0.0624897 -0.364949 0)
(-0.0761609 -0.384113 0)
(-0.0692839 -0.369521 0)
(-0.0422553 -0.295455 0)
(-0.0121752 -0.133034 0)
(-0.0178424 0.149169 0)
(-0.0530775 0.302964 0)
(-0.0735533 0.354956 0)
(-0.0664628 0.350377 0)
(-0.0372222 0.319763 0)
(0.00495507 0.280467 0)
(0.0528605 0.241069 0)
(0.101731 0.205188 0)
(0.148722 0.173933 0)
(0.192331 0.147278 0)
(0.231903 0.124746 0)
(0.267284 0.105743 0)
(0.29859 0.0896937 0)
(0.326077 0.0760915 0)
(0.350058 0.0645091 0)
(0.370856 0.0545923 0)
(0.388784 0.0460484 0)
(0.404128 0.0386354 0)
(0.417144 0.0321509 0)
(0.428055 0.0264236 0)
(0.43705 0.0213069 0)
(0.444286 0.0166723 0)
(0.449886 0.0124056 0)
(0.453946 0.0084024 0)
(0.456528 0.00456548 0)
(0.457668 0.000801347 0)
(0.457371 -0.00298231 0)
(0.455612 -0.0068794 0)
(0.452334 -0.0109884 0)
(0.447449 -0.0154156 0)
(0.440836 -0.0202791 0)
(0.432334 -0.0257131 0)
(0.421745 -0.0318742 0)
(0.408827 -0.0389484 0)
(0.393291 -0.0471601 0)
(0.374801 -0.0567842 0)
(0.352974 -0.06816 0)
(0.327387 -0.081708 0)
(0.297594 -0.0979474 0)
(0.263168 -0.117511 0)
(0.223781 -0.14114 0)
(0.179345 -0.169643 0)
(0.130268 -0.203743 0)
(0.0778576 -0.243713 0)
(0.0249247 -0.288576 0)
(-0.0234501 -0.334508 0)
(-0.0592372 -0.371963 0)
(-0.0718535 -0.381348 0)
(-0.0542884 -0.328266 0)
(-0.0186369 -0.162506 0)
(-0.0267685 0.190601 0)
(-0.0654072 0.333005 0)
(-0.064492 0.351533 0)
(-0.0273812 0.319318 0)
(0.0298164 0.272099 0)
(0.0940202 0.22559 0)
(0.15754 0.185265 0)
(0.216573 0.152034 0)
(0.269597 0.125168 0)
(0.31632 0.103536 0)
(0.357036 0.0860604 0)
(0.392285 0.0718427 0)
(0.422676 0.0601769 0)
(0.4488 0.0505191 0)
(0.471195 0.0424527 0)
(0.490335 0.0356566 0)
(0.506631 0.0298806 0)
(0.520432 0.0249272 0)
(0.532035 0.0206379 0)
(0.541686 0.0168828 0)
(0.549589 0.0135537 0)
(0.555907 0.0105584 0)
(0.560771 0.00781608 0)
(0.564277 0.00525462 0)
(0.56649 0.00280736 0)
(0.567448 0.000411026 0)
(0.567157 -0.00199654 0)
(0.565597 -0.00447848 0)
(0.562717 -0.00710117 0)
(0.558433 -0.00993671 0)
(0.552627 -0.013066 0)
(0.545144 -0.0165826 0)
(0.535784 -0.0205973 0)
(0.524301 -0.025245 0)
(0.510387 -0.0306931 0)
(0.49367 -0.0371534 0)
(0.4737 -0.0448984 0)
(0.449938 -0.0542833 0)
(0.421751 -0.0657764 0)
(0.388406 -0.0799976 0)
(0.349101 -0.0977661 0)
(0.303036 -0.120143 0)
(0.249584 -0.148438 0)
(0.18866 -0.184085 0)
(0.121429 -0.228155 0)
(0.0515634 -0.279969 0)
(-0.012891 -0.333785 0)
(-0.0577124 -0.372307 0)
(-0.0646399 -0.355983 0)
(-0.0272803 -0.204819 0)
(-0.0329213 0.250366 0)
(-0.0615901 0.344028 0)
(-0.0114741 0.310603 0)
(0.0708719 0.251569 0)
(0.159034 0.196064 0)
(0.241623 0.151511 0)
(0.314282 0.117821 0)
(0.376315 0.0927266 0)
(0.428618 0.0739348 0)
(0.472538 0.0596673 0)
(0.509411 0.0486512 0)
(0.540412 0.039999 0)
(0.56652 0.0330932 0)
(0.58854 0.0275007 0)
(0.607122 0.0229124 0)
(0.622797 0.0191033 0)
(0.635995 0.0159059 0)
(0.647067 0.013193 0)
(0.656297 0.0108654 0)
(0.663918 0.00884413 0)
(0.670116 0.00706475 0)
(0.675041 0.00547339 0)
(0.678806 0.00402379 0)
(0.681498 0.00267505 0)
(0.683174 0.00138993 0)
(0.683868 0.000133263 0)
(0.683588 -0.00112918 0)
(0.682317 -0.00243225 0)
(0.680012 -0.00381257 0)
(0.676603 -0.00531015 0)
(0.671991 -0.00697025 0)
(0.666042 -0.00884581 0)
(0.658583 -0.0110006 0)
(0.649392 -0.0135135 0)
(0.638192 -0.0164848 0)
(0.624634 -0.0200445 0)
(0.608279 -0.0243658 0)
(0.588575 -0.0296835 0)
(0.564829 -0.0363232 0)
(0.536162 -0.0447453 0)
(0.501473 -0.0556124 0)
(0.459403 -0.0698884 0)
(0.408333 -0.0889763 0)
(0.346513 -0.114874 0)
(0.272512 -0.150227 0)
(0.186459 -0.197799 0)
(0.0923879 -0.258124 0)
(0.00191185 -0.323352 0)
(-0.0569096 -0.361563 0)
(-0.0321675 -0.263989 0)
(0.00107884 0.294874 0)
(0.0168399 0.298598 0)
(0.152305 0.213014 0)
(0.282855 0.145335 0)
(0.388055 0.0996631 0)
(0.471321 0.0698493 0)
(0.536804 0.0505082 0)
(0.588355 0.0377168 0)
(0.629311 0.0289634 0)
(0.662229 0.0227462 0)
(0.688971 0.0181752 0)
(0.710891 0.0147122 0)
(0.728987 0.0120219 0)
(0.744006 0.00988814 0)
(0.756513 0.00816633 0)
(0.766945 0.00675628 0)
(0.775644 0.00558629 0)
(0.78288 0.00460344 0)
(0.788865 0.00376755 0)
(0.793772 0.00304727 0)
(0.797736 0.00241747 0)
(0.800862 0.00185746 0)
(0.803232 0.00134971 0)
(0.804906 0.000878901 0)
(0.805926 0.000431212 0)
(0.806314 -6.29866e-06 0)
(0.806075 -0.000446293 0)
(0.805199 -0.00090145 0)
(0.803656 -0.0013852 0)
(0.801398 -0.0019123 0)
(0.798357 -0.00249953 0)
(0.794439 -0.00316674 0)
(0.789523 -0.00393808 0)
(0.783452 -0.00484391 0)
(0.776025 -0.00592348 0)
(0.766984 -0.00722883 0)
(0.756001 -0.00883101 0)
(0.742643 -0.0108297 0)
(0.726345 -0.0133693 0)
(0.706351 -0.0166658 0)
(0.681634 -0.0210553 0)
(0.650779 -0.0270793 0)
(0.611808 -0.035643 0)
(0.56195 -0.0482982 0)
(0.497475 -0.067704 0)
(0.413921 -0.0981636 0)
(0.306387 -0.145788 0)
(0.170546 -0.217306 0)
(0.0269048 -0.307195 0)
(0.00518394 -0.303003 0)
(0.290245 0.152407 0)
(0.389518 0.128228 0)
(0.565397 0.074729 0)
(0.683226 0.0422315 0)
(0.75283 0.0245332 0)
(0.797864 0.0148952 0)
(0.829061 0.00958992 0)
(0.85157 0.00656817 0)
(0.868418 0.00474512 0)
(0.881426 0.00357087 0)
(0.891702 0.00276721 0)
(0.899953 0.00218873 0)
(0.906657 0.00175561 0)
(0.912148 0.00142141 0)
(0.91667 0.00115753 0)
(0.920405 0.000945293 0)
(0.923492 0.000771936 0)
(0.926038 0.000628342 0)
(0.928127 0.000507765 0)
(0.929826 0.000405055 0)
(0.931186 0.000316157 0)
(0.932248 0.000237787 0)
(0.933042 0.000167199 0)
(0.933591 0.000102028 0)
(0.93391 4.01691e-05 0)
(0.934006 -2.03318e-05 0)
(0.933883 -8.14837e-05 0)
(0.933536 -0.000145113 0)
(0.932952 -0.00021325 0)
(0.932115 -0.000288144 0)
(0.930998 -0.000372373 0)
(0.929565 -0.000469009 0)
(0.92777 -0.000581853 0)
(0.925553 -0.000715756 0)
(0.922836 -0.000877108 0)
(0.919519 -0.00107459 0)
(0.915471 -0.0013204 0)
(0.910518 -0.00163231 0)
(0.904425 -0.00203738 0)
(0.896867 -0.00257907 0)
(0.887377 -0.00333139 0)
(0.875261 -0.00442866 0)
(0.859433 -0.00612951 0)
(0.83809 -0.00895466 0)
(0.808179 -0.013964 0)
(0.764431 -0.0232495 0)
(0.695913 -0.0407733 0)
(0.577939 -0.0737473 0)
(0.398043 -0.128743 0)
(0.293866 -0.153783 0)
)
;

boundaryField
{
    movingWallTop
    {
        type            fixedValue;
        value           uniform (1 0 0);
    }
    movingWallBottom
    {
        type            fixedValue;
        value           uniform (1 0 0);
    }
    fixedWalls
    {
        type            noSlip;
    }
    frontAndBack
    {
        type            empty;
    }
}


// ************************************************************************* //
