/*--------------------------------*- C++ -*----------------------------------*\
  =========                 |
  \\      /  F ield         | OpenFOAM: The Open Source CFD Toolbox
   \\    /   O peration     | Website:  https://openfoam.org
    \\  /    A nd           | Version:  7
     \\/     M anipulation  |
\*---------------------------------------------------------------------------*/
FoamFile
{
    version     2.0;
    format      ascii;
    class       volVectorField;
    location    "0.0438";
    object      U;
}
// * * * * * * * * * * * * * * * * * * * * * * * * * * * * * * * * * * * * * //

dimensions      [0 1 -1 0 0 0 0];

internalField   nonuniform List<vector> 
2500
(
(0.290249 -0.15241 0)
(0.389527 -0.128231 0)
(0.565409 -0.0747306 0)
(0.683234 -0.0422302 0)
(0.752826 -0.0245289 0)
(0.79784 -0.0148883 0)
(0.82901 -0.00958094 0)
(0.851486 -0.00655762 0)
(0.868298 -0.00473352 0)
(0.881267 -0.00355867 0)
(0.891502 -0.0027548 0)
(0.899712 -0.00217646 0)
(0.906375 -0.00174374 0)
(0.911827 -0.00141019 0)
(0.916312 -0.00114713 0)
(0.920013 -0.000935873 0)
(0.923069 -0.000763606 0)
(0.925587 -0.000621187 0)
(0.927653 -0.000501845 0)
(0.929332 -0.000400408 0)
(0.930677 -0.000312802 0)
(0.931728 -0.000235724 0)
(0.932516 -0.000166413 0)
(0.933062 -0.00010249 0)
(0.933383 -4.18379e-05 0)
(0.933486 1.75103e-05 0)
(0.933373 7.75797e-05 0)
(0.933039 0.000140202 0)
(0.932473 0.000207418 0)
(0.931656 0.000281488 0)
(0.930561 0.000364996 0)
(0.929154 0.000461023 0)
(0.927387 0.000573374 0)
(0.925199 0.000706906 0)
(0.922513 0.000868011 0)
(0.919228 0.00106537 0)
(0.915212 0.00131118 0)
(0.910291 0.00162321 0)
(0.90423 0.00202852 0)
(0.896702 0.00257055 0)
(0.887242 0.00332334 0)
(0.875154 0.00442117 0)
(0.859352 0.00612271 0)
(0.838032 0.00894868 0)
(0.808142 0.0139591 0)
(0.764411 0.0232456 0)
(0.695906 0.0407709 0)
(0.577941 0.0737466 0)
(0.398047 0.128744 0)
(0.293868 0.153785 0)
(0.00108249 -0.294883 0)
(0.0168482 -0.298606 0)
(0.152308 -0.213011 0)
(0.282838 -0.145318 0)
(0.387999 -0.0996314 0)
(0.471209 -0.0698037 0)
(0.536621 -0.0504509 0)
(0.588086 -0.0376502 0)
(0.628947 -0.0288902 0)
(0.661762 -0.0226688 0)
(0.688396 -0.0180959 0)
(0.710208 -0.0146329 0)
(0.728196 -0.0119444 0)
(0.743109 -0.00981398 0)
(0.755516 -0.00809677 0)
(0.765855 -0.00669237 0)
(0.774469 -0.0055289 0)
(0.781628 -0.00455326 0)
(0.787547 -0.00372509 0)
(0.792399 -0.0030129 0)
(0.796318 -0.00239142 0)
(0.799411 -0.00183986 0)
(0.80176 -0.00134055 0)
(0.803425 -0.000878086 0)
(0.804446 -0.000438542 0)
(0.804847 -8.8882e-06 0)
(0.804632 0.000423635 0)
(0.80379 0.00087177 0)
(0.802291 0.00134902 0)
(0.800087 0.00187021 0)
(0.797106 0.0024522 0)
(0.793257 0.00311485 0)
(0.788415 0.0038824 0)
(0.782423 0.00478522 0)
(0.775079 0.00586257 0)
(0.766125 0.00716654 0)
(0.755229 0.00876816 0)
(0.74196 0.0107671 0)
(0.725751 0.0133078 0)
(0.705843 0.0166062 0)
(0.68121 0.0209983 0)
(0.650434 0.0270258 0)
(0.611537 0.0355938 0)
(0.561748 0.0482543 0)
(0.497333 0.0676663 0)
(0.41383 0.098133 0)
(0.306338 0.145766 0)
(0.170527 0.217294 0)
(0.0269021 0.307192 0)
(0.0051851 0.303007 0)
(-0.0329194 -0.250379 0)
(-0.0615915 -0.344031 0)
(-0.0114962 -0.31058 0)
(0.0708068 -0.25151 0)
(0.158902 -0.19597 0)
(0.241402 -0.151382 0)
(0.31395 -0.117663 0)
(0.375854 -0.0925447 0)
(0.428013 -0.0737352 0)
(0.471779 -0.059456 0)
(0.508492 -0.0484341 0)
(0.539329 -0.0397812 0)
(0.565275 -0.0328794 0)
(0.587136 -0.0272951 0)
(0.605567 -0.0227185 0)
(0.6211 -0.0189241 0)
(0.634167 -0.015744 0)
(0.645121 -0.0130504 0)
(0.654248 -0.0107436 0)
(0.661782 -0.00874433 0)
(0.66791 -0.00698776 0)
(0.672781 -0.00541967 0)
(0.67651 -0.00399348 0)
(0.679184 -0.00266799 0)
(0.680861 -0.00140566 0)
(0.681572 -0.000171088 0)
(0.681325 0.00107023 0)
(0.680103 0.00235334 0)
(0.677863 0.00371509 0)
(0.674533 0.00519569 0)
(0.670012 0.00684057 0)
(0.664166 0.00870283 0)
(0.656819 0.0108463 0)
(0.647749 0.0133502 0)
(0.636676 0.0163145 0)
(0.623251 0.0198697 0)
(0.607031 0.0241887 0)
(0.587465 0.0295063 0)
(0.563855 0.0361483 0)
(0.535324 0.044575 0)
(0.500766 0.0554489 0)
(0.458821 0.0697341 0)
(0.40787 0.0888336 0)
(0.34616 0.114746 0)
(0.272255 0.150116 0)
(0.186288 0.197706 0)
(0.0922866 0.258054 0)
(0.00186331 0.323307 0)
(-0.0569242 0.361543 0)
(-0.0321688 0.263989 0)
(-0.0267693 -0.190611 0)
(-0.0654222 -0.332989 0)
(-0.0645468 -0.351468 0)
(-0.027504 -0.319192 0)
(0.0295994 -0.27191 0)
(0.0936835 -0.225342 0)
(0.157059 -0.184967 0)
(0.215925 -0.151694 0)
(0.268768 -0.124796 0)
(0.315296 -0.103144 0)
(0.35581 -0.0856566 0)
(0.390854 -0.071437 0)
(0.421041 -0.0597778 0)
(0.446964 -0.0501343 0)
(0.469167 -0.0420887 0)
(0.488127 -0.035319 0)
(0.504256 -0.0295743 0)
(0.517907 -0.0246561 0)
(0.529377 -0.020405 0)
(0.538916 -0.0166907 0)
(0.546726 -0.013404 0)
(0.552975 -0.010452 0)
(0.55779 -0.00775352 0)
(0.56127 -0.0052357 0)
(0.563481 -0.00283141 0)
(0.564457 -0.000476832 0)
(0.564206 0.00189063 0)
(0.562707 0.00433458 0)
(0.559906 0.00692179 0)
(0.55572 0.00972474 0)
(0.550028 0.0128247 0)
(0.542675 0.0163154 0)
(0.533458 0.020308 0)
(0.522128 0.0249377 0)
(0.508377 0.0303718 0)
(0.49183 0.0368225 0)
(0.472035 0.0445621 0)
(0.448451 0.053946 0)
(0.420441 0.0654424 0)
(0.387272 0.0796714 0)
(0.34814 0.0974518 0)
(0.302239 0.119845 0)
(0.248944 0.148162 0)
(0.188165 0.183834 0)
(0.121064 0.227936 0)
(0.0513135 0.279783 0)
(-0.0130431 0.33364 0)
(-0.0577896 0.372208 0)
(-0.0646664 0.355932 0)
(-0.0272841 0.204809 0)
(-0.017846 -0.149168 0)
(-0.0531069 -0.302911 0)
(-0.0736427 -0.354826 0)
(-0.0666435 -0.350158 0)
(-0.0375233 -0.319453 0)
(0.00450626 -0.280071 0)
(0.0522386 -0.240599 0)
(0.100914 -0.204657 0)
(0.147693 -0.173356 0)
(0.191078 -0.146669 0)
(0.230418 -0.12412 0)
(0.265563 -0.105114 0)
(0.296634 -0.0890744 0)
(0.323892 -0.0754932 0)
(0.347652 -0.063942 0)
(0.368242 -0.0540651 0)
(0.385978 -0.0455687 0)
(0.401148 -0.0382094 0)
(0.41401 -0.0317835 0)
(0.42479 -0.0261189 0)
(0.433676 -0.0210676 0)
(0.440829 -0.0165002 0)
(0.446371 -0.0123015 0)
(0.450399 -0.00836639 0)
(0.452975 -0.00459661 0)
(0.454134 -0.000897924 0)
(0.453881 0.00282271 0)
(0.452189 0.00665991 0)
(0.449002 0.0107128 0)
(0.444229 0.0150883 0)
(0.437747 0.0199049 0)
(0.429394 0.0252975 0)
(0.41897 0.031423 0)
(0.40623 0.0384677 0)
(0.390884 0.0466564 0)
(0.372593 0.0562641 0)
(0.350971 0.0676301 0)
(0.325592 0.0811751 0)
(0.296008 0.0974184 0)
(0.261791 0.116992 0)
(0.222608 0.140639 0)
(0.178369 0.169167 0)
(0.129479 0.203298 0)
(0.0772442 0.243307 0)
(0.0244667 0.288217 0)
(-0.0237676 0.334205 0)
(-0.0594321 0.371722 0)
(-0.0719547 0.381177 0)
(-0.0543245 0.328169 0)
(-0.0186424 0.16248 0)
(-0.0114259 -0.120908 0)
(-0.0402715 -0.269907 0)
(-0.0678806 -0.340046 0)
(-0.0778606 -0.357158 0)
(-0.0690963 -0.3438 0)
(-0.0463784 -0.31547 0)
(-0.0148878 -0.281555 0)
(0.0211114 -0.247206 0)
(0.0585084 -0.214954 0)
(0.0952428 -0.185837 0)
(0.130063 -0.160103 0)
(0.162284 -0.137616 0)
(0.191592 -0.118074 0)
(0.217908 -0.101125 0)
(0.241294 -0.0864167 0)
(0.261889 -0.0736267 0)
(0.27987 -0.0624652 0)
(0.295428 -0.0526771 0)
(0.308748 -0.0440379 0)
(0.320003 -0.03635 0)
(0.329345 -0.0294376 0)
(0.336907 -0.0231426 0)
(0.342795 -0.0173207 0)
(0.34709 -0.0118376 0)
(0.349845 -0.00656613 0)
(0.351088 -0.00138276 0)
(0.350819 0.00383512 0)
(0.349009 0.00921239 0)
(0.345601 0.0148795 0)
(0.340509 0.0209758 0)
(0.333614 0.0276542 0)
(0.324769 0.0350854 0)
(0.313793 0.0434637 0)
(0.300476 0.0530134 0)
(0.28458 0.0639962 0)
(0.265845 0.0767195 0)
(0.244005 0.0915431 0)
(0.218806 0.108885 0)
(0.19005 0.129217 0)
(0.157657 0.153047 0)
(0.121774 0.180858 0)
(0.0829352 0.212989 0)
(0.0423009 0.249371 0)
(0.00196674 0.28905 0)
(-0.0347011 0.329346 0)
(-0.0628554 0.364506 0)
(-0.0763893 0.383757 0)
(-0.0694038 0.369264 0)
(-0.0422986 0.295302 0)
(-0.012182 0.132987 0)
(-0.00747181 -0.100902 0)
(-0.0304519 -0.239606 0)
(-0.0586907 -0.317917 0)
(-0.0770929 -0.349987 0)
(-0.0815673 -0.351366 0)
(-0.0736283 -0.334534 0)
(-0.0562915 -0.308249 0)
(-0.0327135 -0.278128 0)
(-0.00562285 -0.247509 0)
(0.0228836 -0.218218 0)
(0.0513183 -0.191143 0)
(0.0786914 -0.166619 0)
(0.104389 -0.144674 0)
(0.128063 -0.125173 0)
(0.149553 -0.107904 0)
(0.168815 -0.0926254 0)
(0.185884 -0.0790943 0)
(0.200836 -0.0670755 0)
(0.213771 -0.0563484 0)
(0.224796 -0.0467085 0)
(0.234013 -0.0379663 0)
(0.241515 -0.0299453 0)
(0.247379 -0.0224801 0)
(0.251666 -0.0154132 0)
(0.254414 -0.00859325 0)
(0.255641 -0.00187132 0)
(0.25534 0.00490125 0)
(0.253482 0.011876 0)
(0.250015 0.0192106 0)
(0.244859 0.027072 0)
(0.237915 0.0356404 0)
(0.229058 0.0451132 0)
(0.218146 0.055709 0)
(0.205022 0.0676722 0)
(0.189522 0.0812763 0)
(0.171492 0.096826 0)
(0.150804 0.114655 0)
(0.127395 0.135116 0)
(0.101313 0.158555 0)
(0.0727964 0.185262 0)
(0.0423706 0.215369 0)
(0.0109926 0.248677 0)
(-0.0197843 0.28436 0)
(-0.0476446 0.320485 0)
(-0.0694382 0.353311 0)
(-0.081368 0.376353 0)
(-0.0796401 0.379365 0)
(-0.0620718 0.347795 0)
(-0.0327565 0.263815 0)
(-0.00812711 0.111637 0)
(-0.00513627 -0.0862273 0)
(-0.0235567 -0.213272 0)
(-0.0499647 -0.293655 0)
(-0.0719005 -0.334968 0)
(-0.084386 -0.347571 0)
(-0.0869498 -0.340963 0)
(-0.0808866 -0.322635 0)
(-0.0681844 -0.297979 0)
(-0.0509149 -0.270609 0)
(-0.030897 -0.242806 0)
(-0.00958033 -0.215921 0)
(0.0119514 -0.190687 0)
(0.0329302 -0.167441 0)
(0.052839 -0.146282 0)
(0.0713509 -0.12716 0)
(0.0882768 -0.10995 0)
(0.103524 -0.0944787 0)
(0.117066 -0.0805582 0)
(0.128915 -0.0679923 0)
(0.139108 -0.0565869 0)
(0.147693 -0.0461525 0)
(0.15472 -0.0365059 0)
(0.160232 -0.0274694 0)
(0.164265 -0.0188702 0)
(0.166838 -0.010539 0)
(0.167958 -0.0023073 0)
(0.167614 0.00599409 0)
(0.165777 0.0145378 0)
(0.1624 0.0235024 0)
(0.15742 0.0330751 0)
(0.15076 0.0434544 0)
(0.142329 0.0548525 0)
(0.132031 0.0674976 0)
(0.119773 0.0816347 0)
(0.105475 0.097524 0)
(0.089091 0.115436 0)
(0.0706331 0.13564 0)
(0.0502109 0.158379 0)
(0.028081 0.183825 0)
(0.00471437 0.21201 0)
(-0.0191201 0.242702 0)
(-0.042263 0.275214 0)
(-0.0630804 0.308126 0)
(-0.079433 0.338884 0)
(-0.088787 0.363302 0)
(-0.0885969 0.375025 0)
(-0.0770437 0.365185 0)
(-0.0543446 0.322646 0)
(-0.025917 0.235564 0)
(-0.00570376 0.0956206 0)
(-0.00373935 -0.0750058 0)
(-0.0187931 -0.190652 0)
(-0.0427222 -0.269636 0)
(-0.0656437 -0.315976 0)
(-0.0826986 -0.336484 0)
(-0.0923939 -0.338171 0)
(-0.0948525 -0.327137 0)
(-0.0910851 -0.308187 0)
(-0.082476 -0.284852 0)
(-0.0704318 -0.259586 0)
(-0.0562021 -0.234009 0)
(-0.0408135 -0.209138 0)
(-0.0250642 -0.185564 0)
(-0.00954787 -0.163592 0)
(0.00531177 -0.143338 0)
(0.019225 -0.124794 0)
(0.0320039 -0.107878 0)
(0.0435347 -0.0924612 0)
(0.0537561 -0.0783863 0)
(0.0626415 -0.0654833 0)
(0.0701863 -0.0535751 0)
(0.076397 -0.0424815 0)
(0.0812841 -0.0320222 0)
(0.0848564 -0.0220168 0)
(0.0871167 -0.0122851 0)
(0.0880594 -0.00264598 0)
(0.087669 0.00708371 0)
(0.085919 0.0170908 0)
(0.0827724 0.0275674 0)
(0.0781839 0.0387122 0)
(0.072102 0.050732 0)
(0.0644747 0.0638419 0)
(0.0552561 0.0782648 0)
(0.0444171 0.0942286 0)
(0.0319601 0.11196 0)
(0.017939 0.131671 0)
(0.00248636 0.15354 0)
(-0.0141519 0.177677 0)
(-0.0315722 0.204068 0)
(-0.0491624 0.23249 0)
(-0.0660482 0.262389 0)
(-0.0810487 0.292704 0)
(-0.0926654 0.321628 0)
(-0.0991458 0.346325 0)
(-0.0986906 0.362621 0)
(-0.0898814 0.36478 0)
(-0.0723258 0.345552 0)
(-0.0475654 0.29674 0)
(-0.0211053 0.210661 0)
(-0.00423793 0.0831087 0)
(-0.0028731 -0.0660581 0)
(-0.0154722 -0.171108 0)
(-0.0370036 -0.2468 0)
(-0.0596911 -0.295238 0)
(-0.0791866 -0.320898 0)
(-0.0935792 -0.328885 0)
(-0.102279 -0.324026 0)
(-0.105573 -0.31042 0)
(-0.10425 -0.291308 0)
(-0.0992867 -0.269111 0)
(-0.0916617 -0.245559 0)
(-0.082256 -0.221835 0)
(-0.0718111 -0.198712 0)
(-0.0609224 -0.176659 0)
(-0.0500497 -0.155932 0)
(-0.0395371 -0.136639 0)
(-0.0296341 -0.118785 0)
(-0.0205159 -0.102307 0)
(-0.0123019 -0.0870959 0)
(-0.00507029 -0.0730141 0)
(0.00112911 -0.0599052 0)
(0.00626526 -0.0476011 0)
(0.0103182 -0.0359264 0)
(0.0132732 -0.0247008 0)
(0.0151166 -0.0137404 0)
(0.015833 -0.00285826 0)
(0.0154037 0.00813576 0)
(0.013806 0.0194354 0)
(0.0110144 0.0312383 0)
(0.0070024 0.0437462 0)
(0.00174672 0.0571642 0)
(-0.00476732 0.0716992 0)
(-0.0125374 0.0875564 0)
(-0.021533 0.104932 0)
(-0.0316803 0.124005 0)
(-0.0428432 0.144915 0)
(-0.0547987 0.167739 0)
(-0.0672084 0.192449 0)
(-0.079586 0.218853 0)
(-0.0912653 0.246513 0)
(-0.101376 0.274626 0)
(-0.108842 0.301885 0)
(-0.112419 0.326295 0)
(-0.110812 0.344997 0)
(-0.102914 0.354115 0)
(-0.0881857 0.348735 0)
(-0.0671549 0.323137 0)
(-0.0419676 0.271425 0)
(-0.0176767 0.188688 0)
(-0.00331458 0.0729412 0)
(-0.00231238 -0.0586547 0)
(-0.0131157 -0.153997 0)
(-0.0325715 -0.225402 0)
(-0.0545104 -0.273956 0)
(-0.0751862 -0.302626 0)
(-0.0926046 -0.315119 0)
(-0.105788 -0.315196 0)
(-0.114533 -0.306262 0)
(-0.11916 -0.291175 0)
(-0.120261 -0.272201 0)
(-0.118535 -0.251058 0)
(-0.114677 -0.229 0)
(-0.109321 -0.206904 0)
(-0.103012 -0.185357 0)
(-0.0961989 -0.164724 0)
(-0.0892404 -0.14521 0)
(-0.0824156 -0.126898 0)
(-0.0759365 -0.109792 0)
(-0.0699613 -0.0938299 0)
(-0.064606 -0.0789122 0)
(-0.0599552 -0.0649086 0)
(-0.0560699 -0.0516686 0)
(-0.052995 -0.0390283 0)
(-0.0507648 -0.0268135 0)
(-0.0494064 -0.0148435 0)
(-0.0489427 -0.00293178 0)
(-0.0493939 0.00911191 0)
(-0.0507775 0.0214812 0)
(-0.0531071 0.034372 0)
(-0.0563902 0.0479809 0)
(-0.0606235 0.0625029 0)
(-0.0657874 0.0781275 0)
(-0.0718372 0.0950324 0)
(-0.0786926 0.113374 0)
(-0.0862239 0.133274 0)
(-0.0942355 0.154795 0)
(-0.102446 0.177914 0)
(-0.11047 0.202477 0)
(-0.117794 0.228142 0)
(-0.123768 0.254304 0)
(-0.127602 0.279998 0)
(-0.128396 0.303787 0)
(-0.125207 0.32365 0)
(-0.117183 0.336875 0)
(-0.103787 0.340031 0)
(-0.0851139 0.329047 0)
(-0.0622199 0.299515 0)
(-0.03743 0.24725 0)
(-0.0151729 0.169144 0)
(-0.00270286 0.0644022 0)
(-0.00193418 -0.0523341 0)
(-0.0114108 -0.138778 0)
(-0.0291534 -0.205399 0)
(-0.0501852 -0.252744 0)
(-0.0713227 -0.28281 0)
(-0.0906541 -0.298302 0)
(-0.107022 -0.30213 0)
(-0.119916 -0.29708 0)
(-0.12931 -0.285608 0)
(-0.135482 -0.269757 0)
(-0.138874 -0.251159 0)
(-0.139991 -0.231061 0)
(-0.139336 -0.210385 0)
(-0.13737 -0.189786 0)
(-0.134501 -0.169707 0)
(-0.131072 -0.150424 0)
(-0.127364 -0.13209 0)
(-0.123605 -0.114761 0)
(-0.119972 -0.0984254 0)
(-0.116607 -0.083019 0)
(-0.113616 -0.0684401 0)
(-0.111082 -0.0545599 0)
(-0.109068 -0.0412302 0)
(-0.107623 -0.0282882 0)
(-0.106784 -0.0155614 0)
(-0.106579 -0.00286964 0)
(-0.107028 0.0099716 0)
(-0.108141 0.0231497 0)
(-0.109921 0.0368521 0)
(-0.112358 0.0512638 0)
(-0.115426 0.0665628 0)
(-0.119074 0.0829147 0)
(-0.123226 0.100464 0)
(-0.127763 0.119322 0)
(-0.132517 0.139552 0)
(-0.137256 0.161143 0)
(-0.141672 0.183982 0)
(-0.14537 0.207808 0)
(-0.147856 0.232167 0)
(-0.148543 0.256342 0)
(-0.146769 0.27928 0)
(-0.141839 0.299519 0)
(-0.133106 0.315116 0)
(-0.120104 0.323611 0)
(-0.102738 0.322059 0)
(-0.0815155 0.307167 0)
(-0.0577626 0.275588 0)
(-0.0337539 0.224375 0)
(-0.013293 0.151581 0)
(-0.00227673 0.0570417 0)
(-0.00166989 -0.0467932 0)
(-0.0101548 -0.125024 0)
(-0.0265144 -0.186632 0)
(-0.0466493 -0.231885 0)
(-0.0678563 -0.262153 0)
(-0.0883747 -0.279424 0)
(-0.106993 -0.285954 0)
(-0.123019 -0.283997 0)
(-0.136186 -0.275629 0)
(-0.146531 -0.262653 0)
(-0.154277 -0.246562 0)
(-0.159749 -0.228549 0)
(-0.163316 -0.209533 0)
(-0.165346 -0.190196 0)
(-0.166181 -0.171026 0)
(-0.166129 -0.152349 0)
(-0.165455 -0.134367 0)
(-0.164381 -0.117184 0)
(-0.163092 -0.100828 0)
(-0.161738 -0.0852686 0)
(-0.160439 -0.0704332 0)
(-0.159291 -0.0562156 0)
(-0.158369 -0.0424858 0)
(-0.157729 -0.0290963 0)
(-0.157415 -0.0158865 0)
(-0.157458 -0.00268766 0)
(-0.157874 0.0106745 0)
(-0.158669 0.0243758 0)
(-0.159833 0.0385904 0)
(-0.161343 0.0534864 0)
(-0.163151 0.0692203 0)
(-0.165187 0.0859297 0)
(-0.167348 0.103723 0)
(-0.169492 0.122668 0)
(-0.171429 0.142771 0)
(-0.172913 0.163957 0)
(-0.173636 0.186036 0)
(-0.173222 0.208671 0)
(-0.171229 0.231329 0)
(-0.167165 0.253234 0)
(-0.160513 0.273312 0)
(-0.150784 0.290145 0)
(-0.137601 0.301937 0)
(-0.120809 0.306526 0)
(-0.100631 0.301441 0)
(-0.0778298 0.28406 0)
(-0.0538318 0.251863 0)
(-0.0307548 0.202788 0)
(-0.0118436 0.135635 0)
(-0.00196641 0.0505651 0)
(-0.00147986 -0.0418261 0)
(-0.0092153 -0.112404 0)
(-0.0244696 -0.168918 0)
(-0.0437903 -0.211488 0)
(-0.0648661 -0.241076 0)
(-0.0861047 -0.259163 0)
(-0.106309 -0.267498 0)
(-0.12469 -0.267902 0)
(-0.140824 -0.262109 0)
(-0.154565 -0.25168 0)
(-0.16596 -0.237952 0)
(-0.175179 -0.22203 0)
(-0.182462 -0.204795 0)
(-0.18808 -0.186927 0)
(-0.192305 -0.168927 0)
(-0.195395 -0.151153 0)
(-0.197584 -0.133839 0)
(-0.199078 -0.117124 0)
(-0.200054 -0.101069 0)
(-0.200661 -0.085672 0)
(-0.201024 -0.070887 0)
(-0.201243 -0.0566306 0)
(-0.201396 -0.0427922 0)
(-0.201548 -0.0292411 0)
(-0.201742 -0.0158322 0)
(-0.202007 -0.00241075 0)
(-0.20236 0.0111831 0)
(-0.202798 0.02511 0)
(-0.203303 0.0395272 0)
(-0.203837 0.0545826 0)
(-0.204341 0.0704087 0)
(-0.204728 0.0871136 0)
(-0.20488 0.104771 0)
(-0.204643 0.123406 0)
(-0.203821 0.142978 0)
(-0.202174 0.163356 0)
(-0.199411 0.184298 0)
(-0.195199 0.20541 0)
(-0.189168 0.226121 0)
(-0.180933 0.245638 0)
(-0.170125 0.262913 0)
(-0.156448 0.276622 0)
(-0.13975 0.285154 0)
(-0.120118 0.28665 0)
(-0.097992 0.279071 0)
(-0.0742772 0.260352 0)
(-0.0504006 0.22861 0)
(-0.0282847 0.182404 0)
(-0.0107003 0.121018 0)
(-0.00173205 0.0447719 0)
(-0.0013402 -0.0372886 0)
(-0.00850355 -0.100668 0)
(-0.0228784 -0.152077 0)
(-0.0414921 -0.191567 0)
(-0.0623457 -0.219829 0)
(-0.084008 -0.237976 0)
(-0.10533 -0.247375 0)
(-0.125481 -0.249491 0)
(-0.143938 -0.245764 0)
(-0.160421 -0.237527 0)
(-0.174841 -0.225957 0)
(-0.187239 -0.212054 0)
(-0.197741 -0.196637 0)
(-0.206524 -0.180358 0)
(-0.213787 -0.163715 0)
(-0.219733 -0.147073 0)
(-0.224559 -0.130686 0)
(-0.228443 -0.114715 0)
(-0.231548 -0.099245 0)
(-0.234014 -0.0842989 0)
(-0.235959 -0.0698525 0)
(-0.237482 -0.0558435 0)
(-0.238664 -0.0421807 0)
(-0.239566 -0.0287512 0)
(-0.240232 -0.0154267 0)
(-0.240689 -0.00206905 0)
(-0.240948 0.0114651 0)
(-0.241002 0.025319 0)
(-0.240824 0.0396304 0)
(-0.240368 0.0545257 0)
(-0.239564 0.0701124 0)
(-0.238318 0.0864704 0)
(-0.236505 0.103641 0)
(-0.233969 0.121613 0)
(-0.230522 0.140306 0)
(-0.225941 0.159551 0)
(-0.21997 0.179068 0)
(-0.212332 0.198436 0)
(-0.202736 0.217071 0)
(-0.190909 0.2342 0)
(-0.176621 0.248838 0)
(-0.159745 0.259779 0)
(-0.14031 0.265615 0)
(-0.118582 0.26477 0)
(-0.0951426 0.255587 0)
(-0.0709633 0.236451 0)
(-0.0474186 0.205959 0)
(-0.0262317 0.163112 0)
(-0.00978123 0.107503 0)
(-0.00154997 0.03952 0)
(-0.00123582 -0.0330768 0)
(-0.00795902 -0.0896195 0)
(-0.0216355 -0.135953 0)
(-0.0396508 -0.172095 0)
(-0.0602525 -0.198551 0)
(-0.0821526 -0.216172 0)
(-0.104263 -0.226029 0)
(-0.125746 -0.229301 0)
(-0.146015 -0.227176 0)
(-0.164702 -0.220783 0)
(-0.18161 -0.21114 0)
(-0.196675 -0.199136 0)
(-0.209926 -0.185515 0)
(-0.221456 -0.170885 0)
(-0.231394 -0.155721 0)
(-0.239889 -0.140384 0)
(-0.247092 -0.125131 0)
(-0.253154 -0.110136 0)
(-0.258213 -0.0954998 0)
(-0.262394 -0.0812627 0)
(-0.265807 -0.0674192 0)
(-0.268544 -0.0539256 0)
(-0.27068 -0.0407088 0)
(-0.272274 -0.0276735 0)
(-0.273365 -0.014709 0)
(-0.273978 -0.00169433 0)
(-0.274117 0.0114958 0)
(-0.273771 0.0249859 0)
(-0.272908 0.0388937 0)
(-0.271475 0.0533238 0)
(-0.269397 0.0683598 0)
(-0.266577 0.0840557 0)
(-0.262892 0.100425 0)
(-0.258193 0.117427 0)
(-0.252308 0.134953 0)
(-0.245041 0.152809 0)
(-0.236181 0.170694 0)
(-0.225511 0.188182 0)
(-0.212826 0.204705 0)
(-0.197955 0.21953 0)
(-0.180796 0.231756 0)
(-0.16136 0.240315 0)
(-0.139821 0.243995 0)
(-0.116572 0.241482 0)
(-0.0922801 0.231439 0)
(-0.0679352 0.212612 0)
(-0.0448335 0.18396 0)
(-0.024513 0.144795 0)
(-0.0090319 0.0949083 0)
(-0.0014055 0.0347046 0)
(-0.00115686 -0.0291146 0)
(-0.0075394 -0.0791109 0)
(-0.0206619 -0.120412 0)
(-0.0381794 -0.153021 0)
(-0.0585326 -0.177318 0)
(-0.0805555 -0.193958 0)
(-0.103224 -0.203784 0)
(-0.125709 -0.207744 0)
(-0.147391 -0.206813 0)
(-0.167838 -0.201938 0)
(-0.186776 -0.193989 0)
(-0.204057 -0.183742 0)
(-0.219629 -0.17186 0)
(-0.233511 -0.158893 0)
(-0.245768 -0.145285 0)
(-0.256495 -0.131378 0)
(-0.265803 -0.117423 0)
(-0.273808 -0.103596 0)
(-0.280622 -0.0900061 0)
(-0.286354 -0.0767058 0)
(-0.291098 -0.0637035 0)
(-0.294936 -0.050971 0)
(-0.297936 -0.0384516 0)
(-0.30015 -0.0260668 0)
(-0.301614 -0.013723 0)
(-0.302345 -0.00131679 0)
(-0.302346 0.011259 0)
(-0.301598 0.02411 0)
(-0.300066 0.0373342 0)
(-0.297694 0.0510154 0)
(-0.294406 0.0652156 0)
(-0.290107 0.0799665 0)
(-0.284681 0.0952589 0)
(-0.277992 0.111031 0)
(-0.269891 0.127157 0)
(-0.260216 0.143428 0)
(-0.248804 0.159542 0)
(-0.235501 0.175085 0)
(-0.22018 0.18952 0)
(-0.202768 0.202175 0)
(-0.183271 0.212247 0)
(-0.161812 0.218806 0)
(-0.138676 0.220827 0)
(-0.114343 0.217227 0)
(-0.0895289 0.206937 0)
(-0.0652108 0.188989 0)
(-0.0425994 0.162614 0)
(-0.0230682 0.127342 0)
(-0.00841519 0.0830877 0)
(-0.0012892 0.0302461 0)
(-0.00109666 -0.0253448 0)
(-0.00721467 -0.0690256 0)
(-0.0198986 -0.105342 0)
(-0.0370073 -0.134293 0)
(-0.0571321 -0.156167 0)
(-0.0792083 -0.171473 0)
(-0.102272 -0.180876 0)
(-0.125511 -0.185137 0)
(-0.148292 -0.185051 0)
(-0.170139 -0.181401 0)
(-0.190721 -0.174925 0)
(-0.209825 -0.166286 0)
(-0.227333 -0.156064 0)
(-0.2432 -0.144749 0)
(-0.257437 -0.13274 0)
(-0.270089 -0.120351 0)
(-0.281226 -0.107821 0)
(-0.290931 -0.0953189 0)
(-0.299292 -0.0829549 0)
(-0.306394 -0.0707887 0)
(-0.312318 -0.0588384 0)
(-0.317133 -0.0470881 0)
(-0.320897 -0.0354951 0)
(-0.323654 -0.0239963 0)
(-0.325435 -0.0125143 0)
(-0.326251 -0.00096262 0)
(-0.3261 0.0107483 0)
(-0.32496 0.0227059 0)
(-0.322792 0.0349897 0)
(-0.319541 0.0476646 0)
(-0.315133 0.0607741 0)
(-0.309477 0.0743316 0)
(-0.302468 0.0883117 0)
(-0.29399 0.10264 0)
(-0.283917 0.11718 0)
(-0.272126 0.131725 0)
(-0.2585 0.145981 0)
(-0.242947 0.159562 0)
(-0.225414 0.171975 0)
(-0.20591 0.182623 0)
(-0.184532 0.190802 0)
(-0.161495 0.195722 0)
(-0.137163 0.196524 0)
(-0.112074 0.19233 0)
(-0.0869687 0.182294 0)
(-0.062795 0.165669 0)
(-0.0406793 0.141891 0)
(-0.0218535 0.110644 0)
(-0.00790546 0.0719189 0)
(-0.00119479 0.0260814 0)
(-0.00105059 -0.0217237 0)
(-0.00696319 -0.059272 0)
(-0.0193012 -0.0906498 0)
(-0.0360782 -0.115855 0)
(-0.0560026 -0.13511 0)
(-0.0780919 -0.148811 0)
(-0.101435 -0.157481 0)
(-0.125242 -0.161726 0)
(-0.148873 -0.162188 0)
(-0.171826 -0.159511 0)
(-0.193727 -0.154306 0)
(-0.214314 -0.147133 0)
(-0.233415 -0.138487 0)
(-0.250935 -0.128792 0)
(-0.266834 -0.118399 0)
(-0.281115 -0.107591 0)
(-0.293813 -0.0965828 0)
(-0.304977 -0.085532 0)
(-0.314671 -0.0745443 0)
(-0.32296 -0.063681 0)
(-0.329906 -0.0529661 0)
(-0.335568 -0.0423929 0)
(-0.339991 -0.0319305 0)
(-0.343214 -0.0215293 0)
(-0.345257 -0.0111267 0)
(-0.346128 -0.00065226 0)
(-0.34582 0.00996718 0)
(-0.344309 0.0208023 0)
(-0.341555 0.0319159 0)
(-0.337503 0.0433565 0)
(-0.332082 0.0551521 0)
(-0.325212 0.0673031 0)
(-0.316799 0.0797734 0)
(-0.306747 0.0924825 0)
(-0.294958 0.105295 0)
(-0.281344 0.118014 0)
(-0.265835 0.130366 0)
(-0.248394 0.142002 0)
(-0.229033 0.152485 0)
(-0.207832 0.161295 0)
(-0.184962 0.167833 0)
(-0.160709 0.171437 0)
(-0.135494 0.171404 0)
(-0.109893 0.167028 0)
(-0.0846526 0.157645 0)
(-0.060687 0.142688 0)
(-0.0390442 0.121743 0)
(-0.0208371 0.0946012 0)
(-0.00748481 0.0612977 0)
(-0.00111804 0.0221591 0)
(-0.0010154 -0.0182175 0)
(-0.00676928 -0.0497777 0)
(-0.0188367 -0.0762578 0)
(-0.0353484 -0.0976573 0)
(-0.0551028 -0.114148 0)
(-0.0771835 -0.126034 0)
(-0.100724 -0.133726 0)
(-0.124957 -0.1377 0)
(-0.149241 -0.138469 0)
(-0.173058 -0.136549 0)
(-0.196005 -0.132439 0)
(-0.217781 -0.1266 0)
(-0.238172 -0.119446 0)
(-0.257042 -0.111333 0)
(-0.274311 -0.102561 0)
(-0.289944 -0.0933738 0)
(-0.303944 -0.0839607 0)
(-0.316333 -0.0744617 0)
(-0.327149 -0.0649736 0)
(-0.33644 -0.0555548 0)
(-0.344252 -0.0462316 0)
(-0.350628 -0.0370038 0)
(-0.355608 -0.0278498 0)
(-0.359217 -0.0187316 0)
(-0.361471 -0.00960018 0)
(-0.362374 -0.00039933 0)
(-0.361914 0.00892909 0)
(-0.360064 0.0184407 0)
(-0.356784 0.0281834 0)
(-0.352023 0.0381923 0)
(-0.345714 0.0484839 0)
(-0.337786 0.0590493 0)
(-0.32816 0.069848 0)
(-0.316758 0.0808 0)
(-0.30351 0.0917788 0)
(-0.288362 0.102604 0)
(-0.271286 0.113033 0)
(-0.252292 0.122762 0)
(-0.231449 0.131415 0)
(-0.208895 0.138553 0)
(-0.184861 0.143679 0)
(-0.159684 0.146252 0)
(-0.133828 0.145706 0)
(-0.107892 0.141485 0)
(-0.0826173 0.133076 0)
(-0.0588843 0.12005 0)
(-0.0376723 0.102109 0)
(-0.0199962 0.079118 0)
(-0.00714063 0.0511329 0)
(-0.00105601 0.0184359 0)
(-0.000988788 -0.0147993 0)
(-0.00662153 -0.0404838 0)
(-0.0184804 -0.0621016 0)
(-0.0347841 -0.0796536 0)
(-0.0543994 -0.0932703 0)
(-0.0764614 -0.103184 0)
(-0.10014 -0.109708 0)
(-0.124688 -0.11321 0)
(-0.149467 -0.114088 0)
(-0.173949 -0.112749 0)
(-0.197709 -0.109585 0)
(-0.220419 -0.104967 0)
(-0.241833 -0.0992267 0)
(-0.26178 -0.0926552 0)
(-0.280149 -0.0854988 0)
(-0.296876 -0.0779594 0)
(-0.311933 -0.0701958 0)
(-0.32532 -0.0623275 0)
(-0.337056 -0.0544381 0)
(-0.347168 -0.0465799 0)
(-0.355689 -0.0387787 0)
(-0.362653 -0.0310378 0)
(-0.368085 -0.023343 0)
(-0.372007 -0.0156661 0)
(-0.374427 -0.00796955 0)
(-0.375343 -0.000210276 0)
(-0.374742 0.00765652 0)
(-0.372595 0.0156731 0)
(-0.368862 0.0238751 0)
(-0.363495 0.0322866 0)
(-0.356433 0.0409159 0)
(-0.347613 0.0497494 0)
(-0.336972 0.0587468 0)
(-0.324449 0.0678348 0)
(-0.309999 0.0769014 0)
(-0.293596 0.0857905 0)
(-0.27525 0.0942976 0)
(-0.255012 0.102166 0)
(-0.232996 0.109089 0)
(-0.209388 0.114706 0)
(-0.184462 0.118621 0)
(-0.158597 0.120402 0)
(-0.132285 0.119609 0)
(-0.106138 0.115813 0)
(-0.0808886 0.108627 0)
(-0.0573846 0.0977337 0)
(-0.0365478 0.0829204 0)
(-0.0193144 0.0641029 0)
(-0.00686403 0.0413429 0)
(-0.00100664 0.0148742 0)
(-0.000969118 -0.0114476 0)
(-0.00651167 -0.0313421 0)
(-0.0182142 -0.0481264 0)
(-0.0343597 -0.0618023 0)
(-0.0538658 -0.0724658 0)
(-0.0759066 -0.080288 0)
(-0.0996807 -0.0854997 0)
(-0.124457 -0.088374 0)
(-0.149602 -0.0892085 0)
(-0.174581 -0.0883079 0)
(-0.198955 -0.0859708 0)
(-0.222375 -0.0824781 0)
(-0.244572 -0.0780855 0)
(-0.26535 -0.0730178 0)
(-0.284572 -0.067467 0)
(-0.302149 -0.0615916 0)
(-0.318032 -0.0555175 0)
(-0.332203 -0.04934 0)
(-0.34466 -0.043127 0)
(-0.355419 -0.0369221 0)
(-0.3645 -0.0307476 0)
(-0.371925 -0.0246087 0)
(-0.377713 -0.0184963 0)
(-0.381877 -0.0123905 0)
(-0.384421 -0.00626382 0)
(-0.38534 -8.45603e-05 0)
(-0.384617 0.00618019 0)
(-0.382222 0.0125612 0)
(-0.378117 0.0190836 0)
(-0.372256 0.0257634 0)
(-0.364584 0.0326033 0)
(-0.355046 0.0395891 0)
(-0.343591 0.0466847 0)
(-0.330175 0.0538281 0)
(-0.314773 0.0609273 0)
(-0.297385 0.067856 0)
(-0.278048 0.0744506 0)
(-0.25685 0.080509 0)
(-0.233937 0.0857903 0)
(-0.209532 0.0900182 0)
(-0.183945 0.0928871 0)
(-0.157582 0.0940721 0)
(-0.130955 0.0932435 0)
(-0.104682 0.0900844 0)
(-0.0794856 0.0843121 0)
(-0.0561861 0.0757005 0)
(-0.0356592 0.0641025 0)
(-0.0187802 0.0494674 0)
(-0.00664878 0.0318522 0)
(-0.000968521 0.0114405 0)
(-0.000955241 -0.00814428 0)
(-0.00643384 -0.0223118 0)
(-0.0180248 -0.0342848 0)
(-0.0340564 -0.0440653 0)
(-0.053482 -0.0517193 0)
(-0.0755038 -0.0573639 0)
(-0.0993412 -0.0611579 0)
(-0.124276 -0.0632895 0)
(-0.149678 -0.063965 0)
(-0.175011 -0.0633964 0)
(-0.199824 -0.0617926 0)
(-0.223756 -0.0593511 0)
(-0.24652 -0.0562526 0)
(-0.267903 -0.052657 0)
(-0.287747 -0.0487014 0)
(-0.305948 -0.0444997 0)
(-0.322439 -0.0401429 0)
(-0.337187 -0.0357004 0)
(-0.350178 -0.0312223 0)
(-0.361416 -0.026741 0)
(-0.37091 -0.0222739 0)
(-0.378676 -0.0178259 0)
(-0.384726 -0.0133916 0)
(-0.389067 -0.00895801 0)
(-0.391699 -0.00450648 0)
(-0.392615 -1.53403e-05 0)
(-0.391794 0.00453783 0)
(-0.389208 0.00917379 0)
(-0.384818 0.0139091 0)
(-0.378581 0.0187536 0)
(-0.370447 0.0237073 0)
(-0.360369 0.0287578 0)
(-0.348304 0.0338769 0)
(-0.334222 0.0390179 0)
(-0.318112 0.0441121 0)
(-0.299996 0.0490668 0)
(-0.279933 0.0537632 0)
(-0.258034 0.0580554 0)
(-0.234473 0.061771 0)
(-0.2095 0.0647139 0)
(-0.183446 0.0666688 0)
(-0.15674 0.0674086 0)
(-0.129904 0.0667047 0)
(-0.10356 0.0643398 0)
(-0.0784222 0.0601216 0)
(-0.0552878 0.0538992 0)
(-0.0349986 0.0455767 0)
(-0.0183856 0.0351254 0)
(-0.00649058 0.0225905 0)
(-0.000940668 0.00810388 0)
(-0.000946386 -0.00487383 0)
(-0.00638401 -0.0133575 0)
(-0.0179033 -0.0205351 0)
(-0.0338611 -0.0264079 0)
(-0.0532338 -0.0310146 0)
(-0.0752415 -0.0344237 0)
(-0.0991174 -0.0367279 0)
(-0.124152 -0.0380378 0)
(-0.149718 -0.0384743 0)
(-0.175277 -0.0381627 0)
(-0.200374 -0.0372265 0)
(-0.224637 -0.035783 0)
(-0.24777 -0.0339397 0)
(-0.269546 -0.0317922 0)
(-0.289798 -0.0294229 0)
(-0.308407 -0.0269002 0)
(-0.325298 -0.0242791 0)
(-0.340426 -0.0216019 0)
(-0.353769 -0.0188991 0)
(-0.365322 -0.0161908 0)
(-0.375089 -0.013488 0)
(-0.38308 -0.010794 0)
(-0.389301 -0.00810625 0)
(-0.393758 -0.00541717 0)
(-0.396447 -0.0027161 0)
(-0.397357 9.55709e-06 0)
(-0.396469 0.00277281 0)
(-0.393752 0.0055856 0)
(-0.38917 0.00845731 0)
(-0.38268 0.0113931 0)
(-0.374237 0.0143923 0)
(-0.363797 0.0174466 0)
(-0.351326 0.020538 0)
(-0.336801 0.0236375 0)
(-0.320224 0.0267028 0)
(-0.301628 0.0296773 0)
(-0.281088 0.0324889 0)
(-0.258732 0.0350495 0)
(-0.234751 0.0372557 0)
(-0.209412 0.0389904 0)
(-0.183062 0.0401255 0)
(-0.15614 0.0405268 0)
(-0.129178 0.0400602 0)
(-0.102798 0.0385985 0)
(-0.0777079 0.0360305 0)
(-0.0546891 0.0322694 0)
(-0.0345608 0.0272614 0)
(-0.0181252 0.020992 0)
(-0.00638655 0.0134903 0)
(-0.000922428 0.00483539 0)
(-0.000942072 -0.00162249 0)
(-0.0063597 -0.00444757 0)
(-0.0178439 -0.006839 0)
(-0.0337654 -0.00879731 0)
(-0.0531119 -0.0103352 0)
(-0.0751122 -0.0114752 0)
(-0.0990064 -0.0122479 0)
(-0.124089 -0.0126896 0)
(-0.149735 -0.0128403 0)
(-0.175405 -0.0127413 0)
(-0.20064 -0.0124336 0)
(-0.225066 -0.011956 0)
(-0.24838 -0.0113442 0)
(-0.270351 -0.0106301 0)
(-0.290804 -0.00984105 0)
(-0.309616 -0.00899991 0)
(-0.326704 -0.00812512 0)
(-0.34202 -0.00723083 0)
(-0.355538 -0.0063273 0)
(-0.367247 -0.00542132 0)
(-0.37715 -0.00451664 0)
(-0.385252 -0.00361449 0)
(-0.391559 -0.00271403 0)
(-0.396073 -0.00181286 0)
(-0.398789 -0.000907483 0)
(-0.399696 6.23281e-06 0)
(-0.398773 0.000932539 0)
(-0.39599 0.00187534 0)
(-0.391311 0.00283766 0)
(-0.384694 0.00382111 0)
(-0.376096 0.00482534 0)
(-0.365475 0.0058474 0)
(-0.352801 0.00688118 0)
(-0.338055 0.00791678 0)
(-0.321245 0.00893997 0)
(-0.302411 0.00993171 0)
(-0.281635 0.0108678 0)
(-0.259054 0.0117189 0)
(-0.234867 0.0124504 0)
(-0.209348 0.0130234 0)
(-0.182854 0.0133955 0)
(-0.15583 0.0135222 0)
(-0.128809 0.0133594 0)
(-0.102414 0.0128651 0)
(-0.0773493 0.012003 0)
(-0.0543898 0.0107448 0)
(-0.0343426 0.00907307 0)
(-0.0179957 0.00698358 0)
(-0.00633495 0.00448617 0)
(-0.000913403 0.00160735 0)
(-0.000942071 0.00162259 0)
(-0.0063597 0.00444785 0)
(-0.0178439 0.00683941 0)
(-0.0337654 0.0087978 0)
(-0.0531119 0.0103357 0)
(-0.0751122 0.0114758 0)
(-0.0990064 0.0122484 0)
(-0.124089 0.0126901 0)
(-0.149735 0.0128408 0)
(-0.175404 0.0127418 0)
(-0.20064 0.012434 0)
(-0.225066 0.0119563 0)
(-0.24838 0.0113445 0)
(-0.270351 0.0106303 0)
(-0.290804 0.0098411 0)
(-0.309616 0.00899988 0)
(-0.326704 0.00812501 0)
(-0.34202 0.00723063 0)
(-0.355538 0.00632703 0)
(-0.367247 0.00542098 0)
(-0.37715 0.00451624 0)
(-0.385252 0.00361403 0)
(-0.391559 0.00271354 0)
(-0.396073 0.00181234 0)
(-0.398789 0.000906934 0)
(-0.399696 -6.7931e-06 0)
(-0.398773 -0.000933098 0)
(-0.39599 -0.00187589 0)
(-0.391311 -0.00283818 0)
(-0.384694 -0.00382161 0)
(-0.376096 -0.00482579 0)
(-0.365475 -0.0058478 0)
(-0.352801 -0.00688152 0)
(-0.338055 -0.00791706 0)
(-0.321245 -0.00894019 0)
(-0.302411 -0.00993186 0)
(-0.281635 -0.0108679 0)
(-0.259054 -0.0117189 0)
(-0.234867 -0.0124503 0)
(-0.209348 -0.0130233 0)
(-0.182854 -0.0133953 0)
(-0.15583 -0.013522 0)
(-0.128809 -0.0133591 0)
(-0.102414 -0.0128648 0)
(-0.0773493 -0.0120026 0)
(-0.0543898 -0.0107444 0)
(-0.0343426 -0.00907276 0)
(-0.0179957 -0.00698332 0)
(-0.00633496 -0.00448599 0)
(-0.000913403 -0.00160728 0)
(-0.000946384 0.00487394 0)
(-0.00638401 0.0133578 0)
(-0.0179032 0.0205355 0)
(-0.033861 0.0264084 0)
(-0.0532338 0.0310151 0)
(-0.0752414 0.0344242 0)
(-0.0991174 0.0367285 0)
(-0.124152 0.0380383 0)
(-0.149718 0.0384748 0)
(-0.175277 0.0381632 0)
(-0.200374 0.0372269 0)
(-0.224637 0.0357833 0)
(-0.24777 0.0339399 0)
(-0.269546 0.0317924 0)
(-0.289798 0.0294229 0)
(-0.308407 0.0269001 0)
(-0.325298 0.024279 0)
(-0.340426 0.0216017 0)
(-0.353769 0.0188989 0)
(-0.365322 0.0161905 0)
(-0.375089 0.0134876 0)
(-0.38308 0.0107936 0)
(-0.389301 0.00810576 0)
(-0.393758 0.00541666 0)
(-0.396447 0.00271556 0)
(-0.397357 -1.0105e-05 0)
(-0.396468 -0.00277336 0)
(-0.393752 -0.00558614 0)
(-0.38917 -0.00845783 0)
(-0.38268 -0.0113936 0)
(-0.374237 -0.0143928 0)
(-0.363798 -0.017447 0)
(-0.351326 -0.0205384 0)
(-0.336801 -0.0236378 0)
(-0.320224 -0.026703 0)
(-0.301628 -0.0296774 0)
(-0.281088 -0.032489 0)
(-0.258732 -0.0350495 0)
(-0.234751 -0.0372557 0)
(-0.209412 -0.0389902 0)
(-0.183062 -0.0401252 0)
(-0.156141 -0.0405266 0)
(-0.129179 -0.0400599 0)
(-0.102798 -0.0385982 0)
(-0.077708 -0.0360302 0)
(-0.0546891 -0.032269 0)
(-0.0345608 -0.0272611 0)
(-0.0181252 -0.0209918 0)
(-0.00638656 -0.0134901 0)
(-0.000922429 -0.00483532 0)
(-0.000955239 0.00814438 0)
(-0.00643382 0.022312 0)
(-0.0180248 0.0342852 0)
(-0.0340563 0.0440658 0)
(-0.053482 0.0517198 0)
(-0.0755037 0.0573644 0)
(-0.0993411 0.0611584 0)
(-0.124276 0.0632901 0)
(-0.149678 0.0639654 0)
(-0.17501 0.0633968 0)
(-0.199824 0.0617929 0)
(-0.223756 0.0593514 0)
(-0.24652 0.0562529 0)
(-0.267902 0.0526572 0)
(-0.287747 0.0487015 0)
(-0.305947 0.0444997 0)
(-0.322439 0.0401428 0)
(-0.337187 0.0357002 0)
(-0.350178 0.031222 0)
(-0.361416 0.0267406 0)
(-0.37091 0.0222735 0)
(-0.378676 0.0178254 0)
(-0.384726 0.0133912 0)
(-0.389067 0.00895751 0)
(-0.391699 0.00450596 0)
(-0.392615 1.48121e-05 0)
(-0.391794 -0.00453836 0)
(-0.389207 -0.00917431 0)
(-0.384818 -0.0139096 0)
(-0.378581 -0.018754 0)
(-0.370447 -0.0237077 0)
(-0.360369 -0.0287581 0)
(-0.348304 -0.0338772 0)
(-0.334222 -0.0390181 0)
(-0.318112 -0.0441123 0)
(-0.299996 -0.049067 0)
(-0.279933 -0.0537633 0)
(-0.258034 -0.0580554 0)
(-0.234473 -0.061771 0)
(-0.2095 -0.0647138 0)
(-0.183446 -0.0666686 0)
(-0.15674 -0.0674083 0)
(-0.129904 -0.0667044 0)
(-0.10356 -0.0643394 0)
(-0.0784222 -0.0601213 0)
(-0.0552879 -0.0538989 0)
(-0.0349986 -0.0455764 0)
(-0.0183856 -0.0351251 0)
(-0.00649058 -0.0225903 0)
(-0.000940669 -0.00810381 0)
(-0.000969114 0.0114477 0)
(-0.00651165 0.0313423 0)
(-0.0182141 0.0481267 0)
(-0.0343596 0.0618027 0)
(-0.0538657 0.0724663 0)
(-0.0759064 0.0802885 0)
(-0.0996805 0.0855002 0)
(-0.124457 0.0883745 0)
(-0.149602 0.0892089 0)
(-0.174581 0.0883083 0)
(-0.198955 0.0859711 0)
(-0.222375 0.0824784 0)
(-0.244572 0.0780857 0)
(-0.26535 0.0730179 0)
(-0.284571 0.0674671 0)
(-0.302148 0.0615916 0)
(-0.318032 0.0555174 0)
(-0.332202 0.0493398 0)
(-0.34466 0.0431268 0)
(-0.355419 0.0369218 0)
(-0.3645 0.0307473 0)
(-0.371925 0.0246083 0)
(-0.377713 0.0184959 0)
(-0.381877 0.01239 0)
(-0.384421 0.00626332 0)
(-0.38534 8.40573e-05 0)
(-0.384617 -0.00618069 0)
(-0.382222 -0.0125617 0)
(-0.378117 -0.0190841 0)
(-0.372256 -0.0257638 0)
(-0.364584 -0.0326037 0)
(-0.355046 -0.0395895 0)
(-0.343591 -0.046685 0)
(-0.330176 -0.0538284 0)
(-0.314773 -0.0609275 0)
(-0.297385 -0.0678561 0)
(-0.278049 -0.0744507 0)
(-0.25685 -0.080509 0)
(-0.233937 -0.0857902 0)
(-0.209533 -0.090018 0)
(-0.183945 -0.0928869 0)
(-0.157582 -0.0940719 0)
(-0.130955 -0.0932432 0)
(-0.104682 -0.0900841 0)
(-0.0794857 -0.0843118 0)
(-0.0561862 -0.0757002 0)
(-0.0356592 -0.0641023 0)
(-0.0187802 -0.0494672 0)
(-0.00664879 -0.0318521 0)
(-0.000968523 -0.0114404 0)
(-0.000988784 0.0147994 0)
(-0.00662151 0.040484 0)
(-0.0184804 0.0621019 0)
(-0.034784 0.079654 0)
(-0.0543993 0.0932708 0)
(-0.0764612 0.103185 0)
(-0.10014 0.109708 0)
(-0.124688 0.11321 0)
(-0.149467 0.114089 0)
(-0.173949 0.112749 0)
(-0.197709 0.109586 0)
(-0.220418 0.104967 0)
(-0.241833 0.0992269 0)
(-0.26178 0.0926553 0)
(-0.280149 0.0854988 0)
(-0.296875 0.0779593 0)
(-0.311932 0.0701957 0)
(-0.32532 0.0623274 0)
(-0.337055 0.0544379 0)
(-0.347167 0.0465797 0)
(-0.355689 0.0387784 0)
(-0.362652 0.0310374 0)
(-0.368085 0.0233425 0)
(-0.372006 0.0156656 0)
(-0.374427 0.00796909 0)
(-0.375343 0.000209808 0)
(-0.374742 -0.00765698 0)
(-0.372595 -0.0156736 0)
(-0.368862 -0.0238755 0)
(-0.363495 -0.032287 0)
(-0.356433 -0.0409163 0)
(-0.347614 -0.0497497 0)
(-0.336972 -0.0587471 0)
(-0.324449 -0.067835 0)
(-0.309999 -0.0769015 0)
(-0.293596 -0.0857907 0)
(-0.27525 -0.0942977 0)
(-0.255013 -0.102166 0)
(-0.232996 -0.109088 0)
(-0.209388 -0.114706 0)
(-0.184462 -0.11862 0)
(-0.158597 -0.120401 0)
(-0.132285 -0.119608 0)
(-0.106138 -0.115813 0)
(-0.0808887 -0.108627 0)
(-0.0573847 -0.0977334 0)
(-0.0365478 -0.0829202 0)
(-0.0193145 -0.0641027 0)
(-0.00686404 -0.0413427 0)
(-0.00100664 -0.0148742 0)
(-0.00101539 0.0182175 0)
(-0.00676926 0.0497779 0)
(-0.0188367 0.0762581 0)
(-0.0353483 0.0976576 0)
(-0.0551027 0.114148 0)
(-0.0771833 0.126035 0)
(-0.100724 0.133727 0)
(-0.124956 0.137701 0)
(-0.14924 0.138469 0)
(-0.173058 0.136549 0)
(-0.196005 0.132439 0)
(-0.21778 0.126601 0)
(-0.238172 0.119446 0)
(-0.257042 0.111333 0)
(-0.27431 0.102561 0)
(-0.289944 0.0933738 0)
(-0.303943 0.0839606 0)
(-0.316332 0.0744616 0)
(-0.327149 0.0649734 0)
(-0.33644 0.0555545 0)
(-0.344251 0.0462313 0)
(-0.350628 0.0370034 0)
(-0.355607 0.0278494 0)
(-0.359216 0.0187312 0)
(-0.361471 0.00959977 0)
(-0.362374 0.000398904 0)
(-0.361914 -0.00892952 0)
(-0.360064 -0.0184411 0)
(-0.356784 -0.0281838 0)
(-0.352023 -0.0381927 0)
(-0.345714 -0.0484842 0)
(-0.337786 -0.0590496 0)
(-0.32816 -0.0698482 0)
(-0.316758 -0.0808002 0)
(-0.303511 -0.0917789 0)
(-0.288363 -0.102604 0)
(-0.271286 -0.113033 0)
(-0.252293 -0.122762 0)
(-0.231449 -0.131415 0)
(-0.208896 -0.138553 0)
(-0.184861 -0.143679 0)
(-0.159684 -0.146251 0)
(-0.133828 -0.145706 0)
(-0.107892 -0.141485 0)
(-0.0826174 -0.133075 0)
(-0.0588844 -0.12005 0)
(-0.0376724 -0.102109 0)
(-0.0199962 -0.0791178 0)
(-0.00714064 -0.0511328 0)
(-0.00105601 -0.0184358 0)
(-0.00105058 0.0217237 0)
(-0.00696317 0.0592722 0)
(-0.0193011 0.0906501 0)
(-0.0360781 0.115855 0)
(-0.0560024 0.135111 0)
(-0.0780917 0.148812 0)
(-0.101435 0.157481 0)
(-0.125242 0.161726 0)
(-0.148873 0.162189 0)
(-0.171825 0.159512 0)
(-0.193727 0.154306 0)
(-0.214314 0.147133 0)
(-0.233415 0.138487 0)
(-0.250934 0.128792 0)
(-0.266833 0.118399 0)
(-0.281115 0.107591 0)
(-0.293812 0.0965827 0)
(-0.304977 0.0855318 0)
(-0.314671 0.0745441 0)
(-0.322959 0.0636808 0)
(-0.329906 0.0529658 0)
(-0.335567 0.0423926 0)
(-0.339991 0.0319301 0)
(-0.343214 0.0215289 0)
(-0.345257 0.0111263 0)
(-0.346128 0.00065188 0)
(-0.34582 -0.00996756 0)
(-0.344309 -0.0208027 0)
(-0.341555 -0.0319162 0)
(-0.337503 -0.0433568 0)
(-0.332082 -0.0551524 0)
(-0.325212 -0.0673034 0)
(-0.316799 -0.0797737 0)
(-0.306747 -0.0924827 0)
(-0.294958 -0.105296 0)
(-0.281344 -0.118014 0)
(-0.265835 -0.130366 0)
(-0.248394 -0.142002 0)
(-0.229033 -0.152485 0)
(-0.207832 -0.161295 0)
(-0.184962 -0.167833 0)
(-0.160709 -0.171437 0)
(-0.135494 -0.171404 0)
(-0.109893 -0.167028 0)
(-0.0846527 -0.157645 0)
(-0.0606871 -0.142688 0)
(-0.0390442 -0.121743 0)
(-0.0208372 -0.094601 0)
(-0.00748482 -0.0612976 0)
(-0.00111804 -0.022159 0)
(-0.00109666 0.0253448 0)
(-0.00721464 0.0690257 0)
(-0.0198985 0.105342 0)
(-0.0370072 0.134293 0)
(-0.057132 0.156167 0)
(-0.0792081 0.171473 0)
(-0.102271 0.180877 0)
(-0.125511 0.185137 0)
(-0.148291 0.185051 0)
(-0.170138 0.181401 0)
(-0.19072 0.174925 0)
(-0.209824 0.166286 0)
(-0.227332 0.156065 0)
(-0.2432 0.144749 0)
(-0.257436 0.13274 0)
(-0.270088 0.120351 0)
(-0.281225 0.107821 0)
(-0.29093 0.0953188 0)
(-0.299291 0.0829547 0)
(-0.306394 0.0707885 0)
(-0.312317 0.0588382 0)
(-0.317132 0.0470879 0)
(-0.320896 0.0354948 0)
(-0.323654 0.023996 0)
(-0.325435 0.0125139 0)
(-0.326251 0.000962291 0)
(-0.3261 -0.0107486 0)
(-0.32496 -0.0227062 0)
(-0.322792 -0.03499 0)
(-0.319541 -0.0476649 0)
(-0.315133 -0.0607744 0)
(-0.309477 -0.0743318 0)
(-0.302468 -0.0883119 0)
(-0.29399 -0.10264 0)
(-0.283918 -0.11718 0)
(-0.272126 -0.131725 0)
(-0.258501 -0.145981 0)
(-0.242947 -0.159562 0)
(-0.225414 -0.171975 0)
(-0.20591 -0.182623 0)
(-0.184532 -0.190802 0)
(-0.161495 -0.195721 0)
(-0.137163 -0.196524 0)
(-0.112075 -0.19233 0)
(-0.0869688 -0.182293 0)
(-0.0627951 -0.165669 0)
(-0.0406794 -0.141891 0)
(-0.0218535 -0.110644 0)
(-0.00790548 -0.0719188 0)
(-0.0011948 -0.0260813 0)
(-0.00115686 0.0291147 0)
(-0.00753938 0.079111 0)
(-0.0206619 0.120413 0)
(-0.0381793 0.153022 0)
(-0.0585325 0.177318 0)
(-0.0805552 0.193958 0)
(-0.103224 0.203784 0)
(-0.125708 0.207744 0)
(-0.14739 0.206814 0)
(-0.167837 0.201938 0)
(-0.186775 0.193989 0)
(-0.204056 0.183742 0)
(-0.219629 0.17186 0)
(-0.233511 0.158893 0)
(-0.245768 0.145285 0)
(-0.256495 0.131378 0)
(-0.265803 0.117423 0)
(-0.273807 0.103596 0)
(-0.280622 0.090006 0)
(-0.286354 0.0767056 0)
(-0.291097 0.0637033 0)
(-0.294935 0.0509708 0)
(-0.297936 0.0384513 0)
(-0.30015 0.0260666 0)
(-0.301614 0.0137227 0)
(-0.302345 0.00131651 0)
(-0.302346 -0.0112593 0)
(-0.301598 -0.0241103 0)
(-0.300066 -0.0373344 0)
(-0.297694 -0.0510156 0)
(-0.294406 -0.0652158 0)
(-0.290107 -0.0799667 0)
(-0.284681 -0.095259 0)
(-0.277992 -0.111032 0)
(-0.269891 -0.127157 0)
(-0.260217 -0.143428 0)
(-0.248805 -0.159542 0)
(-0.235501 -0.175085 0)
(-0.220181 -0.18952 0)
(-0.202768 -0.202175 0)
(-0.183271 -0.212247 0)
(-0.161813 -0.218806 0)
(-0.138676 -0.220827 0)
(-0.114343 -0.217226 0)
(-0.089529 -0.206937 0)
(-0.0652109 -0.188989 0)
(-0.0425995 -0.162614 0)
(-0.0230683 -0.127342 0)
(-0.0084152 -0.0830876 0)
(-0.0012892 -0.0302461 0)
(-0.00123582 0.0330769 0)
(-0.00795899 0.0896196 0)
(-0.0216355 0.135954 0)
(-0.0396507 0.172095 0)
(-0.0602524 0.198551 0)
(-0.0821524 0.216172 0)
(-0.104263 0.226029 0)
(-0.125746 0.229301 0)
(-0.146015 0.227176 0)
(-0.164701 0.220783 0)
(-0.181609 0.21114 0)
(-0.196674 0.199136 0)
(-0.209926 0.185515 0)
(-0.221456 0.170885 0)
(-0.231394 0.155721 0)
(-0.239888 0.140384 0)
(-0.247091 0.125131 0)
(-0.253153 0.110136 0)
(-0.258212 0.0954997 0)
(-0.262393 0.0812625 0)
(-0.265806 0.0674191 0)
(-0.268543 0.0539254 0)
(-0.27068 0.0407086 0)
(-0.272273 0.0276733 0)
(-0.273365 0.0147088 0)
(-0.273977 0.00169411 0)
(-0.274117 -0.011496 0)
(-0.273771 -0.0249861 0)
(-0.272908 -0.0388939 0)
(-0.271475 -0.0533239 0)
(-0.269397 -0.0683599 0)
(-0.266577 -0.0840558 0)
(-0.262892 -0.100425 0)
(-0.258193 -0.117427 0)
(-0.252308 -0.134953 0)
(-0.245041 -0.152809 0)
(-0.236181 -0.170694 0)
(-0.225512 -0.188182 0)
(-0.212826 -0.204705 0)
(-0.197955 -0.21953 0)
(-0.180796 -0.231756 0)
(-0.16136 -0.240315 0)
(-0.139821 -0.243995 0)
(-0.116572 -0.241481 0)
(-0.0922803 -0.231439 0)
(-0.0679353 -0.212612 0)
(-0.0448335 -0.18396 0)
(-0.024513 -0.144795 0)
(-0.00903191 -0.0949082 0)
(-0.00140551 -0.0347046 0)
(-0.00134019 0.0372886 0)
(-0.00850353 0.100668 0)
(-0.0228784 0.152077 0)
(-0.041492 0.191567 0)
(-0.0623455 0.219829 0)
(-0.0840078 0.237976 0)
(-0.10533 0.247375 0)
(-0.125481 0.249491 0)
(-0.143937 0.245764 0)
(-0.160421 0.237527 0)
(-0.174841 0.225957 0)
(-0.187239 0.212054 0)
(-0.197741 0.196637 0)
(-0.206524 0.180358 0)
(-0.213787 0.163715 0)
(-0.219733 0.147073 0)
(-0.224558 0.130686 0)
(-0.228443 0.114715 0)
(-0.231548 0.099245 0)
(-0.234013 0.0842988 0)
(-0.235958 0.0698524 0)
(-0.237482 0.0558434 0)
(-0.238664 0.0421805 0)
(-0.239566 0.028751 0)
(-0.240232 0.0154266 0)
(-0.240689 0.00206888 0)
(-0.240948 -0.0114653 0)
(-0.241002 -0.0253192 0)
(-0.240824 -0.0396306 0)
(-0.240368 -0.0545258 0)
(-0.239564 -0.0701125 0)
(-0.238318 -0.0864705 0)
(-0.236505 -0.103641 0)
(-0.233969 -0.121613 0)
(-0.230523 -0.140306 0)
(-0.225941 -0.159551 0)
(-0.219971 -0.179068 0)
(-0.212332 -0.198436 0)
(-0.202737 -0.217071 0)
(-0.190909 -0.2342 0)
(-0.176622 -0.248838 0)
(-0.159745 -0.259779 0)
(-0.14031 -0.265615 0)
(-0.118582 -0.26477 0)
(-0.0951427 -0.255587 0)
(-0.0709634 -0.236451 0)
(-0.0474187 -0.205959 0)
(-0.0262317 -0.163112 0)
(-0.00978124 -0.107503 0)
(-0.00154998 -0.03952 0)
(-0.00147986 0.0418261 0)
(-0.00921528 0.112404 0)
(-0.0244695 0.168918 0)
(-0.0437902 0.211488 0)
(-0.0648659 0.241076 0)
(-0.0861045 0.259163 0)
(-0.106309 0.267499 0)
(-0.12469 0.267902 0)
(-0.140824 0.262109 0)
(-0.154565 0.25168 0)
(-0.165959 0.237952 0)
(-0.175178 0.22203 0)
(-0.182462 0.204795 0)
(-0.18808 0.186927 0)
(-0.192305 0.168927 0)
(-0.195395 0.151153 0)
(-0.197583 0.133839 0)
(-0.199077 0.117124 0)
(-0.200053 0.101069 0)
(-0.200661 0.0856719 0)
(-0.201024 0.0708869 0)
(-0.201242 0.0566305 0)
(-0.201396 0.042792 0)
(-0.201548 0.0292409 0)
(-0.201741 0.015832 0)
(-0.202007 0.00241063 0)
(-0.20236 -0.0111832 0)
(-0.202798 -0.0251101 0)
(-0.203303 -0.0395273 0)
(-0.203837 -0.0545827 0)
(-0.204341 -0.0704088 0)
(-0.204728 -0.0871137 0)
(-0.20488 -0.104771 0)
(-0.204643 -0.123406 0)
(-0.203822 -0.142978 0)
(-0.202174 -0.163356 0)
(-0.199411 -0.184298 0)
(-0.195199 -0.20541 0)
(-0.189168 -0.226121 0)
(-0.180933 -0.245638 0)
(-0.170125 -0.262913 0)
(-0.156448 -0.276622 0)
(-0.13975 -0.285154 0)
(-0.120119 -0.28665 0)
(-0.0979921 -0.279071 0)
(-0.0742773 -0.260352 0)
(-0.0504007 -0.22861 0)
(-0.0282847 -0.182404 0)
(-0.0107003 -0.121018 0)
(-0.00173205 -0.0447719 0)
(-0.00166988 0.0467931 0)
(-0.0101548 0.125024 0)
(-0.0265143 0.186632 0)
(-0.0466492 0.231885 0)
(-0.0678562 0.262153 0)
(-0.0883745 0.279424 0)
(-0.106993 0.285954 0)
(-0.123018 0.283997 0)
(-0.136186 0.275629 0)
(-0.146531 0.262653 0)
(-0.154276 0.246562 0)
(-0.159749 0.228549 0)
(-0.163316 0.209533 0)
(-0.165345 0.190197 0)
(-0.166181 0.171026 0)
(-0.166129 0.152349 0)
(-0.165454 0.134367 0)
(-0.164381 0.117184 0)
(-0.163092 0.100828 0)
(-0.161738 0.0852686 0)
(-0.160439 0.0704331 0)
(-0.159291 0.0562155 0)
(-0.158368 0.0424858 0)
(-0.157729 0.0290962 0)
(-0.157415 0.0158865 0)
(-0.157458 0.00268758 0)
(-0.157874 -0.0106746 0)
(-0.158668 -0.0243759 0)
(-0.159833 -0.0385905 0)
(-0.161343 -0.0534865 0)
(-0.163151 -0.0692203 0)
(-0.165187 -0.0859297 0)
(-0.167348 -0.103723 0)
(-0.169492 -0.122668 0)
(-0.171429 -0.142771 0)
(-0.172913 -0.163957 0)
(-0.173636 -0.186036 0)
(-0.173222 -0.208671 0)
(-0.171229 -0.231329 0)
(-0.167165 -0.253234 0)
(-0.160513 -0.273312 0)
(-0.150784 -0.290145 0)
(-0.137601 -0.301937 0)
(-0.120809 -0.306526 0)
(-0.100631 -0.301441 0)
(-0.0778299 -0.28406 0)
(-0.0538318 -0.251863 0)
(-0.0307548 -0.202788 0)
(-0.0118437 -0.135635 0)
(-0.00196641 -0.0505651 0)
(-0.00193418 0.0523341 0)
(-0.0114107 0.138778 0)
(-0.0291533 0.205399 0)
(-0.0501851 0.252744 0)
(-0.0713226 0.28281 0)
(-0.0906539 0.298302 0)
(-0.107022 0.30213 0)
(-0.119916 0.29708 0)
(-0.129309 0.285608 0)
(-0.135482 0.269757 0)
(-0.138874 0.251159 0)
(-0.139991 0.231061 0)
(-0.139335 0.210385 0)
(-0.13737 0.189786 0)
(-0.134501 0.169707 0)
(-0.131072 0.150424 0)
(-0.127364 0.13209 0)
(-0.123604 0.114761 0)
(-0.119972 0.0984254 0)
(-0.116607 0.083019 0)
(-0.113615 0.0684401 0)
(-0.111081 0.0545599 0)
(-0.109068 0.0412302 0)
(-0.107623 0.0282882 0)
(-0.106784 0.0155613 0)
(-0.106579 0.0028696 0)
(-0.107028 -0.00997164 0)
(-0.108141 -0.0231497 0)
(-0.109921 -0.0368521 0)
(-0.112359 -0.0512638 0)
(-0.115426 -0.0665629 0)
(-0.119074 -0.0829147 0)
(-0.123226 -0.100464 0)
(-0.127763 -0.119322 0)
(-0.132517 -0.139552 0)
(-0.137256 -0.161143 0)
(-0.141672 -0.183982 0)
(-0.14537 -0.207808 0)
(-0.147856 -0.232167 0)
(-0.148543 -0.256342 0)
(-0.14677 -0.27928 0)
(-0.141839 -0.299519 0)
(-0.133106 -0.315116 0)
(-0.120104 -0.323611 0)
(-0.102738 -0.322059 0)
(-0.0815156 -0.307167 0)
(-0.0577626 -0.275588 0)
(-0.0337539 -0.224375 0)
(-0.013293 -0.151581 0)
(-0.00227673 -0.0570417 0)
(-0.00231238 0.0586547 0)
(-0.0131157 0.153997 0)
(-0.0325715 0.225402 0)
(-0.0545104 0.273956 0)
(-0.0751861 0.302626 0)
(-0.0926045 0.315119 0)
(-0.105788 0.315196 0)
(-0.114533 0.306262 0)
(-0.11916 0.291175 0)
(-0.120261 0.272201 0)
(-0.118534 0.251058 0)
(-0.114677 0.229 0)
(-0.109321 0.206904 0)
(-0.103012 0.185357 0)
(-0.0961986 0.164724 0)
(-0.0892402 0.14521 0)
(-0.0824154 0.126898 0)
(-0.0759362 0.109792 0)
(-0.069961 0.0938299 0)
(-0.0646058 0.0789123 0)
(-0.059955 0.0649086 0)
(-0.0560697 0.0516686 0)
(-0.0529949 0.0390283 0)
(-0.0507647 0.0268135 0)
(-0.0494063 0.0148434 0)
(-0.0489427 0.00293177 0)
(-0.0493939 -0.00911192 0)
(-0.0507775 -0.0214812 0)
(-0.0531072 -0.034372 0)
(-0.0563903 -0.0479809 0)
(-0.0606236 -0.0625029 0)
(-0.0657875 -0.0781275 0)
(-0.0718373 -0.0950324 0)
(-0.0786927 -0.113374 0)
(-0.0862241 -0.133274 0)
(-0.0942356 -0.154795 0)
(-0.102447 -0.177914 0)
(-0.11047 -0.202477 0)
(-0.117794 -0.228142 0)
(-0.123768 -0.254304 0)
(-0.127602 -0.279998 0)
(-0.128396 -0.303787 0)
(-0.125207 -0.32365 0)
(-0.117183 -0.336875 0)
(-0.103787 -0.340031 0)
(-0.0851139 -0.329047 0)
(-0.0622199 -0.299515 0)
(-0.03743 -0.24725 0)
(-0.0151729 -0.169144 0)
(-0.00270286 -0.0644022 0)
(-0.0028731 0.0660581 0)
(-0.0154722 0.171108 0)
(-0.0370036 0.2468 0)
(-0.059691 0.295238 0)
(-0.0791866 0.320898 0)
(-0.0935792 0.328885 0)
(-0.102279 0.324026 0)
(-0.105573 0.31042 0)
(-0.10425 0.291308 0)
(-0.0992865 0.269111 0)
(-0.0916615 0.245559 0)
(-0.0822558 0.221836 0)
(-0.071811 0.198712 0)
(-0.0609222 0.176659 0)
(-0.0500495 0.155932 0)
(-0.0395369 0.13664 0)
(-0.0296339 0.118785 0)
(-0.0205157 0.102307 0)
(-0.0123017 0.0870959 0)
(-0.00507013 0.0730141 0)
(0.00112926 0.0599052 0)
(0.00626539 0.0476012 0)
(0.0103183 0.0359265 0)
(0.0132733 0.0247008 0)
(0.0151167 0.0137404 0)
(0.0158331 0.00285828 0)
(0.0154037 -0.00813575 0)
(0.013806 -0.0194354 0)
(0.0110143 -0.0312383 0)
(0.00700236 -0.0437462 0)
(0.00174666 -0.0571642 0)
(-0.00476739 -0.0716992 0)
(-0.0125375 -0.0875563 0)
(-0.0215331 -0.104932 0)
(-0.0316804 -0.124005 0)
(-0.0428433 -0.144915 0)
(-0.0547989 -0.167739 0)
(-0.0672085 -0.192449 0)
(-0.0795861 -0.218853 0)
(-0.0912654 -0.246513 0)
(-0.101376 -0.274626 0)
(-0.108842 -0.301885 0)
(-0.112419 -0.326295 0)
(-0.110812 -0.344997 0)
(-0.102914 -0.354115 0)
(-0.0881857 -0.348735 0)
(-0.0671549 -0.323137 0)
(-0.0419676 -0.271425 0)
(-0.0176768 -0.188688 0)
(-0.00331458 -0.0729412 0)
(-0.00373935 0.0750058 0)
(-0.0187931 0.190652 0)
(-0.0427222 0.269635 0)
(-0.0656437 0.315976 0)
(-0.0826985 0.336484 0)
(-0.0923939 0.338171 0)
(-0.0948525 0.327137 0)
(-0.091085 0.308187 0)
(-0.082476 0.284852 0)
(-0.0704318 0.259586 0)
(-0.056202 0.234009 0)
(-0.0408134 0.209138 0)
(-0.0250641 0.185564 0)
(-0.00954775 0.163592 0)
(0.00531189 0.143338 0)
(0.0192252 0.124794 0)
(0.032004 0.107879 0)
(0.0435348 0.0924612 0)
(0.0537562 0.0783863 0)
(0.0626416 0.0654834 0)
(0.0701864 0.0535751 0)
(0.0763971 0.0424815 0)
(0.0812842 0.0320222 0)
(0.0848564 0.0220168 0)
(0.0871167 0.0122851 0)
(0.0880595 0.00264602 0)
(0.087669 -0.00708368 0)
(0.085919 -0.0170908 0)
(0.0827724 -0.0275674 0)
(0.0781838 -0.0387122 0)
(0.072102 -0.050732 0)
(0.0644747 -0.0638418 0)
(0.0552561 -0.0782648 0)
(0.0444171 -0.0942286 0)
(0.0319601 -0.11196 0)
(0.017939 -0.131671 0)
(0.0024863 -0.15354 0)
(-0.0141519 -0.177677 0)
(-0.0315722 -0.204068 0)
(-0.0491625 -0.23249 0)
(-0.0660483 -0.262389 0)
(-0.0810487 -0.292704 0)
(-0.0926654 -0.321628 0)
(-0.0991458 -0.346325 0)
(-0.0986907 -0.362621 0)
(-0.0898814 -0.36478 0)
(-0.0723258 -0.345552 0)
(-0.0475654 -0.29674 0)
(-0.0211053 -0.210661 0)
(-0.00423793 -0.0831087 0)
(-0.00513627 0.0862272 0)
(-0.0235567 0.213272 0)
(-0.0499647 0.293655 0)
(-0.0719005 0.334968 0)
(-0.084386 0.347571 0)
(-0.0869498 0.340963 0)
(-0.0808866 0.322635 0)
(-0.0681844 0.297979 0)
(-0.0509149 0.270609 0)
(-0.0308969 0.242806 0)
(-0.0095803 0.215921 0)
(0.0119515 0.190687 0)
(0.0329302 0.167441 0)
(0.0528391 0.146282 0)
(0.0713509 0.12716 0)
(0.0882768 0.10995 0)
(0.103524 0.0944788 0)
(0.117066 0.0805582 0)
(0.128915 0.0679923 0)
(0.139108 0.0565869 0)
(0.147693 0.0461526 0)
(0.15472 0.0365059 0)
(0.160232 0.0274694 0)
(0.164265 0.0188703 0)
(0.166838 0.010539 0)
(0.167958 0.00230734 0)
(0.167614 -0.00599405 0)
(0.165777 -0.0145378 0)
(0.1624 -0.0235024 0)
(0.15742 -0.0330751 0)
(0.15076 -0.0434543 0)
(0.142329 -0.0548525 0)
(0.132031 -0.0674976 0)
(0.119773 -0.0816346 0)
(0.105475 -0.097524 0)
(0.089091 -0.115436 0)
(0.0706331 -0.13564 0)
(0.0502109 -0.158379 0)
(0.028081 -0.183825 0)
(0.00471435 -0.21201 0)
(-0.0191201 -0.242702 0)
(-0.042263 -0.275214 0)
(-0.0630804 -0.308126 0)
(-0.079433 -0.338884 0)
(-0.088787 -0.363302 0)
(-0.0885969 -0.375025 0)
(-0.0770437 -0.365185 0)
(-0.0543446 -0.322646 0)
(-0.025917 -0.235564 0)
(-0.00570376 -0.0956206 0)
(-0.00747181 0.100902 0)
(-0.0304519 0.239606 0)
(-0.0586907 0.317917 0)
(-0.0770929 0.349987 0)
(-0.0815674 0.351366 0)
(-0.0736284 0.334534 0)
(-0.0562916 0.308249 0)
(-0.0327135 0.278128 0)
(-0.00562288 0.247509 0)
(0.0228836 0.218218 0)
(0.0513182 0.191143 0)
(0.0786913 0.166619 0)
(0.104389 0.144674 0)
(0.128063 0.125173 0)
(0.149553 0.107904 0)
(0.168815 0.0926254 0)
(0.185884 0.0790944 0)
(0.200836 0.0670755 0)
(0.213771 0.0563485 0)
(0.224796 0.0467086 0)
(0.234013 0.0379664 0)
(0.241515 0.0299454 0)
(0.247379 0.0224801 0)
(0.251666 0.0154133 0)
(0.254414 0.0085933 0)
(0.255641 0.00187136 0)
(0.25534 -0.0049012 0)
(0.253482 -0.011876 0)
(0.250015 -0.0192105 0)
(0.244859 -0.027072 0)
(0.237915 -0.0356404 0)
(0.229058 -0.0451132 0)
(0.218146 -0.055709 0)
(0.205022 -0.0676722 0)
(0.189523 -0.0812763 0)
(0.171492 -0.096826 0)
(0.150804 -0.114655 0)
(0.127395 -0.135116 0)
(0.101314 -0.158555 0)
(0.0727964 -0.185262 0)
(0.0423706 -0.215369 0)
(0.0109926 -0.248677 0)
(-0.0197843 -0.28436 0)
(-0.0476446 -0.320485 0)
(-0.0694382 -0.353311 0)
(-0.081368 -0.376353 0)
(-0.0796401 -0.379365 0)
(-0.0620718 -0.347795 0)
(-0.0327565 -0.263815 0)
(-0.00812711 -0.111637 0)
(-0.0114259 0.120908 0)
(-0.0402715 0.269907 0)
(-0.0678806 0.340045 0)
(-0.0778607 0.357158 0)
(-0.0690963 0.3438 0)
(-0.0463785 0.31547 0)
(-0.0148878 0.281555 0)
(0.0211114 0.247206 0)
(0.0585083 0.214954 0)
(0.0952427 0.185837 0)
(0.130063 0.160103 0)
(0.162284 0.137616 0)
(0.191592 0.118074 0)
(0.217908 0.101125 0)
(0.241294 0.0864167 0)
(0.261889 0.0736268 0)
(0.27987 0.0624653 0)
(0.295428 0.0526771 0)
(0.308748 0.0440379 0)
(0.320003 0.03635 0)
(0.329345 0.0294376 0)
(0.336907 0.0231427 0)
(0.342795 0.0173207 0)
(0.347089 0.0118377 0)
(0.349845 0.00656618 0)
(0.351088 0.00138281 0)
(0.350819 -0.00383507 0)
(0.349009 -0.00921235 0)
(0.345601 -0.0148794 0)
(0.340509 -0.0209758 0)
(0.333615 -0.0276542 0)
(0.324769 -0.0350854 0)
(0.313793 -0.0434637 0)
(0.300476 -0.0530133 0)
(0.28458 -0.0639962 0)
(0.265845 -0.0767194 0)
(0.244005 -0.0915431 0)
(0.218806 -0.108885 0)
(0.19005 -0.129217 0)
(0.157657 -0.153047 0)
(0.121774 -0.180858 0)
(0.0829353 -0.212989 0)
(0.042301 -0.249371 0)
(0.00196678 -0.28905 0)
(-0.034701 -0.329346 0)
(-0.0628554 -0.364506 0)
(-0.0763893 -0.383757 0)
(-0.0694038 -0.369264 0)
(-0.0422986 -0.295302 0)
(-0.012182 -0.132987 0)
(-0.017846 0.149168 0)
(-0.0531069 0.302911 0)
(-0.0736427 0.354826 0)
(-0.0666436 0.350158 0)
(-0.0375234 0.319453 0)
(0.00450619 0.280071 0)
(0.0522385 0.240599 0)
(0.100914 0.204657 0)
(0.147693 0.173356 0)
(0.191078 0.146669 0)
(0.230418 0.12412 0)
(0.265563 0.105114 0)
(0.296634 0.0890744 0)
(0.323892 0.0754932 0)
(0.347652 0.063942 0)
(0.368242 0.0540651 0)
(0.385978 0.0455687 0)
(0.401148 0.0382094 0)
(0.41401 0.0317836 0)
(0.424789 0.0261189 0)
(0.433676 0.0210676 0)
(0.440828 0.0165002 0)
(0.446371 0.0123016 0)
(0.450399 0.00836643 0)
(0.452975 0.00459665 0)
(0.454134 0.000897963 0)
(0.453881 -0.00282267 0)
(0.452189 -0.00665987 0)
(0.449002 -0.0107128 0)
(0.444229 -0.0150882 0)
(0.437747 -0.0199049 0)
(0.429394 -0.0252975 0)
(0.41897 -0.031423 0)
(0.406231 -0.0384677 0)
(0.390884 -0.0466564 0)
(0.372593 -0.056264 0)
(0.350971 -0.0676301 0)
(0.325592 -0.0811751 0)
(0.296008 -0.0974184 0)
(0.261791 -0.116992 0)
(0.222608 -0.140639 0)
(0.178369 -0.169167 0)
(0.129479 -0.203298 0)
(0.0772443 -0.243307 0)
(0.0244668 -0.288217 0)
(-0.0237675 -0.334205 0)
(-0.0594321 -0.371722 0)
(-0.0719547 -0.381177 0)
(-0.0543245 -0.328169 0)
(-0.0186424 -0.16248 0)
(-0.0267693 0.190611 0)
(-0.0654222 0.332989 0)
(-0.0645469 0.351468 0)
(-0.0275041 0.319192 0)
(0.0295993 0.27191 0)
(0.0936835 0.225342 0)
(0.157059 0.184967 0)
(0.215925 0.151694 0)
(0.268768 0.124796 0)
(0.315296 0.103144 0)
(0.35581 0.0856566 0)
(0.390854 0.071437 0)
(0.42104 0.0597778 0)
(0.446964 0.0501343 0)
(0.469167 0.0420887 0)
(0.488126 0.035319 0)
(0.504256 0.0295743 0)
(0.517907 0.0246561 0)
(0.529377 0.0204051 0)
(0.538916 0.0166907 0)
(0.546726 0.013404 0)
(0.552975 0.010452 0)
(0.55779 0.00775355 0)
(0.56127 0.00523573 0)
(0.563481 0.00283144 0)
(0.564457 0.00047686 0)
(0.564206 -0.0018906 0)
(0.562707 -0.00433455 0)
(0.559906 -0.00692176 0)
(0.55572 -0.00972471 0)
(0.550029 -0.0128247 0)
(0.542675 -0.0163154 0)
(0.533458 -0.020308 0)
(0.522128 -0.0249376 0)
(0.508377 -0.0303718 0)
(0.491831 -0.0368225 0)
(0.472035 -0.0445621 0)
(0.448451 -0.053946 0)
(0.420441 -0.0654424 0)
(0.387272 -0.0796714 0)
(0.34814 -0.0974518 0)
(0.30224 -0.119845 0)
(0.248944 -0.148162 0)
(0.188165 -0.183834 0)
(0.121064 -0.227936 0)
(0.0513135 -0.279783 0)
(-0.0130431 -0.33364 0)
(-0.0577896 -0.372208 0)
(-0.0646664 -0.355932 0)
(-0.027284 -0.204809 0)
(-0.0329194 0.250379 0)
(-0.0615915 0.344031 0)
(-0.0114962 0.31058 0)
(0.0708067 0.25151 0)
(0.158902 0.19597 0)
(0.241402 0.151382 0)
(0.31395 0.117663 0)
(0.375854 0.0925446 0)
(0.428013 0.0737352 0)
(0.471779 0.059456 0)
(0.508492 0.0484341 0)
(0.539329 0.0397812 0)
(0.565275 0.0328794 0)
(0.587136 0.0272951 0)
(0.605567 0.0227185 0)
(0.621099 0.0189241 0)
(0.634167 0.015744 0)
(0.645121 0.0130504 0)
(0.654248 0.0107436 0)
(0.661782 0.00874434 0)
(0.66791 0.00698778 0)
(0.672781 0.00541969 0)
(0.67651 0.00399349 0)
(0.679184 0.00266801 0)
(0.680861 0.00140567 0)
(0.681572 0.000171105 0)
(0.681325 -0.00107021 0)
(0.680103 -0.00235332 0)
(0.677863 -0.00371508 0)
(0.674533 -0.00519567 0)
(0.670012 -0.00684056 0)
(0.664166 -0.00870282 0)
(0.656819 -0.0108463 0)
(0.647749 -0.0133501 0)
(0.636677 -0.0163145 0)
(0.623251 -0.0198697 0)
(0.607031 -0.0241887 0)
(0.587465 -0.0295063 0)
(0.563856 -0.0361483 0)
(0.535324 -0.044575 0)
(0.500766 -0.0554489 0)
(0.458821 -0.0697341 0)
(0.407871 -0.0888336 0)
(0.34616 -0.114746 0)
(0.272256 -0.150116 0)
(0.186288 -0.197706 0)
(0.0922866 -0.258054 0)
(0.00186332 -0.323307 0)
(-0.0569242 -0.361543 0)
(-0.0321688 -0.263989 0)
(0.00108248 0.294883 0)
(0.0168482 0.298606 0)
(0.152308 0.213011 0)
(0.282838 0.145318 0)
(0.387999 0.0996314 0)
(0.471209 0.0698037 0)
(0.536621 0.0504509 0)
(0.588086 0.0376502 0)
(0.628947 0.0288902 0)
(0.661762 0.0226688 0)
(0.688396 0.0180958 0)
(0.710208 0.0146329 0)
(0.728196 0.0119444 0)
(0.743109 0.00981398 0)
(0.755516 0.00809677 0)
(0.765855 0.00669238 0)
(0.774469 0.00552891 0)
(0.781628 0.00455326 0)
(0.787547 0.00372509 0)
(0.792399 0.0030129 0)
(0.796318 0.00239143 0)
(0.799411 0.00183987 0)
(0.80176 0.00134056 0)
(0.803424 0.000878092 0)
(0.804446 0.000438548 0)
(0.804847 8.89447e-06 0)
(0.804632 -0.000423628 0)
(0.80379 -0.000871764 0)
(0.802291 -0.00134902 0)
(0.800087 -0.00187021 0)
(0.797107 -0.00245219 0)
(0.793257 -0.00311485 0)
(0.788415 -0.00388239 0)
(0.782423 -0.00478521 0)
(0.775079 -0.00586257 0)
(0.766125 -0.00716654 0)
(0.755229 -0.00876816 0)
(0.74196 -0.0107671 0)
(0.725751 -0.0133078 0)
(0.705844 -0.0166062 0)
(0.68121 -0.0209983 0)
(0.650434 -0.0270258 0)
(0.611537 -0.0355938 0)
(0.561748 -0.0482543 0)
(0.497333 -0.0676663 0)
(0.41383 -0.098133 0)
(0.306338 -0.145766 0)
(0.170527 -0.217294 0)
(0.0269021 -0.307192 0)
(0.0051851 -0.303007 0)
(0.290248 0.15241 0)
(0.389527 0.128231 0)
(0.565409 0.0747306 0)
(0.683234 0.0422302 0)
(0.752826 0.0245289 0)
(0.79784 0.0148883 0)
(0.82901 0.00958094 0)
(0.851486 0.00655762 0)
(0.868298 0.00473351 0)
(0.881267 0.00355866 0)
(0.891502 0.0027548 0)
(0.899712 0.00217646 0)
(0.906375 0.00174374 0)
(0.911827 0.00141019 0)
(0.916312 0.00114713 0)
(0.920013 0.000935874 0)
(0.923069 0.000763607 0)
(0.925587 0.000621188 0)
(0.927653 0.000501846 0)
(0.929332 0.000400409 0)
(0.930677 0.000312803 0)
(0.931728 0.000235725 0)
(0.932516 0.000166415 0)
(0.933062 0.000102492 0)
(0.933383 4.18393e-05 0)
(0.933486 -1.7509e-05 0)
(0.933373 -7.75783e-05 0)
(0.933039 -0.0001402 0)
(0.932473 -0.000207417 0)
(0.931656 -0.000281486 0)
(0.930561 -0.000364995 0)
(0.929154 -0.000461022 0)
(0.927387 -0.000573373 0)
(0.925199 -0.000706905 0)
(0.922513 -0.00086801 0)
(0.919228 -0.00106537 0)
(0.915212 -0.00131118 0)
(0.910291 -0.00162321 0)
(0.90423 -0.00202852 0)
(0.896702 -0.00257055 0)
(0.887242 -0.00332334 0)
(0.875154 -0.00442117 0)
(0.859352 -0.00612271 0)
(0.838032 -0.00894869 0)
(0.808142 -0.0139591 0)
(0.764411 -0.0232457 0)
(0.695906 -0.0407709 0)
(0.577941 -0.0737466 0)
(0.398047 -0.128744 0)
(0.293868 -0.153785 0)
)
;

boundaryField
{
    movingWallTop
    {
        type            fixedValue;
        value           uniform (1 0 0);
    }
    movingWallBottom
    {
        type            fixedValue;
        value           uniform (1 0 0);
    }
    fixedWalls
    {
        type            noSlip;
    }
    frontAndBack
    {
        type            empty;
    }
}


// ************************************************************************* //
