/*--------------------------------*- C++ -*----------------------------------*\
  =========                 |
  \\      /  F ield         | OpenFOAM: The Open Source CFD Toolbox
   \\    /   O peration     | Website:  https://openfoam.org
    \\  /    A nd           | Version:  7
     \\/     M anipulation  |
\*---------------------------------------------------------------------------*/
FoamFile
{
    version     2.0;
    format      ascii;
    class       surfaceScalarField;
    location    "0.004";
    object      phi;
}
// * * * * * * * * * * * * * * * * * * * * * * * * * * * * * * * * * * * * * //

dimensions      [0 3 -1 0 0 0 0];

internalField   nonuniform List<scalar> 
4900
(
-5.56511e-06
5.56511e-06
-1.01554e-05
4.59031e-06
-1.28994e-05
2.74402e-06
-1.45535e-05
1.65403e-06
-1.55746e-05
1.02113e-06
-1.62234e-05
6.48806e-07
-1.66507e-05
4.27338e-07
-1.69428e-05
2.92041e-07
-1.71492e-05
2.0641e-07
-1.72995e-05
1.5033e-07
-1.7412e-05
1.12477e-07
-1.74982e-05
8.62083e-08
-1.75657e-05
6.74766e-08
-1.76194e-05
5.37413e-08
-1.76628e-05
4.33739e-08
-1.76981e-05
3.53139e-08
-1.7727e-05
2.88605e-08
-1.77505e-05
2.35435e-08
-1.77696e-05
1.90416e-08
-1.77847e-05
1.51295e-08
-1.77963e-05
1.16452e-08
-1.78048e-05
8.46765e-09
-1.78103e-05
5.50325e-09
-1.7813e-05
2.67615e-09
-1.78129e-05
-8.3678e-11
-1.78101e-05
-2.82542e-09
-1.78045e-05
-5.61731e-09
-1.77959e-05
-8.51563e-09
-1.77844e-05
-1.15876e-08
-1.77694e-05
-1.49118e-08
-1.77509e-05
-1.85856e-08
-1.77281e-05
-2.27349e-08
-1.77006e-05
-2.75289e-08
-1.76674e-05
-3.32029e-08
-1.76273e-05
-4.00938e-08
-1.75786e-05
-4.86956e-08
-1.75189e-05
-5.97448e-08
-1.74445e-05
-7.43567e-08
-1.73503e-05
-9.42425e-08
-1.72282e-05
-1.22067e-07
-1.70661e-05
-1.6206e-07
-1.6845e-05
-2.21112e-07
-1.65342e-05
-3.10817e-07
-1.60828e-05
-4.51365e-07
-1.54045e-05
-6.78362e-07
-1.43522e-05
-1.05229e-06
-1.26807e-05
-1.67151e-06
-9.96432e-06
-2.71635e-06
-5.46685e-06
-4.49747e-06
-5.46685e-06
6.62728e-09
5.55849e-06
-2.03465e-06
6.63159e-06
-4.62507e-06
5.33444e-06
-6.85673e-06
3.88569e-06
-8.57443e-06
2.73883e-06
-9.84498e-06
1.91936e-06
-1.07742e-05
1.35655e-06
-1.14553e-05
9.73141e-07
-1.19594e-05
7.10477e-07
-1.23376e-05
5.28584e-07
-1.2626e-05
4.00913e-07
-1.28497e-05
3.09851e-07
-1.30259e-05
2.43669e-07
-1.31667e-05
1.94516e-07
-1.32804e-05
1.57117e-07
-1.3373e-05
1.27909e-07
-1.34486e-05
1.04477e-07
-1.35102e-05
8.51623e-08
-1.356e-05
6.88159e-08
-1.35995e-05
5.46228e-08
-1.36298e-05
4.19919e-08
-1.36519e-05
3.04808e-08
-1.36661e-05
1.97455e-08
-1.36729e-05
9.50614e-09
-1.36725e-05
-4.80585e-10
-1.36649e-05
-1.04258e-08
-1.365e-05
-2.0552e-08
-1.36274e-05
-3.10793e-08
-1.35968e-05
-4.22561e-08
-1.35573e-05
-5.43754e-08
-1.35081e-05
-6.78e-08
-1.34478e-05
-8.29984e-08
-1.33748e-05
-1.00597e-07
-1.32865e-05
-1.21458e-07
-1.31798e-05
-1.46795e-07
-1.30501e-05
-1.78349e-07
-1.28912e-05
-2.1864e-07
-1.26943e-05
-2.71354e-07
-1.24466e-05
-3.41895e-07
-1.21305e-05
-4.38209e-07
-1.17205e-05
-5.72001e-07
-1.11811e-05
-7.60552e-07
-1.04625e-05
-1.02938e-06
-9.4979e-06
-1.41598e-06
-8.20255e-06
-1.97371e-06
-6.48492e-06
-2.76992e-06
-4.2951e-06
-3.86133e-06
-1.79523e-06
-5.21623e-06
1.20183e-07
-6.41288e-06
-5.34667e-06
1.08263e-06
4.47585e-06
7.35184e-07
6.97904e-06
-5.85253e-07
6.65488e-06
-2.19626e-06
5.4967e-06
-3.72225e-06
4.26482e-06
-5.02092e-06
3.21803e-06
-6.06955e-06
2.40517e-06
-6.89526e-06
1.79885e-06
-7.53934e-06
1.35456e-06
-8.04178e-06
1.03103e-06
-8.43602e-06
7.95153e-07
-8.74815e-06
6.21977e-07
-8.99779e-06
4.93306e-07
-9.1994e-06
3.96128e-07
-9.36354e-06
3.21256e-07
-9.49788e-06
2.62249e-07
-9.608e-06
2.14601e-07
-9.69799e-06
1.75152e-07
-9.77084e-06
1.41664e-07
-9.82875e-06
1.12528e-07
-9.87332e-06
8.65635e-08
-9.90572e-06
6.28795e-08
-9.92675e-06
4.07782e-08
-9.93693e-06
1.96898e-08
-9.93653e-06
-8.79625e-10
-9.92559e-06
-2.13712e-08
-9.90391e-06
-4.22314e-08
-9.87107e-06
-6.39144e-08
-9.8264e-06
-8.69282e-08
-9.76891e-06
-1.1187e-07
-9.69723e-06
-1.39475e-07
-9.60955e-06
-1.70684e-07
-9.5034e-06
-2.06744e-07
-9.37552e-06
-2.49341e-07
-9.2215e-06
-3.00809e-07
-9.03544e-06
-3.6441e-07
-8.80934e-06
-4.4474e-07
-8.53242e-06
-5.48279e-07
-8.19019e-06
-6.84122e-07
-7.76348e-06
-8.6492e-07
-7.22748e-06
-1.108e-06
-6.55148e-06
-1.43655e-06
-5.70038e-06
-1.88048e-06
-4.64066e-06
-2.4757e-06
-3.35573e-06
-3.25864e-06
-1.87899e-06
-4.24667e-06
-3.56013e-07
-5.3843e-06
8.52866e-07
-6.42511e-06
1.10503e-06
-6.66504e-06
-4.24164e-06
9.75168e-07
3.50068e-06
1.4795e-06
6.4747e-06
1.16945e-06
6.96493e-06
3.53218e-07
6.31293e-06
-6.59628e-07
5.27766e-06
-1.67113e-06
4.22953e-06
-2.58311e-06
3.31715e-06
-3.36197e-06
2.57771e-06
-4.00819e-06
2.00077e-06
-4.53683e-06
1.55967e-06
-4.96715e-06
1.22547e-06
-5.31761e-06
9.72447e-07
-5.60406e-06
7.79755e-07
-5.83926e-06
6.3132e-07
-6.03314e-06
5.15145e-07
-6.19335e-06
4.22451e-07
-6.32563e-06
3.46886e-07
-6.43435e-06
2.8387e-07
-6.52277e-06
2.30084e-07
-6.59334e-06
1.83101e-07
-6.64789e-06
1.4111e-07
-6.68774e-06
1.02728e-07
-6.71382e-06
6.68612e-08
-6.72674e-06
3.26106e-08
-6.72682e-06
-8.04013e-10
-6.7141e-06
-3.40915e-08
-6.68837e-06
-6.79537e-08
-6.64917e-06
-1.03114e-07
-6.59573e-06
-1.40375e-07
-6.52692e-06
-1.80673e-07
-6.44125e-06
-2.25148e-07
-6.33669e-06
-2.75247e-07
-6.21058e-06
-3.32851e-07
-6.05946e-06
-4.00466e-07
-5.87879e-06
-4.81476e-07
-5.6627e-06
-5.80495e-07
-5.40363e-06
-7.03817e-07
-5.09192e-06
-8.59985e-07
-4.71561e-06
-1.06044e-06
-4.26038e-06
-1.32014e-06
-3.71039e-06
-1.658e-06
-3.05042e-06
-2.09652e-06
-2.27101e-06
-2.65989e-06
-1.37838e-06
-3.36832e-06
-4.11999e-07
-4.22503e-06
5.29123e-07
-5.18779e-06
1.25755e-06
-6.11273e-06
1.48979e-06
-6.65736e-06
9.52285e-07
-6.12753e-06
-3.28935e-06
7.49812e-07
2.75087e-06
1.52081e-06
5.70371e-06
1.79976e-06
6.68598e-06
1.60842e-06
6.50427e-06
1.11431e-06
5.77177e-06
4.79759e-07
4.86408e-06
-1.81947e-07
3.97886e-06
-8.0646e-07
3.20222e-06
-1.36441e-06
2.55872e-06
-1.84754e-06
2.04281e-06
-2.25865e-06
1.63658e-06
-2.60535e-06
1.31914e-06
-2.89656e-06
1.07097e-06
-3.14082e-06
8.75587e-07
-3.34559e-06
7.19906e-07
-3.517e-06
5.93863e-07
-3.66001e-06
4.89897e-07
-3.77852e-06
4.02384e-07
-3.87558e-06
3.27142e-07
-3.95353e-06
2.61046e-07
-4.01414e-06
2.01723e-07
-4.05874e-06
1.47331e-07
-4.08828e-06
9.63983e-08
-4.10337e-06
4.77015e-08
-4.10435e-06
1.75209e-10
-4.09128e-06
-4.71594e-08
-4.06397e-06
-9.52597e-08
-4.02197e-06
-1.45118e-07
-3.96452e-06
-1.97822e-07
-3.89056e-06
-2.54633e-07
-3.79864e-06
-3.17068e-07
-3.68687e-06
-3.87017e-07
-3.55282e-06
-4.66902e-07
-3.39341e-06
-5.59876e-07
-3.20479e-06
-6.70099e-07
-2.98221e-06
-8.03075e-07
-2.71997e-06
-9.66063e-07
-2.41144e-06
-1.16851e-06
-2.04945e-06
-1.42243e-06
-1.62713e-06
-1.74246e-06
-1.13977e-06
-2.14536e-06
-5.88199e-07
-2.64809e-06
1.54279e-08
-3.26351e-06
6.38865e-07
-3.99176e-06
1.2182e-06
-4.80436e-06
1.64717e-06
-5.61676e-06
1.7796e-06
-6.24516e-06
1.47056e-06
-6.34831e-06
7.13825e-07
-5.3708e-06
-2.57553e-06
5.55975e-07
2.1949e-06
1.34605e-06
4.91363e-06
1.90423e-06
6.12781e-06
2.11271e-06
6.29578e-06
2.02137e-06
5.86311e-06
1.73052e-06
5.15493e-06
1.33428e-06
4.37509e-06
9.01541e-07
3.63496e-06
4.75445e-07
2.98482e-06
7.9414e-08
2.43884e-06
-2.76248e-07
1.99224e-06
-5.89037e-07
1.63193e-06
-8.60578e-07
1.34251e-06
-1.09436e-06
1.10936e-06
-1.29441e-06
9.19957e-07
-1.46464e-06
7.64101e-07
-1.60856e-06
6.33809e-07
-1.7291e-06
5.22927e-07
-1.82871e-06
4.26754e-07
-1.90935e-06
3.41682e-07
-1.97254e-06
2.64918e-07
-2.01947e-06
1.94257e-07
-2.05098e-06
1.27908e-07
-2.06765e-06
6.4369e-08
-2.06979e-06
2.31998e-09
-2.05749e-06
-5.94573e-08
-2.0306e-06
-1.22152e-07
-1.98873e-06
-1.86991e-07
-1.93124e-06
-2.55313e-07
-1.85723e-06
-3.28644e-07
-1.76549e-06
-4.088e-07
-1.65451e-06
-4.98004e-07
-1.52237e-06
-5.99043e-07
-1.36677e-06
-7.15468e-07
-1.18504e-06
-8.51832e-07
-9.74135e-07
-1.01398e-06
-7.3086e-07
-1.20934e-06
-4.52245e-07
-1.44713e-06
-1.36287e-07
-1.73838e-06
2.1673e-07
-2.09548e-06
6.02102e-07
-2.53073e-06
1.00742e-06
-3.05341e-06
1.40808e-06
-3.66417e-06
1.76193e-06
-4.34562e-06
2.00506e-06
-5.04748e-06
2.05349e-06
-5.66519e-06
1.82138e-06
-6.01305e-06
1.27163e-06
-5.79856e-06
5.20332e-07
-4.6195e-06
-2.0552e-06
4.13551e-07
1.78135e-06
1.12851e-06
4.19867e-06
1.7779e-06
5.47842e-06
2.2008e-06
5.87288e-06
2.37549e-06
5.68842e-06
2.34695e-06
5.18347e-06
2.17894e-06
4.5431e-06
1.92975e-06
3.88416e-06
1.64364e-06
3.27093e-06
1.35046e-06
2.73201e-06
1.06835e-06
2.27435e-06
8.07115e-07
1.89317e-06
5.71128e-07
1.57849e-06
3.61533e-07
1.31896e-06
1.77698e-07
1.10379e-06
1.81481e-08
9.23651e-07
-1.18887e-07
7.70844e-07
-2.35174e-07
6.39215e-07
-3.32325e-07
5.23904e-07
-4.11729e-07
4.21086e-07
-4.74536e-07
3.27725e-07
-5.21659e-07
2.4138e-07
-5.53786e-07
1.60035e-07
-5.71393e-07
8.19768e-08
-5.7476e-07
5.68695e-09
-5.63975e-07
-7.02427e-08
-5.3894e-07
-1.47186e-07
-4.99377e-07
-2.26555e-07
-4.44816e-07
-3.09873e-07
-3.74601e-07
-3.98859e-07
-2.87881e-07
-4.9552e-07
-1.83615e-07
-6.0227e-07
-6.05903e-08
-7.22067e-07
8.2528e-08
-8.58586e-07
2.47103e-07
-1.01641e-06
4.34327e-07
-1.20121e-06
6.44891e-07
-1.4199e-06
8.78413e-07
-1.68065e-06
1.13255e-06
-1.99252e-06
1.40164e-06
-2.36457e-06
1.67484e-06
-2.80393e-06
1.93369e-06
-3.31226e-06
2.14953e-06
-3.88001e-06
2.28167e-06
-4.47777e-06
2.27853e-06
-5.04435e-06
2.08582e-06
-5.47248e-06
1.66809e-06
-5.59532e-06
1.0505e-06
-5.18097e-06
3.82754e-07
-3.95176e-06
-1.67244e-06
3.11969e-07
1.46938e-06
9.23572e-07
3.58707e-06
1.56272e-06
4.83928e-06
2.07274e-06
5.36286e-06
2.39781e-06
5.36335e-06
2.54448e-06
5.0368e-06
2.54806e-06
4.53952e-06
2.45086e-06
3.98136e-06
2.29097e-06
3.43082e-06
2.09812e-06
2.92487e-06
1.89338e-06
2.47908e-06
1.6906e-06
2.09595e-06
1.49816e-06
1.77094e-06
1.32069e-06
1.49642e-06
1.16041e-06
1.26408e-06
1.01803e-06
1.06603e-06
8.93428e-07
8.95443e-07
7.86064e-07
7.4658e-07
6.95211e-07
6.14757e-07
6.2012e-07
4.96176e-07
5.60098e-07
3.87747e-07
5.14551e-07
2.86927e-07
4.83003e-07
1.91583e-07
4.65107e-07
9.98722e-08
4.60648e-07
1.0146e-08
4.69538e-07
-7.91322e-08
4.91814e-07
-1.69462e-07
5.27635e-07
-2.62376e-07
5.77276e-07
-3.59514e-07
6.41114e-07
-4.62697e-07
7.19609e-07
-5.74015e-07
8.13271e-07
-6.95931e-07
9.22595e-07
-8.31392e-07
1.04797e-06
-9.83958e-07
1.18949e-06
-1.15793e-06
1.34671e-06
-1.35843e-06
1.51824e-06
-1.59143e-06
1.70113e-06
-1.86353e-06
1.89001e-06
-2.18141e-06
2.07603e-06
-2.55059e-06
2.24543e-06
-2.97333e-06
2.37824e-06
-3.44506e-06
2.44735e-06
-3.94913e-06
2.41927e-06
-4.44968e-06
2.25804e-06
-4.88312e-06
1.93525e-06
-5.14969e-06
1.4488e-06
-5.10887e-06
8.51817e-07
-4.58399e-06
2.86757e-07
-3.3867e-06
-1.38569e-06
2.38209e-07
1.23117e-06
7.46021e-07
3.07926e-06
1.32677e-06
4.25853e-06
1.84614e-06
4.84348e-06
2.23788e-06
4.97161e-06
2.48619e-06
4.78848e-06
2.60492e-06
4.42079e-06
2.62084e-06
3.96544e-06
2.56305e-06
3.48861e-06
2.45737e-06
3.03055e-06
2.32433e-06
2.61212e-06
2.17901e-06
2.24128e-06
2.03181e-06
1.91813e-06
1.88955e-06
1.63869e-06
1.75643e-06
1.3972e-06
1.63487e-06
1.18759e-06
1.52614e-06
1.00418e-06
1.43077e-06
8.41953e-07
1.34886e-06
6.96663e-07
1.2803e-06
5.64736e-07
1.22486e-06
4.43192e-07
1.18227e-06
3.29516e-07
1.15229e-06
2.2156e-07
1.13473e-06
1.17436e-07
1.12944e-06
1.54379e-08
1.13634e-06
-8.60334e-08
1.15542e-06
-1.8854e-07
1.18671e-06
-2.93672e-07
1.23031e-06
-4.03109e-07
1.2863e-06
-5.18693e-07
1.35478e-06
-6.42496e-07
1.43576e-06
-7.76906e-07
1.52907e-06
-9.24708e-07
1.63428e-06
-1.08917e-06
1.75045e-06
-1.2741e-06
1.87587e-06
-1.48384e-06
2.00764e-06
-1.7232e-06
2.14116e-06
-1.99706e-06
2.26944e-06
-2.30968e-06
2.38226e-06
-2.66341e-06
2.46548e-06
-3.05655e-06
2.50049e-06
-3.48007e-06
2.46463e-06
-3.91326e-06
2.33317e-06
-4.31823e-06
2.08431e-06
-4.63426e-06
1.70827e-06
-4.77365e-06
1.22146e-06
-4.62206e-06
6.84501e-07
-4.04703e-06
2.18176e-07
-2.92037e-06
-1.16751e-06
1.8342e-07
1.04775e-06
5.97858e-07
2.66482e-06
1.10237e-06
3.75402e-06
1.58875e-06
4.3571e-06
1.99286e-06
4.56751e-06
2.28843e-06
4.49292e-06
2.4752e-06
4.23402e-06
2.56747e-06
3.87317e-06
2.58532e-06
3.47076e-06
2.54921e-06
3.06666e-06
2.47705e-06
2.68428e-06
2.38323e-06
2.33509e-06
2.27861e-06
2.02276e-06
2.17095e-06
1.74634e-06
2.06562e-06
1.50253e-06
1.96617e-06
1.28704e-06
1.87487e-06
1.09547e-06
1.79312e-06
9.23707e-07
1.72171e-06
7.6807e-07
1.66107e-06
6.25371e-07
1.6114e-06
4.92862e-07
1.57275e-06
3.68166e-07
1.54511e-06
2.49207e-07
1.52841e-06
1.34131e-07
1.52261e-06
2.1244e-08
1.52763e-06
-9.10552e-08
1.54342e-06
-2.04331e-07
1.56991e-06
-3.20166e-07
1.60702e-06
-4.40217e-07
1.6546e-06
-5.6627e-07
1.7124e-06
-7.003e-07
1.78002e-06
-8.44525e-07
1.85677e-06
-1.00146e-06
1.94157e-06
-1.17397e-06
2.03272e-06
-1.36524e-06
2.12765e-06
-1.57878e-06
2.22259e-06
-1.81814e-06
2.3121e-06
-2.08657e-06
2.38863e-06
-2.38621e-06
2.44205e-06
-2.71683e-06
2.45933e-06
-3.07383e-06
2.42472e-06
-3.44547e-06
2.32083e-06
-3.80936e-06
2.13108e-06
-4.12848e-06
1.84452e-06
-4.3477e-06
1.46312e-06
-4.39224e-06
1.01153e-06
-4.17047e-06
5.47474e-07
-3.58297e-06
1.67859e-07
-2.54076e-06
-9.99652e-07
1.42137e-07
9.05611e-07
4.77062e-07
2.3299e-06
9.03738e-07
3.32734e-06
1.33777e-06
3.92307e-06
1.72268e-06
4.1826e-06
2.02912e-06
4.18648e-06
2.24878e-06
4.01435e-06
2.38704e-06
3.73491e-06
2.45641e-06
3.40138e-06
2.47187e-06
3.05121e-06
2.44792e-06
2.70823e-06
2.39718e-06
2.38583e-06
2.32985e-06
2.09009e-06
2.25376e-06
1.82244e-06
2.1747e-06
1.58159e-06
2.09683e-06
1.36491e-06
2.02305e-06
1.16925e-06
1.95535e-06
9.9141e-07
1.89504e-06
8.28376e-07
1.843e-06
6.77419e-07
1.79975e-06
5.36109e-07
1.76563e-06
4.02285e-07
1.74082e-06
2.74015e-07
1.72541e-06
1.49545e-07
1.7194e-06
2.72487e-08
1.72277e-06
-9.44204e-08
1.73541e-06
-2.16975e-07
1.75718e-06
-3.41939e-07
1.78786e-06
-4.7089e-07
1.82709e-06
-6.05503e-07
1.87438e-06
-7.47589e-07
1.92899e-06
-8.99134e-07
1.98985e-06
-1.06232e-06
2.05544e-06
-1.23955e-06
2.12357e-06
-1.43338e-06
2.19122e-06
-1.64642e-06
2.25421e-06
-1.88113e-06
2.30694e-06
-2.1393e-06
2.34209e-06
-2.42136e-06
2.3504e-06
-2.72514e-06
2.32076e-06
-3.04419e-06
2.24072e-06
-3.36543e-06
2.09782e-06
-3.66646e-06
1.88208e-06
-3.91275e-06
1.59001e-06
-4.05563e-06
1.23006e-06
-4.03229e-06
8.28934e-07
-3.76935e-06
4.37134e-07
-3.19117e-06
1.30282e-07
-2.2339e-06
-8.6937e-07
1.10839e-07
7.94772e-07
3.80258e-07
2.06048e-06
7.35401e-07
2.9722e-06
1.11153e-06
3.54694e-06
1.46137e-06
3.83275e-06
1.75662e-06
3.89124e-06
1.98514e-06
3.78583e-06
2.14655e-06
3.5735e-06
2.24762e-06
3.30031e-06
2.29857e-06
3.00026e-06
2.31046e-06
2.69633e-06
2.29369e-06
2.4026e-06
2.2572e-06
2.12658e-06
2.20828e-06
1.87136e-06
2.15263e-06
1.63724e-06
2.09457e-06
1.42297e-06
2.03731e-06
1.22651e-06
1.98317e-06
1.04555e-06
1.93381e-06
8.77733e-07
1.8904e-06
7.20824e-07
1.85376e-06
5.72755e-07
1.82441e-06
4.31632e-07
1.80271e-06
2.95717e-07
1.78885e-06
1.63404e-07
1.78292e-06
3.3182e-08
1.78489e-06
-9.63973e-08
1.79467e-06
-2.26752e-07
1.81204e-06
-3.59305e-07
1.83666e-06
-4.95512e-07
1.86805e-06
-6.36894e-07
1.90552e-06
-7.85062e-07
1.94812e-06
-9.41732e-07
1.99453e-06
-1.10873e-06
2.04295e-06
-1.28798e-06
2.09099e-06
-1.48142e-06
2.13545e-06
-1.69088e-06
2.17215e-06
-1.91782e-06
2.19573e-06
-2.16289e-06
2.19957e-06
-2.4252e-06
2.17571e-06
-2.70128e-06
2.11517e-06
-2.98365e-06
2.00861e-06
-3.25887e-06
1.8477e-06
-3.50555e-06
1.62729e-06
-3.69234e-06
1.34857e-06
-3.7769e-06
1.02291e-06
-3.70662e-06
6.75765e-07
-3.42221e-06
3.49365e-07
-2.86477e-06
1.01948e-07
-1.98649e-06
-7.67421e-07
8.70605e-08
7.07712e-07
3.03645e-07
1.84389e-06
5.96693e-07
2.67915e-06
9.16855e-07
3.22678e-06
1.22572e-06
3.52389e-06
1.4979e-06
3.61906e-06
1.72014e-06
3.56359e-06
1.88873e-06
3.40492e-06
2.00642e-06
3.18263e-06
2.07965e-06
2.92703e-06
2.11645e-06
2.65953e-06
2.12498e-06
2.39408e-06
2.1127e-06
2.13886e-06
2.08603e-06
1.89803e-06
2.05024e-06
1.67303e-06
2.00949e-06
1.46371e-06
1.96704e-06
1.26897e-06
1.92533e-06
1.08726e-06
1.88622e-06
9.16848e-07
1.85105e-06
7.55992e-07
1.82081e-06
6.02997e-07
1.79618e-06
4.56256e-07
1.77764e-06
3.14258e-07
1.76547e-06
1.75574e-07
1.75981e-06
3.88423e-08
1.76067e-06
-9.72537e-08
1.76792e-06
-2.34007e-07
1.78132e-06
-3.72706e-07
1.80047e-06
-5.14659e-07
1.82478e-06
-6.61207e-07
1.85346e-06
-8.13737e-07
1.88541e-06
-9.73684e-07
1.9192e-06
-1.14252e-06
1.95293e-06
-1.32171e-06
1.98415e-06
-1.51264e-06
2.00974e-06
-1.71646e-06
2.02574e-06
-1.93383e-06
2.02734e-06
-2.16449e-06
2.00878e-06
-2.40664e-06
1.96354e-06
-2.65604e-06
1.88464e-06
-2.90474e-06
1.7654e-06
-3.13964e-06
1.60067e-06
-3.34082e-06
1.3886e-06
-3.48026e-06
1.13298e-06
-3.52129e-06
8.45933e-07
-3.41957e-06
5.50174e-07
-3.12645e-06
2.80128e-07
-2.59473e-06
8.04653e-08
-1.78683e-06
-6.86956e-07
6.89555e-08
6.38756e-07
2.43453e-07
1.66939e-06
4.84336e-07
2.43827e-06
7.53982e-07
2.95714e-06
1.02165e-06
3.25622e-06
1.26557e-06
3.37514e-06
1.47285e-06
3.3563e-06
1.63815e-06
3.23962e-06
1.76162e-06
3.05916e-06
1.84693e-06
2.84171e-06
1.89962e-06
2.60684e-06
1.92583e-06
2.36786e-06
1.93159e-06
2.13311e-06
1.92229e-06
1.90732e-06
1.90259e-06
1.69273e-06
1.87633e-06
1.48997e-06
1.84659e-06
1.29871e-06
1.8158e-06
1.11804e-06
1.78586e-06
9.46788e-07
1.7582e-06
7.83653e-07
1.7339e-06
6.27304e-07
1.71372e-06
4.76428e-07
1.69823e-06
3.29751e-07
1.68777e-06
1.86039e-07
1.68251e-06
4.40993e-08
1.68249e-06
-9.72324e-08
1.68758e-06
-2.39102e-07
1.69752e-06
-3.82647e-07
1.71187e-06
-5.29009e-07
1.73e-06
-6.79336e-07
1.75105e-06
-8.34788e-07
1.77389e-06
-9.96523e-07
1.79705e-06
-1.16568e-06
1.81865e-06
-1.34331e-06
1.83632e-06
-1.53032e-06
1.84716e-06
-1.7273e-06
1.8476e-06
-1.93427e-06
1.83345e-06
-2.15034e-06
1.79991e-06
-2.37311e-06
1.7418e-06
-2.59792e-06
1.65387e-06
-2.81682e-06
1.53158e-06
-3.01734e-06
1.37205e-06
-3.18129e-06
1.17551e-06
-3.28373e-06
9.47012e-07
-3.29279e-06
6.98174e-07
-3.17073e-06
4.48509e-07
-2.87678e-06
2.25705e-07
-2.37192e-06
6.40849e-08
-1.62521e-06
-6.22871e-07
5.50933e-08
5.83663e-07
1.96221e-07
1.52827e-06
3.94041e-07
2.24045e-06
6.19741e-07
2.73144e-06
8.48918e-07
3.02704e-06
1.06335e-06
3.16071e-06
1.25132e-06
3.16833e-06
1.40693e-06
3.08402e-06
1.52878e-06
2.93731e-06
1.61863e-06
2.75186e-06
1.6801e-06
2.54537e-06
1.71768e-06
2.33028e-06
1.73605e-06
2.11474e-06
1.73965e-06
1.90373e-06
1.73242e-06
1.69996e-06
1.71777e-06
1.50463e-06
1.69851e-06
1.31796e-06
1.67695e-06
1.1396e-06
1.65492e-06
9.68825e-07
1.63384e-06
8.04731e-07
1.61482e-06
6.46325e-07
1.59867e-06
4.92573e-07
1.58599e-06
3.42434e-07
1.57715e-06
1.94878e-07
1.57236e-06
4.88867e-08
1.57167e-06
-9.65406e-08
1.57496e-06
-2.42392e-07
1.58196e-06
-3.89646e-07
1.59222e-06
-5.3927e-07
1.60511e-06
-6.9222e-07
1.61975e-06
-8.49432e-07
1.63503e-06
-1.01181e-06
1.64953e-06
-1.18017e-06
1.66146e-06
-1.35524e-06
1.66864e-06
-1.5375e-06
1.66844e-06
-1.7271e-06
1.65777e-06
-1.9236e-06
1.63308e-06
-2.12565e-06
1.59049e-06
-2.33052e-06
1.52596e-06
-2.53339e-06
1.4357e-06
-2.72656e-06
1.31673e-06
-2.89837e-06
1.16775e-06
-3.03231e-06
9.90211e-07
-3.10618e-06
7.89508e-07
-3.09209e-06
5.7617e-07
-2.9574e-06
3.66572e-07
-2.66719e-06
1.82841e-07
-2.18819e-06
5.14866e-08
-1.49385e-06
-5.71385e-07
4.43666e-08
5.39297e-07
1.58965e-07
1.41367e-06
3.2146e-07
2.07796e-06
5.09633e-07
2.54326e-06
7.04167e-07
2.83251e-06
8.90062e-07
2.97481e-06
1.05707e-06
3.00132e-06
1.19937e-06
2.94171e-06
1.3148e-06
2.82189e-06
1.40383e-06
2.66283e-06
1.4687e-06
2.4805e-06
1.51258e-06
2.28639e-06
1.53904e-06
2.08829e-06
1.55159e-06
1.89117e-06
1.55354e-06
1.69801e-06
1.54778e-06
1.51038e-06
1.53683e-06
1.32892e-06
1.52276e-06
1.15367e-06
1.50729e-06
9.84299e-07
1.49177e-06
8.20244e-07
1.4773e-06
6.60805e-07
1.46466e-06
5.05205e-07
1.45447e-06
3.52627e-07
1.44711e-06
2.02235e-07
1.44281e-06
5.31886e-08
1.44162e-06
-9.53503e-08
1.44344e-06
-2.44211e-07
1.448e-06
-3.94209e-07
1.45487e-06
-5.46143e-07
1.46344e-06
-7.00782e-07
1.47286e-06
-8.58854e-07
1.48208e-06
-1.02102e-06
1.48976e-06
-1.18786e-06
1.49429e-06
-1.35976e-06
1.49369e-06
-1.53691e-06
1.48569e-06
-1.71909e-06
1.46764e-06
-1.90555e-06
1.43664e-06
-2.09464e-06
1.38957e-06
-2.28346e-06
1.3234e-06
-2.46722e-06
1.23543e-06
-2.63859e-06
1.12385e-06
-2.78679e-06
9.88349e-07
-2.89681e-06
8.30989e-07
-2.94882e-06
6.57011e-07
-2.91811e-06
4.75613e-07
-2.776e-06
3.00335e-07
-2.49191e-06
1.48817e-07
-2.03667e-06
4.16688e-08
-1.3867e-06
-5.29716e-07
3.59321e-08
5.03364e-07
1.29243e-07
1.32036e-06
2.62688e-07
1.94451e-06
4.19009e-07
2.38694e-06
5.82926e-07
2.66859e-06
7.42218e-07
2.81552e-06
8.88155e-07
2.85538e-06
1.01537e-06
2.81449e-06
1.12139e-06
2.71587e-06
1.20593e-06
2.57829e-06
1.27023e-06
2.4162e-06
1.31649e-06
2.24013e-06
1.34734e-06
2.05743e-06
1.36555e-06
1.87296e-06
1.37379e-06
1.68978e-06
1.37448e-06
1.50968e-06
1.3698e-06
1.33361e-06
1.36157e-06
1.1619e-06
1.35133e-06
9.94531e-07
1.34036e-06
8.31219e-07
1.32965e-06
6.71517e-07
1.31997e-06
5.14879e-07
1.31191e-06
3.60689e-07
1.30585e-06
2.08295e-07
1.30201e-06
5.70254e-08
1.30046e-06
-9.38007e-08
1.30111e-06
-2.44858e-07
1.30371e-06
-3.96809e-07
1.30786e-06
-5.50288e-07
1.31297e-06
-7.05893e-07
1.31827e-06
-8.64163e-07
1.32281e-06
-1.02556e-06
1.32536e-06
-1.19041e-06
1.32448e-06
-1.35889e-06
1.31848e-06
-1.5309e-06
1.30539e-06
-1.706e-06
1.28302e-06
-1.88318e-06
1.24902e-06
-2.06064e-06
1.20097e-06
-2.23541e-06
1.1366e-06
-2.40285e-06
1.05405e-06
-2.55604e-06
9.52307e-07
-2.68504e-06
8.31677e-07
-2.77618e-06
6.94419e-07
-2.81157e-06
5.45333e-07
-2.76903e-06
3.92261e-07
-2.62293e-06
2.46284e-07
-2.34593e-06
1.21448e-07
-1.91184e-06
3.38801e-08
-1.29913e-06
-4.95836e-07
2.91609e-08
4.74204e-07
1.05133e-07
1.24438e-06
2.14461e-07
1.83518e-06
3.43668e-07
2.25774e-06
4.80674e-07
2.53159e-06
6.15608e-07
2.68059e-06
7.41177e-07
2.72982e-06
8.52642e-07
2.70303e-06
9.47515e-07
2.621e-06
1.0251e-06
2.50071e-06
1.08599e-06
2.3553e-06
1.13165e-06
2.19448e-06
1.16399e-06
2.02509e-06
1.18514e-06
1.85181e-06
1.19722e-06
1.6777e-06
1.20224e-06
1.50467e-06
1.202e-06
1.33385e-06
1.19809e-06
1.16581e-06
1.19186e-06
1.00076e-06
1.18444e-06
8.3864e-07
1.17673e-06
6.7922e-07
1.16946e-06
5.22148e-07
1.16316e-06
3.66991e-07
1.1582e-06
2.13262e-07
1.15478e-06
6.0441e-08
1.15298e-06
-9.20031e-08
1.15273e-06
-2.44603e-07
1.15379e-06
-3.97876e-07
1.15582e-06
-5.5231e-07
1.15827e-06
-7.08347e-07
1.16047e-06
-8.6636e-07
1.16154e-06
-1.02663e-06
1.16044e-06
-1.1893e-06
1.1559e-06
-1.35435e-06
1.14648e-06
-1.52149e-06
1.13055e-06
-1.69007e-06
1.10632e-06
-1.85895e-06
1.07191e-06
-2.02624e-06
1.02547e-06
-2.18897e-06
9.65346e-07
-2.34272e-06
8.90282e-07
-2.48098e-06
7.99784e-07
-2.59454e-06
6.94493e-07
-2.67089e-06
5.76622e-07
-2.69369e-06
4.50396e-07
-2.6428e-06
3.2237e-07
-2.4949e-06
2.01528e-07
-2.22509e-06
9.90356e-08
-1.80935e-06
2.75653e-08
-1.22766e-06
-4.68271e-07
2.35918e-08
4.50612e-07
8.51666e-08
1.18281e-06
1.74177e-07
1.74617e-06
2.80083e-07
2.15183e-06
3.93364e-07
2.4183e-06
5.0612e-07
2.56783e-06
6.12364e-07
2.62357e-06
7.08042e-07
2.60735e-06
7.90843e-07
2.53819e-06
8.59886e-07
2.43167e-06
9.1536e-07
2.29983e-06
9.58195e-07
2.15164e-06
9.89769e-07
1.99352e-06
1.01168e-06
1.82989e-06
1.0256e-06
1.66378e-06
1.03313e-06
1.49714e-06
1.03577e-06
1.33121e-06
1.03484e-06
1.16674e-06
1.0315e-06
1.0041e-06
1.02673e-06
8.4341e-07
1.02133e-06
6.8462e-07
1.01594e-06
5.27541e-07
1.01104e-06
3.71894e-07
1.00696e-06
2.17338e-07
1.00391e-06
6.34925e-08
1.00195e-06
-9.00448e-08
1.00103e-06
-2.43677e-07
1.00094e-06
-3.97793e-07
1.00138e-06
-5.52749e-07
1.00188e-06
-7.0885e-07
1.00185e-06
-8.66328e-07
1.00054e-06
-1.02532e-06
9.97042e-07
-1.18581e-06
9.90308e-07
-1.34762e-06
9.79132e-07
-1.51031e-06
9.62178e-07
-1.67312e-06
9.38018e-07
-1.83479e-06
9.05187e-07
-1.99341e-06
8.62284e-07
-2.14607e-06
8.08108e-07
-2.28854e-06
7.4185e-07
-2.41472e-06
6.63341e-07
-2.51603e-06
5.7335e-07
-2.5809e-06
4.73907e-07
-2.59425e-06
3.68605e-07
-2.5375e-06
2.62826e-07
-2.38912e-06
1.63776e-07
-2.12604e-06
8.02894e-08
-1.72586e-06
2.23186e-08
-1.16969e-06
-4.45952e-07
1.88904e-08
4.31721e-07
6.82418e-08
1.13346e-06
1.39815e-07
1.6746e-06
2.25412e-07
2.06623e-06
3.17591e-07
2.32612e-06
4.10108e-07
2.47532e-06
4.98142e-07
2.53554e-06
5.78327e-07
2.52716e-06
6.48631e-07
2.46789e-06
7.08141e-07
2.37216e-06
7.56808e-07
2.25116e-06
7.95202e-07
2.11325e-06
8.2429e-07
1.96443e-06
8.45261e-07
1.80892e-06
8.59391e-07
1.64965e-06
8.67949e-07
1.48858e-06
8.72134e-07
1.32703e-06
8.73036e-07
1.16584e-06
8.71617e-07
1.00552e-06
8.687e-07
8.46326e-07
8.6497e-07
6.8835e-07
8.60977e-07
5.31534e-07
8.5714e-07
3.75731e-07
8.53757e-07
2.20721e-07
8.51007e-07
6.62426e-08
8.48955e-07
-8.79929e-08
8.47555e-07
-2.42277e-07
8.4665e-07
-3.96887e-07
8.45969e-07
-5.52068e-07
8.45128e-07
-7.08009e-07
8.43624e-07
-8.64824e-07
8.40833e-07
-1.02252e-06
8.3601e-07
-1.18098e-06
8.28289e-07
-1.33989e-06
8.16698e-07
-1.49872e-06
8.00172e-07
-1.65659e-06
7.77592e-07
-1.81221e-06
7.47837e-07
-1.96365e-06
7.09863e-07
-2.1081e-06
6.6282e-07
-2.2415e-06
6.06196e-07
-2.35809e-06
5.4001e-07
-2.44985e-06
4.65033e-07
-2.50592e-06
3.83025e-07
-2.51224e-06
2.96949e-07
-2.45143e-06
2.11127e-07
-2.3033e-06
1.31253e-07
-2.04617e-06
6.42396e-08
-1.65885e-06
1.78456e-08
-1.1233e-06
-4.28106e-07
1.48142e-08
4.16907e-07
5.35366e-08
1.09474e-06
1.0983e-07
1.61831e-06
1.77415e-07
1.99865e-06
2.50579e-07
2.25296e-06
3.24488e-07
2.40141e-06
3.95356e-07
2.46467e-06
4.60478e-07
2.46204e-06
5.18153e-07
2.41022e-06
5.67533e-07
2.32278e-06
6.08452e-07
2.21024e-06
6.41238e-07
2.08046e-06
6.66554e-07
1.93911e-06
6.85263e-07
1.79021e-06
6.98323e-07
1.63659e-06
7.06708e-07
1.48019e-06
7.11355e-07
1.32238e-06
7.13132e-07
1.16406e-06
7.12812e-07
1.00584e-06
7.11065e-07
8.48073e-07
7.08457e-07
6.90958e-07
7.05443e-07
5.34548e-07
7.02376e-07
3.78797e-07
6.9951e-07
2.23588e-07
6.96998e-07
6.87544e-08
6.94901e-07
-8.58965e-08
6.93188e-07
-2.40564e-07
6.91735e-07
-3.95433e-07
6.90324e-07
-5.50657e-07
6.88646e-07
-7.06331e-07
6.86297e-07
-8.62475e-07
6.82777e-07
-1.019e-06
6.77492e-07
-1.1757e-06
6.6976e-07
-1.33216e-06
6.58821e-07
-1.48778e-06
6.43853e-07
-1.64162e-06
6.24006e-07
-1.79236e-06
5.98441e-07
-1.93809e-06
5.66402e-07
-2.07606e-06
5.27295e-07
-2.20239e-06
4.80808e-07
-2.31161e-06
4.27048e-07
-2.39609e-06
3.66708e-07
-2.44558e-06
3.0123e-07
-2.44677e-06
2.3297e-07
-2.38317e-06
1.65294e-07
-2.23562e-06
1.02592e-07
-1.98346e-06
5.01591e-08
-1.60641e-06
1.39311e-08
-1.08707e-06
-4.14175e-07
1.11854e-08
4.05722e-07
4.0434e-08
1.06549e-06
8.30338e-08
1.57571e-06
1.34334e-07
1.94735e-06
1.90094e-07
2.1972e-06
2.46705e-07
2.3448e-06
3.01304e-07
2.41007e-06
3.51813e-07
2.41153e-06
3.96882e-07
2.36515e-06
4.35792e-07
2.28386e-06
4.68338e-07
2.1777e-06
4.94691e-07
2.05411e-06
5.15294e-07
1.91851e-06
5.30751e-07
1.77476e-06
5.41756e-07
1.62558e-06
5.4903e-07
1.47292e-06
5.53277e-07
1.31813e-06
5.55157e-07
1.16218e-06
5.55267e-07
1.00573e-06
5.54129e-07
8.49211e-07
5.52185e-07
6.92902e-07
5.49797e-07
5.36935e-07
5.47249e-07
3.81345e-07
5.44744e-07
2.26093e-07
5.42411e-07
7.10878e-08
5.40303e-07
-8.37887e-08
5.38403e-07
-2.38663e-07
5.36619e-07
-3.9365e-07
5.3479e-07
-5.48828e-07
5.32682e-07
-7.04223e-07
5.29988e-07
-8.59782e-07
5.26332e-07
-1.01535e-06
5.21266e-07
-1.17063e-06
5.14283e-07
-1.32518e-06
5.04816e-07
-1.47831e-06
4.92263e-07
-1.62907e-06
4.76006e-07
-1.77611e-06
4.55445e-07
-1.91752e-06
4.30049e-07
-2.05066e-06
3.99417e-07
-2.17176e-06
3.63362e-07
-2.27555e-06
3.22016e-07
-2.35474e-06
2.75935e-07
-2.3995e-06
2.26231e-07
-2.39706e-06
1.74672e-07
-2.33161e-06
1.23759e-07
-2.18471e-06
7.67344e-08
-1.93644e-06
3.74961e-08
-1.56718e-06
1.04153e-08
-1.05999e-06
-4.0376e-07
7.86994e-09
3.97852e-07
2.84619e-08
1.04489e-06
5.85043e-08
1.54566e-06
9.47746e-08
1.91108e-06
1.34327e-07
2.15765e-06
1.74639e-07
2.30448e-06
2.13689e-07
2.37102e-06
2.49988e-07
2.37524e-06
2.82544e-07
2.33259e-06
3.10804e-07
2.2556e-06
3.34573e-07
2.15393e-06
3.5393e-07
2.03475e-06
3.69151e-07
1.90329e-06
3.80636e-07
1.76327e-06
3.88857e-07
1.61736e-06
3.94315e-07
1.46746e-06
3.97504e-07
1.31494e-06
3.98895e-07
1.16079e-06
3.98915e-07
1.00571e-06
3.97942e-07
8.50184e-07
3.96301e-07
6.94543e-07
3.94258e-07
5.38978e-07
3.92024e-07
3.8358e-07
3.89752e-07
2.28365e-07
3.87543e-07
7.3297e-08
3.85443e-07
-8.16885e-08
3.83446e-07
-2.36666e-07
3.81495e-07
-3.91699e-07
3.79483e-07
-5.46816e-07
3.7725e-07
-7.0199e-07
3.74589e-07
-8.5712e-07
3.71241e-07
-1.012e-06
3.66904e-07
-1.1663e-06
3.6123e-07
-1.31951e-06
3.53837e-07
-1.47092e-06
3.4432e-07
-1.61956e-06
3.32267e-07
-1.76405e-06
3.17279e-07
-1.90254e-06
2.9901e-07
-2.03239e-06
2.77204e-07
-2.14995e-06
2.51751e-07
-2.2501e-06
2.22758e-07
-2.32575e-06
1.90619e-07
-2.36736e-06
1.56101e-07
-2.36254e-06
1.20414e-07
-2.29592e-06
8.52602e-08
-2.14956e-06
5.28451e-08
-1.90402e-06
2.58226e-08
-1.54015e-06
7.17651e-09
-1.04134e-06
-3.96583e-07
4.76344e-09
3.93089e-07
1.72469e-08
1.03241e-06
3.55011e-08
1.52741e-06
5.76021e-08
1.88898e-06
8.17804e-08
2.13347e-06
1.06506e-07
2.27976e-06
1.30538e-07
2.34699e-06
1.52945e-07
2.35283e-06
1.73095e-07
2.31244e-06
1.90618e-07
2.23808e-06
2.05365e-07
2.13918e-06
2.1736e-07
2.02276e-06
2.26752e-07
1.8939e-06
2.33773e-07
1.75625e-06
2.38704e-07
1.61243e-06
2.4185e-07
1.46432e-06
2.43514e-07
1.31328e-06
2.43988e-07
1.16031e-06
2.43542e-07
1.00615e-06
2.42413e-07
8.51313e-07
2.40808e-07
6.96148e-07
2.38899e-07
5.40887e-07
2.36824e-07
3.85655e-07
2.34686e-07
2.30503e-07
2.32555e-07
7.54285e-08
2.30467e-07
-7.96014e-08
2.28431e-07
-2.3463e-07
2.26421e-07
-3.89689e-07
2.24384e-07
-5.44778e-07
2.22235e-07
-6.99842e-07
2.19863e-07
-8.54748e-07
2.17127e-07
-1.00926e-06
2.13861e-07
-1.16303e-06
2.09875e-07
-1.31552e-06
2.0496e-07
-1.46601e-06
1.98894e-07
-1.61349e-06
1.91448e-07
-1.75661e-06
1.82405e-07
-1.89349e-06
1.71574e-07
-2.02156e-06
1.5881e-07
-2.13719e-06
1.44052e-07
-2.23534e-06
1.27353e-07
-2.30905e-06
1.08926e-07
-2.34894e-06
8.91899e-08
-2.34281e-06
6.88145e-08
-2.27554e-06
4.87506e-08
-2.12949e-06
3.02406e-08
-1.88551e-06
1.4793e-08
-1.52471e-06
4.11751e-09
-1.03067e-06
-3.92466e-07
1.77981e-09
3.91309e-07
6.47934e-09
1.02771e-06
1.34046e-08
1.52048e-06
2.18557e-08
1.88053e-06
3.11699e-08
2.12415e-06
4.07534e-08
2.27018e-06
5.01067e-08
2.33763e-06
5.88387e-08
2.3441e-06
6.66694e-08
2.30461e-06
7.34237e-08
2.23133e-06
7.90175e-08
2.13359e-06
8.3441e-08
2.01833e-06
8.67405e-08
1.8906e-06
8.90019e-08
1.75399e-06
9.03351e-08
1.6111e-06
9.0863e-08
1.46379e-06
9.07115e-08
1.31343e-06
9.00029e-08
1.16102e-06
8.88514e-08
1.0073e-06
8.73602e-08
8.52804e-07
8.562e-08
6.97888e-07
8.37083e-08
5.42798e-07
8.16891e-08
3.87674e-07
7.96139e-08
2.32578e-07
7.7522e-08
7.75204e-08
7.54415e-08
-7.75208e-08
7.33897e-08
-2.32578e-07
7.13748e-08
-3.87674e-07
6.93955e-08
-5.42799e-07
6.74426e-08
-6.97889e-07
6.54987e-08
-8.52804e-07
6.35396e-08
-1.00731e-06
6.1534e-08
-1.16102e-06
5.94444e-08
-1.31343e-06
5.72279e-08
-1.46379e-06
5.48366e-08
-1.6111e-06
5.22196e-08
-1.75399e-06
4.93239e-08
-1.8906e-06
4.60979e-08
-2.01833e-06
4.24953e-08
-2.13359e-06
3.84818e-08
-2.23133e-06
3.4044e-08
-2.30461e-06
2.92027e-08
-2.3441e-06
2.40287e-08
-2.33763e-06
1.86609e-08
-2.27018e-06
1.33231e-08
-2.12415e-06
8.33543e-09
-1.88053e-06
4.11432e-09
-1.52048e-06
1.15666e-09
-1.02771e-06
-3.91309e-07
-1.1566e-09
3.92465e-07
-4.11418e-09
1.03067e-06
-8.33516e-09
1.52471e-06
-1.33227e-08
1.88551e-06
-1.86603e-08
2.12949e-06
-2.4028e-08
2.27554e-06
-2.92019e-08
2.34281e-06
-3.4043e-08
2.34894e-06
-3.84807e-08
2.30905e-06
-4.24942e-08
2.23534e-06
-4.60967e-08
2.13719e-06
-4.93226e-08
2.02156e-06
-5.22183e-08
1.89349e-06
-5.48353e-08
1.75661e-06
-5.72265e-08
1.61349e-06
-5.9443e-08
1.466e-06
-6.15326e-08
1.31552e-06
-6.35382e-08
1.16303e-06
-6.54973e-08
1.00926e-06
-6.74411e-08
8.54748e-07
-6.93941e-08
6.99841e-07
-7.13733e-08
5.44778e-07
-7.33883e-08
3.89689e-07
-7.544e-08
2.3463e-07
-7.75205e-08
7.9601e-08
-7.96124e-08
-7.54289e-08
-8.16876e-08
-2.30503e-07
-8.37068e-08
-3.85655e-07
-8.56186e-08
-5.40887e-07
-8.73588e-08
-6.96149e-07
-8.88499e-08
-8.51313e-07
-9.00015e-08
-1.00615e-06
-9.07101e-08
-1.16032e-06
-9.08617e-08
-1.31328e-06
-9.03338e-08
-1.46432e-06
-8.90006e-08
-1.61243e-06
-8.67393e-08
-1.75625e-06
-8.34398e-08
-1.8939e-06
-7.90164e-08
-2.02276e-06
-7.34227e-08
-2.13918e-06
-6.66685e-08
-2.23808e-06
-5.88378e-08
-2.31244e-06
-5.01059e-08
-2.35283e-06
-4.07527e-08
-2.34699e-06
-3.11693e-08
-2.27976e-06
-2.18553e-08
-2.13347e-06
-1.34043e-08
-1.88898e-06
-6.47917e-09
-1.52741e-06
-1.77971e-09
-1.03241e-06
-3.93089e-07
-4.11748e-09
3.96583e-07
-1.47929e-08
1.04135e-06
-3.02403e-08
1.54015e-06
-4.87502e-08
1.90402e-06
-6.88139e-08
2.14956e-06
-8.91892e-08
2.29592e-06
-1.08925e-07
2.36254e-06
-1.27352e-07
2.36736e-06
-1.44051e-07
2.32575e-06
-1.58809e-07
2.2501e-06
-1.71572e-07
2.14995e-06
-1.82404e-07
2.03239e-06
-1.91447e-07
1.90254e-06
-1.98892e-07
1.76405e-06
-2.04959e-07
1.61955e-06
-2.09874e-07
1.47092e-06
-2.13859e-07
1.3195e-06
-2.17125e-07
1.16629e-06
-2.19861e-07
1.012e-06
-2.22233e-07
8.5712e-07
-2.24382e-07
7.0199e-07
-2.2642e-07
5.46815e-07
-2.2843e-07
3.91699e-07
-2.30466e-07
2.36666e-07
-2.32553e-07
8.16881e-08
-2.34685e-07
-7.32974e-08
-2.36823e-07
-2.28365e-07
-2.38898e-07
-3.8358e-07
-2.40807e-07
-5.38979e-07
-2.42411e-07
-6.94544e-07
-2.4354e-07
-8.50184e-07
-2.43987e-07
-1.00571e-06
-2.43513e-07
-1.16079e-06
-2.41848e-07
-1.31494e-06
-2.38703e-07
-1.46746e-06
-2.33772e-07
-1.61736e-06
-2.26751e-07
-1.76327e-06
-2.17359e-07
-1.90329e-06
-2.05364e-07
-2.03475e-06
-1.90617e-07
-2.15393e-06
-1.73094e-07
-2.2556e-06
-1.52945e-07
-2.33259e-06
-1.30537e-07
-2.37524e-06
-1.06505e-07
-2.37102e-06
-8.178e-08
-2.30448e-06
-5.76018e-08
-2.15765e-06
-3.55009e-08
-1.91108e-06
-1.72467e-08
-1.54566e-06
-4.76332e-09
-1.04489e-06
-3.97852e-07
-7.1765e-09
4.03759e-07
-2.58224e-08
1.05999e-06
-5.28448e-08
1.56718e-06
-8.52598e-08
1.93644e-06
-1.20413e-07
2.18471e-06
-1.561e-07
2.33161e-06
-1.90618e-07
2.39706e-06
-2.22757e-07
2.3995e-06
-2.5175e-07
2.35474e-06
-2.77202e-07
2.27555e-06
-2.99009e-07
2.17176e-06
-3.17278e-07
2.05066e-06
-3.32265e-07
1.91752e-06
-3.44319e-07
1.77611e-06
-3.53836e-07
1.62907e-06
-3.61228e-07
1.47831e-06
-3.66902e-07
1.32518e-06
-3.7124e-07
1.17063e-06
-3.74587e-07
1.01535e-06
-3.77249e-07
8.59781e-07
-3.79481e-07
7.04223e-07
-3.81494e-07
5.48828e-07
-3.83445e-07
3.93649e-07
-3.85441e-07
2.38663e-07
-3.87542e-07
8.37884e-08
-3.89751e-07
-7.10882e-08
-3.92023e-07
-2.26093e-07
-3.94257e-07
-3.81346e-07
-3.963e-07
-5.36936e-07
-3.97941e-07
-6.92903e-07
-3.98913e-07
-8.49212e-07
-3.98893e-07
-1.00573e-06
-3.97503e-07
-1.16218e-06
-3.94314e-07
-1.31813e-06
-3.88856e-07
-1.47292e-06
-3.80635e-07
-1.62558e-06
-3.6915e-07
-1.77476e-06
-3.53929e-07
-1.91851e-06
-3.34572e-07
-2.05411e-06
-3.10803e-07
-2.1777e-06
-2.82543e-07
-2.28386e-06
-2.49987e-07
-2.36515e-06
-2.13689e-07
-2.41153e-06
-1.74638e-07
-2.41007e-06
-1.34327e-07
-2.3448e-06
-9.47743e-08
-2.1972e-06
-5.85041e-08
-1.94735e-06
-2.84617e-08
-1.57571e-06
-7.86983e-09
-1.06549e-06
-4.05722e-07
-1.04154e-08
4.14175e-07
-3.7496e-08
1.08707e-06
-7.67342e-08
1.60641e-06
-1.23759e-07
1.98346e-06
-1.74671e-07
2.23562e-06
-2.2623e-07
2.38317e-06
-2.75934e-07
2.44677e-06
-3.22014e-07
2.44558e-06
-3.63361e-07
2.39609e-06
-3.99415e-07
2.31161e-06
-4.30048e-07
2.20239e-06
-4.55444e-07
2.07606e-06
-4.76005e-07
1.93808e-06
-4.92262e-07
1.79236e-06
-5.04815e-07
1.64162e-06
-5.14281e-07
1.48778e-06
-5.21265e-07
1.33216e-06
-5.2633e-07
1.1757e-06
-5.29986e-07
1.019e-06
-5.3268e-07
8.62475e-07
-5.34788e-07
7.06331e-07
-5.36617e-07
5.50657e-07
-5.38401e-07
3.95433e-07
-5.40301e-07
2.40564e-07
-5.42409e-07
8.58961e-08
-5.44743e-07
-6.87548e-08
-5.47248e-07
-2.23588e-07
-5.49796e-07
-3.78798e-07
-5.52183e-07
-5.34548e-07
-5.54127e-07
-6.90959e-07
-5.55266e-07
-8.48073e-07
-5.55156e-07
-1.00584e-06
-5.53276e-07
-1.16406e-06
-5.49028e-07
-1.32238e-06
-5.41755e-07
-1.48019e-06
-5.3075e-07
-1.63659e-06
-5.15293e-07
-1.79021e-06
-4.9469e-07
-1.93911e-06
-4.68337e-07
-2.08046e-06
-4.35791e-07
-2.21024e-06
-3.96881e-07
-2.32278e-06
-3.51812e-07
-2.41022e-06
-3.01304e-07
-2.46204e-06
-2.46704e-07
-2.46467e-06
-1.90094e-07
-2.40141e-06
-1.34334e-07
-2.25296e-06
-8.30336e-08
-1.99865e-06
-4.04338e-08
-1.61831e-06
-1.11853e-08
-1.09474e-06
-4.16907e-07
-1.39311e-08
4.28106e-07
-5.0159e-08
1.1233e-06
-1.02591e-07
1.65885e-06
-1.65294e-07
2.04617e-06
-2.3297e-07
2.3033e-06
-3.0123e-07
2.45143e-06
-3.66707e-07
2.51224e-06
-4.27047e-07
2.50592e-06
-4.80806e-07
2.44985e-06
-5.27294e-07
2.35809e-06
-5.66401e-07
2.2415e-06
-5.9844e-07
2.1081e-06
-6.24004e-07
1.96365e-06
-6.43852e-07
1.81221e-06
-6.5882e-07
1.65659e-06
-6.69759e-07
1.49872e-06
-6.7749e-07
1.33989e-06
-6.82775e-07
1.18098e-06
-6.86296e-07
1.02252e-06
-6.88645e-07
8.64824e-07
-6.90322e-07
7.08009e-07
-6.91733e-07
5.52067e-07
-6.93187e-07
3.96887e-07
-6.949e-07
2.42277e-07
-6.96996e-07
8.79925e-08
-6.99508e-07
-6.62429e-08
-7.02375e-07
-2.20722e-07
-7.05441e-07
-3.75731e-07
-7.08455e-07
-5.31534e-07
-7.11064e-07
-6.8835e-07
-7.1281e-07
-8.46327e-07
-7.13131e-07
-1.00552e-06
-7.11354e-07
-1.16584e-06
-7.06706e-07
-1.32703e-06
-6.98322e-07
-1.48858e-06
-6.85262e-07
-1.64965e-06
-6.66553e-07
-1.80892e-06
-6.41237e-07
-1.96443e-06
-6.08451e-07
-2.11325e-06
-5.67532e-07
-2.25116e-06
-5.18152e-07
-2.37216e-06
-4.60478e-07
-2.46789e-06
-3.95356e-07
-2.52716e-06
-3.24488e-07
-2.53554e-06
-2.50578e-07
-2.47531e-06
-1.77414e-07
-2.32612e-06
-1.09829e-07
-2.06623e-06
-5.35365e-08
-1.6746e-06
-1.48142e-08
-1.13346e-06
-4.31722e-07
-1.78457e-08
4.45952e-07
-6.42396e-08
1.16969e-06
-1.31252e-07
1.72586e-06
-2.11126e-07
2.12604e-06
-2.96949e-07
2.38912e-06
-3.83024e-07
2.5375e-06
-4.65032e-07
2.59425e-06
-5.40009e-07
2.5809e-06
-6.06194e-07
2.51603e-06
-6.62819e-07
2.41472e-06
-7.09862e-07
2.28854e-06
-7.47835e-07
2.14607e-06
-7.77591e-07
1.9934e-06
-8.0017e-07
1.83479e-06
-8.16696e-07
1.67312e-06
-8.28288e-07
1.51031e-06
-8.36008e-07
1.34761e-06
-8.40832e-07
1.18581e-06
-8.43622e-07
1.02531e-06
-8.45126e-07
8.66328e-07
-8.45967e-07
7.0885e-07
-8.46648e-07
5.52748e-07
-8.47554e-07
3.97792e-07
-8.48954e-07
2.43677e-07
-8.51006e-07
9.00445e-08
-8.53756e-07
-6.34928e-08
-8.57139e-07
-2.17339e-07
-8.60975e-07
-3.71894e-07
-8.64969e-07
-5.27541e-07
-8.68699e-07
-6.8462e-07
-8.71616e-07
-8.4341e-07
-8.73035e-07
-1.0041e-06
-8.72132e-07
-1.16674e-06
-8.67947e-07
-1.33121e-06
-8.5939e-07
-1.49714e-06
-8.4526e-07
-1.66378e-06
-8.24289e-07
-1.82989e-06
-7.95201e-07
-1.99352e-06
-7.56807e-07
-2.15164e-06
-7.0814e-07
-2.29983e-06
-6.48631e-07
-2.43167e-06
-5.78327e-07
-2.53819e-06
-4.98142e-07
-2.60735e-06
-4.10108e-07
-2.62357e-06
-3.1759e-07
-2.56783e-06
-2.25411e-07
-2.4183e-06
-1.39815e-07
-2.15183e-06
-6.82417e-08
-1.74617e-06
-1.88904e-08
-1.18281e-06
-4.50612e-07
-2.23188e-08
4.6827e-07
-8.02894e-08
1.22766e-06
-1.63776e-07
1.80935e-06
-2.62825e-07
2.22509e-06
-3.68605e-07
2.4949e-06
-4.73906e-07
2.6428e-06
-5.73349e-07
2.69369e-06
-6.6334e-07
2.67089e-06
-7.41848e-07
2.59454e-06
-8.08107e-07
2.48098e-06
-8.62283e-07
2.34272e-06
-9.05186e-07
2.18897e-06
-9.38016e-07
2.02624e-06
-9.62176e-07
1.85895e-06
-9.7913e-07
1.69007e-06
-9.90307e-07
1.52149e-06
-9.97041e-07
1.35435e-06
-1.00054e-06
1.1893e-06
-1.00185e-06
1.02663e-06
-1.00188e-06
8.66359e-07
-1.00138e-06
7.08347e-07
-1.00094e-06
5.5231e-07
-1.00102e-06
3.97876e-07
-1.00195e-06
2.44603e-07
-1.00391e-06
9.20028e-08
-1.00696e-06
-6.04413e-08
-1.01104e-06
-2.13262e-07
-1.01594e-06
-3.66991e-07
-1.02133e-06
-5.22149e-07
-1.02673e-06
-6.7922e-07
-1.0315e-06
-8.3864e-07
-1.03484e-06
-1.00076e-06
-1.03577e-06
-1.16581e-06
-1.03313e-06
-1.33385e-06
-1.0256e-06
-1.50467e-06
-1.01168e-06
-1.6777e-06
-9.89768e-07
-1.85181e-06
-9.58194e-07
-2.02509e-06
-9.15359e-07
-2.19448e-06
-8.59885e-07
-2.3553e-06
-7.90843e-07
-2.50071e-06
-7.08041e-07
-2.621e-06
-6.12363e-07
-2.70303e-06
-5.0612e-07
-2.72981e-06
-3.93364e-07
-2.68059e-06
-2.80082e-07
-2.53158e-06
-1.74177e-07
-2.25773e-06
-8.51665e-08
-1.83518e-06
-2.35917e-08
-1.24438e-06
-4.74204e-07
-2.75653e-08
4.95836e-07
-9.90356e-08
1.29913e-06
-2.01528e-07
1.91184e-06
-3.2237e-07
2.34593e-06
-4.50395e-07
2.62293e-06
-5.76621e-07
2.76903e-06
-6.94492e-07
2.81156e-06
-7.99783e-07
2.77618e-06
-8.9028e-07
2.68504e-06
-9.65344e-07
2.55604e-06
-1.02547e-06
2.40285e-06
-1.07191e-06
2.23541e-06
-1.10632e-06
2.06064e-06
-1.13055e-06
1.88318e-06
-1.14648e-06
1.706e-06
-1.1559e-06
1.5309e-06
-1.16043e-06
1.35889e-06
-1.16154e-06
1.19041e-06
-1.16047e-06
1.02555e-06
-1.15827e-06
8.64162e-07
-1.15582e-06
7.05892e-07
-1.15379e-06
5.50288e-07
-1.15273e-06
3.96809e-07
-1.15298e-06
2.44858e-07
-1.15478e-06
9.38004e-08
-1.15819e-06
-5.70257e-08
-1.16316e-06
-2.08296e-07
-1.16946e-06
-3.60689e-07
-1.17673e-06
-5.14879e-07
-1.18444e-06
-6.71517e-07
-1.19186e-06
-8.31219e-07
-1.19809e-06
-9.94532e-07
-1.202e-06
-1.1619e-06
-1.20224e-06
-1.33361e-06
-1.19722e-06
-1.50968e-06
-1.18514e-06
-1.68978e-06
-1.16399e-06
-1.87296e-06
-1.13165e-06
-2.05743e-06
-1.08599e-06
-2.24013e-06
-1.0251e-06
-2.4162e-06
-9.47514e-07
-2.57829e-06
-8.52642e-07
-2.71587e-06
-7.41176e-07
-2.81449e-06
-6.15607e-07
-2.85538e-06
-4.80674e-07
-2.81552e-06
-3.43668e-07
-2.66859e-06
-2.14461e-07
-2.38694e-06
-1.05133e-07
-1.94451e-06
-2.91608e-08
-1.32036e-06
-5.03365e-07
-3.38802e-08
5.29716e-07
-1.21448e-07
1.3867e-06
-2.46284e-07
2.03667e-06
-3.92261e-07
2.49191e-06
-5.45332e-07
2.776e-06
-6.94418e-07
2.91811e-06
-8.31676e-07
2.94882e-06
-9.52306e-07
2.89681e-06
-1.05405e-06
2.78679e-06
-1.1366e-06
2.63859e-06
-1.20097e-06
2.46722e-06
-1.24902e-06
2.28346e-06
-1.28302e-06
2.09464e-06
-1.30539e-06
1.90555e-06
-1.31848e-06
1.71909e-06
-1.32448e-06
1.53691e-06
-1.32535e-06
1.35976e-06
-1.3228e-06
1.18786e-06
-1.31827e-06
1.02102e-06
-1.31296e-06
8.58854e-07
-1.30785e-06
7.00782e-07
-1.30371e-06
5.46143e-07
-1.30111e-06
3.94209e-07
-1.30046e-06
2.44211e-07
-1.30201e-06
9.53501e-08
-1.30585e-06
-5.31888e-08
-1.31191e-06
-2.02235e-07
-1.31997e-06
-3.52627e-07
-1.32964e-06
-5.05205e-07
-1.34036e-06
-6.60805e-07
-1.35133e-06
-8.20244e-07
-1.36156e-06
-9.84299e-07
-1.3698e-06
-1.15367e-06
-1.37448e-06
-1.32892e-06
-1.37379e-06
-1.51038e-06
-1.36555e-06
-1.69801e-06
-1.34734e-06
-1.89117e-06
-1.31649e-06
-2.08829e-06
-1.27023e-06
-2.28639e-06
-1.20593e-06
-2.4805e-06
-1.12139e-06
-2.66283e-06
-1.01537e-06
-2.82189e-06
-8.88154e-07
-2.94171e-06
-7.42218e-07
-3.00132e-06
-5.82925e-07
-2.97481e-06
-4.19009e-07
-2.83251e-06
-2.62688e-07
-2.54326e-06
-1.29243e-07
-2.07795e-06
-3.59321e-08
-1.41367e-06
-5.39297e-07
-4.16689e-08
5.71385e-07
-1.48817e-07
1.49385e-06
-3.00335e-07
2.18819e-06
-4.75613e-07
2.66718e-06
-6.5701e-07
2.95739e-06
-8.30988e-07
3.09209e-06
-9.88348e-07
3.10618e-06
-1.12384e-06
3.03231e-06
-1.23543e-06
2.89837e-06
-1.3234e-06
2.72656e-06
-1.38957e-06
2.53339e-06
-1.43663e-06
2.33052e-06
-1.46764e-06
2.12565e-06
-1.48569e-06
1.9236e-06
-1.49369e-06
1.7271e-06
-1.49428e-06
1.5375e-06
-1.48976e-06
1.35524e-06
-1.48208e-06
1.18017e-06
-1.47286e-06
1.01181e-06
-1.46344e-06
8.49432e-07
-1.45487e-06
6.9222e-07
-1.448e-06
5.3927e-07
-1.44344e-06
3.89646e-07
-1.44162e-06
2.42392e-07
-1.44281e-06
9.65404e-08
-1.44711e-06
-4.88868e-08
-1.45447e-06
-1.94878e-07
-1.46466e-06
-3.42434e-07
-1.47729e-06
-4.92573e-07
-1.49177e-06
-6.46325e-07
-1.50729e-06
-8.04731e-07
-1.52276e-06
-9.68825e-07
-1.53683e-06
-1.1396e-06
-1.54778e-06
-1.31796e-06
-1.55354e-06
-1.50463e-06
-1.55159e-06
-1.69996e-06
-1.53903e-06
-1.90373e-06
-1.51258e-06
-2.11474e-06
-1.4687e-06
-2.33028e-06
-1.40383e-06
-2.54537e-06
-1.31479e-06
-2.75186e-06
-1.19937e-06
-2.93731e-06
-1.05707e-06
-3.08402e-06
-8.90061e-07
-3.16833e-06
-7.04167e-07
-3.16071e-06
-5.09633e-07
-3.02704e-06
-3.2146e-07
-2.73144e-06
-1.58965e-07
-2.24045e-06
-4.43665e-08
-1.52826e-06
-5.83663e-07
-5.14867e-08
6.22871e-07
-1.82841e-07
1.6252e-06
-3.66572e-07
2.37192e-06
-5.7617e-07
2.87678e-06
-7.89508e-07
3.17073e-06
-9.9021e-07
3.29279e-06
-1.16775e-06
3.28373e-06
-1.31673e-06
3.18128e-06
-1.4357e-06
3.01734e-06
-1.52596e-06
2.81682e-06
-1.59049e-06
2.59792e-06
-1.63308e-06
2.37311e-06
-1.65777e-06
2.15034e-06
-1.66844e-06
1.93427e-06
-1.66863e-06
1.7273e-06
-1.66145e-06
1.53032e-06
-1.64953e-06
1.34331e-06
-1.63503e-06
1.16568e-06
-1.61975e-06
9.96523e-07
-1.6051e-06
8.34788e-07
-1.59222e-06
6.79336e-07
-1.58196e-06
5.29008e-07
-1.57496e-06
3.82647e-07
-1.57167e-06
2.39102e-07
-1.57236e-06
9.72322e-08
-1.57715e-06
-4.40994e-08
-1.58599e-06
-1.86039e-07
-1.59867e-06
-3.29751e-07
-1.61481e-06
-4.76428e-07
-1.63384e-06
-6.27304e-07
-1.65491e-06
-7.83653e-07
-1.67695e-06
-9.46788e-07
-1.69851e-06
-1.11804e-06
-1.71777e-06
-1.29871e-06
-1.73242e-06
-1.48997e-06
-1.73964e-06
-1.69273e-06
-1.73605e-06
-1.90732e-06
-1.71768e-06
-2.13311e-06
-1.6801e-06
-2.36786e-06
-1.61863e-06
-2.60684e-06
-1.52878e-06
-2.84171e-06
-1.40693e-06
-3.05916e-06
-1.25132e-06
-3.23962e-06
-1.06335e-06
-3.3563e-06
-8.48917e-07
-3.37514e-06
-6.19741e-07
-3.25622e-06
-3.94041e-07
-2.95713e-06
-1.96221e-07
-2.43827e-06
-5.50932e-08
-1.66939e-06
-6.38756e-07
-6.4085e-08
6.86956e-07
-2.25705e-07
1.78682e-06
-4.48509e-07
2.59473e-06
-6.98174e-07
3.12645e-06
-9.47012e-07
3.41957e-06
-1.17551e-06
3.52129e-06
-1.37205e-06
3.48026e-06
-1.53158e-06
3.34082e-06
-1.65387e-06
3.13963e-06
-1.7418e-06
2.90474e-06
-1.79991e-06
2.65604e-06
-1.83345e-06
2.40664e-06
-1.84759e-06
2.16449e-06
-1.84715e-06
1.93383e-06
-1.83632e-06
1.71646e-06
-1.81864e-06
1.51264e-06
-1.79705e-06
1.32171e-06
-1.77389e-06
1.14252e-06
-1.75105e-06
9.73684e-07
-1.73e-06
8.13737e-07
-1.71187e-06
6.61207e-07
-1.69752e-06
5.14659e-07
-1.68758e-06
3.72706e-07
-1.68249e-06
2.34006e-07
-1.68251e-06
9.72536e-08
-1.68776e-06
-3.88424e-08
-1.69823e-06
-1.75574e-07
-1.71372e-06
-3.14258e-07
-1.73389e-06
-4.56256e-07
-1.7582e-06
-6.02997e-07
-1.78586e-06
-7.55992e-07
-1.8158e-06
-9.16848e-07
-1.84659e-06
-1.08726e-06
-1.87633e-06
-1.26897e-06
-1.90259e-06
-1.46371e-06
-1.92229e-06
-1.67303e-06
-1.93158e-06
-1.89802e-06
-1.92583e-06
-2.13886e-06
-1.89961e-06
-2.39408e-06
-1.84693e-06
-2.65953e-06
-1.76162e-06
-2.92702e-06
-1.63815e-06
-3.18263e-06
-1.47285e-06
-3.40491e-06
-1.26557e-06
-3.56359e-06
-1.02165e-06
-3.61906e-06
-7.53981e-07
-3.52389e-06
-4.84336e-07
-3.22678e-06
-2.43453e-07
-2.67915e-06
-6.89553e-08
-1.84389e-06
-7.07712e-07
-8.04653e-08
7.67422e-07
-2.80128e-07
1.98649e-06
-5.50174e-07
2.86477e-06
-8.45933e-07
3.42221e-06
-1.13298e-06
3.70662e-06
-1.38859e-06
3.7769e-06
-1.60067e-06
3.69234e-06
-1.7654e-06
3.50555e-06
-1.88464e-06
3.25887e-06
-1.96354e-06
2.98365e-06
-2.00878e-06
2.70128e-06
-2.02734e-06
2.4252e-06
-2.02574e-06
2.16289e-06
-2.00973e-06
1.91782e-06
-1.98415e-06
1.69088e-06
-1.95293e-06
1.48142e-06
-1.9192e-06
1.28798e-06
-1.88541e-06
1.10873e-06
-1.85346e-06
9.41731e-07
-1.82478e-06
7.85062e-07
-1.80047e-06
6.36894e-07
-1.78132e-06
4.95512e-07
-1.76792e-06
3.59305e-07
-1.76067e-06
2.26752e-07
-1.75981e-06
9.63973e-08
-1.76547e-06
-3.31821e-08
-1.77764e-06
-1.63404e-07
-1.79618e-06
-2.95717e-07
-1.8208e-06
-4.31632e-07
-1.85105e-06
-5.72755e-07
-1.88621e-06
-7.20824e-07
-1.92533e-06
-8.77733e-07
-1.96703e-06
-1.04555e-06
-2.00949e-06
-1.22651e-06
-2.05023e-06
-1.42297e-06
-2.08603e-06
-1.63724e-06
-2.1127e-06
-1.87136e-06
-2.12498e-06
-2.12658e-06
-2.11645e-06
-2.4026e-06
-2.07965e-06
-2.69633e-06
-2.00641e-06
-3.00026e-06
-1.88873e-06
-3.30031e-06
-1.72014e-06
-3.5735e-06
-1.4979e-06
-3.78583e-06
-1.22571e-06
-3.89124e-06
-9.16855e-07
-3.83275e-06
-5.96692e-07
-3.54694e-06
-3.03645e-07
-2.9722e-06
-8.70604e-08
-2.06047e-06
-7.94772e-07
-1.01948e-07
8.6937e-07
-3.49365e-07
2.2339e-06
-6.75765e-07
3.19117e-06
-1.02291e-06
3.76935e-06
-1.34857e-06
4.03228e-06
-1.62729e-06
4.05562e-06
-1.8477e-06
3.91275e-06
-2.00861e-06
3.66646e-06
-2.11517e-06
3.36543e-06
-2.17571e-06
3.04419e-06
-2.19957e-06
2.72514e-06
-2.19573e-06
2.42136e-06
-2.17214e-06
2.1393e-06
-2.13545e-06
1.88113e-06
-2.09099e-06
1.64642e-06
-2.04295e-06
1.43338e-06
-1.99452e-06
1.23955e-06
-1.94812e-06
1.06232e-06
-1.90552e-06
8.99134e-07
-1.86805e-06
7.47589e-07
-1.83666e-06
6.05503e-07
-1.81203e-06
4.7089e-07
-1.79467e-06
3.41939e-07
-1.78489e-06
2.16975e-07
-1.78291e-06
9.44204e-08
-1.78885e-06
-2.72487e-08
-1.80271e-06
-1.49545e-07
-1.82441e-06
-2.74015e-07
-1.85376e-06
-4.02285e-07
-1.8904e-06
-5.36109e-07
-1.93381e-06
-6.77419e-07
-1.98316e-06
-8.28376e-07
-2.03731e-06
-9.9141e-07
-2.09457e-06
-1.16925e-06
-2.15263e-06
-1.36491e-06
-2.20827e-06
-1.58159e-06
-2.2572e-06
-1.82244e-06
-2.29369e-06
-2.09009e-06
-2.31046e-06
-2.38583e-06
-2.29857e-06
-2.70823e-06
-2.24762e-06
-3.05121e-06
-2.14655e-06
-3.40138e-06
-1.98514e-06
-3.73491e-06
-1.75661e-06
-4.01435e-06
-1.46137e-06
-4.18648e-06
-1.11152e-06
-4.18259e-06
-7.354e-07
-3.92307e-06
-3.80257e-07
-3.32734e-06
-1.10839e-07
-2.32989e-06
-9.05611e-07
-1.30282e-07
9.99652e-07
-4.37134e-07
2.54076e-06
-8.28934e-07
3.58297e-06
-1.23006e-06
4.17047e-06
-1.59001e-06
4.39224e-06
-1.88208e-06
4.34769e-06
-2.09782e-06
4.12848e-06
-2.24072e-06
3.80936e-06
-2.32076e-06
3.44547e-06
-2.3504e-06
3.07383e-06
-2.34209e-06
2.71683e-06
-2.30694e-06
2.38621e-06
-2.25421e-06
2.08657e-06
-2.19122e-06
1.81814e-06
-2.12357e-06
1.57878e-06
-2.05543e-06
1.36524e-06
-1.98985e-06
1.17397e-06
-1.92899e-06
1.00146e-06
-1.87438e-06
8.44525e-07
-1.82709e-06
7.003e-07
-1.78786e-06
5.6627e-07
-1.75718e-06
4.40217e-07
-1.73541e-06
3.20166e-07
-1.72277e-06
2.04331e-07
-1.7194e-06
9.10552e-08
-1.72541e-06
-2.12439e-08
-1.74082e-06
-1.34131e-07
-1.76563e-06
-2.49206e-07
-1.79975e-06
-3.68166e-07
-1.84299e-06
-4.92862e-07
-1.89504e-06
-6.25371e-07
-1.95535e-06
-7.6807e-07
-2.02305e-06
-9.23706e-07
-2.09683e-06
-1.09547e-06
-2.1747e-06
-1.28704e-06
-2.25376e-06
-1.50253e-06
-2.32985e-06
-1.74634e-06
-2.39718e-06
-2.02276e-06
-2.44792e-06
-2.33509e-06
-2.47186e-06
-2.68428e-06
-2.45641e-06
-3.06666e-06
-2.38704e-06
-3.47076e-06
-2.24878e-06
-3.87317e-06
-2.02912e-06
-4.23402e-06
-1.72268e-06
-4.49292e-06
-1.33777e-06
-4.5675e-06
-9.03737e-07
-4.3571e-06
-4.77062e-07
-3.75402e-06
-1.42137e-07
-2.66482e-06
-1.04775e-06
-1.67859e-07
1.16751e-06
-5.47474e-07
2.92037e-06
-1.01153e-06
4.04703e-06
-1.46312e-06
4.62205e-06
-1.84452e-06
4.77365e-06
-2.13108e-06
4.63425e-06
-2.32082e-06
4.31823e-06
-2.42472e-06
3.91326e-06
-2.45933e-06
3.48007e-06
-2.44205e-06
3.05655e-06
-2.38863e-06
2.66341e-06
-2.31209e-06
2.30968e-06
-2.22258e-06
1.99706e-06
-2.12765e-06
1.7232e-06
-2.03272e-06
1.48384e-06
-1.94157e-06
1.2741e-06
-1.85677e-06
1.08917e-06
-1.78002e-06
9.24708e-07
-1.7124e-06
7.76905e-07
-1.65459e-06
6.42495e-07
-1.60702e-06
5.18693e-07
-1.56991e-06
4.03109e-07
-1.54342e-06
2.93672e-07
-1.52763e-06
1.88541e-07
-1.5226e-06
8.60335e-08
-1.52841e-06
-1.54378e-08
-1.54511e-06
-1.17435e-07
-1.57275e-06
-2.2156e-07
-1.6114e-06
-3.29516e-07
-1.66107e-06
-4.43192e-07
-1.72171e-06
-5.64736e-07
-1.79311e-06
-6.96662e-07
-1.87487e-06
-8.41953e-07
-1.96616e-06
-1.00418e-06
-2.06561e-06
-1.18759e-06
-2.17095e-06
-1.3972e-06
-2.27861e-06
-1.63868e-06
-2.38323e-06
-1.91813e-06
-2.47705e-06
-2.24128e-06
-2.54921e-06
-2.61212e-06
-2.58532e-06
-3.03054e-06
-2.56746e-06
-3.48861e-06
-2.4752e-06
-3.96544e-06
-2.28843e-06
-4.42079e-06
-1.99286e-06
-4.78848e-06
-1.58875e-06
-4.97161e-06
-1.10237e-06
-4.84348e-06
-5.97857e-07
-4.25853e-06
-1.8342e-07
-3.07926e-06
-1.23117e-06
-2.18176e-07
1.38569e-06
-6.84501e-07
3.3867e-06
-1.22146e-06
4.58399e-06
-1.70827e-06
5.10886e-06
-2.08431e-06
5.14969e-06
-2.33317e-06
4.88311e-06
-2.46463e-06
4.44968e-06
-2.50049e-06
3.94912e-06
-2.46548e-06
3.44506e-06
-2.38226e-06
2.97333e-06
-2.26943e-06
2.55059e-06
-2.14116e-06
2.1814e-06
-2.00764e-06
1.86353e-06
-1.87587e-06
1.59143e-06
-1.75045e-06
1.35843e-06
-1.63428e-06
1.15793e-06
-1.52907e-06
9.83957e-07
-1.43575e-06
8.31392e-07
-1.35478e-06
6.95931e-07
-1.2863e-06
5.74015e-07
-1.2303e-06
4.62697e-07
-1.18671e-06
3.59514e-07
-1.15541e-06
2.62376e-07
-1.13634e-06
1.69462e-07
-1.12943e-06
7.91323e-08
-1.13473e-06
-1.01459e-08
-1.15229e-06
-9.98721e-08
-1.18227e-06
-1.91583e-07
-1.22486e-06
-2.86927e-07
-1.2803e-06
-3.87747e-07
-1.34886e-06
-4.96176e-07
-1.43076e-06
-6.14757e-07
-1.52614e-06
-7.4658e-07
-1.63487e-06
-8.95443e-07
-1.75643e-06
-1.06603e-06
-1.88955e-06
-1.26407e-06
-2.03181e-06
-1.49642e-06
-2.17901e-06
-1.77094e-06
-2.32433e-06
-2.09595e-06
-2.45737e-06
-2.47908e-06
-2.56305e-06
-2.92487e-06
-2.62084e-06
-3.43082e-06
-2.60492e-06
-3.98136e-06
-2.48619e-06
-4.53952e-06
-2.23788e-06
-5.0368e-06
-1.84614e-06
-5.36335e-06
-1.32677e-06
-5.36286e-06
-7.4602e-07
-4.83928e-06
-2.38209e-07
-3.58707e-06
-1.46938e-06
-2.86757e-07
1.67244e-06
-8.51817e-07
3.95176e-06
-1.4488e-06
5.18097e-06
-1.93525e-06
5.59532e-06
-2.25804e-06
5.47248e-06
-2.41927e-06
5.04434e-06
-2.44735e-06
4.47776e-06
-2.37824e-06
3.88001e-06
-2.24543e-06
3.31225e-06
-2.07603e-06
2.80393e-06
-1.89001e-06
2.36457e-06
-1.70112e-06
1.99252e-06
-1.51824e-06
1.68065e-06
-1.34671e-06
1.4199e-06
-1.18949e-06
1.20121e-06
-1.04797e-06
1.01641e-06
-9.22594e-07
8.58586e-07
-8.1327e-07
7.22067e-07
-7.19608e-07
6.0227e-07
-6.41113e-07
4.9552e-07
-5.77275e-07
3.98859e-07
-5.27634e-07
3.09873e-07
-4.91812e-07
2.26555e-07
-4.69536e-07
1.47186e-07
-4.60647e-07
7.02429e-08
-4.65106e-07
-5.68679e-09
-4.83001e-07
-8.19766e-08
-5.1455e-07
-1.60035e-07
-5.60097e-07
-2.4138e-07
-6.20119e-07
-3.27725e-07
-6.9521e-07
-4.21086e-07
-7.86063e-07
-5.23904e-07
-8.93427e-07
-6.39215e-07
-1.01803e-06
-7.70844e-07
-1.16041e-06
-9.23651e-07
-1.32069e-06
-1.10379e-06
-1.49815e-06
-1.31896e-06
-1.6906e-06
-1.57849e-06
-1.89338e-06
-1.89317e-06
-2.09812e-06
-2.27435e-06
-2.29097e-06
-2.73201e-06
-2.45086e-06
-3.27092e-06
-2.54806e-06
-3.88416e-06
-2.54448e-06
-4.5431e-06
-2.39781e-06
-5.18347e-06
-2.07274e-06
-5.68842e-06
-1.56271e-06
-5.87288e-06
-9.23572e-07
-5.47842e-06
-3.11969e-07
-4.19867e-06
-1.78135e-06
-3.82754e-07
2.0552e-06
-1.0505e-06
4.6195e-06
-1.66809e-06
5.79856e-06
-2.08582e-06
6.01305e-06
-2.27853e-06
5.66519e-06
-2.28167e-06
5.04748e-06
-2.14953e-06
4.34562e-06
-1.93368e-06
3.66416e-06
-1.67484e-06
3.05341e-06
-1.40164e-06
2.53073e-06
-1.13255e-06
2.09548e-06
-8.78412e-07
1.73838e-06
-6.44891e-07
1.44712e-06
-4.34327e-07
1.20934e-06
-2.47102e-07
1.01398e-06
-8.25276e-08
8.51832e-07
6.05906e-08
7.15467e-07
1.83615e-07
5.99043e-07
2.87881e-07
4.98004e-07
3.74601e-07
4.088e-07
4.44816e-07
3.28644e-07
4.99377e-07
2.55313e-07
5.38941e-07
1.86991e-07
5.63975e-07
1.22152e-07
5.74761e-07
5.94574e-08
5.71394e-07
-2.31985e-09
5.53786e-07
-6.43689e-08
5.21659e-07
-1.27908e-07
4.74536e-07
-1.94257e-07
4.11729e-07
-2.64918e-07
3.32325e-07
-3.41682e-07
2.35175e-07
-4.26754e-07
1.18887e-07
-5.22927e-07
-1.81476e-08
-6.33809e-07
-1.77697e-07
-7.64101e-07
-3.61532e-07
-9.19957e-07
-5.71127e-07
-1.10936e-06
-8.07114e-07
-1.34251e-06
-1.06835e-06
-1.63193e-06
-1.35046e-06
-1.99224e-06
-1.64364e-06
-2.43884e-06
-1.92974e-06
-2.98482e-06
-2.17894e-06
-3.63496e-06
-2.34695e-06
-4.37509e-06
-2.37549e-06
-5.15493e-06
-2.2008e-06
-5.86311e-06
-1.7779e-06
-6.29578e-06
-1.12851e-06
-6.12781e-06
-4.13551e-07
-4.91363e-06
-2.1949e-06
-5.20332e-07
2.57553e-06
-1.27163e-06
5.3708e-06
-1.82138e-06
6.34831e-06
-2.05349e-06
6.24516e-06
-2.00506e-06
5.61676e-06
-1.76193e-06
4.80436e-06
-1.40808e-06
3.99176e-06
-1.00742e-06
3.26351e-06
-6.02103e-07
2.64809e-06
-2.16731e-07
2.14536e-06
1.36287e-07
1.74246e-06
4.52244e-07
1.42242e-06
7.30859e-07
1.16851e-06
9.74134e-07
9.66062e-07
1.18504e-06
8.03074e-07
1.36677e-06
6.70098e-07
1.52237e-06
5.59876e-07
1.65451e-06
4.66901e-07
1.76549e-06
3.87017e-07
1.85723e-06
3.17068e-07
1.93124e-06
2.54633e-07
1.98873e-06
1.97823e-07
2.0306e-06
1.45118e-07
2.05749e-06
9.52598e-08
2.06979e-06
4.71595e-08
2.06765e-06
-1.75078e-10
2.05098e-06
-4.77013e-08
2.01947e-06
-9.63981e-08
1.97254e-06
-1.47331e-07
1.90935e-06
-2.01723e-07
1.82871e-06
-2.61046e-07
1.7291e-06
-3.27142e-07
1.60856e-06
-4.02383e-07
1.46464e-06
-4.89897e-07
1.29441e-06
-5.93863e-07
1.09435e-06
-7.19906e-07
8.60577e-07
-8.75587e-07
5.89037e-07
-1.07096e-06
2.76247e-07
-1.31914e-06
-7.94144e-08
-1.63658e-06
-4.75445e-07
-2.0428e-06
-9.01541e-07
-2.55872e-06
-1.33428e-06
-3.20222e-06
-1.73052e-06
-3.97886e-06
-2.02137e-06
-4.86408e-06
-2.11271e-06
-5.77177e-06
-1.90423e-06
-6.50427e-06
-1.34605e-06
-6.68598e-06
-5.55975e-07
-5.70371e-06
-2.75087e-06
-7.13824e-07
3.28935e-06
-1.47056e-06
6.12753e-06
-1.7796e-06
6.65735e-06
-1.64717e-06
6.11273e-06
-1.2182e-06
5.18779e-06
-6.38866e-07
4.22502e-06
-1.5429e-08
3.36832e-06
5.88198e-07
2.65988e-06
1.13976e-06
2.09652e-06
1.62713e-06
1.65799e-06
2.04945e-06
1.32014e-06
2.41144e-06
1.06044e-06
2.71996e-06
8.59984e-07
2.98221e-06
7.03817e-07
3.20479e-06
5.80495e-07
3.39341e-06
4.81476e-07
3.55282e-06
4.00465e-07
3.68687e-06
3.32851e-07
3.79864e-06
2.75247e-07
3.89056e-06
2.25148e-07
3.96452e-06
1.80673e-07
4.02197e-06
1.40375e-07
4.06397e-06
1.03114e-07
4.09128e-06
6.79538e-08
4.10435e-06
3.40916e-08
4.10337e-06
8.04103e-10
4.08828e-06
-3.26105e-08
4.05874e-06
-6.68611e-08
4.01414e-06
-1.02728e-07
3.95352e-06
-1.4111e-07
3.87558e-06
-1.83101e-07
3.77852e-06
-2.30084e-07
3.66001e-06
-2.8387e-07
3.517e-06
-3.46886e-07
3.34558e-06
-4.2245e-07
3.14082e-06
-5.15144e-07
2.89655e-06
-6.3132e-07
2.60534e-06
-7.79754e-07
2.25865e-06
-9.72446e-07
1.84754e-06
-1.22547e-06
1.36441e-06
-1.55967e-06
8.06458e-07
-2.00077e-06
1.81945e-07
-2.57771e-06
-4.7976e-07
-3.31715e-06
-1.11431e-06
-4.22953e-06
-1.60842e-06
-5.27766e-06
-1.79976e-06
-6.31292e-06
-1.52081e-06
-6.96493e-06
-7.49812e-07
-6.4747e-06
-3.50068e-06
-9.52285e-07
4.24164e-06
-1.48979e-06
6.66504e-06
-1.25755e-06
6.42511e-06
-5.29123e-07
5.3843e-06
4.11998e-07
4.24667e-06
1.37838e-06
3.25864e-06
2.27101e-06
2.4757e-06
3.05042e-06
1.88048e-06
3.71038e-06
1.43655e-06
4.26038e-06
1.108e-06
4.7156e-06
8.64919e-07
5.09192e-06
6.84121e-07
5.40362e-06
5.48278e-07
5.6627e-06
4.4474e-07
5.87878e-06
3.6441e-07
6.05945e-06
3.00809e-07
6.21058e-06
2.49341e-07
6.33668e-06
2.06743e-07
6.44125e-06
1.70684e-07
6.52692e-06
1.39475e-07
6.59572e-06
1.1187e-07
6.64917e-06
8.69282e-08
6.68837e-06
6.39144e-08
6.71409e-06
4.22314e-08
6.72681e-06
2.13713e-08
6.72674e-06
8.79694e-10
6.71382e-06
-1.96897e-08
6.68773e-06
-4.07782e-08
6.64789e-06
-6.28794e-08
6.59334e-06
-8.65634e-08
6.52276e-06
-1.12528e-07
6.43434e-06
-1.41664e-07
6.32563e-06
-1.75152e-07
6.19334e-06
-2.14601e-07
6.03314e-06
-2.62249e-07
5.83925e-06
-3.21256e-07
5.60406e-06
-3.96128e-07
5.31761e-06
-4.93306e-07
4.96714e-06
-6.21977e-07
4.53683e-06
-7.95152e-07
4.00818e-06
-1.03103e-06
3.36197e-06
-1.35456e-06
2.58311e-06
-1.79885e-06
1.67113e-06
-2.40517e-06
6.59625e-07
-3.21803e-06
-3.5322e-07
-4.26482e-06
-1.16945e-06
-5.49669e-06
-1.4795e-06
-6.65488e-06
-9.75169e-07
-6.97904e-06
-4.47585e-06
-1.10503e-06
5.34667e-06
-8.52866e-07
6.41288e-06
3.56013e-07
5.21623e-06
1.87899e-06
3.86133e-06
3.35573e-06
2.76992e-06
4.64066e-06
1.97371e-06
5.70038e-06
1.41597e-06
6.55148e-06
1.02938e-06
7.22748e-06
7.60551e-07
7.76347e-06
5.72e-07
8.19019e-06
4.38208e-07
8.53241e-06
3.41894e-07
8.80934e-06
2.71354e-07
9.03544e-06
2.1864e-07
9.2215e-06
1.78348e-07
9.37551e-06
1.46795e-07
9.5034e-06
1.21458e-07
9.60954e-06
1.00597e-07
9.69723e-06
8.29982e-08
9.7689e-06
6.77999e-08
9.8264e-06
5.43753e-08
9.87107e-06
4.2256e-08
9.9039e-06
3.10792e-08
9.92558e-06
2.0552e-08
9.93653e-06
1.04258e-08
9.93693e-06
4.8061e-10
9.92674e-06
-9.50611e-09
9.90571e-06
-1.97454e-08
9.87331e-06
-3.04807e-08
9.82874e-06
-4.19918e-08
9.77084e-06
-5.46227e-08
9.69799e-06
-6.88158e-08
9.608e-06
-8.51622e-08
9.49787e-06
-1.04476e-07
9.36353e-06
-1.27909e-07
9.19939e-06
-1.57116e-07
8.99778e-06
-1.94516e-07
8.74815e-06
-2.43669e-07
8.43602e-06
-3.0985e-07
8.04178e-06
-4.00912e-07
7.53933e-06
-5.28584e-07
6.89525e-06
-7.10476e-07
6.06955e-06
-9.7314e-07
5.02092e-06
-1.35655e-06
3.72225e-06
-1.91936e-06
2.19626e-06
-2.73883e-06
5.85251e-07
-3.88568e-06
-7.35185e-07
-5.33444e-06
-1.08263e-06
-6.63159e-06
-5.55849e-06
-1.20183e-07
5.46685e-06
1.79523e-06
4.49747e-06
4.2951e-06
2.71635e-06
6.48492e-06
1.67151e-06
8.20255e-06
1.05229e-06
9.4979e-06
6.78361e-07
1.04625e-05
4.51365e-07
1.11811e-05
3.10817e-07
1.17205e-05
2.21112e-07
1.21305e-05
1.6206e-07
1.24466e-05
1.22067e-07
1.26942e-05
9.42422e-08
1.28912e-05
7.43564e-08
1.30501e-05
5.97446e-08
1.31798e-05
4.86954e-08
1.32865e-05
4.00937e-08
1.33747e-05
3.32027e-08
1.34478e-05
2.75288e-08
1.35081e-05
2.27349e-08
1.35573e-05
1.85856e-08
1.35968e-05
1.49117e-08
1.36274e-05
1.15875e-08
1.365e-05
8.51557e-09
1.36649e-05
5.61728e-09
1.36725e-05
2.8254e-09
1.36729e-05
8.36642e-11
1.36661e-05
-2.67616e-09
1.36518e-05
-5.50324e-09
1.36298e-05
-8.4676e-09
1.35995e-05
-1.16451e-08
1.356e-05
-1.51294e-08
1.35102e-05
-1.90415e-08
1.34486e-05
-2.35435e-08
1.3373e-05
-2.88604e-08
1.32804e-05
-3.53139e-08
1.31666e-05
-4.33739e-08
1.30259e-05
-5.37412e-08
1.28497e-05
-6.74765e-08
1.2626e-05
-8.62081e-08
1.23376e-05
-1.12476e-07
1.19594e-05
-1.50329e-07
1.14553e-05
-2.06409e-07
1.07742e-05
-2.92041e-07
9.84498e-06
-4.27338e-07
8.57443e-06
-6.48805e-07
6.85673e-06
-1.02113e-06
4.62507e-06
-1.65403e-06
2.03465e-06
-2.74402e-06
-6.62779e-09
-4.59031e-06
-5.56511e-06
5.46685e-06
9.96432e-06
1.26807e-05
1.43522e-05
1.54045e-05
1.60828e-05
1.65342e-05
1.6845e-05
1.70661e-05
1.72282e-05
1.73503e-05
1.74445e-05
1.75189e-05
1.75786e-05
1.76273e-05
1.76674e-05
1.77006e-05
1.77281e-05
1.77509e-05
1.77694e-05
1.77844e-05
1.77959e-05
1.78045e-05
1.78101e-05
1.78129e-05
1.7813e-05
1.78103e-05
1.78048e-05
1.77963e-05
1.77847e-05
1.77696e-05
1.77505e-05
1.7727e-05
1.76981e-05
1.76628e-05
1.76194e-05
1.75657e-05
1.74982e-05
1.7412e-05
1.72995e-05
1.71492e-05
1.69428e-05
1.66507e-05
1.62234e-05
1.55746e-05
1.45535e-05
1.28994e-05
1.01554e-05
5.56511e-06
)
;

boundaryField
{
    movingWallTop
    {
        type            calculated;
        value           uniform 0;
    }
    movingWallBottom
    {
        type            calculated;
        value           uniform 0;
    }
    fixedWalls
    {
        type            calculated;
        value           uniform 0;
    }
    frontAndBack
    {
        type            empty;
        value           nonuniform 0();
    }
}


// ************************************************************************* //
