/*--------------------------------*- C++ -*----------------------------------*\
  =========                 |
  \\      /  F ield         | OpenFOAM: The Open Source CFD Toolbox
   \\    /   O peration     | Website:  https://openfoam.org
    \\  /    A nd           | Version:  7
     \\/     M anipulation  |
\*---------------------------------------------------------------------------*/
FoamFile
{
    version     2.0;
    format      ascii;
    class       surfaceScalarField;
    location    "0.0624";
    object      phi;
}
// * * * * * * * * * * * * * * * * * * * * * * * * * * * * * * * * * * * * * //

dimensions      [0 3 -1 0 0 0 0];

internalField   nonuniform List<scalar> 
4900
(
1.10846e-09
-1.11514e-09
2.24451e-09
-1.13601e-09
2.29008e-09
-4.55815e-11
8.6194e-10
1.42808e-09
-2.11833e-09
2.98031e-09
-6.56695e-09
4.44863e-09
-1.23224e-08
5.75537e-09
-1.91883e-08
6.86591e-09
-2.69561e-08
7.76783e-09
-3.5416e-08
8.45986e-09
-4.43629e-08
8.94681e-09
-5.35999e-08
9.23702e-09
-6.29408e-08
9.34089e-09
-7.22109e-08
9.2701e-09
-8.1248e-08
9.03708e-09
-8.99026e-08
8.65463e-09
-9.80384e-08
8.13575e-09
-1.05532e-07
7.49355e-09
-1.12273e-07
6.74117e-09
-1.18165e-07
5.8918e-09
-1.23124e-07
4.95871e-09
-1.27079e-07
3.95526e-09
-1.29974e-07
2.89502e-09
-1.31766e-07
1.79181e-09
-1.32425e-07
6.59783e-10
-1.31939e-07
-4.86515e-10
-1.30307e-07
-1.63209e-09
-1.27545e-07
-2.76146e-09
-1.23687e-07
-3.85872e-09
-1.18779e-07
-4.9075e-09
-1.12888e-07
-5.8911e-09
-1.06095e-07
-6.79254e-09
-9.85007e-08
-7.59476e-09
-9.022e-08
-8.28078e-09
-8.1386e-08
-8.8339e-09
-7.2148e-08
-9.23803e-09
-6.26701e-08
-9.47792e-09
-5.31305e-08
-9.53954e-09
-4.372e-08
-9.41046e-09
-3.46397e-08
-9.08027e-09
-2.60985e-08
-8.54122e-09
-1.83095e-08
-7.78903e-09
-1.14852e-08
-6.82424e-09
-5.83051e-09
-5.65467e-09
-1.53015e-09
-4.30034e-09
1.27449e-09
-2.80462e-09
2.52711e-09
-1.25261e-09
2.32371e-09
2.03408e-10
1.11044e-09
1.21325e-09
1.11042e-09
1.14471e-09
-2.2598e-09
1.25512e-09
-1.24649e-09
-1.27065e-09
2.48014e-09
-7.19197e-09
7.34939e-09
-1.67308e-08
1.25192e-08
-2.97778e-08
1.74957e-08
-4.60238e-08
2.20013e-08
-6.5045e-08
2.58872e-08
-8.63573e-08
2.90801e-08
-1.0945e-07
3.15522e-08
-1.33806e-07
3.33033e-08
-1.5892e-07
3.43507e-08
-1.84302e-07
3.47233e-08
-2.09489e-07
3.44571e-08
-2.34045e-07
3.3593e-08
-2.57565e-07
3.21752e-08
-2.79679e-07
3.02496e-08
-3.0005e-07
2.78638e-08
-3.18374e-07
2.50658e-08
-3.34387e-07
2.19047e-08
-3.47858e-07
1.84301e-08
-3.58596e-07
1.46924e-08
-3.66443e-07
1.07429e-08
-3.71286e-07
6.63392e-09
-3.73045e-07
2.41898e-09
-3.71684e-07
-1.8469e-09
-3.67209e-07
-6.10721e-09
-3.59667e-07
-1.03039e-08
-3.49148e-07
-1.43773e-08
-3.35789e-07
-1.82667e-08
-3.1977e-07
-2.19101e-08
-3.01318e-07
-2.52451e-08
-2.80703e-07
-2.82092e-08
-2.58243e-07
-3.07406e-08
-2.34298e-07
-3.27794e-08
-2.09268e-07
-3.42683e-08
-1.83592e-07
-3.5154e-08
-1.57743e-07
-3.53884e-08
-1.32222e-07
-3.49309e-08
-1.07553e-07
-3.37499e-08
-8.42681e-08
-3.18257e-08
-6.29024e-08
-2.91547e-08
-4.39717e-08
-2.57549e-08
-2.79508e-08
-2.16756e-08
-1.52377e-08
-1.70134e-08
-6.10112e-09
-1.19412e-08
-5.96135e-10
-6.75756e-09
1.58019e-09
-1.97288e-09
1.2246e-09
1.56889e-09
2.33501e-09
1.04719e-10
-2.36454e-09
-2.37533e-09
1.23346e-09
-8.98433e-09
9.08918e-09
-2.04972e-08
1.88622e-08
-3.71483e-08
2.91703e-08
-5.87914e-08
3.91388e-08
-8.50182e-08
4.8228e-08
-1.15252e-07
5.61206e-08
-1.48814e-07
6.26422e-08
-1.84972e-07
6.77109e-08
-2.22975e-07
7.13056e-08
-2.6207e-07
7.34461e-08
-3.01527e-07
7.41802e-08
-3.40644e-07
7.3574e-08
-3.78758e-07
7.17071e-08
-4.1525e-07
6.86674e-08
-4.4955e-07
6.45492e-08
-4.81137e-07
5.94508e-08
-5.09545e-07
5.34736e-08
-5.34361e-07
4.67214e-08
-5.55231e-07
3.93001e-08
-5.71856e-07
3.13174e-08
-5.83997e-07
2.28835e-08
-5.91474e-07
1.41108e-08
-5.94169e-07
5.11437e-09
-5.92028e-07
-3.9876e-09
-5.85062e-07
-1.3074e-08
-5.73345e-07
-2.20206e-08
-5.57022e-07
-3.07004e-08
-5.36305e-07
-3.89839e-08
-5.11475e-07
-4.67399e-08
-4.82883e-07
-5.38365e-08
-4.5095e-07
-6.01425e-08
-4.16162e-07
-6.5529e-08
-3.7907e-07
-6.98712e-08
-3.40287e-07
-7.30513e-08
-3.0048e-07
-7.49608e-08
-2.60364e-07
-7.55041e-08
-2.20693e-07
-7.46022e-08
-1.82245e-07
-7.2198e-08
-1.45808e-07
-6.82622e-08
-1.12161e-07
-6.28018e-08
-8.20436e-08
-5.58727e-08
-5.6121e-08
-4.75982e-08
-3.49369e-08
-3.81975e-08
-1.88451e-08
-2.80329e-08
-7.91851e-09
-1.76842e-08
-1.8372e-09
-8.0542e-09
2.65288e-10
-5.33575e-10
2.60029e-09
-1.32915e-09
-1.03542e-09
-7.17004e-09
7.07439e-09
-1.86902e-08
2.06094e-08
-3.64727e-08
3.66447e-08
-6.06413e-08
5.33388e-08
-9.09534e-08
6.94509e-08
-1.26894e-07
8.41681e-08
-1.67755e-07
9.69824e-08
-2.12708e-07
1.07595e-07
-2.60846e-07
1.15849e-07
-3.11231e-07
1.2169e-07
-3.62918e-07
1.25133e-07
-4.14978e-07
1.26241e-07
-4.66516e-07
1.25112e-07
-5.16681e-07
1.21872e-07
-5.64675e-07
1.16661e-07
-6.09758e-07
1.09632e-07
-6.51255e-07
1.00948e-07
-6.88561e-07
9.07793e-08
-7.21138e-07
7.92988e-08
-7.48524e-07
6.66858e-08
-7.7033e-07
5.31231e-08
-7.86244e-07
3.87976e-08
-7.96034e-07
2.39006e-08
-7.99547e-07
8.62782e-09
-7.96715e-07
-6.8199e-09
-7.87552e-07
-2.22369e-08
-7.7216e-07
-3.74128e-08
-7.50728e-07
-5.21325e-08
-7.23534e-07
-6.61777e-08
-6.90946e-07
-7.93275e-08
-6.53422e-07
-9.13608e-08
-6.11507e-07
-1.02058e-07
-5.65831e-07
-1.11205e-07
-5.17108e-07
-1.18594e-07
-4.66126e-07
-1.24033e-07
-4.13742e-07
-1.27345e-07
-3.6087e-07
-1.28376e-07
-3.08469e-07
-1.27003e-07
-2.57524e-07
-1.23143e-07
-2.09027e-07
-1.16759e-07
-1.63949e-07
-1.0788e-07
-1.23206e-07
-9.6616e-08
-8.76166e-08
-8.31877e-08
-5.785e-08
-6.7964e-08
-3.43595e-08
-5.15234e-08
-1.73027e-08
-3.4741e-08
-6.45308e-09
-1.89038e-08
-1.11772e-09
-5.86894e-09
1.48257e-09
-2.86271e-09
1.8273e-09
-1.23924e-08
1.66041e-08
-2.92342e-08
3.74513e-08
-5.36626e-08
6.10731e-08
-8.55934e-08
8.52696e-08
-1.24629e-07
1.08487e-07
-1.70122e-07
1.2966e-07
-2.21232e-07
1.48093e-07
-2.76992e-07
1.63355e-07
-3.3635e-07
1.75207e-07
-3.98211e-07
1.83552e-07
-4.61471e-07
1.88393e-07
-5.2504e-07
1.89809e-07
-5.87861e-07
1.87934e-07
-6.48927e-07
1.82938e-07
-7.07288e-07
1.75023e-07
-7.62066e-07
1.6441e-07
-8.12456e-07
1.51338e-07
-8.57731e-07
1.36054e-07
-8.9725e-07
1.18818e-07
-9.30459e-07
9.98949e-08
-9.56893e-07
7.95567e-08
-9.76178e-07
5.8083e-08
-9.88037e-07
3.57595e-08
-9.92288e-07
1.2879e-08
-9.8885e-07
-1.02584e-08
-9.77741e-07
-3.33457e-08
-9.59085e-07
-5.6069e-08
-9.33109e-07
-7.81084e-08
-9.00148e-07
-9.91391e-08
-8.60641e-07
-1.18834e-07
-8.15137e-07
-1.36865e-07
-7.64285e-07
-1.5291e-07
-7.08839e-07
-1.66651e-07
-6.49645e-07
-1.77788e-07
-5.8764e-07
-1.86039e-07
-5.23837e-07
-1.91147e-07
-4.59318e-07
-1.92895e-07
-3.95211e-07
-1.91111e-07
-3.32672e-07
-1.85681e-07
-2.72863e-07
-1.76568e-07
-2.16916e-07
-1.63827e-07
-1.65899e-07
-1.47633e-07
-1.20772e-07
-1.28315e-07
-8.23346e-08
-1.06401e-07
-5.11694e-08
-8.26886e-08
-2.75784e-08
-5.8332e-08
-1.15269e-08
-3.49553e-08
-2.60246e-09
-1.47934e-08
-1.1199e-09
-4.37499e-09
6.20232e-09
-1.7663e-08
2.9892e-08
-3.99723e-08
5.97606e-08
-7.12051e-08
9.23059e-08
-1.11009e-07
1.25073e-07
-1.58784e-07
1.56262e-07
-2.13717e-07
1.84593e-07
-2.74825e-07
2.09201e-07
-3.41e-07
2.29529e-07
-4.11053e-07
2.4526e-07
-4.83753e-07
2.56252e-07
-5.57857e-07
2.62497e-07
-6.32136e-07
2.64089e-07
-7.05399e-07
2.61197e-07
-7.76506e-07
2.54044e-07
-8.44381e-07
2.42898e-07
-9.08028e-07
2.28057e-07
-9.66531e-07
2.0984e-07
-1.01906e-06
1.88588e-07
-1.0649e-06
1.64652e-07
-1.1034e-06
1.38397e-07
-1.13404e-06
1.10198e-07
-1.1564e-06
8.04376e-08
-1.17015e-06
4.95109e-08
-1.17509e-06
1.78208e-08
-1.17113e-06
-1.42195e-08
-1.15829e-06
-4.61875e-08
-1.1367e-06
-7.76514e-08
-1.10664e-06
-1.08172e-07
-1.06848e-06
-1.37303e-07
-1.02271e-06
-1.64598e-07
-9.69969e-07
-1.89608e-07
-9.10987e-07
-2.11892e-07
-8.46619e-07
-2.3102e-07
-7.77825e-07
-2.46582e-07
-7.05666e-07
-2.58198e-07
-6.31289e-07
-2.65524e-07
-5.55914e-07
-2.6827e-07
-4.80816e-07
-2.66209e-07
-4.07298e-07
-2.59199e-07
-3.36671e-07
-2.47196e-07
-2.70213e-07
-2.30285e-07
-2.09136e-07
-2.08709e-07
-1.54545e-07
-1.82906e-07
-1.07386e-07
-1.5356e-07
-6.84029e-08
-1.21672e-07
-3.80918e-08
-8.86431e-08
-1.66703e-08
-5.63767e-08
-4.07272e-09
-2.73911e-08
-5.19262e-09
-5.81875e-09
1.20211e-08
-2.28086e-08
4.68818e-08
-5.05757e-08
8.75277e-08
-8.86327e-08
1.30363e-07
-1.36326e-07
1.72766e-07
-1.92819e-07
2.12755e-07
-2.57106e-07
2.48881e-07
-3.2804e-07
2.80135e-07
-4.04367e-07
3.05856e-07
-4.84762e-07
3.25655e-07
-5.67863e-07
3.39353e-07
-6.52301e-07
3.46934e-07
-7.36724e-07
3.48512e-07
-8.19822e-07
3.44295e-07
-9.00342e-07
3.34564e-07
-9.77103e-07
3.19659e-07
-1.049e-06
2.99959e-07
-1.11504e-06
2.75876e-07
-1.1743e-06
2.47848e-07
-1.22598e-06
2.16331e-07
-1.26938e-06
1.81799e-07
-1.30392e-06
1.44736e-07
-1.32913e-06
1.05644e-07
-1.34465e-06
6.50357e-08
-1.35026e-06
2.34351e-08
-1.34586e-06
-1.86197e-08
-1.33147e-06
-6.05787e-08
-1.30724e-06
-1.01881e-07
-1.27346e-06
-1.41955e-07
-1.23054e-06
-1.80223e-07
-1.17904e-06
-2.16104e-07
-1.11963e-06
-2.49018e-07
-1.05312e-06
-2.78393e-07
-9.80468e-07
-3.03675e-07
-9.02715e-07
-3.24336e-07
-8.21028e-07
-3.39884e-07
-7.36672e-07
-3.49881e-07
-6.50986e-07
-3.53955e-07
-5.65376e-07
-3.5182e-07
-4.81279e-07
-3.43296e-07
-4.00142e-07
-3.28333e-07
-3.23386e-07
-3.07041e-07
-2.52371e-07
-2.79724e-07
-1.88354e-07
-2.46923e-07
-1.3245e-07
-2.09464e-07
-8.55945e-08
-1.68527e-07
-4.85124e-08
-1.25725e-07
-2.17076e-08
-8.31815e-08
-5.47986e-09
-4.36189e-08
-1.06725e-08
-7.18478e-09
1.92059e-08
-2.77697e-08
6.74667e-08
-6.09093e-08
1.20667e-07
-1.05735e-07
1.75188e-07
-1.61277e-07
2.28309e-07
-2.26443e-07
2.77921e-07
-3.00012e-07
3.2245e-07
-3.80657e-07
3.6078e-07
-4.66966e-07
3.92165e-07
-5.57471e-07
4.1616e-07
-6.50681e-07
4.32562e-07
-7.45105e-07
4.41359e-07
-8.3928e-07
4.42687e-07
-9.31788e-07
4.36803e-07
-1.02128e-06
4.24052e-07
-1.10647e-06
4.04852e-07
-1.18618e-06
3.79672e-07
-1.25933e-06
3.49022e-07
-1.32493e-06
3.13447e-07
-1.38211e-06
2.73515e-07
-1.43013e-06
2.29814e-07
-1.46835e-06
1.82953e-07
-1.49626e-06
1.33556e-07
-1.51348e-06
8.22627e-08
-1.51978e-06
2.97291e-08
-1.51502e-06
-2.33731e-08
-1.49925e-06
-7.63575e-08
-1.4726e-06
-1.28523e-07
-1.4354e-06
-1.79159e-07
-1.38808e-06
-2.27542e-07
-1.33123e-06
-2.72949e-07
-1.26559e-06
-3.14658e-07
-1.19203e-06
-3.51955e-07
-1.11156e-06
-3.84152e-07
-1.0253e-06
-4.10589e-07
-9.34529e-07
-4.30658e-07
-8.40597e-07
-4.43813e-07
-7.44959e-07
-4.49592e-07
-6.49138e-07
-4.47641e-07
-5.54699e-07
-4.37735e-07
-4.63223e-07
-4.19808e-07
-3.76277e-07
-3.93987e-07
-2.95375e-07
-3.60627e-07
-2.21942e-07
-3.20355e-07
-1.57283e-07
-2.74123e-07
-1.02547e-07
-2.23264e-07
-5.8711e-08
-1.69561e-07
-2.65807e-08
-1.15312e-07
-6.81372e-09
-6.33859e-08
-1.74862e-08
-8.48084e-09
2.76867e-08
-3.25457e-08
9.15315e-08
-7.0948e-08
1.5907e-07
-1.22456e-07
2.26696e-07
-1.85785e-07
2.91638e-07
-2.59571e-07
3.51707e-07
-3.42367e-07
4.05246e-07
-4.32647e-07
4.5106e-07
-5.28831e-07
4.88348e-07
-6.29302e-07
5.16631e-07
-7.32435e-07
5.35696e-07
-8.36621e-07
5.45545e-07
-9.40288e-07
5.46354e-07
-1.04192e-06
5.38433e-07
-1.14007e-06
5.22202e-07
-1.23338e-06
4.98163e-07
-1.32059e-06
4.66884e-07
-1.40055e-06
4.28981e-07
-1.47221e-06
3.85112e-07
-1.53466e-06
3.35964e-07
-1.5871e-06
2.82249e-07
-1.62885e-06
2.24703e-07
-1.65937e-06
1.64082e-07
-1.67827e-06
1.01161e-07
-1.68527e-06
3.67322e-08
-1.68026e-06
-2.83904e-08
-1.66324e-06
-9.33765e-08
-1.63438e-06
-1.57379e-07
-1.59401e-06
-2.19535e-07
-1.54257e-06
-2.78974e-07
-1.48071e-06
-3.34818e-07
-1.40917e-06
-3.86192e-07
-1.32889e-06
-4.32235e-07
-1.24093e-06
-4.72109e-07
-1.14651e-06
-5.05018e-07
-1.04694e-06
-5.30222e-07
-9.43695e-07
-5.47058e-07
-8.38323e-07
-5.54965e-07
-7.32459e-07
-5.53505e-07
-6.27795e-07
-5.42399e-07
-5.26049e-07
-5.21554e-07
-4.28939e-07
-4.91097e-07
-3.38144e-07
-4.51422e-07
-2.55275e-07
-4.03224e-07
-1.81841e-07
-3.47557e-07
-1.19227e-07
-2.85878e-07
-6.86752e-08
-2.20112e-07
-3.12944e-08
-1.52693e-07
-8.08321e-09
-8.6597e-08
-2.55694e-08
-9.72105e-09
3.74078e-08
-3.71648e-08
1.18975e-07
-8.07261e-08
2.02631e-07
-1.38831e-07
2.848e-07
-2.09884e-07
3.62691e-07
-2.92247e-07
4.3407e-07
-3.84232e-07
4.97231e-07
-4.84106e-07
5.50935e-07
-5.90108e-07
5.9435e-07
-7.00465e-07
6.26988e-07
-8.13414e-07
6.48645e-07
-9.27225e-07
6.59356e-07
-1.04022e-06
6.59347e-07
-1.15078e-06
6.48996e-07
-1.25739e-06
6.28807e-07
-1.3586e-06
5.99377e-07
-1.4531e-06
5.61381e-07
-1.53966e-06
5.15548e-07
-1.61721e-06
4.62655e-07
-1.68476e-06
4.03516e-07
-1.74149e-06
3.38974e-07
-1.78668e-06
2.69897e-07
-1.81977e-06
1.97178e-07
-1.84034e-06
1.21731e-07
-1.84811e-06
4.4493e-08
-1.84292e-06
-3.35761e-08
-1.8248e-06
-1.11497e-07
-1.79391e-06
-1.88268e-07
-1.75057e-06
-2.62873e-07
-1.69527e-06
-3.3428e-07
-1.62863e-06
-4.01454e-07
-1.55146e-06
-4.63357e-07
-1.46473e-06
-5.1897e-07
-1.36954e-06
-5.673e-07
-1.26716e-06
-6.07398e-07
-1.159e-06
-6.38382e-07
-1.0466e-06
-6.59461e-07
-9.31603e-07
-6.69958e-07
-8.15767e-07
-6.69342e-07
-7.00905e-07
-6.57261e-07
-5.88879e-07
-6.3358e-07
-4.81565e-07
-5.98411e-07
-3.80822e-07
-5.52165e-07
-2.88459e-07
-4.95588e-07
-2.06208e-07
-4.29808e-07
-1.35701e-07
-3.56385e-07
-7.84575e-08
-2.77356e-07
-3.58852e-08
-1.95265e-07
-9.30474e-09
-1.13177e-07
-3.48741e-08
-1.09212e-08
4.8329e-08
-4.16676e-08
1.49722e-07
-9.03075e-08
2.51271e-07
-1.54943e-07
3.49436e-07
-2.33675e-07
4.41423e-07
-3.24589e-07
5.24984e-07
-4.25749e-07
5.98391e-07
-5.35206e-07
6.60392e-07
-6.51008e-07
7.10152e-07
-7.71217e-07
7.47197e-07
-8.93929e-07
7.71357e-07
-1.01729e-06
7.82717e-07
-1.13951e-06
7.81569e-07
-1.25889e-06
7.68376e-07
-1.37382e-06
7.43736e-07
-1.4828e-06
7.08354e-07
-1.58443e-06
6.63018e-07
-1.67747e-06
6.08582e-07
-1.76076e-06
5.4595e-07
-1.83331e-06
4.76067e-07
-1.89425e-06
3.9991e-07
-1.94284e-06
3.18487e-07
-1.97849e-06
2.3283e-07
-2.00076e-06
1.43999e-07
-2.00935e-06
5.30766e-08
-2.00409e-06
-3.88278e-08
-1.98501e-06
-1.3058e-07
-1.95225e-06
-2.21024e-07
-1.90615e-06
-3.08979e-07
-1.84718e-06
-3.93253e-07
-1.77599e-06
-4.7264e-07
-1.69341e-06
-5.45938e-07
-1.60042e-06
-6.11957e-07
-1.49818e-06
-6.69537e-07
-1.38801e-06
-7.17568e-07
-1.27138e-06
-7.55013e-07
-1.14991e-06
-7.80936e-07
-1.02534e-06
-7.94529e-07
-8.99527e-07
-7.95151e-07
-7.74428e-07
-7.82361e-07
-6.5205e-07
-7.55958e-07
-5.34438e-07
-7.16023e-07
-4.23642e-07
-6.62961e-07
-3.21686e-07
-5.97544e-07
-2.30539e-07
-5.20955e-07
-1.52092e-07
-4.34832e-07
-8.81452e-08
-3.41303e-07
-4.04051e-08
-2.43005e-07
-1.04973e-08
-1.43085e-07
-4.53714e-08
-1.20969e-08
6.0426e-08
-4.60987e-08
1.83723e-07
-9.97692e-08
3.04942e-07
-1.709e-07
4.20567e-07
-2.57294e-07
5.27817e-07
-3.56758e-07
6.24448e-07
-4.67104e-07
7.08737e-07
-5.86159e-07
7.79446e-07
-7.11772e-07
8.35765e-07
-8.41835e-07
8.7726e-07
-9.74294e-07
9.03816e-07
-1.10717e-06
9.15591e-07
-1.23856e-06
9.12964e-07
-1.36669e-06
8.96498e-07
-1.48985e-06
8.669e-07
-1.60649e-06
8.24995e-07
-1.71517e-06
7.71696e-07
-1.81458e-06
7.07989e-07
-1.90354e-06
6.34911e-07
-1.98102e-06
5.53546e-07
-2.04612e-06
4.65011e-07
-2.09808e-06
3.70454e-07
-2.13631e-06
2.71052e-07
-2.16032e-06
1.68011e-07
-2.1698e-06
6.25618e-08
-2.1646e-06
-4.4034e-08
-2.14469e-06
-1.50487e-07
-2.11023e-06
-2.5548e-07
-2.06154e-06
-3.57671e-07
-1.9991e-06
-4.55696e-07
-1.92356e-06
-5.4818e-07
-1.83575e-06
-6.33743e-07
-1.73669e-06
-7.11018e-07
-1.62756e-06
-7.78668e-07
-1.50972e-06
-8.35409e-07
-1.3847e-06
-8.80032e-07
-1.2542e-06
-9.11442e-07
-1.12004e-06
-9.28682e-07
-9.84215e-07
-9.3098e-07
-8.48791e-07
-9.17784e-07
-7.15941e-07
-8.88808e-07
-5.87891e-07
-8.44074e-07
-4.66893e-07
-7.83958e-07
-3.552e-07
-7.09236e-07
-2.55031e-07
-6.21124e-07
-1.68549e-07
-5.21314e-07
-9.78419e-08
-4.1201e-07
-4.49116e-08
-2.95935e-07
-1.168e-08
-1.76317e-07
-5.70513e-08
-1.32626e-08
7.36885e-08
-5.05023e-08
2.20963e-07
-1.09191e-07
3.6363e-07
-1.86817e-07
4.98193e-07
-2.80887e-07
6.21888e-07
-3.8893e-07
7.32491e-07
-5.085e-07
8.28307e-07
-6.37191e-07
9.08137e-07
-7.72649e-07
9.71223e-07
-9.12586e-07
1.0172e-06
-1.0548e-06
1.04603e-06
-1.19717e-06
1.05797e-06
-1.33771e-06
1.0535e-06
-1.47452e-06
1.03331e-06
-1.60586e-06
9.98234e-07
-1.73009e-06
9.49225e-07
-1.84572e-06
8.87335e-07
-1.95143e-06
8.1369e-07
-2.04598e-06
7.29471e-07
-2.12834e-06
6.35902e-07
-2.19757e-06
5.34245e-07
-2.25291e-06
4.25794e-07
-2.29373e-06
3.1187e-07
-2.31955e-06
1.93824e-07
-2.33002e-06
7.30387e-08
-2.32498e-06
-4.90738e-08
-2.3044e-06
-1.71068e-07
-2.26842e-06
-2.91466e-07
-2.21733e-06
-4.08759e-07
-2.15161e-06
-5.21413e-07
-2.07192e-06
-6.27874e-07
-1.97908e-06
-7.26581e-07
-1.87411e-06
-8.15982e-07
-1.75823e-06
-8.94549e-07
-1.63283e-06
-9.6081e-07
-1.49949e-06
-1.01337e-06
-1.35997e-06
-1.05096e-06
-1.21621e-06
-1.07245e-06
-1.07029e-06
-1.0769e-06
-9.24421e-07
-1.06365e-06
-7.80946e-07
-1.03228e-06
-6.42278e-07
-9.82741e-07
-5.10888e-07
-9.15348e-07
-3.89268e-07
-8.30856e-07
-2.79902e-07
-7.30489e-07
-1.85238e-07
-6.15979e-07
-1.07657e-07
-4.89591e-07
-4.94636e-08
-3.54128e-07
-1.28714e-08
-2.12909e-07
-6.99227e-08
-1.44312e-08
8.81197e-08
-5.49199e-08
2.61452e-07
-1.18648e-07
4.27358e-07
-2.02806e-07
5.8235e-07
-3.04602e-07
7.23684e-07
-4.21282e-07
8.4917e-07
-5.50136e-07
9.57162e-07
-6.88521e-07
1.04652e-06
-8.33871e-07
1.11657e-06
-9.83716e-07
1.16704e-06
-1.13569e-06
1.198e-06
-1.28756e-06
1.20983e-06
-1.43721e-06
1.20315e-06
-1.58266e-06
1.17877e-06
-1.7221e-06
1.13767e-06
-1.85384e-06
1.08097e-06
-1.97636e-06
1.00985e-06
-2.08828e-06
9.25608e-07
-2.18836e-06
8.29559e-07
-2.27555e-06
7.23082e-07
-2.34888e-06
6.07584e-07
-2.4076e-06
4.84505e-07
-2.45104e-06
3.55312e-07
-2.47872e-06
2.21503e-07
-2.49028e-06
8.46054e-08
-2.48554e-06
-5.38163e-08
-2.46445e-06
-1.92162e-07
-2.42712e-06
-3.28795e-07
-2.37384e-06
-4.6204e-07
-2.30506e-06
-5.90189e-07
-2.22143e-06
-7.11508e-07
-2.12376e-06
-8.24249e-07
-2.01308e-06
-9.26662e-07
-1.89061e-06
-1.01702e-06
-1.75776e-06
-1.09365e-06
-1.61618e-06
-1.15496e-06
-1.46767e-06
-1.19946e-06
-1.31427e-06
-1.22585e-06
-1.15816e-06
-1.23301e-06
-1.00172e-06
-1.22009e-06
-8.47448e-07
-1.18656e-06
-6.97954e-07
-1.13224e-06
-5.55942e-07
-1.05736e-06
-4.2416e-07
-9.62638e-07
-3.05372e-07
-8.49277e-07
-2.02321e-07
-7.19029e-07
-1.17699e-07
-5.74213e-07
-5.41184e-08
-4.1771e-07
-1.40891e-08
-2.52939e-07
-8.40118e-08
-1.56143e-08
1.03734e-07
-5.93892e-08
3.05227e-07
-1.28214e-07
4.96183e-07
-2.18974e-07
6.7311e-07
-3.28577e-07
8.33287e-07
-4.53978e-07
9.74571e-07
-5.92199e-07
1.09538e-06
-7.40349e-07
1.19467e-06
-8.95646e-07
1.27187e-06
-1.05543e-06
1.32683e-06
-1.21718e-06
1.35975e-06
-1.37852e-06
1.37117e-06
-1.53723e-06
1.36186e-06
-1.69125e-06
1.33279e-06
-1.83871e-06
1.28513e-06
-1.97787e-06
1.22012e-06
-2.10716e-06
1.13915e-06
-2.2252e-06
1.04364e-06
-2.33073e-06
9.3509e-07
-2.42266e-06
8.15018e-07
-2.50007e-06
6.84986e-07
-2.56214e-06
5.46578e-07
-2.60823e-06
4.01405e-07
-2.63784e-06
2.5111e-07
-2.6506e-06
9.7365e-08
-2.64629e-06
-5.812e-08
-2.62486e-06
-2.13594e-07
-2.5864e-06
-3.67262e-07
-2.53115e-06
-5.17285e-07
-2.45956e-06
-6.61782e-07
-2.37223e-06
-7.98836e-07
-2.26998e-06
-9.26504e-07
-2.1538e-06
-1.04284e-06
-2.02493e-06
-1.14589e-06
-1.8848e-06
-1.23378e-06
-1.73507e-06
-1.30469e-06
-1.57763e-06
-1.35691e-06
-1.41457e-06
-1.3889e-06
-1.24822e-06
-1.39936e-06
-1.08107e-06
-1.38724e-06
-9.15806e-07
-1.35182e-06
-7.55256e-07
-1.29278e-06
-6.02362e-07
-1.21026e-06
-4.60142e-07
-1.10486e-06
-3.31656e-07
-9.77763e-07
-2.19962e-07
-8.30723e-07
-1.28075e-07
-6.66099e-07
-5.89306e-08
-4.86854e-07
-1.53493e-08
-2.9652e-07
-9.93611e-08
-1.6822e-08
1.20556e-07
-6.39441e-08
3.52349e-07
-1.37953e-07
5.70192e-07
-2.35419e-07
7.70577e-07
-3.5294e-07
9.50808e-07
-4.87171e-07
1.1088e-06
-6.34855e-07
1.24307e-06
-7.92848e-07
1.35267e-06
-9.58143e-07
1.43716e-06
-1.12789e-06
1.49657e-06
-1.29939e-06
1.53126e-06
-1.47015e-06
1.54193e-06
-1.63785e-06
1.52955e-06
-1.80034e-06
1.49529e-06
-1.95569e-06
1.44047e-06
-2.10212e-06
1.36655e-06
-2.23805e-06
1.27508e-06
-2.36206e-06
1.16766e-06
-2.47291e-06
1.04594e-06
-2.5695e-06
9.11608e-07
-2.65089e-06
7.66378e-07
-2.71629e-06
6.11977e-07
-2.76504e-06
4.50158e-07
-2.79664e-06
2.82703e-07
-2.81069e-06
1.11421e-07
-2.80698e-06
-6.18342e-08
-2.7854e-06
-2.35168e-07
-2.74603e-06
-4.06633e-07
-2.68909e-06
-5.7423e-07
-2.61496e-06
-7.35906e-07
-2.52424e-06
-8.8956e-07
-2.41769e-06
-1.03305e-06
-2.2963e-06
-1.16422e-06
-2.16128e-06
-1.28091e-06
-2.01407e-06
-1.38099e-06
-1.85636e-06
-1.4624e-06
-1.69007e-06
-1.52319e-06
-1.51739e-06
-1.56158e-06
-1.34074e-06
-1.57601e-06
-1.16277e-06
-1.56521e-06
-9.86338e-07
-1.52825e-06
-8.14494e-07
-1.46463e-06
-6.50434e-07
-1.37432e-06
-4.97465e-07
-1.25783e-06
-3.58961e-07
-1.11627e-06
-2.38314e-07
-9.5137e-07
-1.38885e-07
-7.65529e-07
-6.3952e-08
-5.61787e-07
-1.66673e-08
-3.43804e-07
-1.16028e-07
-1.80634e-08
1.38619e-07
-6.86153e-08
4.02901e-07
-1.47923e-07
6.49499e-07
-2.52228e-07
8.74882e-07
-3.77804e-07
1.07638e-06
-5.20992e-07
1.25199e-06
-6.78245e-07
1.40032e-06
-8.46157e-07
1.52058e-06
-1.02149e-06
1.6125e-06
-1.20118e-06
1.67627e-06
-1.3824e-06
1.71247e-06
-1.5625e-06
1.72203e-06
-1.73905e-06
1.7061e-06
-1.90984e-06
1.66609e-06
-2.07289e-06
1.60352e-06
-2.22639e-06
1.52005e-06
-2.36875e-06
1.41743e-06
-2.49854e-06
1.29745e-06
-2.61452e-06
1.16192e-06
-2.71561e-06
1.0127e-06
-2.80087e-06
8.51646e-07
-2.86953e-06
6.80634e-07
-2.92093e-06
5.01555e-07
-2.95455e-06
3.16321e-07
-2.97e-06
1.26875e-07
-2.96703e-06
-6.48e-08
-2.94553e-06
-2.5667e-07
-2.90552e-06
-4.46644e-07
-2.84718e-06
-6.32568e-07
-2.77087e-06
-8.12222e-07
-2.6771e-06
-9.83323e-07
-2.56663e-06
-1.14353e-06
-2.44038e-06
-1.29047e-06
-2.29953e-06
-1.42175e-06
-2.14553e-06
-1.53499e-06
-1.98007e-06
-1.62787e-06
-1.8051e-06
-1.69816e-06
-1.62289e-06
-1.7438e-06
-1.43595e-06
-1.76296e-06
-1.24707e-06
-1.75409e-06
-1.05931e-06
-1.71601e-06
-8.75941e-07
-1.648e-06
-7.0042e-07
-1.54984e-06
-5.36364e-07
-1.42188e-06
-3.87481e-07
-1.26515e-06
-2.57524e-07
-1.08133e-06
-1.50224e-07
-8.72829e-07
-6.92316e-08
-6.42779e-07
-1.80574e-08
-3.94979e-07
-1.34086e-07
-1.93466e-08
1.57966e-07
-7.34304e-08
4.56984e-07
-1.58177e-07
7.34246e-07
-2.6948e-07
9.86185e-07
-4.03268e-07
1.21017e-06
-5.55553e-07
1.40428e-06
-7.22484e-07
1.56725e-06
-9.00379e-07
1.69847e-06
-1.08576e-06
1.79787e-06
-1.27537e-06
1.86588e-06
-1.46619e-06
1.9033e-06
-1.65547e-06
1.9113e-06
-1.84067e-06
1.89131e-06
-2.01953e-06
1.84495e-06
-2.19001e-06
1.774e-06
-2.35029e-06
1.68034e-06
-2.49877e-06
1.56592e-06
-2.63406e-06
1.43273e-06
-2.75492e-06
1.28278e-06
-2.86028e-06
1.11807e-06
-2.94925e-06
9.40613e-07
-3.02105e-06
7.52432e-07
-3.07504e-06
5.55543e-07
-3.1107e-06
3.51983e-07
-3.12764e-06
1.43816e-07
-3.12559e-06
-6.68523e-08
-3.10439e-06
-2.77864e-07
-3.06404e-06
-4.86993e-07
-3.00467e-06
-6.91941e-07
-2.92657e-06
-8.90327e-07
-2.8302e-06
-1.07969e-06
-2.71624e-06
-1.25749e-06
-2.58558e-06
-1.42114e-06
-2.43935e-06
-1.56798e-06
-2.27895e-06
-1.69539e-06
-2.10607e-06
-1.80075e-06
-1.92268e-06
-1.88154e-06
-1.73111e-06
-1.93538e-06
-1.53395e-06
-1.96011e-06
-1.33415e-06
-1.95388e-06
-1.13494e-06
-1.91522e-06
-9.39825e-07
-1.84312e-06
-7.52549e-07
-1.73711e-06
-5.77049e-07
-1.59738e-06
-4.17396e-07
-1.4248e-06
-2.77728e-07
-1.22099e-06
-1.62183e-07
-9.88375e-07
-7.48159e-08
-7.30146e-07
-1.95332e-08
-4.50261e-07
-1.53619e-07
-2.06792e-08
1.78645e-07
-7.84149e-08
5.1472e-07
-1.68765e-07
8.24596e-07
-2.87247e-07
1.10467e-06
-4.29421e-07
1.35234e-06
-5.90951e-07
1.56581e-06
-7.67662e-07
1.74396e-06
-9.55583e-07
1.88639e-06
-1.15099e-06
1.99328e-06
-1.35041e-06
2.0653e-06
-1.55068e-06
2.10357e-06
-1.7489e-06
2.10952e-06
-1.94246e-06
2.08487e-06
-2.12903e-06
2.03152e-06
-2.30656e-06
1.95152e-06
-2.47323e-06
1.847e-06
-2.62745e-06
1.72014e-06
-2.76784e-06
1.57312e-06
-2.89322e-06
1.40815e-06
-3.00255e-06
1.2274e-06
-3.09496e-06
1.03303e-06
-3.16972e-06
8.27187e-07
-3.2262e-06
6.12019e-07
-3.26389e-06
3.89673e-07
-3.28239e-06
1.62322e-07
-3.28142e-06
-6.78233e-08
-3.26079e-06
-2.98491e-07
-3.22045e-06
-5.27338e-07
-3.16046e-06
-7.51931e-07
-3.08104e-06
-9.6974e-07
-2.9826e-06
-1.17813e-06
-2.86572e-06
-1.37437e-06
-2.73121e-06
-1.55564e-06
-2.58015e-06
-1.71905e-06
-2.41386e-06
-1.86168e-06
-2.23402e-06
-1.9806e-06
-2.0426e-06
-2.07296e-06
-1.84195e-06
-2.13603e-06
-1.63476e-06
-2.1673e-06
-1.42409e-06
-2.16455e-06
-1.21336e-06
-2.12595e-06
-1.00633e-06
-2.05015e-06
-8.07014e-07
-1.93642e-06
-6.19709e-07
-1.78469e-06
-4.48869e-07
-1.59564e-06
-2.99056e-07
-1.37081e-06
-1.74847e-07
-1.11258e-06
-8.07498e-08
-8.24243e-07
-2.11081e-08
-5.09903e-07
-1.74727e-07
-2.20684e-08
2.00714e-07
-8.35936e-08
5.76245e-07
-1.79732e-07
9.20734e-07
-3.05595e-07
1.23053e-06
-4.56344e-07
1.50309e-06
-6.27267e-07
1.73673e-06
-8.13844e-07
1.93054e-06
-1.0118e-06
2.08435e-06
-1.21716e-06
2.19863e-06
-1.42623e-06
2.27438e-06
-1.63568e-06
2.31302e-06
-1.8425e-06
2.31634e-06
-2.04401e-06
2.28637e-06
-2.23783e-06
2.22535e-06
-2.4219e-06
2.1356e-06
-2.59443e-06
2.01953e-06
-2.75385e-06
1.87956e-06
-2.89884e-06
1.71811e-06
-3.02826e-06
1.53757e-06
-3.14113e-06
1.34027e-06
-3.23665e-06
1.12854e-06
-3.3141e-06
9.04637e-07
-3.3729e-06
6.70819e-07
-3.41256e-06
4.29333e-07
-3.43268e-06
1.82444e-07
-3.43296e-06
-6.75468e-08
-3.41317e-06
-3.18275e-07
-3.37321e-06
-5.67295e-07
-3.31309e-06
-8.12057e-07
-3.23293e-06
-1.0499e-06
-3.13305e-06
-1.27802e-06
-3.01392e-06
-1.4935e-06
-2.87627e-06
-1.69329e-06
-2.72107e-06
-1.87426e-06
-2.54957e-06
-2.03317e-06
-2.36338e-06
-2.16678e-06
-2.16446e-06
-2.27188e-06
-1.95516e-06
-2.34534e-06
-1.73823e-06
-2.38423e-06
-1.51686e-06
-2.38592e-06
-1.29465e-06
-2.34816e-06
-1.07557e-06
-2.26923e-06
-8.63973e-07
-2.14802e-06
-6.64509e-07
-1.98415e-06
-4.82054e-07
-1.7781e-06
-3.21629e-07
-1.53123e-06
-1.88301e-07
-1.24591e-06
-8.70769e-08
-9.25467e-07
-2.27948e-08
-5.74185e-07
-1.97522e-07
-2.35218e-08
2.24235e-07
-8.89917e-08
6.41715e-07
-1.91126e-07
1.02287e-06
-3.24589e-07
1.36399e-06
-4.8411e-07
1.66261e-06
-6.64569e-07
1.91719e-06
-8.61076e-07
2.12705e-06
-1.06904e-06
2.29231e-06
-1.28419e-06
2.41379e-06
-1.50266e-06
2.49284e-06
-1.72093e-06
2.53129e-06
-1.93588e-06
2.53129e-06
-2.14478e-06
2.49527e-06
-2.34524e-06
2.4258e-06
-2.53519e-06
2.32555e-06
-2.71288e-06
2.19722e-06
-2.87681e-06
2.0435e-06
-3.02573e-06
1.86703e-06
-3.15858e-06
1.67041e-06
-3.27445e-06
1.45615e-06
-3.3726e-06
1.22669e-06
-3.45238e-06
9.84423e-07
-3.51326e-06
7.317e-07
-3.55478e-06
4.70849e-07
-3.57654e-06
2.04204e-07
-3.57822e-06
-6.58634e-08
-3.55958e-06
-3.36919e-07
-3.52044e-06
-6.06435e-07
-3.46073e-06
-8.71768e-07
-3.38049e-06
-1.13013e-06
-3.27991e-06
-1.37859e-06
-3.15936e-06
-1.61405e-06
-3.01943e-06
-1.83323e-06
-2.86096e-06
-2.03273e-06
-2.6851e-06
-2.20903e-06
-2.49337e-06
-2.35852e-06
-2.28766e-06
-2.47759e-06
-2.07031e-06
-2.56269e-06
-1.84411e-06
-2.61043e-06
-1.61234e-06
-2.61769e-06
-1.37877e-06
-2.58174e-06
-1.14761e-06
-2.50039e-06
-9.23541e-07
-2.37209e-06
-7.11589e-07
-2.19611e-06
-5.17086e-07
-1.9726e-06
-3.45562e-07
-1.70276e-06
-2.02624e-07
-1.38885e-06
-9.38409e-08
-1.03425e-06
-2.46067e-08
-6.43419e-07
-2.22128e-07
-2.50476e-08
2.49283e-07
-9.46366e-08
7.11304e-07
-2.02996e-07
1.13123e-06
-3.44299e-07
1.5053e-06
-5.12795e-07
1.83111e-06
-7.02921e-07
2.10731e-06
-9.09387e-07
2.33351e-06
-1.12725e-06
2.51018e-06
-1.35198e-06
2.63852e-06
-1.57947e-06
2.72033e-06
-1.80606e-06
2.75787e-06
-2.02853e-06
2.75376e-06
-2.2441e-06
2.71084e-06
-2.45038e-06
2.63208e-06
-2.64536e-06
2.52053e-06
-2.82733e-06
2.3792e-06
-2.99491e-06
2.21107e-06
-3.14691e-06
2.01904e-06
-3.2824e-06
1.80589e-06
-3.40056e-06
1.57431e-06
-3.50075e-06
1.32687e-06
-3.5824e-06
1.06607e-06
-3.64503e-06
7.9433e-07
-3.68822e-06
5.14038e-07
-3.71159e-06
2.27582e-07
-3.71483e-06
-6.26272e-08
-3.69764e-06
-3.54109e-07
-3.65979e-06
-6.44284e-07
-3.60112e-06
-9.30438e-07
-3.52156e-06
-1.20969e-06
-3.42117e-06
-1.47898e-06
-3.30017e-06
-1.73504e-06
-3.159e-06
-1.9744e-06
-2.99833e-06
-2.1934e-06
-2.81918e-06
-2.38818e-06
-2.62292e-06
-2.55478e-06
-2.41136e-06
-2.68915e-06
-2.18677e-06
-2.78728e-06
-1.95195e-06
-2.84524e-06
-1.71026e-06
-2.85938e-06
-1.46561e-06
-2.82639e-06
-1.22246e-06
-2.74354e-06
-9.85791e-07
-2.60876e-06
-7.61063e-07
-2.42083e-06
-5.54093e-07
-2.17957e-06
-3.70967e-07
-1.88588e-06
-2.17899e-07
-1.54192e-06
-1.01086e-07
-1.15106e-06
-2.65574e-08
-7.17948e-07
-2.48686e-07
-2.66553e-08
2.75938e-07
-1.0056e-07
7.85208e-07
-2.154e-07
1.24607e-06
-3.648e-07
1.6547e-06
-5.42481e-07
2.00879e-06
-7.42388e-07
2.30722e-06
-9.58796e-07
2.54992e-06
-1.1864e-06
2.73778e-06
-1.42037e-06
2.87248e-06
-1.65637e-06
2.95633e-06
-1.89061e-06
2.99211e-06
-2.11979e-06
2.98294e-06
-2.3411e-06
2.93216e-06
-2.55219e-06
2.84318e-06
-2.75112e-06
2.71945e-06
-2.93629e-06
2.56436e-06
-3.10641e-06
2.38119e-06
-3.26046e-06
2.17309e-06
-3.3976e-06
1.94304e-06
-3.51718e-06
1.69389e-06
-3.61865e-06
1.42835e-06
-3.70156e-06
1.14897e-06
-3.76549e-06
8.58265e-07
-3.8101e-06
5.58641e-07
-3.83502e-06
2.52506e-07
-3.83993e-06
-5.77138e-08
-3.82452e-06
-3.69525e-07
-3.78848e-06
-6.80326e-07
-3.73155e-06
-9.87364e-07
-3.65355e-06
-1.2877e-06
-3.55437e-06
-1.57816e-06
-3.43407e-06
-1.85534e-06
-3.29289e-06
-2.11559e-06
-3.13132e-06
-2.35497e-06
-2.95018e-06
-2.56932e-06
-2.75066e-06
-2.75429e-06
-2.53443e-06
-2.90538e-06
-2.30367e-06
-3.01804e-06
-2.06114e-06
-3.08778e-06
-1.81022e-06
-3.1103e-06
-1.55494e-06
-3.08167e-06
-1.30002e-06
-2.99847e-06
-1.05075e-06
-2.85802e-06
-8.13021e-07
-2.65856e-06
-5.9319e-07
-2.3994e-06
-3.97955e-07
-2.08112e-06
-2.34208e-07
-1.70566e-06
-1.0886e-07
-1.27641e-06
-2.86615e-08
-7.98146e-07
-2.77347e-07
-2.83565e-08
3.04295e-07
-1.06799e-07
8.63651e-07
-2.28405e-07
1.36767e-06
-3.86183e-07
1.81247e-06
-5.73261e-07
2.19587e-06
-7.83038e-07
2.517e-06
-1.00932e-06
2.7762e-06
-1.24639e-06
2.97486e-06
-1.48912e-06
3.11522e-06
-1.73297e-06
3.20018e-06
-1.974e-06
3.23314e-06
-2.20886e-06
3.2178e-06
-2.43476e-06
3.15805e-06
-2.6494e-06
3.05782e-06
-2.85095e-06
2.921e-06
-3.03796e-06
2.75137e-06
-3.2093e-06
2.55253e-06
-3.3641e-06
2.32789e-06
-3.50171e-06
2.08065e-06
-3.62163e-06
1.81381e-06
-3.72346e-06
1.53017e-06
-3.80686e-06
1.23238e-06
-3.87153e-06
9.22942e-07
-3.91719e-06
6.04299e-07
-3.94353e-06
2.7884e-07
-3.95021e-06
-5.10295e-08
-3.9369e-06
-3.8284e-07
-3.90322e-06
-7.14005e-07
-3.84881e-06
-1.04177e-06
-3.77335e-06
-1.36316e-06
-3.67656e-06
-1.67495e-06
-3.55829e-06
-1.97361e-06
-3.41856e-06
-2.25531e-06
-3.25764e-06
-2.51589e-06
-3.07608e-06
-2.75087e-06
-2.87488e-06
-2.9555e-06
-2.65547e-06
-3.12478e-06
-2.4199e-06
-3.25361e-06
-2.17082e-06
-3.33685e-06
-1.91162e-06
-3.3695e-06
-1.64643e-06
-3.34686e-06
-1.38013e-06
-3.26476e-06
-1.11839e-06
-3.11977e-06
-8.67528e-07
-2.90942e-06
-6.34485e-07
-2.63244e-06
-4.26638e-07
-2.28897e-06
-2.51639e-07
-1.88066e-06
-1.17212e-07
-1.41084e-06
-3.09353e-08
-8.84423e-07
-3.08283e-07
-3.01659e-08
3.34461e-07
-1.13403e-07
9.46888e-07
-2.42098e-07
1.49637e-06
-4.08561e-07
1.97894e-06
-6.05251e-07
2.39256e-06
-8.24958e-07
2.73671e-06
-1.06096e-06
3.0122e-06
-1.30712e-06
3.22102e-06
-1.558e-06
3.36609e-06
-1.80882e-06
3.45101e-06
-2.05555e-06
3.47987e-06
-2.29481e-06
3.45706e-06
-2.52384e-06
3.38709e-06
-2.74048e-06
3.27446e-06
-2.94304e-06
3.12356e-06
-3.13025e-06
2.93858e-06
-3.30118e-06
2.72347e-06
-3.4552e-06
2.4819e-06
-3.59184e-06
2.21729e-06
-3.7108e-06
1.93277e-06
-3.81185e-06
1.63123e-06
-3.89482e-06
1.31535e-06
-3.95953e-06
9.87653e-07
-4.00578e-06
6.50547e-07
-4.03331e-06
3.06374e-07
-4.04182e-06
-4.25216e-08
-4.03093e-06
-3.93733e-07
-4.0002e-06
-7.4473e-07
-3.94917e-06
-1.0928e-06
-3.87735e-06
-1.43498e-06
-3.78428e-06
-1.76802e-06
-3.66958e-06
-2.08832e-06
-3.53301e-06
-2.39189e-06
-3.37454e-06
-2.67436e-06
-3.19446e-06
-2.93095e-06
-2.99345e-06
-3.1565e-06
-2.7727e-06
-3.34552e-06
-2.53403e-06
-3.49229e-06
-2.27993e-06
-3.59095e-06
-2.01371e-06
-3.63571e-06
-1.73956e-06
-3.62101e-06
-1.46254e-06
-3.54178e-06
-1.18862e-06
-3.39369e-06
-9.2462e-07
-3.17342e-06
-6.78078e-07
-2.87899e-06
-4.57131e-07
-2.50991e-06
-2.70289e-07
-2.0675e-06
-1.26201e-07
-1.55493e-06
-3.33973e-08
-9.77227e-07
-3.4168e-07
-3.21022e-08
3.66563e-07
-1.20431e-07
1.03522e-06
-2.56587e-07
1.63252e-06
-4.32077e-07
2.15443e-06
-6.38598e-07
2.59908e-06
-8.68255e-07
2.96636e-06
-1.11374e-06
3.25769e-06
-1.36848e-06
3.47576e-06
-1.62667e-06
3.62428e-06
-1.88336e-06
3.7077e-06
-2.13442e-06
3.73092e-06
-2.37648e-06
3.69912e-06
-2.60689e-06
3.6175e-06
-2.82364e-06
3.49121e-06
-3.02525e-06
3.32517e-06
-3.2107e-06
3.12403e-06
-3.37932e-06
2.89208e-06
-3.5307e-06
2.63329e-06
-3.66466e-06
2.35125e-06
-3.78112e-06
2.04922e-06
-3.88006e-06
1.73017e-06
-3.96149e-06
1.39678e-06
-4.02537e-06
1.05154e-06
-4.07162e-06
6.96797e-07
-4.10006e-06
3.34807e-07
-4.11039e-06
-3.21893e-08
-4.10223e-06
-4.01895e-07
-4.07507e-06
-7.71884e-07
-4.02834e-06
-1.13953e-06
-3.96138e-06
-1.50194e-06
-3.87352e-06
-1.85588e-06
-3.76412e-06
-2.19771e-06
-3.63265e-06
-2.52336e-06
-3.47875e-06
-2.82826e-06
-3.30236e-06
-3.10734e-06
-3.10381e-06
-3.35505e-06
-2.88395e-06
-3.56539e-06
-2.64428e-06
-3.73196e-06
-2.38707e-06
-3.84816e-06
-2.11548e-06
-3.9073e-06
-1.83368e-06
-3.90281e-06
-1.54687e-06
-3.8286e-06
-1.26131e-06
-3.67924e-06
-9.84306e-07
-3.45043e-06
-7.24067e-07
-3.13922e-06
-4.89562e-07
-2.74442e-06
-2.90267e-07
-2.2668e-06
-1.35892e-07
-1.7093e-06
-3.60692e-08
-1.07705e-06
-3.77749e-07
-3.41902e-08
4.00753e-07
-1.27965e-07
1.12899e-06
-2.72012e-07
1.77657e-06
-4.56913e-07
2.33933e-06
-6.7349e-07
2.81566e-06
-9.13068e-07
3.20594e-06
-1.1677e-06
3.51232e-06
-1.4303e-06
3.73836e-06
-1.69476e-06
3.88874e-06
-1.95592e-06
3.96886e-06
-2.20961e-06
3.98461e-06
-2.45253e-06
3.94203e-06
-2.68218e-06
3.84715e-06
-2.89678e-06
3.70581e-06
-3.09512e-06
3.52352e-06
-3.27649e-06
3.30539e-06
-3.44052e-06
3.05611e-06
-3.58712e-06
2.7799e-06
-3.7164e-06
2.48053e-06
-3.82855e-06
2.16137e-06
-3.92381e-06
1.82542e-06
-4.00238e-06
1.47535e-06
-4.06441e-06
1.11357e-06
-4.10994e-06
7.42327e-07
-4.13888e-06
3.63741e-07
-4.15097e-06
-2.00956e-08
-4.14582e-06
-4.07044e-07
-4.12287e-06
-7.94836e-07
-4.08141e-06
-1.18099e-06
-4.02063e-06
-1.56272e-06
-3.93963e-06
-1.93688e-06
-3.83748e-06
-2.29986e-06
-3.71333e-06
-2.64752e-06
-3.56643e-06
-2.97516e-06
-3.39632e-06
-3.27746e-06
-3.20289e-06
-3.54848e-06
-2.98658e-06
-3.7817e-06
-2.74847e-06
-3.97006e-06
-2.49053e-06
-4.10611e-06
-2.21567e-06
-4.18216e-06
-1.92794e-06
-4.19054e-06
-1.63261e-06
-4.12392e-06
-1.33623e-06
-3.97563e-06
-1.04656e-06
-3.74009e-06
-7.7255e-07
-3.41324e-06
-5.2407e-07
-2.9929e-06
-3.11697e-07
-2.47917e-06
-1.46363e-07
-1.87464e-06
-3.89769e-08
-1.18444e-06
-4.16726e-07
-3.6462e-08
4.37215e-07
-1.36106e-07
1.22864e-06
-2.88556e-07
1.92902e-06
-4.83308e-07
2.53408e-06
-7.10168e-07
3.04252e-06
-9.59575e-07
3.45535e-06
-1.22286e-06
3.7756e-06
-1.49242e-06
4.00792e-06
-1.7618e-06
4.15811e-06
-2.02569e-06
4.23276e-06
-2.27992e-06
4.23884e-06
-2.52133e-06
4.18344e-06
-2.74766e-06
4.07348e-06
-2.95741e-06
3.91557e-06
-3.14975e-06
3.71586e-06
-3.32432e-06
3.47995e-06
-3.48112e-06
3.21292e-06
-3.62045e-06
2.91923e-06
-3.74275e-06
2.60282e-06
-3.84852e-06
2.26714e-06
-3.93827e-06
1.91518e-06
-4.01247e-06
1.54954e-06
-4.07144e-06
1.17255e-06
-4.11539e-06
7.86272e-07
-4.14432e-06
3.92667e-07
-4.15803e-06
-6.37852e-09
-4.15614e-06
-4.08937e-07
-4.13802e-06
-8.12951e-07
-4.10287e-06
-1.21614e-06
-4.04969e-06
-1.61591e-06
-3.97733e-06
-2.00923e-06
-3.88459e-06
-2.3926e-06
-3.77023e-06
-2.76188e-06
-3.63309e-06
-3.1123e-06
-3.47222e-06
-3.43832e-06
-3.28703e-06
-3.73367e-06
-3.07741e-06
-3.99132e-06
-2.84397e-06
-4.2035e-06
-2.5882e-06
-4.36188e-06
-2.31267e-06
-4.45769e-06
-2.02122e-06
-4.48199e-06
-1.7191e-06
-4.42604e-06
-1.41305e-06
-4.28167e-06
-1.11134e-06
-4.04181e-06
-8.23625e-07
-3.70095e-06
-5.60818e-07
-3.25571e-06
-3.34733e-07
-2.70526e-06
-1.5771e-07
-2.05166e-06
-4.21526e-08
-1.29999e-06
-4.58879e-07
-3.89601e-08
4.76175e-07
-1.44992e-07
1.33467e-06
-3.06455e-07
2.09048e-06
-5.11567e-07
2.73919e-06
-7.48941e-07
3.27989e-06
-1.008e-06
3.71441e-06
-1.27927e-06
4.04688e-06
-1.5546e-06
4.28325e-06
-1.8272e-06
4.43071e-06
-2.09167e-06
4.49723e-06
-2.3439e-06
4.49107e-06
-2.58095e-06
4.42049e-06
-2.80089e-06
4.29342e-06
-3.00264e-06
4.11732e-06
-3.18577e-06
3.89899e-06
-3.35039e-06
3.64457e-06
-3.49695e-06
3.35948e-06
-3.62615e-06
3.04843e-06
-3.73884e-06
2.71551e-06
-3.83587e-06
2.36417e-06
-3.91807e-06
1.99738e-06
-3.98616e-06
1.61763e-06
-4.0407e-06
1.22708e-06
-4.08205e-06
8.27621e-07
-4.11034e-06
4.2096e-07
-4.12546e-06
8.73857e-09
-4.12701e-06
-4.07381e-07
-4.11435e-06
-8.25612e-07
-4.08655e-06
-1.24394e-06
-4.04246e-06
-1.66001e-06
-3.98068e-06
-2.07101e-06
-3.89968e-06
-2.47359e-06
-3.79784e-06
-2.86372e-06
-3.67354e-06
-3.2366e-06
-3.52529e-06
-3.58657e-06
-3.3519e-06
-3.90706e-06
-3.15266e-06
-4.19056e-06
-2.92755e-06
-4.42862e-06
-2.67747e-06
-4.61196e-06
-2.4045e-06
-4.73066e-06
-2.11212e-06
-4.77437e-06
-1.80545e-06
-4.73271e-06
-1.49136e-06
-4.59577e-06
-1.17852e-06
-4.35465e-06
-8.77394e-07
-4.00207e-06
-5.99997e-07
-3.5331e-06
-3.59557e-07
-2.9457e-06
-1.70051e-07
-2.24117e-06
-4.56365e-08
-1.42441e-06
-5.04515e-07
-4.17408e-08
5.17916e-07
-1.54799e-07
1.44773e-06
-3.26017e-07
2.2617e-06
-5.42079e-07
2.95526e-06
-7.90196e-07
3.52801e-06
-1.05861e-06
3.98283e-06
-1.33698e-06
4.32524e-06
-1.61654e-06
4.56281e-06
-1.89023e-06
4.7044e-06
-2.1526e-06
4.7596e-06
-2.39974e-06
4.73821e-06
-2.62902e-06
4.64978e-06
-2.83897e-06
4.50337e-06
-3.029e-06
4.30735e-06
-3.19924e-06
4.06922e-06
-3.3503e-06
3.79563e-06
-3.48318e-06
3.49235e-06
-3.59905e-06
3.16431e-06
-3.69919e-06
2.81565e-06
-3.78485e-06
2.44984e-06
-3.85721e-06
2.06973e-06
-3.91726e-06
1.67768e-06
-3.9658e-06
1.27563e-06
-4.0034e-06
8.65217e-07
-4.03032e-06
4.47875e-07
-4.04652e-06
2.49385e-08
-4.05165e-06
-4.0225e-07
-4.04502e-06
-8.32233e-07
-4.02564e-06
-1.26332e-06
-3.99216e-06
-1.69348e-06
-3.94298e-06
-2.12019e-06
-3.87623e-06
-2.54034e-06
-3.78988e-06
-2.95008e-06
-3.68181e-06
-3.34467e-06
-3.54994e-06
-3.71844e-06
-3.39243e-06
-4.06458e-06
-3.20782e-06
-4.37516e-06
-2.99535e-06
-4.64109e-06
-2.75517e-06
-4.85214e-06
-2.48869e-06
-4.99713e-06
-2.19889e-06
-5.06417e-06
-1.89056e-06
-5.04105e-06
-1.57056e-06
-4.91577e-06
-1.24795e-06
-4.67725e-06
-9.33966e-07
-4.31605e-06
-6.41839e-07
-3.82523e-06
-3.86401e-07
-3.20113e-06
-1.83535e-07
-2.44403e-06
-4.948e-08
-1.55846e-06
-5.53995e-07
-4.48782e-08
5.62794e-07
-1.65759e-07
1.56861e-06
-3.47637e-07
2.44358e-06
-5.75339e-07
3.18296e-06
-8.34408e-07
3.78708e-06
-1.11173e-06
4.26015e-06
-1.39597e-06
4.60949e-06
-1.6778e-06
4.84463e-06
-1.9499e-06
4.9765e-06
-2.20691e-06
5.01661e-06
-2.44521e-06
4.97651e-06
-2.66267e-06
4.86724e-06
-2.85838e-06
4.69909e-06
-3.03241e-06
4.48138e-06
-3.18552e-06
4.22233e-06
-3.31896e-06
3.92908e-06
-3.43431e-06
3.6077e-06
-3.53329e-06
3.26329e-06
-3.61764e-06
2.90001e-06
-3.68906e-06
2.52125e-06
-3.74906e-06
2.12973e-06
-3.79896e-06
1.72758e-06
-3.83981e-06
1.31648e-06
-3.87236e-06
8.9777e-07
-3.89704e-06
4.72551e-07
-3.91391e-06
4.18056e-08
-3.92266e-06
-3.93499e-07
-3.9226e-06
-8.32291e-07
-3.91265e-06
-1.27327e-06
-3.89134e-06
-1.71479e-06
-3.85684e-06
-2.1547e-06
-3.80696e-06
-2.59022e-06
-3.73925e-06
-3.01778e-06
-3.65109e-06
-3.43284e-06
-3.53976e-06
-3.82977e-06
-3.40267e-06
-4.20167e-06
-3.23754e-06
-4.54029e-06
-3.0427e-06
-4.83593e-06
-2.81741e-06
-5.07744e-06
-2.56219e-06
-5.25235e-06
-2.27927e-06
-5.34709e-06
-1.97294e-06
-5.34738e-06
-1.64987e-06
-5.23884e-06
-1.31937e-06
-5.00775e-06
-9.93449e-07
-4.64198e-06
-6.86624e-07
-4.13206e-06
-4.15553e-07
-3.4722e-06
-1.98356e-07
-2.66123e-06
-5.37499e-08
-1.70307e-06
-6.07745e-07
-4.84712e-08
6.11265e-07
-1.78178e-07
1.69831e-06
-3.71826e-07
2.63723e-06
-6.1197e-07
3.4231e-06
-8.82153e-07
4.05726e-06
-1.1677e-06
4.54569e-06
-1.45619e-06
4.89798e-06
-1.73773e-06
5.12617e-06
-2.00488e-06
5.24365e-06
-2.2525e-06
5.26424e-06
-2.47746e-06
5.20147e-06
-2.67829e-06
5.06807e-06
-2.85484e-06
4.87564e-06
-3.00795e-06
4.63448e-06
-3.13915e-06
4.35353e-06
-3.25043e-06
4.04036e-06
-3.34402e-06
3.70129e-06
-3.42222e-06
3.34149e-06
-3.4873e-06
2.96509e-06
-3.54138e-06
2.57533e-06
-3.58635e-06
2.1747e-06
-3.62384e-06
1.76507e-06
-3.65516e-06
1.3478e-06
-3.68127e-06
9.23878e-07
-3.70274e-06
4.94026e-07
-3.71976e-06
5.88257e-08
-3.73209e-06
-3.81174e-07
-3.73904e-06
-8.2534e-07
-3.73949e-06
-1.27282e-06
-3.73185e-06
-1.72243e-06
-3.7141e-06
-2.17245e-06
-3.68376e-06
-2.62056e-06
-3.638e-06
-3.06354e-06
-3.57365e-06
-3.49719e-06
-3.48734e-06
-3.91607e-06
-3.37569e-06
-4.31332e-06
-3.23549e-06
-4.68049e-06
-3.06402e-06
-5.00739e-06
-2.85944e-06
-5.28202e-06
-2.62117e-06
-5.49062e-06
-2.35043e-06
-5.61783e-06
-2.0507e-06
-5.6471e-06
-1.72825e-06
-5.5613e-06
-1.39243e-06
-5.34356e-06
-1.05595e-06
-4.97847e-06
-7.34694e-07
-4.45331e-06
-4.47384e-07
-3.75951e-06
-2.14762e-07
-2.89385e-06
-5.85338e-08
-1.8593e-06
-6.66279e-07
-5.26513e-08
6.63917e-07
-1.92453e-07
1.83812e-06
-3.99239e-07
2.84401e-06
-6.52744e-07
3.67661e-06
-9.34106e-07
4.33862e-06
-1.22684e-06
4.83842e-06
-1.51739e-06
5.18854e-06
-1.79536e-06
5.40414e-06
-2.05334e-06
5.50163e-06
-2.28664e-06
5.49754e-06
-2.49286e-06
5.40768e-06
-2.67141e-06
5.24662e-06
-2.8231e-06
5.02733e-06
-2.94971e-06
4.7611e-06
-3.05369e-06
4.4575e-06
-3.13782e-06
4.12449e-06
-3.20506e-06
3.76853e-06
-3.25834e-06
3.39477e-06
-3.30045e-06
3.0072e-06
-3.33395e-06
2.60883e-06
-3.36111e-06
2.20186e-06
-3.38385e-06
1.78782e-06
-3.40374e-06
1.36769e-06
-3.42193e-06
9.42064e-07
-3.43915e-06
5.11253e-07
-3.45572e-06
7.53935e-08
-3.47147e-06
-3.65425e-07
-3.48576e-06
-8.11048e-07
-3.49746e-06
-1.26113e-06
-3.5049e-06
-1.71498e-06
-3.50591e-06
-2.17145e-06
-3.49777e-06
-2.62869e-06
-3.47729e-06
-3.08403e-06
-3.44079e-06
-3.53369e-06
-3.38425e-06
-3.9726e-06
-3.30346e-06
-4.39411e-06
-3.19421e-06
-4.78975e-06
-3.05259e-06
-5.14901e-06
-2.87546e-06
-5.45916e-06
-2.66087e-06
-5.70521e-06
-2.40871e-06
-5.86999e-06
-2.12134e-06
-5.93447e-06
-1.80424e-06
-5.8784e-06
-1.46657e-06
-5.68124e-06
-1.12154e-06
-5.3235e-06
-7.86465e-07
-4.78838e-06
-4.82366e-07
-4.06361e-06
-2.33083e-07
-3.14313e-06
-6.39489e-08
-2.02843e-06
-7.30228e-07
-5.75962e-08
7.21513e-07
-2.09113e-07
1.98963e-06
-4.30714e-07
3.06561e-06
-6.98609e-07
3.9445e-06
-9.91022e-07
4.63103e-06
-1.2894e-06
5.1368e-06
-1.57904e-06
5.47818e-06
-1.84917e-06
5.67426e-06
-2.09268e-06
5.74514e-06
-2.30564e-06
5.71049e-06
-2.48666e-06
5.5887e-06
-2.63633e-06
5.3963e-06
-2.75666e-06
5.14765e-06
-2.85054e-06
4.85498e-06
-2.92145e-06
4.5284e-06
-2.97307e-06
4.17611e-06
-3.00911e-06
3.80458e-06
-3.03316e-06
3.41881e-06
-3.04851e-06
3.02255e-06
-3.05816e-06
2.61848e-06
-3.0647e-06
2.20841e-06
-3.07035e-06
1.79347e-06
-3.07689e-06
1.37423e-06
-3.08566e-06
9.50832e-07
-3.09755e-06
5.23142e-07
-3.11298e-06
9.08281e-08
-3.1319e-06
-3.46507e-07
-3.15373e-06
-7.89219e-07
-3.17736e-06
-1.2375e-06
-3.20112e-06
-1.69123e-06
-3.22273e-06
-2.14983e-06
-3.23931e-06
-2.61211e-06
-3.24736e-06
-3.07598e-06
-3.24277e-06
-3.53828e-06
-3.2209e-06
-3.99447e-06
-3.1767e-06
-4.43831e-06
-3.1049e-06
-4.86155e-06
-3.00033e-06
-5.25358e-06
-2.85832e-06
-5.60117e-06
-2.67529e-06
-5.88824e-06
-2.44944e-06
-6.09585e-06
-2.18154e-06
-6.20237e-06
-1.87586e-06
-6.18408e-06
-1.54093e-06
-6.01616e-06
-1.19023e-06
-5.67419e-06
-8.42434e-07
-5.13618e-06
-5.21108e-07
-4.38494e-06
-2.53755e-07
-3.41049e-06
-7.01538e-08
-2.21203e-06
-8.00382e-07
-6.3547e-08
7.8506e-07
-2.28854e-07
2.15494e-06
-4.67326e-07
3.30409e-06
-7.50705e-07
4.22788e-06
-1.0537e-06
4.93403e-06
-1.35544e-06
5.43854e-06
-1.6401e-06
5.76284e-06
-1.89684e-06
5.931e-06
-2.11921e-06
5.96751e-06
-2.30446e-06
5.89574e-06
-2.45263e-06
5.73688e-06
-2.56582e-06
5.50948e-06
-2.64744e-06
5.22928e-06
-2.70174e-06
4.90928e-06
-2.7333e-06
4.55996e-06
-2.74677e-06
4.18958e-06
-2.74665e-06
3.80445e-06
-2.73711e-06
3.40928e-06
-2.72196e-06
3.0074e-06
-2.70456e-06
2.60107e-06
-2.6878e-06
2.19165e-06
-2.67413e-06
1.77979e-06
-2.66549e-06
1.36559e-06
-2.66339e-06
9.48735e-07
-2.66886e-06
5.28607e-07
-2.68243e-06
1.04399e-07
-2.70415e-06
-3.24783e-07
-2.73356e-06
-7.59817e-07
-2.7696e-06
-1.20145e-06
-2.81065e-06
-1.65017e-06
-2.85444e-06
-2.10605e-06
-2.89798e-06
-2.56856e-06
-2.93759e-06
-3.03638e-06
-2.9688e-06
-3.50707e-06
-2.98645e-06
-3.97682e-06
-2.98471e-06
-4.44005e-06
-2.95726e-06
-4.889e-06
-2.89756e-06
-5.31328e-06
-2.79929e-06
-5.69944e-06
-2.65692e-06
-6.03061e-06
-2.46654e-06
-6.28622e-06
-2.22686e-06
-6.44205e-06
-1.9403e-06
-6.47064e-06
-1.61422e-06
-6.34224e-06
-1.2619e-06
-6.02651e-06
-9.03179e-07
-5.4949e-06
-5.64395e-07
-4.72372e-06
-2.77364e-07
-3.69752e-06
-7.73663e-08
-2.41203e-06
-8.77748e-07
-7.08372e-08
8.55897e-07
-2.52609e-07
2.33671e-06
-5.10438e-07
3.56192e-06
-8.10367e-07
4.52781e-06
-1.12286e-06
5.24651e-06
-1.42453e-06
5.74022e-06
-1.69866e-06
6.03697e-06
-1.93476e-06
6.1671e-06
-2.12763e-06
6.16039e-06
-2.27625e-06
6.04436e-06
-2.38258e-06
5.8432e-06
-2.45057e-06
5.57747e-06
-2.48539e-06
5.26409e-06
-2.49272e-06
4.91661e-06
-2.47838e-06
4.54562e-06
-2.44798e-06
4.15919e-06
-2.40677e-06
3.76324e-06
-2.35948e-06
3.36199e-06
-2.31032e-06
2.95824e-06
-2.26294e-06
2.5537e-06
-2.22046e-06
2.14917e-06
-2.18547e-06
1.74479e-06
-2.16003e-06
1.34016e-06
-2.14577e-06
9.34469e-07
-2.14379e-06
5.26631e-07
-2.15476e-06
1.15365e-07
-2.17883e-06
-3.00714e-07
-2.21565e-06
-7.22997e-07
-2.26431e-06
-1.15279e-06
-2.3233e-06
-1.59118e-06
-2.39043e-06
-2.03892e-06
-2.46275e-06
-2.49624e-06
-2.5365e-06
-2.96263e-06
-2.60704e-06
-3.43653e-06
-2.66879e-06
-3.91507e-06
-2.71528e-06
-4.39357e-06
-2.7392e-06
-4.86507e-06
-2.73267e-06
-5.31981e-06
-2.68757e-06
-5.74454e-06
-2.59619e-06
-6.12199e-06
-2.45209e-06
-6.43032e-06
-2.25126e-06
-6.64288e-06
-1.99358e-06
-6.72832e-06
-1.68441e-06
-6.65142e-06
-1.33612e-06
-6.3748e-06
-9.69331e-07
-5.86168e-06
-6.13232e-07
-5.07982e-06
-3.04704e-07
-4.00605e-06
-8.58918e-08
-2.63084e-06
-9.6364e-07
-7.99358e-08
9.35833e-07
-2.81634e-07
2.53841e-06
-5.6178e-07
3.84206e-06
-8.79087e-07
4.84512e-06
-1.19897e-06
5.56639e-06
-1.49546e-06
6.03671e-06
-1.75141e-06
6.29292e-06
-1.95741e-06
6.37311e-06
-2.11034e-06
6.31332e-06
-2.21159e-06
6.14561e-06
-2.26563e-06
5.89724e-06
-2.2787e-06
5.59055e-06
-2.25792e-06
5.24331e-06
-2.21059e-06
4.86928e-06
-2.14375e-06
4.47879e-06
-2.06395e-06
4.07938e-06
-1.97706e-06
3.67635e-06
-1.88827e-06
3.2732e-06
-1.80208e-06
2.87205e-06
-1.72231e-06
2.47393e-06
-1.65216e-06
2.07902e-06
-1.59427e-06
1.68691e-06
-1.55077e-06
1.29666e-06
-1.52329e-06
9.06987e-07
-1.51301e-06
5.16352e-07
-1.52066e-06
1.23022e-07
-1.54654e-06
-2.74843e-07
-1.59042e-06
-6.79116e-07
-1.65158e-06
-1.09163e-06
-1.7287e-06
-1.51406e-06
-1.81979e-06
-1.94784e-06
-1.92208e-06
-2.39396e-06
-2.03191e-06
-2.85279e-06
-2.14463e-06
-3.32381e-06
-2.25448e-06
-3.80522e-06
-2.35453e-06
-4.29351e-06
-2.43669e-06
-4.78292e-06
-2.49178e-06
-5.26471e-06
-2.50992e-06
-5.7264e-06
-2.48102e-06
-6.1509e-06
-2.39567e-06
-6.51567e-06
-2.24653e-06
-6.79202e-06
-2.02998e-06
-6.94487e-06
-1.74831e-06
-6.9331e-06
-1.41195e-06
-6.71116e-06
-1.0415e-06
-6.23213e-06
-6.689e-07
-5.45243e-06
-3.36861e-07
-4.33809e-06
-9.61663e-08
-2.87154e-06
-1.05981e-06
-9.15193e-08
1.02735e-06
-3.1764e-07
2.76453e-06
-6.23511e-07
4.14793e-06
-9.58398e-07
5.18001e-06
-1.28184e-06
5.88983e-06
-1.56554e-06
6.32042e-06
-1.79278e-06
6.52016e-06
-1.95641e-06
6.53673e-06
-2.05641e-06
6.41332e-06
-2.09755e-06
6.18675e-06
-2.08742e-06
5.8871e-06
-2.03495e-06
5.53809e-06
-1.94942e-06
5.15778e-06
-1.83976e-06
4.75961e-06
-1.71417e-06
4.35319e-06
-1.57997e-06
3.94518e-06
-1.44353e-06
3.53991e-06
-1.31029e-06
3.13996e-06
-1.18484e-06
2.7466e-06
-1.07101e-06
2.36009e-06
-9.71945e-07
1.97996e-06
-8.90215e-07
1.60518e-06
-8.27872e-07
1.23431e-06
-7.86512e-07
8.65626e-07
-7.67313e-07
4.97153e-07
-7.71058e-07
1.26767e-07
-7.98133e-07
-2.47768e-07
-8.485e-07
-6.28748e-07
-9.21658e-07
-1.01847e-06
-1.01656e-06
-1.41915e-06
-1.13154e-06
-1.83286e-06
-1.26415e-06
-2.26135e-06
-1.41106e-06
-2.70589e-06
-1.56783e-06
-3.16704e-06
-1.7288e-06
-3.64425e-06
-1.88688e-06
-4.13543e-06
-2.03347e-06
-4.63634e-06
-2.15838e-06
-5.1398e-06
-2.25007e-06
-5.63471e-06
-2.29601e-06
-6.10495e-06
-2.28357e-06
-6.52811e-06
-2.20133e-06
-6.87426e-06
-2.04117e-06
-7.10503e-06
-1.80089e-06
-7.17337e-06
-1.48744e-06
-7.02462e-06
-1.12012e-06
-6.59945e-06
-7.3299e-07
-5.83955e-06
-3.7534e-07
-4.69574e-06
-1.0883e-07
-3.13805e-06
-1.16864e-06
-1.06593e-07
1.13394e-06
-3.62982e-07
3.02092e-06
-6.98269e-07
4.48322e-06
-1.04958e-06
5.53131e-06
-1.36993e-06
6.21019e-06
-1.62955e-06
6.58003e-06
-1.81367e-06
6.70428e-06
-1.91907e-06
6.64213e-06
-1.95028e-06
6.44453e-06
-1.91648e-06
6.15295e-06
-1.82905e-06
5.79967e-06
-1.69992e-06
5.40896e-06
-1.54057e-06
4.99844e-06
-1.36145e-06
4.5805e-06
-1.17173e-06
4.16347e-06
-9.79242e-07
3.75269e-06
-7.90551e-07
3.35122e-06
-6.11098e-07
2.96051e-06
-4.45333e-07
2.58084e-06
-2.9687e-07
2.21163e-06
-1.68628e-07
1.85172e-06
-6.29467e-08
1.4995e-06
1.83104e-08
1.15306e-06
7.36842e-08
8.10252e-07
1.02065e-07
4.68772e-07
1.02664e-07
1.26168e-07
7.50062e-08
-2.2011e-07
1.89481e-08
-5.7269e-07
-6.52755e-08
-9.34244e-07
-1.7698e-07
-1.30745e-06
-3.14923e-07
-1.69491e-06
-4.77166e-07
-2.0991e-06
-6.60896e-07
-2.52216e-06
-8.62208e-07
-2.96573e-06
-1.07586e-06
-3.43059e-06
-1.29501e-06
-3.91628e-06
-1.51096e-06
-4.42039e-06
-1.71295e-06
-4.93781e-06
-1.88811e-06
-5.45955e-06
-2.02169e-06
-5.97138e-06
-2.09765e-06
-6.45215e-06
-2.1e-06
-6.87191e-06
-2.01496e-06
-7.19007e-06
-1.83415e-06
-7.35418e-06
-1.55889e-06
-7.29988e-06
-1.20502e-06
-6.95332e-06
-8.07407e-07
-6.23716e-06
-4.22241e-07
-5.0809e-06
-1.24848e-07
-3.43544e-06
-1.29348e-06
-1.267e-07
1.26064e-06
-4.20927e-07
3.31515e-06
-7.89102e-07
4.85139e-06
-1.15297e-06
5.89518e-06
-1.45905e-06
6.51627e-06
-1.67793e-06
6.79891e-06
-1.79938e-06
6.82573e-06
-1.8264e-06
6.66915e-06
-1.76986e-06
6.388e-06
-1.64445e-06
6.02753e-06
-1.46585e-06
5.62107e-06
-1.24912e-06
5.19222e-06
-1.00777e-06
4.75708e-06
-7.53427e-07
4.32615e-06
-4.95815e-07
3.90586e-06
-2.42877e-07
3.49975e-06
-1.00614e-09
3.10935e-06
2.24716e-07
2.73479e-06
4.3027e-07
2.37528e-06
6.125e-07
2.0294e-06
7.68925e-07
1.69529e-06
8.97595e-07
1.37083e-06
9.96966e-07
1.05368e-06
1.06582e-06
7.41402e-07
1.10318e-06
4.31408e-07
1.10831e-06
1.21037e-07
1.08067e-06
-1.92469e-07
1.01993e-06
-5.11953e-07
9.26038e-07
-8.40348e-07
7.99246e-07
-1.18065e-06
6.40255e-07
-1.53592e-06
4.50346e-07
-1.90919e-06
2.31575e-07
-2.30339e-06
-1.29735e-08
-2.72118e-06
-2.7888e-07
-3.16469e-06
-5.60027e-07
-3.63513e-06
-8.482e-07
-4.13222e-06
-1.13268e-06
-4.65332e-06
-1.39993e-06
-5.1923e-06
-1.63343e-06
-5.73788e-06
-1.81403e-06
-6.27156e-06
-1.92085e-06
-6.76508e-06
-1.93346e-06
-7.17746e-06
-1.83537e-06
-7.45227e-06
-1.61941e-06
-7.51584e-06
-1.29471e-06
-7.27802e-06
-8.94226e-07
-6.63765e-06
-4.805e-07
-5.49463e-06
-1.45728e-07
-3.77021e-06
-1.43921e-06
-1.54299e-07
1.41494e-06
-4.95995e-07
3.65684e-06
-8.99109e-07
5.25451e-06
-1.26663e-06
6.26271e-06
-1.54004e-06
6.78967e-06
-1.69398e-06
6.95285e-06
-1.72663e-06
6.85839e-06
-1.65032e-06
6.59283e-06
-1.4842e-06
6.22188e-06
-1.24939e-06
5.79272e-06
-9.66093e-07
5.33778e-06
-6.52179e-07
4.87831e-06
-3.22665e-07
4.42757e-06
1.0257e-08
3.99323e-06
3.36944e-07
3.57917e-06
6.49914e-07
3.18678e-06
9.43449e-07
2.81581e-06
1.21322e-06
2.46501e-06
1.45599e-06
2.13251e-06
1.66933e-06
1.81607e-06
1.85139e-06
1.51323e-06
2.00079e-06
1.22143e-06
2.11643e-06
9.38047e-07
2.19742e-06
6.60415e-07
2.24301e-06
3.8582e-07
2.25254e-06
1.11499e-07
2.22546e-06
-1.65382e-07
2.16126e-06
-4.47752e-07
2.05957e-06
-7.38656e-07
1.92018e-06
-1.04127e-06
1.74318e-06
-1.35892e-06
1.52903e-06
-1.69505e-06
1.27885e-06
-2.05321e-06
9.94586e-07
-2.43692e-06
6.79436e-07
-2.84954e-06
3.38241e-07
-3.29394e-06
-2.19646e-08
-3.77201e-06
-3.91344e-07
-4.28395e-06
-7.56616e-07
-4.82703e-06
-1.10049e-06
-5.394e-06
-1.40142e-06
-5.97063e-06
-1.63397e-06
-6.53252e-06
-1.77044e-06
-7.041e-06
-1.78433e-06
-7.43839e-06
-1.65656e-06
-7.64361e-06
-1.38479e-06
-7.54979e-06
-9.95194e-07
-7.02724e-06
-5.54192e-07
-5.93563e-06
-1.73899e-07
-4.15051e-06
-1.61311e-06
-1.93417e-07
1.60836e-06
-5.94288e-07
4.05771e-06
-1.03029e-06
5.69051e-06
-1.38338e-06
6.6158e-06
-1.59458e-06
7.00088e-06
-1.64912e-06
7.00739e-06
-1.55912e-06
6.7684e-06
-1.34987e-06
6.38357e-06
-1.05053e-06
5.92254e-06
-6.89057e-07
5.43125e-06
-2.89664e-07
4.93839e-06
1.27856e-07
4.46079e-06
5.48007e-07
4.00742e-06
9.59028e-07
3.58221e-06
1.35222e-06
3.18598e-06
1.72129e-06
2.81771e-06
2.06176e-06
2.47534e-06
2.37053e-06
2.15625e-06
2.64546e-06
1.85758e-06
2.8851e-06
1.57642e-06
3.08847e-06
1.30986e-06
3.25487e-06
1.05504e-06
3.38374e-06
8.09176e-07
3.47462e-06
5.69535e-07
3.52704e-06
3.33402e-07
3.54048e-06
9.80515e-08
3.51439e-06
-1.39288e-07
3.44812e-06
-3.81482e-07
3.34099e-06
-6.3153e-07
3.19233e-06
-8.92611e-07
3.00154e-06
-1.16813e-06
2.76821e-06
-1.46172e-06
2.49233e-06
-1.77732e-06
2.17448e-06
-2.11907e-06
1.81625e-06
-2.49131e-06
1.42065e-06
-2.89834e-06
9.92778e-07
-3.34414e-06
5.40564e-07
-3.83173e-06
7.57634e-08
-4.36223e-06
-3.8502e-07
-4.93322e-06
-8.19349e-07
-5.5363e-06
-1.19841e-06
-6.15346e-06
-1.48758e-06
-6.75183e-06
-1.64906e-06
-7.2769e-06
-1.64821e-06
-7.64446e-06
-1.46483e-06
-7.73317e-06
-1.11035e-06
-7.38172e-06
-6.48747e-07
-6.39723e-06
-2.1337e-07
-4.58588e-06
-1.82648e-06
-2.50764e-07
1.85912e-06
-7.23379e-07
4.53033e-06
-1.18044e-06
6.14757e-06
-1.48497e-06
6.92033e-06
-1.58797e-06
7.10388e-06
-1.49566e-06
6.91508e-06
-1.24125e-06
6.51399e-06
-8.66404e-07
6.00872e-06
-4.11077e-07
5.46722e-06
9.08536e-08
4.92932e-06
6.12714e-07
4.41652e-06
1.13454e-06
3.93896e-06
1.64198e-06
3.49998e-06
2.12506e-06
3.09913e-06
2.5771e-06
2.73395e-06
2.9938e-06
2.40102e-06
3.37254e-06
2.09659e-06
3.71186e-06
1.81692e-06
4.01104e-06
1.5584e-06
4.26982e-06
1.31764e-06
4.48819e-06
1.09149e-06
4.66625e-06
8.76983e-07
4.80407e-06
6.71357e-07
4.90164e-06
4.71959e-07
4.95883e-06
2.76216e-07
4.97529e-06
8.1587e-08
4.9505e-06
-1.145e-07
4.88372e-06
-3.14698e-07
4.77399e-06
-5.21801e-07
4.62019e-06
-7.38809e-07
4.42105e-06
-9.68991e-07
4.17528e-06
-1.21595e-06
3.88166e-06
-1.48369e-06
3.53926e-06
-1.77667e-06
3.14776e-06
-2.09981e-06
2.70788e-06
-2.45846e-06
2.22203e-06
-2.85829e-06
1.69517e-06
-3.30488e-06
1.13602e-06
-3.80307e-06
5.58514e-07
-4.35571e-06
-1.63796e-08
-4.96141e-06
-5.58946e-07
-5.6109e-06
-1.02956e-06
-6.28122e-06
-1.37946e-06
-6.927e-06
-1.55556e-06
-7.46837e-06
-1.51238e-06
-7.77635e-06
-1.23456e-06
-7.65954e-06
-7.706e-07
-6.86119e-06
-2.7083e-07
-5.08565e-06
-2.09731e-06
-3.37407e-07
2.19653e-06
-8.90394e-07
5.08332e-06
-1.33549e-06
6.59266e-06
-1.53051e-06
7.11534e-06
-1.45662e-06
7.02999e-06
-1.15584e-06
6.6143e-06
-6.89804e-07
6.04795e-06
-1.18157e-07
5.43708e-06
5.10012e-07
4.83905e-06
1.15784e-06
4.28149e-06
1.79932e-06
3.77504e-06
2.41707e-06
3.32121e-06
3.00005e-06
2.91701e-06
3.54168e-06
2.5575e-06
4.03847e-06
2.23716e-06
4.48888e-06
1.9506e-06
4.89268e-06
1.6928e-06
5.25036e-06
1.45925e-06
5.56279e-06
1.24597e-06
5.83103e-06
1.0494e-06
6.05609e-06
8.66421e-07
6.23889e-06
6.94183e-07
6.38014e-06
5.3011e-07
6.4803e-06
3.718e-07
6.53955e-06
2.16966e-07
6.55776e-06
6.33768e-08
6.53447e-06
-9.12081e-08
6.46887e-06
-2.49097e-07
6.3598e-06
-4.12733e-07
6.20576e-06
-5.84767e-07
6.0049e-06
-7.68132e-07
5.75509e-06
-9.66138e-07
5.45396e-06
-1.18257e-06
5.09906e-06
-1.42177e-06
4.68807e-06
-1.68881e-06
4.21912e-06
-1.98952e-06
3.6914e-06
-2.33056e-06
3.10591e-06
-2.71939e-06
2.46679e-06
-3.16395e-06
1.78302e-06
-3.67195e-06
1.07093e-06
-4.24931e-06
3.57143e-07
-4.89711e-06
-3.18023e-07
-5.60605e-06
-8.98171e-07
-6.34685e-06
-1.31177e-06
-7.05477e-06
-1.48151e-06
-7.60661e-06
-1.34931e-06
-7.79174e-06
-9.24761e-07
-7.28574e-06
-3.57206e-07
-5.65321e-06
-2.45452e-06
-4.70004e-07
2.66653e-06
-1.09392e-06
5.70723e-06
-1.45123e-06
6.94998e-06
-1.43411e-06
7.09821e-06
-1.08759e-06
6.68347e-06
-5.06349e-07
6.03307e-06
2.15852e-07
5.32575e-06
1.00475e-06
4.64818e-06
1.80803e-06
4.03577e-06
2.59171e-06
3.49781e-06
3.3353e-06
3.03145e-06
4.02755e-06
2.62896e-06
4.66318e-06
2.28138e-06
5.24062e-06
1.98005e-06
5.7605e-06
1.71728e-06
6.22464e-06
1.48646e-06
6.63542e-06
1.28202e-06
6.99539e-06
1.09928e-06
7.30705e-06
9.34302e-07
7.57269e-06
7.83769e-07
7.79429e-06
6.44822e-07
7.97349e-06
5.14977e-07
8.11158e-06
3.92024e-07
8.20943e-06
2.73952e-07
8.26751e-06
1.5888e-07
8.2859e-06
4.49919e-08
8.26421e-06
-6.95208e-08
8.20163e-06
-1.86519e-07
8.09688e-06
-3.07981e-07
7.94818e-06
-4.36068e-07
7.75326e-06
-5.73211e-07
7.50932e-06
-7.22198e-07
7.21305e-06
-8.86293e-07
6.86065e-06
-1.06937e-06
6.44793e-06
-1.27609e-06
5.97049e-06
-1.51208e-06
5.42408e-06
-1.78415e-06
4.80522e-06
-2.10053e-06
4.11224e-06
-2.47097e-06
3.34701e-06
-2.90671e-06
2.51758e-06
-3.41989e-06
1.64222e-06
-4.02175e-06
7.54819e-07
-4.71865e-06
-8.85584e-08
-5.50347e-06
-8.04159e-07
-6.33917e-06
-1.28163e-06
-7.12914e-06
-1.40411e-06
-7.66927e-06
-1.10565e-06
-7.5842e-06
-4.88379e-07
-6.27047e-06
-2.9429e-06
-6.65467e-07
3.332e-06
-1.29653e-06
6.33829e-06
-1.41156e-06
7.06502e-06
-1.02416e-06
6.71081e-06
-2.87845e-07
5.94715e-06
6.40373e-07
5.10485e-06
1.64233e-06
4.3238e-06
2.64184e-06
3.64867e-06
3.59511e-06
3.08249e-06
4.47994e-06
2.61299e-06
5.28729e-06
2.22409e-06
6.01571e-06
1.90054e-06
6.66774e-06
1.62935e-06
7.24784e-06
1.39995e-06
7.76118e-06
1.20395e-06
8.21293e-06
1.03471e-06
8.60797e-06
8.86982e-07
8.95068e-06
7.56564e-07
9.2449e-06
6.40078e-07
9.49391e-06
5.34758e-07
9.70043e-06
4.38304e-07
9.86664e-06
3.48765e-07
9.99422e-06
2.64442e-07
1.00844e-05
1.8382e-07
1.01377e-05
1.05501e-07
1.01546e-05
2.81496e-08
1.01346e-05
-4.95552e-08
1.00771e-05
-1.2897e-07
9.98062e-06
-2.1154e-07
9.84341e-06
-2.98859e-07
9.66294e-06
-3.92735e-07
9.43602e-06
-4.95279e-07
9.15873e-06
-6.0901e-07
8.82635e-06
-7.36991e-07
8.43327e-06
-8.83013e-07
7.97301e-06
-1.05182e-06
7.43828e-06
-1.24943e-06
6.82125e-06
-1.4835e-06
6.11411e-06
-1.76382e-06
5.31025e-06
-2.10286e-06
4.40653e-06
-2.51617e-06
3.40717e-06
-3.02239e-06
2.33034e-06
-3.64182e-06
1.21829e-06
-4.39142e-06
1.51017e-07
-5.27189e-06
-7.40585e-07
-6.23754e-06
-1.27559e-06
-7.13426e-06
-1.26797e-06
-7.59182e-06
-6.78299e-07
-6.86014e-06
-3.6212e-06
-9.14868e-07
4.24687e-06
-1.34487e-06
6.7683e-06
-9.38617e-07
6.65876e-06
2.57914e-08
5.7464e-06
1.25577e-06
4.71717e-06
2.55242e-06
3.8082e-06
3.80315e-06
3.07307e-06
4.95505e-06
2.49676e-06
5.98978e-06
2.04776e-06
6.90676e-06
1.69602e-06
7.71347e-06
1.41738e-06
8.42042e-06
1.1936e-06
9.03851e-06
1.01125e-06
9.57795e-06
8.60503e-07
1.00478e-05
7.34097e-07
1.04559e-05
6.26639e-07
1.08088e-05
5.34057e-07
1.11121e-05
4.53227e-07
1.13705e-05
3.81714e-07
1.15877e-05
3.17579e-07
1.17667e-05
2.59249e-07
1.19101e-05
2.05417e-07
1.20196e-05
1.54965e-07
1.20965e-05
1.06913e-07
1.21416e-05
6.03643e-08
1.21553e-05
1.44743e-08
1.21373e-05
-3.15904e-08
1.2087e-05
-7.86836e-08
1.20032e-05
-1.27717e-07
1.1884e-05
-1.797e-07
1.17271e-05
-2.35792e-07
1.15292e-05
-2.9736e-07
1.12862e-05
-3.66066e-07
1.09932e-05
-4.43967e-07
1.06439e-05
-5.33669e-07
1.02306e-05
-6.38533e-07
9.74412e-06
-7.62966e-07
9.17346e-06
-9.12836e-07
8.50571e-06
-1.09607e-06
7.72633e-06
-1.32349e-06
6.82014e-06
-1.60998e-06
5.77373e-06
-1.97598e-06
4.58082e-06
-2.44891e-06
3.25297e-06
-3.06358e-06
1.83888e-06
-3.8578e-06
4.54372e-07
-4.85303e-06
-6.83534e-07
-5.99636e-06
-1.247e-06
-7.02836e-06
-9.11082e-07
-7.19606e-06
-4.53228e-06
-1.08497e-06
5.33184e-06
-7.60007e-07
6.44333e-06
5.81975e-07
5.31678e-06
2.29627e-06
4.03211e-06
4.01433e-06
2.99912e-06
5.57819e-06
2.24434e-06
6.94083e-06
1.71042e-06
8.10566e-06
1.33193e-06
9.09481e-06
1.05862e-06
9.93438e-06
8.56449e-07
1.06486e-05
7.03122e-07
1.12582e-05
5.84016e-07
1.178e-05
4.8943e-07
1.22277e-05
4.12802e-07
1.26122e-05
3.49587e-07
1.29423e-05
2.96561e-07
1.3225e-05
2.5138e-07
1.34659e-05
2.12302e-07
1.36696e-05
1.78004e-07
1.38398e-05
1.47453e-07
1.39792e-05
1.1983e-07
1.40901e-05
9.44606e-08
1.41743e-05
7.07802e-08
1.42329e-05
4.82968e-08
1.42667e-05
2.65669e-08
1.4276e-05
5.17442e-09
1.42607e-05
-1.62886e-08
1.42203e-05
-3.824e-08
1.41537e-05
-6.1126e-08
1.40594e-05
-8.5444e-08
1.39354e-05
-1.11768e-07
1.37788e-05
-1.40784e-07
1.35861e-05
-1.73333e-07
1.33526e-05
-2.10475e-07
1.30725e-05
-2.53575e-07
1.27384e-05
-3.04435e-07
1.23409e-05
-3.65479e-07
1.18682e-05
-4.40051e-07
1.1305e-05
-5.32865e-07
1.06322e-05
-6.50738e-07
9.82601e-06
-8.03774e-07
8.85732e-06
-1.00729e-06
7.69333e-06
-1.28491e-06
6.30292e-06
-1.67317e-06
4.67222e-06
-2.22709e-06
2.83974e-06
-3.02055e-06
9.65075e-07
-4.12169e-06
-5.58881e-07
-5.5044e-06
-1.03533e-06
-6.7196e-06
-5.56761e-06
-1.21728e-07
5.45357e-06
1.82551e-06
4.4961e-06
4.40389e-06
2.7384e-06
6.71918e-06
1.71681e-06
8.60207e-06
1.11623e-06
1.00916e-05
7.54853e-07
1.12675e-05
5.34493e-07
1.22038e-05
3.95589e-07
1.29587e-05
3.03744e-07
1.35752e-05
2.39968e-07
1.40846e-05
1.93708e-07
1.45097e-05
1.5889e-07
1.48673e-05
1.31864e-07
1.51698e-05
1.1034e-07
1.54265e-05
9.28187e-08
1.56448e-05
7.82777e-08
1.58302e-05
6.59981e-08
1.5987e-05
5.54573e-08
1.61188e-05
4.62651e-08
1.62281e-05
3.81227e-08
1.63171e-05
3.0795e-08
1.63875e-05
2.40919e-08
1.64404e-05
1.7855e-08
1.64768e-05
1.19477e-08
1.64971e-05
6.24779e-09
1.65016e-05
6.42062e-10
1.64903e-05
-4.9833e-09
1.64628e-05
-1.07398e-08
1.64184e-05
-1.67507e-08
1.63562e-05
-2.31524e-08
1.62745e-05
-3.01034e-08
1.61715e-05
-3.77942e-08
1.60446e-05
-4.6461e-08
1.58906e-05
-5.64046e-08
1.5705e-05
-6.80179e-08
1.54824e-05
-8.18268e-08
1.52155e-05
-9.85546e-08
1.48946e-05
-1.19224e-07
1.45071e-05
-1.45328e-07
1.40355e-05
-1.79136e-07
1.3456e-05
-2.24241e-07
1.27353e-05
-2.86625e-07
1.18271e-05
-3.76737e-07
1.06676e-05
-5.13638e-07
9.17318e-06
-7.32673e-07
7.24998e-06
-1.09736e-06
4.84467e-06
-1.71638e-06
2.12575e-06
-2.78547e-06
1.12837e-08
-4.60514e-06
-5.55633e-06
5.45357e-06
9.94967e-06
1.26881e-05
1.44049e-05
1.55211e-05
1.6276e-05
1.68104e-05
1.7206e-05
1.75098e-05
1.77498e-05
1.79435e-05
1.81023e-05
1.82342e-05
1.83446e-05
1.84374e-05
1.85156e-05
1.85816e-05
1.86371e-05
1.86834e-05
1.87215e-05
1.87523e-05
1.87764e-05
1.87942e-05
1.88062e-05
1.88124e-05
1.88131e-05
1.88081e-05
1.87973e-05
1.87806e-05
1.87574e-05
1.87273e-05
1.86895e-05
1.86431e-05
1.85867e-05
1.85187e-05
1.84368e-05
1.83383e-05
1.82191e-05
1.80737e-05
1.78946e-05
1.76704e-05
1.73837e-05
1.7007e-05
1.64934e-05
1.57607e-05
1.46633e-05
1.29469e-05
1.01615e-05
5.55633e-06
)
;

boundaryField
{
    movingWall
    {
        type            calculated;
        value           uniform 0;
    }
    fixedWalls
    {
        type            calculated;
        value           uniform 0;
    }
    frontAndBack
    {
        type            empty;
        value           nonuniform 0();
    }
}


// ************************************************************************* //
