/*--------------------------------*- C++ -*----------------------------------*\
  =========                 |
  \\      /  F ield         | OpenFOAM: The Open Source CFD Toolbox
   \\    /   O peration     | Website:  https://openfoam.org
    \\  /    A nd           | Version:  7
     \\/     M anipulation  |
\*---------------------------------------------------------------------------*/
FoamFile
{
    version     2.0;
    format      ascii;
    class       volVectorField;
    location    "0.016";
    object      U;
}
// * * * * * * * * * * * * * * * * * * * * * * * * * * * * * * * * * * * * * //

dimensions      [0 1 -1 0 0 0 0];

internalField   nonuniform List<vector> 
2500
(
(0.290306 -0.152463 0)
(0.389693 -0.128296 0)
(0.565619 -0.0747547 0)
(0.683353 -0.0421991 0)
(0.752699 -0.0244431 0)
(0.797324 -0.0147557 0)
(0.827983 -0.0094118 0)
(0.849855 -0.00636239 0)
(0.865996 -0.0045218 0)
(0.878252 -0.00333882 0)
(0.887755 -0.00253383 0)
(0.895233 -0.00196009 0)
(0.901181 -0.00153651 0)
(0.905948 -0.00121559 0)
(0.909789 -0.000967761 0)
(0.912895 -0.000773555 0)
(0.91541 -0.000619535 0)
(0.917447 -0.000496047 0)
(0.919094 -0.000395932 0)
(0.920417 -0.000313727 0)
(0.92147 -0.000245162 0)
(0.922293 -0.000186814 0)
(0.922916 -0.000135862 0)
(0.923361 -8.99109e-05 0)
(0.923643 -4.68472e-05 0)
(0.923768 -4.72571e-06 0)
(0.923738 3.83331e-05 0)
(0.923546 8.42572e-05 0)
(0.923182 0.000135098 0)
(0.922624 0.000193156 0)
(0.921845 0.000261115 0)
(0.920808 0.000342206 0)
(0.919463 0.000440437 0)
(0.917747 0.000560916 0)
(0.915577 0.00071033 0)
(0.912848 0.000897686 0)
(0.909421 0.00113551 0)
(0.905116 0.00144192 0)
(0.899688 0.00184429 0)
(0.892802 0.00238638 0)
(0.88398 0.00314247 0)
(0.872517 0.00424715 0)
(0.857312 0.00595938 0)
(0.836549 0.00880034 0)
(0.80716 0.0138307 0)
(0.763857 0.0231435 0)
(0.695687 0.0407023 0)
(0.577942 0.0737205 0)
(0.398138 0.128767 0)
(0.293919 0.153832 0)
(0.00114695 -0.295046 0)
(0.0169823 -0.298737 0)
(0.152318 -0.212934 0)
(0.282425 -0.14497 0)
(0.386832 -0.0990064 0)
(0.468969 -0.0689317 0)
(0.533027 -0.0493754 0)
(0.582911 -0.03642 0)
(0.622019 -0.0275536 0)
(0.652967 -0.021271 0)
(0.677674 -0.0166769 0)
(0.697544 -0.0132274 0)
(0.713621 -0.0105814 0)
(0.726688 -0.00851715 0)
(0.737344 -0.00688476 0)
(0.746049 -0.00557944 0)
(0.753166 -0.00452546 0)
(0.758979 -0.00366649 0)
(0.763712 -0.00295956 0)
(0.767544 -0.00237112 0)
(0.770613 -0.00187438 0)
(0.773029 -0.00144745 0)
(0.774874 -0.001072 0)
(0.776208 -0.000732206 0)
(0.77707 -0.000413944 0)
(0.777481 -0.000104102 0)
(0.777446 0.000210052 0)
(0.776951 0.000541467 0)
(0.775964 0.000903918 0)
(0.774433 0.00131269 0)
(0.772286 0.00178536 0)
(0.769422 0.00234286 0)
(0.765712 0.00301071 0)
(0.760991 0.00382093 0)
(0.755045 0.00481465 0)
(0.747602 0.00604601 0)
(0.738314 0.00758824 0)
(0.726731 0.00954323 0)
(0.712261 0.0120575 0)
(0.694121 0.0153493 0)
(0.671256 0.0197565 0)
(0.642217 0.0258227 0)
(0.604992 0.0344552 0)
(0.556772 0.0472082 0)
(0.493785 0.066744 0)
(0.411526 0.0973697 0)
(0.305049 0.145199 0)
(0.169984 0.216957 0)
(0.0268026 0.307104 0)
(0.00520616 0.30309 0)
(-0.0328911 -0.250597 0)
(-0.0616522 -0.344042 0)
(-0.0119851 -0.310064 0)
(0.0694813 -0.250344 0)
(0.156304 -0.194135 0)
(0.237109 -0.148941 0)
(0.307588 -0.114708 0)
(0.367112 -0.0891893 0)
(0.416649 -0.0700943 0)
(0.457628 -0.0556413 0)
(0.491459 -0.044548 0)
(0.519387 -0.0359145 0)
(0.542458 -0.0291103 0)
(0.561529 -0.0236888 0)
(0.577299 -0.0193281 0)
(0.590338 -0.0157913 0)
(0.601106 -0.0129004 0)
(0.609979 -0.0105191 0)
(0.61726 -0.00854055 0)
(0.623194 -0.00687955 0)
(0.627977 -0.00546686 0)
(0.631763 -0.004245 0)
(0.63467 -0.00316509 0)
(0.636786 -0.00218447 0)
(0.638167 -0.00126468 0)
(0.638847 -0.000369766 0)
(0.63883 0.000535337 0)
(0.638097 0.00148626 0)
(0.636602 0.00252082 0)
(0.63427 0.00368073 0)
(0.630994 0.00501358 0)
(0.626632 0.00657536 0)
(0.620998 0.00843366 0)
(0.613859 0.0106719 0)
(0.604916 0.0133956 0)
(0.593799 0.0167404 0)
(0.580043 0.0208855 0)
(0.563065 0.0260719 0)
(0.542133 0.0326312 0)
(0.516331 0.0410297 0)
(0.484513 0.0519355 0)
(0.445268 0.0663182 0)
(0.396929 0.0855861 0)
(0.337685 0.111743 0)
(0.266047 0.147441 0)
(0.182079 0.19545 0)
(0.0897516 0.256305 0)
(0.000620477 0.322145 0)
(-0.0573128 0.361004 0)
(-0.0322085 0.263959 0)
(-0.0267934 -0.190754 0)
(-0.0657389 -0.332596 0)
(-0.0656478 -0.350121 0)
(-0.0298803 -0.316723 0)
(0.0254492 -0.268306 0)
(0.0872828 -0.220695 0)
(0.147991 -0.179429 0)
(0.203835 -0.145449 0)
(0.253378 -0.118039 0)
(0.296412 -0.0960657 0)
(0.333319 -0.0784373 0)
(0.364719 -0.0642381 0)
(0.391296 -0.0527407 0)
(0.413708 -0.0433791 0)
(0.43255 -0.0357149 0)
(0.448347 -0.0294064 0)
(0.461549 -0.0241849 0)
(0.472536 -0.0198365 0)
(0.481632 -0.0161888 0)
(0.4891 -0.0131003 0)
(0.495157 -0.0104537 0)
(0.499979 -0.00814953 0)
(0.5037 -0.00610201 0)
(0.50642 -0.00423509 0)
(0.508207 -0.00247948 0)
(0.509097 -0.00076982 0)
(0.509096 0.000957855 0)
(0.50818 0.00276868 0)
(0.506294 0.00473157 0)
(0.503349 0.00692208 0)
(0.499218 0.00942565 0)
(0.493736 0.0123416 0)
(0.486688 0.015788 0)
(0.477809 0.0199083 0)
(0.466769 0.0248794 0)
(0.453168 0.0309237 0)
(0.436523 0.0383249 0)
(0.416254 0.0474496 0)
(0.391683 0.0587774 0)
(0.362028 0.0729392 0)
(0.326431 0.0907647 0)
(0.284028 0.113325 0)
(0.234127 0.141941 0)
(0.176573 0.178053 0)
(0.112455 0.222745 0)
(0.0453632 0.27535 0)
(-0.0167349 0.330117 0)
(-0.0596886 0.369737 0)
(-0.0653284 0.354592 0)
(-0.0273821 0.204509 0)
(-0.017922 -0.14909 0)
(-0.0536798 -0.301806 0)
(-0.0753511 -0.352247 0)
(-0.0700478 -0.345931 0)
(-0.0431494 -0.313589 0)
(-0.00383278 -0.2727 0)
(0.0407544 -0.231936 0)
(0.0859209 -0.19496 0)
(0.128906 -0.162902 0)
(0.168294 -0.135733 0)
(0.203518 -0.112964 0)
(0.234509 -0.0939765 0)
(0.261464 -0.0781674 0)
(0.284709 -0.0649994 0)
(0.304621 -0.0540145 0)
(0.321579 -0.0448289 0)
(0.33594 -0.0371229 0)
(0.34803 -0.0306299 0)
(0.358133 -0.0251266 0)
(0.366497 -0.0204243 0)
(0.373328 -0.0163619 0)
(0.378795 -0.0127999 0)
(0.383032 -0.00961541 0)
(0.38614 -0.00669788 0)
(0.388186 -0.00394519 0)
(0.389206 -0.00126016 0)
(0.389204 0.0014529 0)
(0.388153 0.00429151 0)
(0.385994 0.00735856 0)
(0.382633 0.0107661 0)
(0.377936 0.0146394 0)
(0.371735 0.0191221 0)
(0.363811 0.024382 0)
(0.353904 0.0306182 0)
(0.341698 0.0380701 0)
(0.326825 0.047029 0)
(0.308863 0.0578512 0)
(0.287345 0.070975 0)
(0.261773 0.0869373 0)
(0.231663 0.106387 0)
(0.196621 0.130084 0)
(0.15649 0.15885 0)
(0.111599 0.193425 0)
(0.0631755 0.234096 0)
(0.0139467 0.279901 0)
(-0.0311083 0.327027 0)
(-0.0640517 0.365928 0)
(-0.0743787 0.376985 0)
(-0.0551963 0.325731 0)
(-0.0187797 0.16178 0)
(-0.0115463 -0.120475 0)
(-0.0410664 -0.267807 0)
(-0.0701143 -0.335873 0)
(-0.0821424 -0.350776 0)
(-0.0759607 -0.335262 0)
(-0.0563094 -0.304962 0)
(-0.0283058 -0.269358 0)
(0.00385687 -0.233653 0)
(0.0371444 -0.200401 0)
(0.0695769 -0.170643 0)
(0.0999835 -0.144611 0)
(0.127757 -0.122144 0)
(0.152658 -0.102906 0)
(0.174677 -0.0865074 0)
(0.193935 -0.072561 0)
(0.210625 -0.0607067 0)
(0.224971 -0.0506209 0)
(0.2372 -0.0420179 0)
(0.247529 -0.0346468 0)
(0.256154 -0.0282875 0)
(0.26325 -0.0227461 0)
(0.268961 -0.0178502 0)
(0.273406 -0.0134446 0)
(0.276673 -0.00938686 0)
(0.278821 -0.00554381 0)
(0.279882 -0.00178722 0)
(0.279857 0.00200985 0)
(0.278717 0.00597695 0)
(0.276403 0.0102503 0)
(0.272823 0.0149769 0)
(0.267853 0.0203194 0)
(0.261333 0.0264611 0)
(0.253067 0.0336113 0)
(0.242826 0.0420124 0)
(0.230345 0.0519467 0)
(0.215334 0.0637435 0)
(0.197487 0.0777867 0)
(0.176504 0.0945184 0)
(0.152136 0.114435 0)
(0.124242 0.138069 0)
(0.0929029 0.165926 0)
(0.0585793 0.198367 0)
(0.0223498 0.235343 0)
(-0.0137758 0.275924 0)
(-0.0465211 0.317446 0)
(-0.0711435 0.354164 0)
(-0.0816337 0.37532 0)
(-0.0721792 0.363047 0)
(-0.043307 0.29155 0)
(-0.0123425 0.131794 0)
(-0.00762555 -0.100007 0)
(-0.0314132 -0.236283 0)
(-0.0613159 -0.311862 0)
(-0.0820186 -0.341143 0)
(-0.0893212 -0.339854 0)
(-0.0846714 -0.320609 0)
(-0.0710149 -0.29226 0)
(-0.0514362 -0.260483 0)
(-0.0285905 -0.228641 0)
(-0.00449977 -0.198564 0)
(0.0194229 -0.171123 0)
(0.042261 -0.146626 0)
(0.0634695 -0.125062 0)
(0.0827666 -0.106253 0)
(0.100048 -0.0899436 0)
(0.115325 -0.0758488 0)
(0.128675 -0.0636836 0)
(0.140215 -0.0531756 0)
(0.150076 -0.0440713 0)
(0.158391 -0.036138 0)
(0.165284 -0.029163 0)
(0.170865 -0.0229513 0)
(0.175224 -0.0173232 0)
(0.178431 -0.0121104 0)
(0.180532 -0.00715292 0)
(0.181549 -0.00229514 0)
(0.18148 0.00261792 0)
(0.180297 0.00774461 0)
(0.177943 0.0132507 0)
(0.174338 0.0193135 0)
(0.169373 0.0261265 0)
(0.162914 0.0339034 0)
(0.154802 0.0428829 0)
(0.14486 0.0533328 0)
(0.132899 0.0655528 0)
(0.118729 0.0798768 0)
(0.102185 0.0966689 0)
(0.0831567 0.116314 0)
(0.0616385 0.139189 0)
(0.0378048 0.165616 0)
(0.0121135 0.195758 0)
(-0.0145558 0.229445 0)
(-0.0407339 0.265877 0)
(-0.064196 0.303151 0)
(-0.0818879 0.337548 0)
(-0.0901163 0.362598 0)
(-0.085189 0.368065 0)
(-0.065018 0.33937 0)
(-0.0338299 0.258619 0)
(-0.00829772 0.109897 0)
(-0.00531069 -0.0847972 0)
(-0.0246188 -0.20857 0)
(-0.0528197 -0.285531 0)
(-0.0771889 -0.323473 0)
(-0.0926135 -0.332918 0)
(-0.0985423 -0.323486 0)
(-0.0961943 -0.302758 0)
(-0.0874859 -0.27618 0)
(-0.0744195 -0.247394 0)
(-0.0587462 -0.218683 0)
(-0.0418491 -0.191381 0)
(-0.0247467 -0.166189 0)
(-0.00814502 -0.143405 0)
(0.00749745 -0.123078 0)
(0.0219074 -0.10511 0)
(0.0349445 -0.0893246 0)
(0.0465591 -0.0755029 0)
(0.0567607 -0.0634117 0)
(0.0655945 -0.0528169 0)
(0.0731242 -0.0434907 0)
(0.0794193 -0.0352159 0)
(0.0845472 -0.0277867 0)
(0.0885663 -0.0210078 0)
(0.0915224 -0.0146927 0)
(0.0934454 -0.00866082 0)
(0.0943473 -0.00273487 0)
(0.0942212 0.00326293 0)
(0.0930401 0.00951431 0)
(0.0907569 0.0162086 0)
(0.0873051 0.0235463 0)
(0.0825997 0.0317426 0)
(0.0765405 0.0410306 0)
(0.0690163 0.0516632 0)
(0.059913 0.0639141 0)
(0.0491252 0.0780763 0)
(0.0365741 0.0944559 0)
(0.0222332 0.11336 0)
(0.00616517 0.135069 0)
(-0.0114273 0.159798 0)
(-0.0301348 0.187615 0)
(-0.049258 0.218327 0)
(-0.0677143 0.251285 0)
(-0.0839542 0.285103 0)
(-0.0959289 0.31726 0)
(-0.101201 0.343598 0)
(-0.0973255 0.357784 0)
(-0.0825844 0.350956 0)
(-0.0572887 0.311958 0)
(-0.0269891 0.228885 0)
(-0.0058733 0.0933185 0)
(-0.0039217 -0.0730053 0)
(-0.0198873 -0.184502 0)
(-0.045636 -0.259366 0)
(-0.0709957 -0.301775 0)
(-0.090957 -0.31867 0)
(-0.103939 -0.317166 0)
(-0.109986 -0.303439 0)
(-0.11004 -0.282345 0)
(-0.10542 -0.257436 0)
(-0.0974732 -0.231167 0)
(-0.0873926 -0.205141 0)
(-0.0761491 -0.180338 0)
(-0.0644877 -0.157308 0)
(-0.0529519 -0.136304 0)
(-0.0419187 -0.117387 0)
(-0.0316348 -0.100496 0)
(-0.0222499 -0.0854948 0)
(-0.0138436 -0.0722063 0)
(-0.00644756 -0.0604304 0)
(-6.27561e-05 -0.0499589 0)
(0.00532755 -0.0405826 0)
(0.00974802 -0.0320954 0)
(0.013224 -0.024296 0)
(0.0157765 -0.0169875 0)
(0.0174178 -0.00997626 0)
(0.0181498 -0.00306975 0)
(0.0179618 0.00392603 0)
(0.0168301 0.0112094 0)
(0.0147179 0.0189859 0)
(0.011577 0.0274707 0)
(0.0073501 0.036891 0)
(0.00197519 0.0474867 0)
(-0.00460786 0.0595103 0)
(-0.0124474 0.073224 0)
(-0.0215657 0.0888927 0)
(-0.03194 0.106771 0)
(-0.0434753 0.127083 0)
(-0.05597 0.149983 0)
(-0.0690725 0.175506 0)
(-0.0822301 0.203474 0)
(-0.094635 0.233381 0)
(-0.10518 0.264207 0)
(-0.112449 0.29419 0)
(-0.114774 0.320531 0)
(-0.110448 0.339089 0)
(-0.0981465 0.344152 0)
(-0.077571 0.328478 0)
(-0.0503512 0.283851 0)
(-0.0221179 0.20254 0)
(-0.00439705 0.0802619 0)
(-0.00305154 -0.0634873 0)
(-0.0165329 -0.163523 0)
(-0.0398097 -0.234428 0)
(-0.064813 -0.278414 0)
(-0.0870402 -0.300053 0)
(-0.10449 -0.304534 0)
(-0.116494 -0.29674 0)
(-0.123276 -0.280812 0)
(-0.125565 -0.260006 0)
(-0.12429 -0.236741 0)
(-0.120381 -0.212725 0)
(-0.114675 -0.189106 0)
(-0.10787 -0.166608 0)
(-0.100521 -0.145649 0)
(-0.0930492 -0.126427 0)
(-0.0857631 -0.108991 0)
(-0.0788795 -0.0932915 0)
(-0.0725441 -0.0792112 0)
(-0.06685 -0.0665948 0)
(-0.0618523 -0.055263 0)
(-0.0575807 -0.0450242 0)
(-0.0540491 -0.035681 0)
(-0.0512627 -0.0270343 0)
(-0.0492243 -0.0188848 0)
(-0.0479373 -0.0110328 0)
(-0.0474096 -0.00327782 0)
(-0.0476543 0.00458353 0)
(-0.0486908 0.0127589 0)
(-0.0505439 0.0214621 0)
(-0.0532418 0.0309144 0)
(-0.0568133 0.0413447 0)
(-0.0612818 0.0529889 0)
(-0.0666579 0.0660864 0)
(-0.0729287 0.0808732 0)
(-0.0800434 0.0975712 0)
(-0.0878942 0.116369 0)
(-0.0962928 0.137396 0)
(-0.104942 0.160677 0)
(-0.113403 0.186075 0)
(-0.121064 0.213204 0)
(-0.127117 0.241316 0)
(-0.130553 0.269152 0)
(-0.130203 0.294768 0)
(-0.124849 0.315346 0)
(-0.113465 0.327047 0)
(-0.0955974 0.324981 0)
(-0.0718548 0.303438 0)
(-0.044461 0.256508 0)
(-0.0185809 0.17924 0)
(-0.00345573 0.0695947 0)
(-0.00247655 -0.0555471 0)
(-0.0140838 -0.145071 0)
(-0.0351181 -0.211081 0)
(-0.0591327 -0.254723 0)
(-0.0822329 -0.279026 0)
(-0.102337 -0.287753 0)
(-0.118395 -0.284707 0)
(-0.130148 -0.273321 0)
(-0.137864 -0.256459 0)
(-0.142098 -0.236379 0)
(-0.143512 -0.214775 0)
(-0.142767 -0.192862 0)
(-0.140466 -0.17147 0)
(-0.137122 -0.151129 0)
(-0.133156 -0.132147 0)
(-0.128898 -0.114666 0)
(-0.124603 -0.0987133 0)
(-0.120457 -0.0842347 0)
(-0.116598 -0.0711208 0)
(-0.113121 -0.0592267 0)
(-0.110094 -0.0483843 0)
(-0.107562 -0.038412 0)
(-0.105556 -0.0291195 0)
(-0.1041 -0.0203118 0)
(-0.103209 -0.0117899 0)
(-0.102901 -0.00335192 0)
(-0.103189 0.00520791 0)
(-0.104087 0.0140995 0)
(-0.105607 0.0235373 0)
(-0.107759 0.0337406 0)
(-0.110543 0.0449314 0)
(-0.113948 0.057332 0)
(-0.117939 0.0711584 0)
(-0.122452 0.0866114 0)
(-0.127378 0.103861 0)
(-0.132546 0.123025 0)
(-0.137706 0.144138 0)
(-0.142506 0.167104 0)
(-0.146477 0.191644 0)
(-0.149015 0.217212 0)
(-0.149386 0.242901 0)
(-0.146748 0.267333 0)
(-0.140219 0.288537 0)
(-0.129017 0.303849 0)
(-0.112672 0.309873 0)
(-0.0913478 0.302566 0)
(-0.0661682 0.27753 0)
(-0.0395217 0.230569 0)
(-0.0159294 0.158544 0)
(-0.00282024 0.0606237 0)
(-0.00207549 -0.0487519 0)
(-0.0122363 -0.128674 0)
(-0.0313103 -0.189381 0)
(-0.0540751 -0.231432 0)
(-0.0772138 -0.256858 0)
(-0.0987363 -0.26839 0)
(-0.117424 -0.268964 0)
(-0.132715 -0.261377 0)
(-0.14455 -0.248084 0)
(-0.153176 -0.231116 0)
(-0.159011 -0.212073 0)
(-0.162537 -0.192164 0)
(-0.164236 -0.172262 0)
(-0.164552 -0.152965 0)
(-0.16387 -0.134654 0)
(-0.162517 -0.117547 0)
(-0.160754 -0.101734 0)
(-0.158792 -0.0872163 0)
(-0.156791 -0.0739305 0)
(-0.154877 -0.0617664 0)
(-0.153143 -0.050583 0)
(-0.151658 -0.0402182 0)
(-0.150473 -0.0304961 0)
(-0.149627 -0.0212311 0)
(-0.149148 -0.0122309 0)
(-0.149057 -0.00329794 0)
(-0.149368 0.00576969 0)
(-0.150089 0.0151777 0)
(-0.15122 0.0251347 0)
(-0.152752 0.0358507 0)
(-0.154662 0.0475338 0)
(-0.156906 0.0603856 0)
(-0.159417 0.0745926 0)
(-0.162088 0.0903148 0)
(-0.164769 0.107668 0)
(-0.167248 0.126702 0)
(-0.169243 0.147363 0)
(-0.170386 0.169459 0)
(-0.170221 0.192599 0)
(-0.168198 0.216133 0)
(-0.163699 0.239073 0)
(-0.156075 0.260015 0)
(-0.144731 0.277072 0)
(-0.129252 0.287832 0)
(-0.109594 0.28939 0)
(-0.0863183 0.278476 0)
(-0.0608 0.251754 0)
(-0.0353605 0.20627 0)
(-0.0138727 0.140052 0)
(-0.00236622 0.052916 0)
(-0.00178172 -0.0428222 0)
(-0.0107981 -0.113965 0)
(-0.0281772 -0.169253 0)
(-0.049619 -0.208928 0)
(-0.0723094 -0.234361 0)
(-0.0944234 -0.247549 0)
(-0.1147 -0.25075 0)
(-0.132412 -0.246218 0)
(-0.147269 -0.236019 0)
(-0.15929 -0.221935 0)
(-0.168684 -0.205428 0)
(-0.17577 -0.187648 0)
(-0.180903 -0.169464 0)
(-0.184445 -0.151501 0)
(-0.186728 -0.134186 0)
(-0.18805 -0.117785 0)
(-0.188665 -0.102441 0)
(-0.188785 -0.0881989 0)
(-0.188584 -0.0750359 0)
(-0.1882 -0.0628756 0)
(-0.187744 -0.0516043 0)
(-0.1873 -0.041082 0)
(-0.186934 -0.03115 0)
(-0.186696 -0.0216363 0)
(-0.18662 -0.0123597 0)
(-0.186731 -0.00313201 0)
(-0.187041 0.00623966 0)
(-0.187553 0.0159515 0)
(-0.188255 0.0262006 0)
(-0.189122 0.0371825 0)
(-0.190112 0.0490862 0)
(-0.191157 0.062088 0)
(-0.192161 0.0763418 0)
(-0.192993 0.0919658 0)
(-0.193475 0.109024 0)
(-0.193377 0.127504 0)
(-0.192408 0.147283 0)
(-0.190216 0.168092 0)
(-0.186384 0.189468 0)
(-0.180447 0.210705 0)
(-0.17192 0.230796 0)
(-0.160347 0.248386 0)
(-0.145386 0.261735 0)
(-0.126918 0.26873 0)
(-0.105197 0.266938 0)
(-0.0810213 0.25376 0)
(-0.0558463 0.226688 0)
(-0.0318187 0.183652 0)
(-0.012227 0.123436 0)
(-0.0020254 0.0461898 0)
(-0.00155754 -0.0375698 0)
(-0.0096475 -0.100658 0)
(-0.0255619 -0.150578 0)
(-0.0457013 -0.187394 0)
(-0.067672 -0.212045 0)
(-0.0898351 -0.225997 0)
(-0.110961 -0.230988 0)
(-0.130239 -0.228823 0)
(-0.147237 -0.221221 0)
(-0.161803 -0.209714 0)
(-0.173985 -0.195605 0)
(-0.183954 -0.179955 0)
(-0.191954 -0.163595 0)
(-0.198257 -0.147146 0)
(-0.203134 -0.131054 0)
(-0.206844 -0.115613 0)
(-0.209617 -0.101001 0)
(-0.211657 -0.0872993 0)
(-0.213135 -0.0745169 0)
(-0.214194 -0.0626076 0)
(-0.214953 -0.0514839 0)
(-0.215505 -0.0410282 0)
(-0.215923 -0.0311006 0)
(-0.216263 -0.0215456 0)
(-0.216565 -0.0121961 0)
(-0.216853 -0.00287722 0)
(-0.217137 0.00659095 0)
(-0.217414 0.0163909 0)
(-0.217664 0.0267042 0)
(-0.217849 0.037708 0)
(-0.21791 0.049569 0)
(-0.217764 0.0624363 0)
(-0.217296 0.0764306 0)
(-0.216359 0.0916306 0)
(-0.214765 0.108055 0)
(-0.212282 0.125639 0)
(-0.208633 0.144208 0)
(-0.203496 0.163442 0)
(-0.196517 0.18284 0)
(-0.187326 0.201681 0)
(-0.175573 0.218987 0)
(-0.160979 0.233495 0)
(-0.14341 0.243655 0)
(-0.122968 0.247652 0)
(-0.100108 0.243484 0)
(-0.0757481 0.229109 0)
(-0.051326 0.202652 0)
(-0.0287729 0.162669 0)
(-0.0108765 0.10843 0)
(-0.00175934 0.0402517 0)
(-0.00138091 -0.0328625 0)
(-0.00870678 -0.0885324 0)
(-0.0233518 -0.133222 0)
(-0.0422557 -0.166902 0)
(-0.0633702 -0.190218 0)
(-0.0852374 -0.204255 0)
(-0.106694 -0.210352 0)
(-0.126906 -0.209951 0)
(-0.145354 -0.204466 0)
(-0.161769 -0.195198 0)
(-0.176073 -0.183286 0)
(-0.188321 -0.169686 0)
(-0.198654 -0.155168 0)
(-0.207261 -0.140327 0)
(-0.21435 -0.125603 0)
(-0.220133 -0.111306 0)
(-0.224812 -0.0976305 0)
(-0.22857 -0.0846837 0)
(-0.231569 -0.0725001 0)
(-0.233948 -0.0610585 0)
(-0.235826 -0.0502949 0)
(-0.237298 -0.040113 0)
(-0.238441 -0.0303924 0)
(-0.239313 -0.0209952 0)
(-0.239954 -0.0117708 0)
(-0.240389 -0.00256017 0)
(-0.240624 0.00680097 0)
(-0.240651 0.0164783 0)
(-0.240442 0.0266354 0)
(-0.239949 0.0374286 0)
(-0.239105 0.0490011 0)
(-0.237813 0.0614747 0)
(-0.235951 0.0749387 0)
(-0.233366 0.089437 0)
(-0.229872 0.10495 0)
(-0.225247 0.121376 0)
(-0.219241 0.138502 0)
(-0.211579 0.155982 0)
(-0.201975 0.173306 0)
(-0.190157 0.18977 0)
(-0.175899 0.204459 0)
(-0.159074 0.216231 0)
(-0.139712 0.223731 0)
(-0.118075 0.225431 0)
(-0.0947405 0.219706 0)
(-0.0706708 0.204961 0)
(-0.0472307 0.179803 0)
(-0.0261335 0.143228 0)
(-0.00974763 0.094817 0)
(-0.00154557 0.0349629 0)
(-0.00123848 -0.0286029 0)
(-0.00792549 -0.0774114 0)
(-0.021468 -0.117055 0)
(-0.0392268 -0.147452 0)
(-0.0594343 -0.169054 0)
(-0.0807978 -0.182666 0)
(-0.102236 -0.189322 0)
(-0.122923 -0.19017 0)
(-0.142293 -0.186366 0)
(-0.160001 -0.179002 0)
(-0.175877 -0.169059 0)
(-0.189882 -0.15738 0)
(-0.20207 -0.144661 0)
(-0.212555 -0.131455 0)
(-0.221487 -0.118185 0)
(-0.22903 -0.105154 0)
(-0.23535 -0.0925673 0)
(-0.240608 -0.0805451 0)
(-0.244949 -0.0691403 0)
(-0.248504 -0.0583517 0)
(-0.251384 -0.0481352 0)
(-0.253683 -0.0384141 0)
(-0.255477 -0.0290868 0)
(-0.256822 -0.0200336 0)
(-0.257758 -0.0111212 0)
(-0.258307 -0.00220798 0)
(-0.258473 0.00685273 0)
(-0.258242 0.0162083 0)
(-0.257581 0.0260027 0)
(-0.256437 0.0363708 0)
(-0.254733 0.0474324 0)
(-0.252371 0.0592833 0)
(-0.249225 0.0719854 0)
(-0.245146 0.0855532 0)
(-0.239957 0.0999386 0)
(-0.233458 0.115012 0)
(-0.225434 0.130544 0)
(-0.215661 0.146181 0)
(-0.203923 0.161423 0)
(-0.190041 0.175611 0)
(-0.1739 0.18791 0)
(-0.155494 0.197314 0)
(-0.134979 0.20266 0)
(-0.112726 0.20268 0)
(-0.0893786 0.196066 0)
(-0.0658961 0.181583 0)
(-0.0435461 0.158196 0)
(-0.0238377 0.125214 0)
(-0.00879294 0.0824175 0)
(-0.00137043 0.0302179 0)
(-0.00112188 -0.0247161 0)
(-0.0072705 -0.0671502 0)
(-0.0198561 -0.101948 0)
(-0.0365719 -0.129006 0)
(-0.0558781 -0.148638 0)
(-0.0766266 -0.161446 0)
(-0.0978197 -0.168229 0)
(-0.11866 -0.169898 0)
(-0.138562 -0.167391 0)
(-0.157134 -0.161618 0)
(-0.174138 -0.15341 0)
(-0.189463 -0.143498 0)
(-0.203092 -0.132499 0)
(-0.215078 -0.120913 0)
(-0.225512 -0.109132 0)
(-0.234516 -0.0974453 0)
(-0.242221 -0.0860546 0)
(-0.248759 -0.0750869 0)
(-0.254257 -0.0646061 0)
(-0.258833 -0.0546254 0)
(-0.262589 -0.045117 0)
(-0.265612 -0.0360215 0)
(-0.267974 -0.0272549 0)
(-0.269729 -0.0187151 0)
(-0.270913 -0.0102867 0)
(-0.271545 -0.00184581 0)
(-0.271626 0.00673576 0)
(-0.271139 0.0155864 0)
(-0.270046 0.02483 0)
(-0.26829 0.0345806 0)
(-0.265793 0.0449354 0)
(-0.262456 0.0559674 0)
(-0.258157 0.067715 0)
(-0.252755 0.0801702 0)
(-0.24609 0.0932651 0)
(-0.23799 0.106856 0)
(-0.228277 0.120708 0)
(-0.21678 0.134475 0)
(-0.203351 0.147691 0)
(-0.187893 0.159751 0)
(-0.170383 0.169916 0)
(-0.150914 0.177313 0)
(-0.129731 0.180965 0)
(-0.107276 0.179828 0)
(-0.0842202 0.172863 0)
(-0.0614937 0.159114 0)
(-0.0402586 0.137819 0)
(-0.0218417 0.108504 0)
(-0.00798112 0.0710751 0)
(-0.00122533 0.0259327 0)
(-0.00102572 -0.0211419 0)
(-0.00671977 -0.0576258 0)
(-0.0184787 -0.0877804 0)
(-0.0342598 -0.111496 0)
(-0.0527082 -0.128992 0)
(-0.0727992 -0.140717 0)
(-0.0936147 -0.14729 0)
(-0.114393 -0.149429 0)
(-0.134549 -0.147894 0)
(-0.15366 -0.14343 0)
(-0.171443 -0.136734 0)
(-0.187735 -0.128428 0)
(-0.202461 -0.119049 0)
(-0.215619 -0.109039 0)
(-0.227255 -0.0987493 0)
(-0.237447 -0.0884483 0)
(-0.246294 -0.0783269 0)
(-0.253902 -0.0685104 0)
(-0.260377 -0.0590678 0)
(-0.26582 -0.0500218 0)
(-0.270323 -0.0413575 0)
(-0.273966 -0.03303 0)
(-0.276812 -0.0249713 0)
(-0.278912 -0.0170959 0)
(-0.280298 -0.0093058 0)
(-0.280985 -0.00149497 0)
(-0.280972 0.00644646 0)
(-0.280238 0.0146279 0)
(-0.278743 0.0231539 0)
(-0.276428 0.0321184 0)
(-0.273217 0.0415986 0)
(-0.269012 0.0516477 0)
(-0.263701 0.0622854 0)
(-0.257155 0.073488 0)
(-0.249234 0.0851759 0)
(-0.239795 0.0972018 0)
(-0.228699 0.109337 0)
(-0.215826 0.121258 0)
(-0.201089 0.13254 0)
(-0.184461 0.142646 0)
(-0.165996 0.150934 0)
(-0.14586 0.156663 0)
(-0.124362 0.159022 0)
(-0.101986 0.157166 0)
(-0.0794076 0.150272 0)
(-0.0575113 0.137608 0)
(-0.0373574 0.118613 0)
(-0.0201155 0.0929665 0)
(-0.00729122 0.060651 0)
(-0.00110462 0.0220378 0)
(-0.000946418 -0.0178299 0)
(-0.00625839 -0.04873 0)
(-0.0173097 -0.0744347 0)
(-0.0322686 -0.0948381 0)
(-0.0499289 -0.110092 0)
(-0.0693694 -0.120532 0)
(-0.0897435 -0.126635 0)
(-0.110328 -0.128965 0)
(-0.130547 -0.128126 0)
(-0.149963 -0.124726 0)
(-0.168262 -0.119338 0)
(-0.185241 -0.112483 0)
(-0.200781 -0.104617 0)
(-0.214837 -0.0961221 0)
(-0.227413 -0.0873059 0)
(-0.238554 -0.0784075 0)
(-0.248325 -0.0696016 0)
(-0.256808 -0.0610059 0)
(-0.264089 -0.0526895 0)
(-0.270253 -0.0446804 0)
(-0.275379 -0.0369728 0)
(-0.279538 -0.0295339 0)
(-0.282788 -0.0223097 0)
(-0.285171 -0.0152302 0)
(-0.286716 -0.0082138 0)
(-0.287436 -0.00117177 0)
(-0.287325 0.00598797 0)
(-0.28636 0.0133567 0)
(-0.2845 0.0210204 0)
(-0.281688 0.029055 0)
(-0.277849 0.0375201 0)
(-0.272892 0.0464526 0)
(-0.266713 0.0558586 0)
(-0.259199 0.0657044 0)
(-0.250232 0.075907 0)
(-0.239698 0.0863234 0)
(-0.227495 0.0967409 0)
(-0.213548 0.106868 0)
(-0.197825 0.116329 0)
(-0.180356 0.12466 0)
(-0.161254 0.131315 0)
(-0.140743 0.135679 0)
(-0.119175 0.137089 0)
(-0.0970525 0.13487 0)
(-0.0750437 0.128376 0)
(-0.0539821 0.117053 0)
(-0.0348347 0.100487 0)
(-0.0186377 0.0784671 0)
(-0.00670881 0.0510186 0)
(-0.00100451 0.0184728 0)
(-0.000881559 -0.0147362 0)
(-0.00587614 -0.0403649 0)
(-0.0163312 -0.0617965 0)
(-0.0305827 -0.0789349 0)
(-0.047543 -0.0918846 0)
(-0.0663759 -0.100896 0)
(-0.0862971 -0.10633 0)
(-0.106621 -0.108626 0)
(-0.126783 -0.10826 0)
(-0.146342 -0.105716 0)
(-0.164963 -0.101458 0)
(-0.182414 -0.0959115 0)
(-0.198544 -0.0894548 0)
(-0.213272 -0.0824081 0)
(-0.22657 -0.0750339 0)
(-0.23845 -0.0675382 0)
(-0.248953 -0.0600743 0)
(-0.258136 -0.052748 0)
(-0.266067 -0.0456242 0)
(-0.272816 -0.0387324 0)
(-0.27845 -0.032073 0)
(-0.283029 -0.0256227 0)
(-0.286605 -0.0193396 0)
(-0.289215 -0.0131678 0)
(-0.290883 -0.00704112 0)
(-0.291617 -0.000886975 0)
(-0.291409 0.00536979 0)
(-0.290236 0.0118033 0)
(-0.288056 0.0184828 0)
(-0.284814 0.0254677 0)
(-0.280438 0.0328029 0)
(-0.274844 0.0405126 0)
(-0.26794 0.0485938 0)
(-0.259628 0.0570085 0)
(-0.249811 0.0656764 0)
(-0.238401 0.0744662 0)
(-0.225331 0.0831887 0)
(-0.210566 0.0915901 0)
(-0.194118 0.0993491 0)
(-0.176064 0.106077 0)
(-0.156565 0.111321 0)
(-0.135882 0.114582 0)
(-0.114397 0.115329 0)
(-0.0926208 0.113031 0)
(-0.0712035 0.10719 0)
(-0.0509295 0.097389 0)
(-0.032684 0.0833283 0)
(-0.0173931 0.0648691 0)
(-0.00622377 0.0420595 0)
(-0.00092234 0.0151843 0)
(-0.000829466 -0.0118216 0)
(-0.00556592 -0.0324398 0)
(-0.0155307 -0.0497537 0)
(-0.029191 -0.0636811 0)
(-0.0455525 -0.0742929 0)
(-0.0638472 -0.0817719 0)
(-0.0833425 -0.0863895 0)
(-0.103385 -0.0884786 0)
(-0.123427 -0.0884056 0)
(-0.143025 -0.0865465 0)
(-0.161833 -0.0832662 0)
(-0.179597 -0.0789034 0)
(-0.196143 -0.0737606 0)
(-0.211362 -0.0680975 0)
(-0.225199 -0.0621291 0)
(-0.237642 -0.0560261 0)
(-0.248709 -0.0499172 0)
(-0.258437 -0.0438932 0)
(-0.266878 -0.0380108 0)
(-0.274089 -0.0322984 0)
(-0.280124 -0.0267597 0)
(-0.285037 -0.021379 0)
(-0.28887 -0.0161246 0)
(-0.291656 -0.0109532 0)
(-0.293414 -0.00581267 0)
(-0.29415 -0.000645732 0)
(-0.293853 0.00460704 0)
(-0.292499 0.010004 0)
(-0.290048 0.0155989 0)
(-0.286446 0.0214371 0)
(-0.281625 0.0275511 0)
(-0.27551 0.033956 0)
(-0.268018 0.0406433 0)
(-0.259065 0.0475759 0)
(-0.248575 0.0546812 0)
(-0.236484 0.0618453 0)
(-0.222754 0.0689076 0)
(-0.207382 0.0756566 0)
(-0.190416 0.0818282 0)
(-0.171971 0.0871073 0)
(-0.152242 0.0911329 0)
(-0.13152 0.0935101 0)
(-0.110201 0.0938257 0)
(-0.0887981 0.0916723 0)
(-0.067941 0.086675 0)
(-0.0483697 0.0785241 0)
(-0.0309003 0.0670068 0)
(-0.0163707 0.0520344 0)
(-0.00582877 0.0336615 0)
(-0.000856213 0.0121234 0)
(-0.000788961 -0.00904989 0)
(-0.00532272 -0.0248691 0)
(-0.0148992 -0.0381963 0)
(-0.0280856 -0.0489653 0)
(-0.043959 -0.0572231 0)
(-0.0618039 -0.0630995 0)
(-0.0809289 -0.0667909 0)
(-0.100709 -0.068541 0)
(-0.120608 -0.0686209 0)
(-0.140187 -0.067311 0)
(-0.159091 -0.0648858 0)
(-0.177055 -0.0616021 0)
(-0.193884 -0.057691 0)
(-0.209449 -0.0533527 0)
(-0.223677 -0.0487543 0)
(-0.236535 -0.0440295 0)
(-0.248022 -0.0392802 0)
(-0.25816 -0.0345793 0)
(-0.266988 -0.0299735 0)
(-0.274549 -0.025487 0)
(-0.280891 -0.0211252 0)
(-0.286057 -0.0168775 0)
(-0.290085 -0.0127214 0)
(-0.293002 -0.00862448 0)
(-0.294824 -0.00454773 0)
(-0.295555 -0.00044796 0)
(-0.295181 0.00371963 0)
(-0.293679 0.00799884 0)
(-0.291008 0.0124296 0)
(-0.287117 0.017045 0)
(-0.281944 0.0218677 0)
(-0.275418 0.0269061 0)
(-0.267468 0.0321504 0)
(-0.258022 0.0375674 0)
(-0.247019 0.0430968 0)
(-0.234417 0.0486461 0)
(-0.2202 0.0540871 0)
(-0.204392 0.0592535 0)
(-0.18707 0.0639397 0)
(-0.168375 0.067903 0)
(-0.148528 0.0708686 0)
(-0.127839 0.0725385 0)
(-0.106714 0.0726048 0)
(-0.0856622 0.070767 0)
(-0.0652945 0.0667526 0)
(-0.0463131 0.0603401 0)
(-0.0294793 0.0513822 0)
(-0.015562 0.0398242 0)
(-0.00551847 0.025717 0)
(-0.000804755 0.00924473 0)
(-0.000759221 -0.00638742 0)
(-0.00514304 -0.017571 0)
(-0.0144305 -0.027015 0)
(-0.0272611 -0.0346715 0)
(-0.0427634 -0.0405698 0)
(-0.0602604 -0.0447963 0)
(-0.0790913 -0.0474839 0)
(-0.0986521 -0.0487988 0)
(-0.11842 -0.0489273 0)
(-0.137955 -0.0480634 0)
(-0.156903 -0.0463983 0)
(-0.174985 -0.0441117 0)
(-0.191998 -0.0413664 0)
(-0.207797 -0.0383042 0)
(-0.222294 -0.0350443 0)
(-0.235441 -0.0316825 0)
(-0.247224 -0.0282927 0)
(-0.257655 -0.0249278 0)
(-0.266758 -0.0216227 0)
(-0.274572 -0.0183958 0)
(-0.281134 -0.0152521 0)
(-0.286482 -0.0121852 0)
(-0.290649 -0.00917993 0)
(-0.293659 -0.00621401 0)
(-0.295525 -0.0032604 0)
(-0.296247 -0.000289003 0)
(-0.295812 0.00273136 0)
(-0.294196 0.00583107 0)
(-0.291359 0.00903761 0)
(-0.287252 0.0123734 0)
(-0.281817 0.015853 0)
(-0.274988 0.0194809 0)
(-0.266702 0.0232481 0)
(-0.256897 0.0271288 0)
(-0.245526 0.0310778 0)
(-0.232561 0.035027 0)
(-0.218004 0.0388835 0)
(-0.201899 0.0425273 0)
(-0.184343 0.045812 0)
(-0.165498 0.0485656 0)
(-0.1456 0.0505952 0)
(-0.124972 0.0516932 0)
(-0.104027 0.0516465 0)
(-0.0832683 0.0502494 0)
(-0.0632904 0.0473171 0)
(-0.0447666 0.0427014 0)
(-0.0284172 0.0363061 0)
(-0.0149607 0.0280995 0)
(-0.00528895 0.0181219 0)
(-0.000766967 0.00650536 0)
(-0.000739686 -0.00380192 0)
(-0.0050245 -0.0104658 0)
(-0.0141203 -0.0161019 0)
(-0.0267135 -0.0206811 0)
(-0.0419661 -0.0242193 0)
(-0.0592264 -0.0267661 0)
(-0.077854 -0.0283982 0)
(-0.0972589 -0.0292124 0)
(-0.116926 -0.0293176 0)
(-0.13642 -0.0288277 0)
(-0.155382 -0.0278553 0)
(-0.173531 -0.026507 0)
(-0.190652 -0.0248793 0)
(-0.206595 -0.0230569 0)
(-0.221259 -0.0211112 0)
(-0.234588 -0.0190997 0)
(-0.24656 -0.0170672 0)
(-0.257177 -0.0150459 0)
(-0.266459 -0.013057 0)
(-0.274434 -0.0111122 0)
(-0.281138 -0.00921501 0)
(-0.286604 -0.00736197 0)
(-0.290861 -0.00554431 0)
(-0.293931 -0.0037491 0)
(-0.295822 -0.0019604 0)
(-0.296537 -0.000160496 0)
(-0.29606 0.00166898 0)
(-0.294366 0.00354588 0)
(-0.291418 0.00548627 0)
(-0.287168 0.00750305 0)
(-0.281558 0.00960446 0)
(-0.274531 0.0117924 0)
(-0.266024 0.0140607 0)
(-0.255987 0.0163931 0)
(-0.244378 0.0187616 0)
(-0.231181 0.0211248 0)
(-0.216409 0.023426 0)
(-0.20012 0.0255932 0)
(-0.182425 0.0275385 0)
(-0.163496 0.0291596 0)
(-0.143582 0.0303419 0)
(-0.123013 0.030963 0)
(-0.102203 0.030898 0)
(-0.0816535 0.0300268 0)
(-0.0619458 0.0282425 0)
(-0.0437339 0.0254599 0)
(-0.0277109 0.0216249 0)
(-0.0145624 0.0167212 0)
(-0.00513742 0.0107746 0)
(-0.000742146 0.00386426 0)
(-0.000730004 -0.00126221 0)
(-0.00496558 -0.00347579 0)
(-0.0139658 -0.0053494 0)
(-0.0264403 -0.00687327 0)
(-0.0415675 -0.00805249 0)
(-0.058708 -0.00890316 0)
(-0.0772317 -0.00945039 0)
(-0.0965558 -0.00972594 0)
(-0.11617 -0.00976565 0)
(-0.135639 -0.00960706 0)
(-0.154604 -0.00928739 0)
(-0.172781 -0.00884189 0)
(-0.189953 -0.00830261 0)
(-0.205963 -0.00769768 0)
(-0.220708 -0.00705084 0)
(-0.234126 -0.00638135 0)
(-0.246189 -0.00570411 0)
(-0.256897 -0.00502997 0)
(-0.266265 -0.00436608 0)
(-0.27432 -0.00371643 0)
(-0.281094 -0.00308222 0)
(-0.286618 -0.00246241 0)
(-0.290918 -0.00185413 0)
(-0.294016 -0.00125313 0)
(-0.29592 -0.000654157 0)
(-0.29663 -5.13609e-05 0)
(-0.296132 0.000561326 0)
(-0.2944 0.00118979 0)
(-0.291396 0.00183931 0)
(-0.287073 0.0025141 0)
(-0.281378 0.0032168 0)
(-0.274251 0.00394794 0)
(-0.265636 0.00470532 0)
(-0.255483 0.00548341 0)
(-0.243758 0.00627273 0)
(-0.230448 0.00705931 0)
(-0.215573 0.00782423 0)
(-0.199197 0.0085434 0)
(-0.181436 0.00918756 0)
(-0.162471 0.00972272 0)
(-0.142555 0.0101109 0)
(-0.12202 0.0103117 0)
(-0.101282 0.010284 0)
(-0.0808407 0.0099882 0)
(-0.0612711 0.00938935 0)
(-0.0432172 0.00845973 0)
(-0.0273584 0.00718187 0)
(-0.0143639 0.00555072 0)
(-0.0050621 0.00357516 0)
(-0.000729846 0.00128163 0)
(-0.000730003 0.0012623 0)
(-0.00496558 0.00347594 0)
(-0.0139658 0.00534961 0)
(-0.0264403 0.00687351 0)
(-0.0415675 0.00805274 0)
(-0.058708 0.00890341 0)
(-0.0772317 0.00945063 0)
(-0.0965558 0.00972615 0)
(-0.11617 0.00976583 0)
(-0.135639 0.0096072 0)
(-0.154604 0.0092875 0)
(-0.172781 0.00884195 0)
(-0.189953 0.00830264 0)
(-0.205963 0.00769767 0)
(-0.220708 0.00705079 0)
(-0.234126 0.00638127 0)
(-0.246189 0.005704 0)
(-0.256897 0.00502983 0)
(-0.266265 0.00436593 0)
(-0.27432 0.00371626 0)
(-0.281094 0.00308203 0)
(-0.286618 0.00246221 0)
(-0.290918 0.00185392 0)
(-0.294016 0.00125291 0)
(-0.29592 0.000653934 0)
(-0.29663 5.11332e-05 0)
(-0.296132 -0.000561556 0)
(-0.2944 -0.00119002 0)
(-0.291396 -0.00183954 0)
(-0.287073 -0.00251432 0)
(-0.281378 -0.00321702 0)
(-0.274251 -0.00394815 0)
(-0.265636 -0.00470551 0)
(-0.255484 -0.00548358 0)
(-0.243758 -0.00627287 0)
(-0.230448 -0.00705941 0)
(-0.215573 -0.00782429 0)
(-0.199197 -0.00854342 0)
(-0.181436 -0.00918754 0)
(-0.162471 -0.00972264 0)
(-0.142555 -0.0101108 0)
(-0.12202 -0.0103116 0)
(-0.101282 -0.0102838 0)
(-0.0808407 -0.00998797 0)
(-0.0612711 -0.0093891 0)
(-0.0432172 -0.00845948 0)
(-0.0273584 -0.00718164 0)
(-0.0143639 -0.00555053 0)
(-0.0050621 -0.00357503 0)
(-0.000729846 -0.00128159 0)
(-0.000739686 0.00380201 0)
(-0.00502449 0.0104659 0)
(-0.0141203 0.0161021 0)
(-0.0267135 0.0206813 0)
(-0.0419661 0.0242195 0)
(-0.0592264 0.0267663 0)
(-0.0778539 0.0283984 0)
(-0.0972588 0.0292126 0)
(-0.116926 0.0293178 0)
(-0.13642 0.0288278 0)
(-0.155382 0.0278554 0)
(-0.173531 0.026507 0)
(-0.190652 0.0248793 0)
(-0.206595 0.0230569 0)
(-0.221259 0.0211111 0)
(-0.234588 0.0190997 0)
(-0.24656 0.0170671 0)
(-0.257177 0.0150457 0)
(-0.266459 0.0130568 0)
(-0.274434 0.0111121 0)
(-0.281138 0.00921482 0)
(-0.286604 0.00736177 0)
(-0.290861 0.00554411 0)
(-0.29393 0.00374888 0)
(-0.295822 0.00196018 0)
(-0.296537 0.000160271 0)
(-0.29606 -0.00166921 0)
(-0.294366 -0.00354611 0)
(-0.291418 -0.0054865 0)
(-0.287168 -0.00750328 0)
(-0.281558 -0.00960468 0)
(-0.274531 -0.0117926 0)
(-0.266024 -0.0140609 0)
(-0.255987 -0.0163933 0)
(-0.244378 -0.0187618 0)
(-0.231181 -0.0211249 0)
(-0.216409 -0.0234261 0)
(-0.200121 -0.0255932 0)
(-0.182425 -0.0275385 0)
(-0.163496 -0.0291595 0)
(-0.143583 -0.0303418 0)
(-0.123013 -0.0309628 0)
(-0.102203 -0.0308978 0)
(-0.0816535 -0.0300266 0)
(-0.0619458 -0.0282422 0)
(-0.0437339 -0.0254596 0)
(-0.0277109 -0.0216247 0)
(-0.0145624 -0.016721 0)
(-0.00513742 -0.0107744 0)
(-0.000742146 -0.00386421 0)
(-0.000759221 0.0063875 0)
(-0.00514304 0.0175711 0)
(-0.0144305 0.0270152 0)
(-0.0272611 0.0346718 0)
(-0.0427634 0.04057 0)
(-0.0602603 0.0447966 0)
(-0.0790913 0.0474841 0)
(-0.098652 0.048799 0)
(-0.118419 0.0489275 0)
(-0.137955 0.0480636 0)
(-0.156903 0.0463984 0)
(-0.174985 0.0441117 0)
(-0.191998 0.0413664 0)
(-0.207797 0.0383042 0)
(-0.222294 0.0350442 0)
(-0.235441 0.0316824 0)
(-0.247224 0.0282926 0)
(-0.257654 0.0249277 0)
(-0.266758 0.0216225 0)
(-0.274571 0.0183956 0)
(-0.281133 0.0152519 0)
(-0.286482 0.012185 0)
(-0.290649 0.00917973 0)
(-0.293659 0.00621381 0)
(-0.295525 0.00326018 0)
(-0.296247 0.000288784 0)
(-0.295812 -0.00273158 0)
(-0.294196 -0.00583129 0)
(-0.291359 -0.00903783 0)
(-0.287252 -0.0123736 0)
(-0.281817 -0.0158532 0)
(-0.274988 -0.0194811 0)
(-0.266702 -0.0232482 0)
(-0.256897 -0.0271289 0)
(-0.245526 -0.0310779 0)
(-0.232561 -0.0350271 0)
(-0.218004 -0.0388835 0)
(-0.201899 -0.0425274 0)
(-0.184343 -0.045812 0)
(-0.165498 -0.0485656 0)
(-0.1456 -0.0505951 0)
(-0.124972 -0.051693 0)
(-0.104027 -0.0516463 0)
(-0.0832683 -0.0502492 0)
(-0.0632904 -0.0473169 0)
(-0.0447666 -0.0427011 0)
(-0.0284172 -0.0363059 0)
(-0.0149607 -0.0280993 0)
(-0.00528895 -0.0181218 0)
(-0.000766966 -0.00650531 0)
(-0.00078896 0.00904997 0)
(-0.00532272 0.0248693 0)
(-0.0148992 0.0381965 0)
(-0.0280856 0.0489655 0)
(-0.043959 0.0572233 0)
(-0.0618038 0.0630998 0)
(-0.0809288 0.0667912 0)
(-0.100708 0.0685412 0)
(-0.120608 0.0686211 0)
(-0.140186 0.0673111 0)
(-0.159091 0.0648859 0)
(-0.177055 0.0616021 0)
(-0.193883 0.057691 0)
(-0.209449 0.0533527 0)
(-0.223677 0.0487543 0)
(-0.236535 0.0440294 0)
(-0.248021 0.0392801 0)
(-0.25816 0.0345792 0)
(-0.266987 0.0299734 0)
(-0.274549 0.0254869 0)
(-0.280891 0.021125 0)
(-0.286057 0.0168774 0)
(-0.290085 0.0127212 0)
(-0.293002 0.00862428 0)
(-0.294824 0.00454752 0)
(-0.295555 0.000447752 0)
(-0.295181 -0.00371984 0)
(-0.293679 -0.00799905 0)
(-0.291008 -0.0124298 0)
(-0.287117 -0.0170452 0)
(-0.281944 -0.0218679 0)
(-0.275418 -0.0269063 0)
(-0.267468 -0.0321505 0)
(-0.258022 -0.0375675 0)
(-0.247019 -0.0430969 0)
(-0.234417 -0.0486462 0)
(-0.2202 -0.0540872 0)
(-0.204392 -0.0592535 0)
(-0.18707 -0.0639396 0)
(-0.168375 -0.0679029 0)
(-0.148528 -0.0708685 0)
(-0.127839 -0.0725384 0)
(-0.106714 -0.0726046 0)
(-0.0856622 -0.0707668 0)
(-0.0652946 -0.0667524 0)
(-0.0463131 -0.0603399 0)
(-0.0294793 -0.051382 0)
(-0.015562 -0.039824 0)
(-0.00551848 -0.0257169 0)
(-0.000804756 -0.00924468 0)
(-0.000829464 0.0118216 0)
(-0.00556592 0.0324399 0)
(-0.0155307 0.0497539 0)
(-0.0291909 0.0636814 0)
(-0.0455525 0.0742931 0)
(-0.0638472 0.0817721 0)
(-0.0833424 0.0863897 0)
(-0.103385 0.0884787 0)
(-0.123427 0.0884057 0)
(-0.143025 0.0865466 0)
(-0.161833 0.0832663 0)
(-0.179597 0.0789035 0)
(-0.196143 0.0737606 0)
(-0.211362 0.0680975 0)
(-0.225199 0.0621291 0)
(-0.237642 0.056026 0)
(-0.248709 0.0499171 0)
(-0.258437 0.043893 0)
(-0.266878 0.0380107 0)
(-0.274089 0.0322982 0)
(-0.280124 0.0267596 0)
(-0.285037 0.0213788 0)
(-0.28887 0.0161245 0)
(-0.291656 0.010953 0)
(-0.293414 0.00581247 0)
(-0.29415 0.000645535 0)
(-0.293853 -0.00460724 0)
(-0.292499 -0.0100042 0)
(-0.290048 -0.0155991 0)
(-0.286446 -0.0214373 0)
(-0.281625 -0.0275513 0)
(-0.27551 -0.0339561 0)
(-0.268018 -0.0406435 0)
(-0.259066 -0.0475761 0)
(-0.248575 -0.0546814 0)
(-0.236485 -0.0618454 0)
(-0.222754 -0.0689076 0)
(-0.207382 -0.0756566 0)
(-0.190416 -0.0818282 0)
(-0.171971 -0.0871072 0)
(-0.152243 -0.0911328 0)
(-0.13152 -0.0935099 0)
(-0.110201 -0.0938256 0)
(-0.0887981 -0.091672 0)
(-0.0679411 -0.0866748 0)
(-0.0483697 -0.0785239 0)
(-0.0309004 -0.0670066 0)
(-0.0163707 -0.0520343 0)
(-0.00582878 -0.0336613 0)
(-0.000856215 -0.0121234 0)
(-0.000881558 0.0147363 0)
(-0.00587614 0.040365 0)
(-0.0163312 0.0617966 0)
(-0.0305826 0.0789351 0)
(-0.047543 0.0918848 0)
(-0.0663758 0.100896 0)
(-0.086297 0.10633 0)
(-0.10662 0.108626 0)
(-0.126783 0.10826 0)
(-0.146341 0.105716 0)
(-0.164963 0.101458 0)
(-0.182414 0.0959115 0)
(-0.198544 0.0894548 0)
(-0.213272 0.0824081 0)
(-0.22657 0.0750339 0)
(-0.23845 0.0675381 0)
(-0.248953 0.0600742 0)
(-0.258136 0.0527479 0)
(-0.266067 0.0456241 0)
(-0.272815 0.0387323 0)
(-0.27845 0.0320728 0)
(-0.283029 0.0256225 0)
(-0.286605 0.0193395 0)
(-0.289215 0.0131677 0)
(-0.290883 0.00704094 0)
(-0.291617 0.000886792 0)
(-0.291409 -0.00536997 0)
(-0.290236 -0.0118035 0)
(-0.288056 -0.018483 0)
(-0.284814 -0.0254679 0)
(-0.280438 -0.0328031 0)
(-0.274845 -0.0405128 0)
(-0.267941 -0.0485939 0)
(-0.259628 -0.0570087 0)
(-0.249811 -0.0656765 0)
(-0.238401 -0.0744663 0)
(-0.225331 -0.0831887 0)
(-0.210566 -0.0915902 0)
(-0.194118 -0.0993491 0)
(-0.176064 -0.106076 0)
(-0.156565 -0.111321 0)
(-0.135882 -0.114582 0)
(-0.114397 -0.115329 0)
(-0.0926209 -0.11303 0)
(-0.0712035 -0.10719 0)
(-0.0509296 -0.0973888 0)
(-0.032684 -0.0833281 0)
(-0.0173932 -0.0648689 0)
(-0.00622377 -0.0420593 0)
(-0.000922341 -0.0151843 0)
(-0.000946418 0.01783 0)
(-0.00625838 0.0487301 0)
(-0.0173097 0.0744348 0)
(-0.0322686 0.0948383 0)
(-0.0499289 0.110092 0)
(-0.0693693 0.120533 0)
(-0.0897434 0.126635 0)
(-0.110328 0.128965 0)
(-0.130547 0.128126 0)
(-0.149963 0.124726 0)
(-0.168262 0.119338 0)
(-0.18524 0.112483 0)
(-0.200781 0.104618 0)
(-0.214836 0.0961221 0)
(-0.227413 0.0873059 0)
(-0.238554 0.0784075 0)
(-0.248325 0.0696015 0)
(-0.256808 0.0610058 0)
(-0.264089 0.0526894 0)
(-0.270253 0.0446803 0)
(-0.275379 0.0369727 0)
(-0.279538 0.0295337 0)
(-0.282787 0.0223096 0)
(-0.285171 0.01523 0)
(-0.286716 0.00821363 0)
(-0.287436 0.0011716 0)
(-0.287325 -0.00598814 0)
(-0.28636 -0.0133569 0)
(-0.2845 -0.0210206 0)
(-0.281688 -0.0290552 0)
(-0.277849 -0.0375203 0)
(-0.272892 -0.0464528 0)
(-0.266713 -0.0558587 0)
(-0.259199 -0.0657045 0)
(-0.250233 -0.0759071 0)
(-0.239698 -0.0863235 0)
(-0.227495 -0.096741 0)
(-0.213548 -0.106868 0)
(-0.197825 -0.116329 0)
(-0.180356 -0.12466 0)
(-0.161255 -0.131315 0)
(-0.140743 -0.135679 0)
(-0.119175 -0.137089 0)
(-0.0970526 -0.134869 0)
(-0.0750438 -0.128376 0)
(-0.0539822 -0.117052 0)
(-0.0348347 -0.100487 0)
(-0.0186377 -0.0784669 0)
(-0.00670882 -0.0510185 0)
(-0.00100451 -0.0184728 0)
(-0.00102572 0.021142 0)
(-0.00671976 0.0576259 0)
(-0.0184786 0.0877805 0)
(-0.0342598 0.111496 0)
(-0.0527082 0.128992 0)
(-0.0727991 0.140717 0)
(-0.0936145 0.14729 0)
(-0.114393 0.14943 0)
(-0.134549 0.147894 0)
(-0.15366 0.14343 0)
(-0.171443 0.136734 0)
(-0.187735 0.128428 0)
(-0.202461 0.119049 0)
(-0.215618 0.109039 0)
(-0.227254 0.0987493 0)
(-0.237447 0.0884482 0)
(-0.246294 0.0783268 0)
(-0.253902 0.0685103 0)
(-0.260377 0.0590677 0)
(-0.26582 0.0500217 0)
(-0.270323 0.0413574 0)
(-0.273965 0.0330299 0)
(-0.276812 0.0249712 0)
(-0.278912 0.0170958 0)
(-0.280298 0.00930565 0)
(-0.280985 0.00149482 0)
(-0.280972 -0.00644661 0)
(-0.280238 -0.0146281 0)
(-0.278743 -0.0231541 0)
(-0.276428 -0.0321185 0)
(-0.273217 -0.0415988 0)
(-0.269013 -0.0516478 0)
(-0.263701 -0.0622856 0)
(-0.257155 -0.0734881 0)
(-0.249234 -0.085176 0)
(-0.239795 -0.0972019 0)
(-0.228699 -0.109337 0)
(-0.215826 -0.121258 0)
(-0.20109 -0.13254 0)
(-0.184462 -0.142646 0)
(-0.165996 -0.150933 0)
(-0.14586 -0.156663 0)
(-0.124362 -0.159022 0)
(-0.101986 -0.157165 0)
(-0.0794076 -0.150271 0)
(-0.0575114 -0.137608 0)
(-0.0373575 -0.118613 0)
(-0.0201155 -0.0929663 0)
(-0.00729123 -0.0606509 0)
(-0.00110462 -0.0220377 0)
(-0.00112188 0.0247162 0)
(-0.00727049 0.0671503 0)
(-0.0198561 0.101948 0)
(-0.0365718 0.129006 0)
(-0.055878 0.148638 0)
(-0.0766265 0.161446 0)
(-0.0978196 0.168229 0)
(-0.118659 0.169898 0)
(-0.138562 0.167391 0)
(-0.157134 0.161618 0)
(-0.174137 0.15341 0)
(-0.189462 0.143498 0)
(-0.203092 0.132499 0)
(-0.215077 0.120913 0)
(-0.225512 0.109132 0)
(-0.234516 0.0974452 0)
(-0.242221 0.0860546 0)
(-0.248759 0.0750868 0)
(-0.254257 0.064606 0)
(-0.258833 0.0546253 0)
(-0.262589 0.0451169 0)
(-0.265612 0.0360214 0)
(-0.267974 0.0272548 0)
(-0.269729 0.018715 0)
(-0.270913 0.0102866 0)
(-0.271545 0.00184568 0)
(-0.271626 -0.00673589 0)
(-0.271139 -0.0155865 0)
(-0.270046 -0.0248302 0)
(-0.26829 -0.0345807 0)
(-0.265794 -0.0449355 0)
(-0.262456 -0.0559676 0)
(-0.258157 -0.0677151 0)
(-0.252755 -0.0801703 0)
(-0.24609 -0.0932651 0)
(-0.23799 -0.106856 0)
(-0.228277 -0.120708 0)
(-0.21678 -0.134475 0)
(-0.203351 -0.147691 0)
(-0.187893 -0.159751 0)
(-0.170383 -0.169916 0)
(-0.150914 -0.177313 0)
(-0.129731 -0.180964 0)
(-0.107276 -0.179828 0)
(-0.0842203 -0.172863 0)
(-0.0614938 -0.159114 0)
(-0.0402586 -0.137819 0)
(-0.0218417 -0.108504 0)
(-0.00798113 -0.071075 0)
(-0.00122533 -0.0259327 0)
(-0.00123848 0.0286029 0)
(-0.00792548 0.0774114 0)
(-0.021468 0.117055 0)
(-0.0392267 0.147452 0)
(-0.0594342 0.169054 0)
(-0.0807977 0.182666 0)
(-0.102236 0.189322 0)
(-0.122922 0.19017 0)
(-0.142293 0.186366 0)
(-0.160001 0.179002 0)
(-0.175877 0.169059 0)
(-0.189882 0.15738 0)
(-0.20207 0.144661 0)
(-0.212555 0.131455 0)
(-0.221487 0.118185 0)
(-0.22903 0.105154 0)
(-0.23535 0.0925673 0)
(-0.240608 0.080545 0)
(-0.244949 0.0691403 0)
(-0.248504 0.0583516 0)
(-0.251384 0.0481351 0)
(-0.253683 0.038414 0)
(-0.255477 0.0290867 0)
(-0.256822 0.0200335 0)
(-0.257758 0.0111211 0)
(-0.258307 0.00220787 0)
(-0.258473 -0.00685284 0)
(-0.258242 -0.0162084 0)
(-0.257581 -0.0260028 0)
(-0.256437 -0.0363709 0)
(-0.254733 -0.0474325 0)
(-0.252371 -0.0592834 0)
(-0.249225 -0.0719855 0)
(-0.245146 -0.0855532 0)
(-0.239957 -0.0999386 0)
(-0.233458 -0.115013 0)
(-0.225434 -0.130544 0)
(-0.215661 -0.146181 0)
(-0.203923 -0.161423 0)
(-0.190041 -0.175611 0)
(-0.1739 -0.18791 0)
(-0.155494 -0.197314 0)
(-0.134979 -0.20266 0)
(-0.112726 -0.20268 0)
(-0.0893787 -0.196066 0)
(-0.0658962 -0.181583 0)
(-0.0435462 -0.158196 0)
(-0.0238377 -0.125214 0)
(-0.00879295 -0.0824174 0)
(-0.00137044 -0.0302178 0)
(-0.00138091 0.0328625 0)
(-0.00870677 0.0885324 0)
(-0.0233517 0.133222 0)
(-0.0422557 0.166902 0)
(-0.0633701 0.190218 0)
(-0.0852373 0.204255 0)
(-0.106694 0.210352 0)
(-0.126906 0.209951 0)
(-0.145354 0.204466 0)
(-0.161769 0.195198 0)
(-0.176073 0.183286 0)
(-0.188321 0.169686 0)
(-0.198654 0.155168 0)
(-0.20726 0.140327 0)
(-0.21435 0.125603 0)
(-0.220133 0.111306 0)
(-0.224812 0.0976305 0)
(-0.22857 0.0846836 0)
(-0.231568 0.0725 0)
(-0.233948 0.0610584 0)
(-0.235826 0.0502948 0)
(-0.237298 0.0401129 0)
(-0.238441 0.0303923 0)
(-0.239313 0.0209951 0)
(-0.239954 0.0117708 0)
(-0.240389 0.00256008 0)
(-0.240624 -0.00680106 0)
(-0.240651 -0.0164784 0)
(-0.240442 -0.0266355 0)
(-0.239949 -0.0374287 0)
(-0.239105 -0.0490012 0)
(-0.237813 -0.0614747 0)
(-0.235951 -0.0749388 0)
(-0.233366 -0.0894371 0)
(-0.229872 -0.10495 0)
(-0.225247 -0.121376 0)
(-0.219242 -0.138502 0)
(-0.211579 -0.155982 0)
(-0.201975 -0.173306 0)
(-0.190157 -0.18977 0)
(-0.175899 -0.204459 0)
(-0.159074 -0.216231 0)
(-0.139712 -0.223731 0)
(-0.118075 -0.225431 0)
(-0.0947406 -0.219706 0)
(-0.0706709 -0.204961 0)
(-0.0472308 -0.179802 0)
(-0.0261335 -0.143228 0)
(-0.00974764 -0.0948169 0)
(-0.00154557 -0.0349629 0)
(-0.00155754 0.0375699 0)
(-0.00964748 0.100658 0)
(-0.0255619 0.150578 0)
(-0.0457012 0.187394 0)
(-0.0676719 0.212046 0)
(-0.089835 0.225997 0)
(-0.110961 0.230988 0)
(-0.130239 0.228823 0)
(-0.147237 0.221221 0)
(-0.161803 0.209714 0)
(-0.173984 0.195605 0)
(-0.183954 0.179955 0)
(-0.191954 0.163595 0)
(-0.198257 0.147146 0)
(-0.203134 0.131054 0)
(-0.206844 0.115613 0)
(-0.209617 0.101001 0)
(-0.211656 0.0872993 0)
(-0.213134 0.0745168 0)
(-0.214194 0.0626075 0)
(-0.214953 0.0514838 0)
(-0.215505 0.0410281 0)
(-0.215923 0.0311005 0)
(-0.216263 0.0215455 0)
(-0.216565 0.012196 0)
(-0.216853 0.00287715 0)
(-0.217137 -0.00659102 0)
(-0.217414 -0.0163909 0)
(-0.217664 -0.0267042 0)
(-0.217849 -0.037708 0)
(-0.21791 -0.049569 0)
(-0.217764 -0.0624363 0)
(-0.217296 -0.0764306 0)
(-0.216359 -0.0916307 0)
(-0.214765 -0.108055 0)
(-0.212283 -0.125639 0)
(-0.208633 -0.144208 0)
(-0.203496 -0.163442 0)
(-0.196517 -0.18284 0)
(-0.187326 -0.201681 0)
(-0.175573 -0.218987 0)
(-0.160979 -0.233495 0)
(-0.14341 -0.243655 0)
(-0.122968 -0.247652 0)
(-0.100108 -0.243484 0)
(-0.0757482 -0.229109 0)
(-0.051326 -0.202652 0)
(-0.0287729 -0.162669 0)
(-0.0108765 -0.108429 0)
(-0.00175935 -0.0402517 0)
(-0.00178171 0.0428222 0)
(-0.010798 0.113965 0)
(-0.0281772 0.169253 0)
(-0.049619 0.208928 0)
(-0.0723093 0.234361 0)
(-0.0944232 0.247549 0)
(-0.1147 0.25075 0)
(-0.132412 0.246218 0)
(-0.147269 0.236019 0)
(-0.159289 0.221935 0)
(-0.168684 0.205428 0)
(-0.175769 0.187648 0)
(-0.180903 0.169464 0)
(-0.184445 0.151501 0)
(-0.186728 0.134186 0)
(-0.18805 0.117785 0)
(-0.188665 0.102441 0)
(-0.188785 0.0881988 0)
(-0.188584 0.0750359 0)
(-0.1882 0.0628755 0)
(-0.187744 0.0516043 0)
(-0.1873 0.041082 0)
(-0.186934 0.03115 0)
(-0.186696 0.0216363 0)
(-0.18662 0.0123596 0)
(-0.186731 0.00313197 0)
(-0.187041 -0.0062397 0)
(-0.187553 -0.0159515 0)
(-0.188255 -0.0262006 0)
(-0.189122 -0.0371825 0)
(-0.190112 -0.0490862 0)
(-0.191157 -0.062088 0)
(-0.192162 -0.0763418 0)
(-0.192993 -0.0919658 0)
(-0.193475 -0.109024 0)
(-0.193377 -0.127504 0)
(-0.192409 -0.147283 0)
(-0.190216 -0.168092 0)
(-0.186384 -0.189468 0)
(-0.180447 -0.210705 0)
(-0.17192 -0.230796 0)
(-0.160348 -0.248386 0)
(-0.145387 -0.261735 0)
(-0.126918 -0.26873 0)
(-0.105197 -0.266938 0)
(-0.0810214 -0.25376 0)
(-0.0558464 -0.226688 0)
(-0.0318187 -0.183652 0)
(-0.012227 -0.123436 0)
(-0.00202541 -0.0461897 0)
(-0.00207549 0.0487519 0)
(-0.0122363 0.128674 0)
(-0.0313102 0.189381 0)
(-0.054075 0.231432 0)
(-0.0772137 0.256858 0)
(-0.0987362 0.26839 0)
(-0.117423 0.268964 0)
(-0.132715 0.261377 0)
(-0.144549 0.248084 0)
(-0.153176 0.231116 0)
(-0.159011 0.212073 0)
(-0.162537 0.192164 0)
(-0.164236 0.172262 0)
(-0.164551 0.152965 0)
(-0.16387 0.134654 0)
(-0.162517 0.117547 0)
(-0.160754 0.101734 0)
(-0.158792 0.0872163 0)
(-0.156791 0.0739305 0)
(-0.154877 0.0617663 0)
(-0.153143 0.0505829 0)
(-0.151658 0.0402182 0)
(-0.150473 0.0304961 0)
(-0.149627 0.0212311 0)
(-0.149148 0.0122309 0)
(-0.149057 0.00329791 0)
(-0.149368 -0.00576972 0)
(-0.150089 -0.0151777 0)
(-0.15122 -0.0251347 0)
(-0.152752 -0.0358507 0)
(-0.154662 -0.0475338 0)
(-0.156906 -0.0603856 0)
(-0.159417 -0.0745926 0)
(-0.162088 -0.0903148 0)
(-0.164769 -0.107668 0)
(-0.167248 -0.126702 0)
(-0.169243 -0.147363 0)
(-0.170387 -0.169459 0)
(-0.170221 -0.192599 0)
(-0.168198 -0.216133 0)
(-0.163699 -0.239073 0)
(-0.156075 -0.260015 0)
(-0.144731 -0.277072 0)
(-0.129252 -0.287832 0)
(-0.109594 -0.28939 0)
(-0.0863184 -0.278476 0)
(-0.0608001 -0.251754 0)
(-0.0353605 -0.20627 0)
(-0.0138727 -0.140052 0)
(-0.00236622 -0.052916 0)
(-0.00247654 0.0555472 0)
(-0.0140838 0.145071 0)
(-0.035118 0.211081 0)
(-0.0591327 0.254723 0)
(-0.0822328 0.279026 0)
(-0.102337 0.287753 0)
(-0.118395 0.284707 0)
(-0.130147 0.273321 0)
(-0.137864 0.256459 0)
(-0.142098 0.236379 0)
(-0.143512 0.214775 0)
(-0.142767 0.192862 0)
(-0.140466 0.17147 0)
(-0.137122 0.151129 0)
(-0.133156 0.132147 0)
(-0.128898 0.114666 0)
(-0.124603 0.0987133 0)
(-0.120457 0.0842347 0)
(-0.116598 0.0711208 0)
(-0.113121 0.0592267 0)
(-0.110094 0.0483843 0)
(-0.107562 0.038412 0)
(-0.105556 0.0291195 0)
(-0.1041 0.0203118 0)
(-0.103209 0.0117899 0)
(-0.102901 0.00335192 0)
(-0.103189 -0.00520791 0)
(-0.104087 -0.0140995 0)
(-0.105607 -0.0235373 0)
(-0.107759 -0.0337406 0)
(-0.110543 -0.0449314 0)
(-0.113948 -0.057332 0)
(-0.117939 -0.0711584 0)
(-0.122453 -0.0866114 0)
(-0.127379 -0.103861 0)
(-0.132546 -0.123025 0)
(-0.137706 -0.144138 0)
(-0.142506 -0.167104 0)
(-0.146477 -0.191644 0)
(-0.149015 -0.217212 0)
(-0.149387 -0.242901 0)
(-0.146748 -0.267333 0)
(-0.140219 -0.288537 0)
(-0.129017 -0.303849 0)
(-0.112673 -0.309873 0)
(-0.0913478 -0.302566 0)
(-0.0661683 -0.27753 0)
(-0.0395217 -0.230569 0)
(-0.0159295 -0.158544 0)
(-0.00282024 -0.0606237 0)
(-0.00305154 0.0634873 0)
(-0.0165329 0.163523 0)
(-0.0398097 0.234428 0)
(-0.064813 0.278414 0)
(-0.0870402 0.300053 0)
(-0.10449 0.304534 0)
(-0.116494 0.29674 0)
(-0.123275 0.280812 0)
(-0.125565 0.260006 0)
(-0.12429 0.236741 0)
(-0.120381 0.212725 0)
(-0.114675 0.189106 0)
(-0.10787 0.166608 0)
(-0.100521 0.145649 0)
(-0.0930491 0.126427 0)
(-0.085763 0.108991 0)
(-0.0788794 0.0932915 0)
(-0.0725441 0.0792112 0)
(-0.0668499 0.0665948 0)
(-0.0618522 0.055263 0)
(-0.0575807 0.0450242 0)
(-0.054049 0.035681 0)
(-0.0512627 0.0270343 0)
(-0.0492242 0.0188848 0)
(-0.0479373 0.0110328 0)
(-0.0474096 0.00327783 0)
(-0.0476544 -0.00458352 0)
(-0.0486909 -0.0127589 0)
(-0.0505439 -0.0214621 0)
(-0.0532419 -0.0309143 0)
(-0.0568134 -0.0413447 0)
(-0.0612819 -0.0529889 0)
(-0.066658 -0.0660863 0)
(-0.0729288 -0.0808731 0)
(-0.0800436 -0.0975711 0)
(-0.0878943 -0.116369 0)
(-0.0962929 -0.137396 0)
(-0.104942 -0.160677 0)
(-0.113403 -0.186075 0)
(-0.121064 -0.213204 0)
(-0.127117 -0.241316 0)
(-0.130553 -0.269152 0)
(-0.130203 -0.294768 0)
(-0.124849 -0.315346 0)
(-0.113465 -0.327047 0)
(-0.0955975 -0.324981 0)
(-0.0718548 -0.303438 0)
(-0.0444611 -0.256508 0)
(-0.0185809 -0.17924 0)
(-0.00345573 -0.0695947 0)
(-0.0039217 0.0730053 0)
(-0.0198873 0.184502 0)
(-0.045636 0.259366 0)
(-0.0709957 0.301775 0)
(-0.090957 0.31867 0)
(-0.103939 0.317166 0)
(-0.109986 0.303439 0)
(-0.11004 0.282345 0)
(-0.105419 0.257436 0)
(-0.0974731 0.231167 0)
(-0.0873925 0.205141 0)
(-0.076149 0.180338 0)
(-0.0644876 0.157308 0)
(-0.0529518 0.136304 0)
(-0.0419186 0.117387 0)
(-0.0316348 0.100496 0)
(-0.0222499 0.0854948 0)
(-0.0138436 0.0722063 0)
(-0.00644753 0.0604304 0)
(-6.27319e-05 0.0499589 0)
(0.00532756 0.0405826 0)
(0.00974802 0.0320955 0)
(0.013224 0.024296 0)
(0.0157764 0.0169875 0)
(0.0174178 0.00997627 0)
(0.0181498 0.00306977 0)
(0.0179618 -0.00392601 0)
(0.01683 -0.0112094 0)
(0.0147178 -0.0189859 0)
(0.0115769 -0.0274707 0)
(0.00735003 -0.036891 0)
(0.00197512 -0.0474866 0)
(-0.00460794 -0.0595103 0)
(-0.0124474 -0.073224 0)
(-0.0215658 -0.0888926 0)
(-0.0319401 -0.106771 0)
(-0.0434754 -0.127083 0)
(-0.0559701 -0.149983 0)
(-0.0690726 -0.175506 0)
(-0.0822302 -0.203474 0)
(-0.0946351 -0.233381 0)
(-0.105181 -0.264207 0)
(-0.112449 -0.29419 0)
(-0.114774 -0.320531 0)
(-0.110448 -0.339089 0)
(-0.0981465 -0.344152 0)
(-0.077571 -0.328478 0)
(-0.0503513 -0.283851 0)
(-0.0221179 -0.20254 0)
(-0.00439705 -0.0802619 0)
(-0.00531069 0.0847973 0)
(-0.0246188 0.20857 0)
(-0.0528197 0.28553 0)
(-0.0771889 0.323473 0)
(-0.0926135 0.332917 0)
(-0.0985422 0.323486 0)
(-0.0961943 0.302758 0)
(-0.0874858 0.27618 0)
(-0.0744194 0.247394 0)
(-0.0587461 0.218683 0)
(-0.041849 0.191381 0)
(-0.0247467 0.166189 0)
(-0.00814499 0.143405 0)
(0.00749748 0.123078 0)
(0.0219075 0.10511 0)
(0.0349445 0.0893246 0)
(0.0465591 0.0755029 0)
(0.0567607 0.0634118 0)
(0.0655945 0.0528169 0)
(0.0731242 0.0434907 0)
(0.0794193 0.0352159 0)
(0.0845472 0.0277867 0)
(0.0885663 0.0210078 0)
(0.0915224 0.0146927 0)
(0.0934453 0.00866084 0)
(0.0943473 0.0027349 0)
(0.0942211 -0.00326291 0)
(0.09304 -0.00951429 0)
(0.0907569 -0.0162085 0)
(0.0873051 -0.0235462 0)
(0.0825997 -0.0317426 0)
(0.0765404 -0.0410306 0)
(0.0690162 -0.0516631 0)
(0.0599129 -0.063914 0)
(0.0491251 -0.0780762 0)
(0.036574 -0.0944559 0)
(0.0222331 -0.11336 0)
(0.0061651 -0.135069 0)
(-0.0114274 -0.159798 0)
(-0.0301349 -0.187615 0)
(-0.049258 -0.218327 0)
(-0.0677144 -0.251285 0)
(-0.0839542 -0.285103 0)
(-0.0959289 -0.31726 0)
(-0.101201 -0.343598 0)
(-0.0973256 -0.357784 0)
(-0.0825844 -0.350956 0)
(-0.0572887 -0.311958 0)
(-0.0269891 -0.228885 0)
(-0.0058733 -0.0933185 0)
(-0.00762555 0.100007 0)
(-0.0314132 0.236283 0)
(-0.0613159 0.311862 0)
(-0.0820186 0.341143 0)
(-0.0893212 0.339853 0)
(-0.0846714 0.320609 0)
(-0.0710149 0.29226 0)
(-0.0514362 0.260483 0)
(-0.0285905 0.228641 0)
(-0.00449977 0.198564 0)
(0.0194229 0.171123 0)
(0.042261 0.146626 0)
(0.0634694 0.125062 0)
(0.0827666 0.106253 0)
(0.100048 0.0899436 0)
(0.115325 0.0758488 0)
(0.128675 0.0636836 0)
(0.140215 0.0531756 0)
(0.150076 0.0440713 0)
(0.158391 0.036138 0)
(0.165284 0.029163 0)
(0.170865 0.0229513 0)
(0.175224 0.0173232 0)
(0.17843 0.0121104 0)
(0.180532 0.00715295 0)
(0.181549 0.00229517 0)
(0.18148 -0.0026179 0)
(0.180297 -0.00774458 0)
(0.177943 -0.0132506 0)
(0.174338 -0.0193135 0)
(0.169373 -0.0261264 0)
(0.162914 -0.0339034 0)
(0.154802 -0.0428829 0)
(0.14486 -0.0533327 0)
(0.132899 -0.0655528 0)
(0.118729 -0.0798767 0)
(0.102185 -0.0966689 0)
(0.0831567 -0.116314 0)
(0.0616384 -0.139189 0)
(0.0378048 -0.165616 0)
(0.0121135 -0.195758 0)
(-0.0145558 -0.229445 0)
(-0.0407339 -0.265877 0)
(-0.064196 -0.303151 0)
(-0.0818879 -0.337548 0)
(-0.0901163 -0.362598 0)
(-0.085189 -0.368065 0)
(-0.065018 -0.33937 0)
(-0.0338299 -0.25862 0)
(-0.00829772 -0.109897 0)
(-0.0115463 0.120475 0)
(-0.0410664 0.267807 0)
(-0.0701143 0.335873 0)
(-0.0821424 0.350776 0)
(-0.0759607 0.335262 0)
(-0.0563094 0.304962 0)
(-0.0283058 0.269358 0)
(0.00385684 0.233653 0)
(0.0371444 0.200401 0)
(0.0695768 0.170643 0)
(0.0999835 0.144611 0)
(0.127757 0.122144 0)
(0.152658 0.102906 0)
(0.174677 0.0865074 0)
(0.193935 0.0725611 0)
(0.210625 0.0607067 0)
(0.224971 0.0506209 0)
(0.2372 0.0420179 0)
(0.247529 0.0346468 0)
(0.256154 0.0282875 0)
(0.26325 0.0227462 0)
(0.268961 0.0178503 0)
(0.273406 0.0134446 0)
(0.276673 0.00938689 0)
(0.278821 0.00554384 0)
(0.279882 0.00178725 0)
(0.279857 -0.00200982 0)
(0.278717 -0.00597692 0)
(0.276403 -0.0102503 0)
(0.272823 -0.0149769 0)
(0.267853 -0.0203194 0)
(0.261333 -0.026461 0)
(0.253067 -0.0336112 0)
(0.242826 -0.0420124 0)
(0.230345 -0.0519466 0)
(0.215334 -0.0637434 0)
(0.197487 -0.0777866 0)
(0.176504 -0.0945183 0)
(0.152136 -0.114435 0)
(0.124242 -0.138069 0)
(0.0929029 -0.165926 0)
(0.0585793 -0.198367 0)
(0.0223498 -0.235343 0)
(-0.0137758 -0.275924 0)
(-0.0465211 -0.317446 0)
(-0.0711434 -0.354164 0)
(-0.0816337 -0.37532 0)
(-0.0721792 -0.363047 0)
(-0.043307 -0.29155 0)
(-0.0123425 -0.131794 0)
(-0.017922 0.14909 0)
(-0.0536798 0.301806 0)
(-0.0753511 0.352247 0)
(-0.0700478 0.345931 0)
(-0.0431494 0.313589 0)
(-0.00383281 0.2727 0)
(0.0407544 0.231936 0)
(0.0859209 0.19496 0)
(0.128906 0.162902 0)
(0.168294 0.135733 0)
(0.203518 0.112964 0)
(0.234509 0.0939765 0)
(0.261464 0.0781674 0)
(0.284709 0.0649995 0)
(0.304621 0.0540146 0)
(0.321579 0.0448289 0)
(0.33594 0.0371229 0)
(0.34803 0.0306299 0)
(0.358133 0.0251266 0)
(0.366497 0.0204243 0)
(0.373328 0.0163619 0)
(0.378795 0.0127999 0)
(0.383032 0.00961543 0)
(0.38614 0.0066979 0)
(0.388186 0.00394521 0)
(0.389206 0.00126018 0)
(0.389204 -0.00145287 0)
(0.388153 -0.00429149 0)
(0.385994 -0.00735854 0)
(0.382633 -0.010766 0)
(0.377936 -0.0146394 0)
(0.371735 -0.0191221 0)
(0.363811 -0.024382 0)
(0.353904 -0.0306181 0)
(0.341698 -0.0380701 0)
(0.326825 -0.047029 0)
(0.308863 -0.0578512 0)
(0.287345 -0.070975 0)
(0.261773 -0.0869373 0)
(0.231663 -0.106387 0)
(0.196621 -0.130084 0)
(0.15649 -0.15885 0)
(0.111599 -0.193425 0)
(0.0631756 -0.234096 0)
(0.0139468 -0.279901 0)
(-0.0311082 -0.327027 0)
(-0.0640516 -0.365928 0)
(-0.0743787 -0.376985 0)
(-0.0551963 -0.325731 0)
(-0.0187797 -0.16178 0)
(-0.0267934 0.190754 0)
(-0.0657389 0.332596 0)
(-0.0656478 0.35012 0)
(-0.0298803 0.316723 0)
(0.0254492 0.268306 0)
(0.0872828 0.220695 0)
(0.147991 0.179428 0)
(0.203835 0.145449 0)
(0.253378 0.118039 0)
(0.296412 0.0960656 0)
(0.333318 0.0784373 0)
(0.364719 0.0642381 0)
(0.391296 0.0527407 0)
(0.413708 0.0433791 0)
(0.43255 0.0357149 0)
(0.448347 0.0294064 0)
(0.461548 0.0241849 0)
(0.472536 0.0198366 0)
(0.481631 0.0161888 0)
(0.489099 0.0131003 0)
(0.495157 0.0104537 0)
(0.499979 0.00814955 0)
(0.5037 0.00610203 0)
(0.50642 0.00423511 0)
(0.508207 0.00247949 0)
(0.509097 0.000769836 0)
(0.509096 -0.000957839 0)
(0.50818 -0.00276867 0)
(0.506294 -0.00473156 0)
(0.503349 -0.00692206 0)
(0.499218 -0.00942563 0)
(0.493736 -0.0123416 0)
(0.486688 -0.015788 0)
(0.477809 -0.0199083 0)
(0.466769 -0.0248794 0)
(0.453168 -0.0309237 0)
(0.436523 -0.0383249 0)
(0.416254 -0.0474496 0)
(0.391683 -0.0587774 0)
(0.362028 -0.0729392 0)
(0.326431 -0.0907647 0)
(0.284028 -0.113325 0)
(0.234127 -0.141941 0)
(0.176573 -0.178053 0)
(0.112455 -0.222745 0)
(0.0453632 -0.27535 0)
(-0.0167348 -0.330117 0)
(-0.0596886 -0.369737 0)
(-0.0653284 -0.354592 0)
(-0.0273821 -0.204509 0)
(-0.032891 0.250597 0)
(-0.0616522 0.344042 0)
(-0.0119851 0.310064 0)
(0.0694814 0.250344 0)
(0.156304 0.194135 0)
(0.237109 0.148941 0)
(0.307588 0.114708 0)
(0.367112 0.0891892 0)
(0.416649 0.0700943 0)
(0.457627 0.0556413 0)
(0.491459 0.044548 0)
(0.519387 0.0359145 0)
(0.542458 0.0291103 0)
(0.561528 0.0236888 0)
(0.577299 0.0193281 0)
(0.590338 0.0157913 0)
(0.601106 0.0129005 0)
(0.609979 0.0105191 0)
(0.61726 0.00854056 0)
(0.623194 0.00687956 0)
(0.627977 0.00546687 0)
(0.631763 0.00424501 0)
(0.63467 0.0031651 0)
(0.636786 0.00218448 0)
(0.638167 0.0012647 0)
(0.638847 0.000369777 0)
(0.63883 -0.000535327 0)
(0.638097 -0.00148625 0)
(0.636602 -0.00252081 0)
(0.63427 -0.00368072 0)
(0.630994 -0.00501357 0)
(0.626632 -0.00657535 0)
(0.620998 -0.00843365 0)
(0.613859 -0.0106719 0)
(0.604916 -0.0133955 0)
(0.593799 -0.0167404 0)
(0.580043 -0.0208855 0)
(0.563065 -0.0260719 0)
(0.542133 -0.0326312 0)
(0.516331 -0.0410297 0)
(0.484513 -0.0519355 0)
(0.445268 -0.0663182 0)
(0.396929 -0.0855861 0)
(0.337685 -0.111743 0)
(0.266047 -0.147441 0)
(0.18208 -0.19545 0)
(0.0897517 -0.256305 0)
(0.000620501 -0.322145 0)
(-0.0573128 -0.361004 0)
(-0.0322085 -0.263959 0)
(0.00114706 0.295046 0)
(0.0169824 0.298737 0)
(0.152318 0.212934 0)
(0.282425 0.14497 0)
(0.386832 0.0990064 0)
(0.468969 0.0689317 0)
(0.533027 0.0493754 0)
(0.582911 0.03642 0)
(0.622019 0.0275536 0)
(0.652967 0.021271 0)
(0.677674 0.0166769 0)
(0.697544 0.0132274 0)
(0.713621 0.0105814 0)
(0.726688 0.00851716 0)
(0.737343 0.00688477 0)
(0.746049 0.00557945 0)
(0.753166 0.00452547 0)
(0.758979 0.00366649 0)
(0.763712 0.00295956 0)
(0.767544 0.00237112 0)
(0.770613 0.00187438 0)
(0.773029 0.00144746 0)
(0.774874 0.00107201 0)
(0.776208 0.000732211 0)
(0.77707 0.00041395 0)
(0.777481 0.000104108 0)
(0.777446 -0.000210048 0)
(0.776951 -0.000541463 0)
(0.775964 -0.000903913 0)
(0.774433 -0.00131268 0)
(0.772286 -0.00178536 0)
(0.769422 -0.00234285 0)
(0.765712 -0.0030107 0)
(0.760991 -0.00382093 0)
(0.755045 -0.00481465 0)
(0.747602 -0.00604601 0)
(0.738315 -0.00758823 0)
(0.726731 -0.00954323 0)
(0.712261 -0.0120575 0)
(0.694121 -0.0153493 0)
(0.671256 -0.0197565 0)
(0.642217 -0.0258227 0)
(0.604992 -0.0344552 0)
(0.556772 -0.0472082 0)
(0.493785 -0.066744 0)
(0.411527 -0.0973697 0)
(0.305049 -0.145199 0)
(0.169984 -0.216957 0)
(0.0268026 -0.307104 0)
(0.00520616 -0.30309 0)
(0.290306 0.152463 0)
(0.389693 0.128295 0)
(0.565619 0.0747547 0)
(0.683353 0.042199 0)
(0.752699 0.0244431 0)
(0.797324 0.0147557 0)
(0.827983 0.0094118 0)
(0.849855 0.00636239 0)
(0.865996 0.00452181 0)
(0.878252 0.00333883 0)
(0.887755 0.00253384 0)
(0.895233 0.00196009 0)
(0.901181 0.00153651 0)
(0.905948 0.00121559 0)
(0.909789 0.000967762 0)
(0.912895 0.000773555 0)
(0.91541 0.000619534 0)
(0.917447 0.000496048 0)
(0.919094 0.000395933 0)
(0.920417 0.000313728 0)
(0.92147 0.000245163 0)
(0.922293 0.000186815 0)
(0.922916 0.000135864 0)
(0.923361 8.99119e-05 0)
(0.923643 4.6848e-05 0)
(0.923768 4.72687e-06 0)
(0.923738 -3.83319e-05 0)
(0.923546 -8.42562e-05 0)
(0.923182 -0.000135096 0)
(0.922624 -0.000193155 0)
(0.921845 -0.000261114 0)
(0.920808 -0.000342205 0)
(0.919463 -0.000440435 0)
(0.917747 -0.000560914 0)
(0.915577 -0.000710329 0)
(0.912848 -0.000897685 0)
(0.909421 -0.00113551 0)
(0.905116 -0.00144192 0)
(0.899688 -0.00184429 0)
(0.892802 -0.00238638 0)
(0.88398 -0.00314247 0)
(0.872517 -0.00424715 0)
(0.857312 -0.00595938 0)
(0.836549 -0.00880034 0)
(0.80716 -0.0138307 0)
(0.763857 -0.0231435 0)
(0.695687 -0.0407023 0)
(0.577942 -0.0737205 0)
(0.398138 -0.128767 0)
(0.293919 -0.153832 0)
)
;

boundaryField
{
    movingWallTop
    {
        type            fixedValue;
        value           uniform (1 0 0);
    }
    movingWallBottom
    {
        type            fixedValue;
        value           uniform (1 0 0);
    }
    fixedWalls
    {
        type            noSlip;
    }
    frontAndBack
    {
        type            empty;
    }
}


// ************************************************************************* //
