/*--------------------------------*- C++ -*----------------------------------*\
  =========                 |
  \\      /  F ield         | OpenFOAM: The Open Source CFD Toolbox
   \\    /   O peration     | Website:  https://openfoam.org
    \\  /    A nd           | Version:  7
     \\/     M anipulation  |
\*---------------------------------------------------------------------------*/
FoamFile
{
    version     2.0;
    format      ascii;
    class       volVectorField;
    location    "0.047";
    object      U;
}
// * * * * * * * * * * * * * * * * * * * * * * * * * * * * * * * * * * * * * //

dimensions      [0 1 -1 0 0 0 0];

internalField   nonuniform List<vector> 
2500
(
(2.83611e-05 -2.82496e-05 0)
(8.49322e-05 -3.39633e-05 0)
(0.000114648 -1.6691e-05 0)
(8.13401e-05 8.3867e-06 0)
(-2.57697e-05 3.38398e-05 0)
(-0.000204917 5.7138e-05 0)
(-0.00044913 7.72326e-05 0)
(-0.000749594 9.38445e-05 0)
(-0.00109657 0.000107015 0)
(-0.00148009 0.000116899 0)
(-0.00189038 0.000123697 0)
(-0.00231802 0.000127621 0)
(-0.00275407 0.000128889 0)
(-0.00319015 0.000127714 0)
(-0.00361846 0.000124305 0)
(-0.00403183 0.000118865 0)
(-0.00442368 0.00011159 0)
(-0.00478808 0.00010267 0)
(-0.00511969 9.22905e-05 0)
(-0.0054138 8.06321e-05 0)
(-0.00566631 6.7872e-05 0)
(-0.00587373 5.41861e-05 0)
(-0.00603318 3.97502e-05 0)
(-0.00614241 2.47422e-05 0)
(-0.00619978 9.34368e-06 0)
(-0.00620432 -6.259e-06 0)
(-0.00615569 -2.1873e-05 0)
(-0.00605428 -3.72981e-05 0)
(-0.00590114 -5.23262e-05 0)
(-0.00569808 -6.67407e-05 0)
(-0.00544764 -8.03175e-05 0)
(-0.00515313 -9.28255e-05 0)
(-0.00481866 -0.000104028 0)
(-0.00444909 -0.000113686 0)
(-0.0040501 -0.000121557 0)
(-0.00362813 -0.000127403 0)
(-0.00319035 -0.00013099 0)
(-0.00274466 -0.000132092 0)
(-0.00229958 -0.000130495 0)
(-0.00186423 -0.000125999 0)
(-0.00144819 -0.000118425 0)
(-0.00106138 -0.000107618 0)
(-0.000713881 -9.34574e-05 0)
(-0.000415702 -7.58909e-05 0)
(-0.000176302 -5.50053e-05 0)
(-3.91208e-06 -3.12377e-05 0)
(9.55834e-05 -5.78337e-06 0)
(0.0001214 1.85886e-05 0)
(8.60864e-05 3.49597e-05 0)
(2.79667e-05 2.79089e-05 0)
(3.44066e-05 -8.49496e-05 0)
(7.50776e-05 -7.39966e-05 0)
(2.26656e-05 2.25624e-05 0)
(-0.000177841 0.000152494 0)
(-0.000548074 0.000288956 0)
(-0.00108763 0.00041851 0)
(-0.00178477 0.00053415 0)
(-0.00262117 0.000632584 0)
(-0.00357484 0.000712501 0)
(-0.004622 0.000773653 0)
(-0.0057384 0.000816395 0)
(-0.00690003 0.000841441 0)
(-0.00808364 0.000849718 0)
(-0.00926711 0.000842284 0)
(-0.0104296 0.000820268 0)
(-0.0115518 0.000784843 0)
(-0.0126158 0.000737201 0)
(-0.0136055 0.000678538 0)
(-0.0145063 0.000610054 0)
(-0.0153051 0.000532945 0)
(-0.0159909 0.000448407 0)
(-0.0165539 0.000357639 0)
(-0.0169863 0.000261853 0)
(-0.0172819 0.000162275 0)
(-0.0174364 6.01585e-05 0)
(-0.0174472 -4.32143e-05 0)
(-0.0173134 -0.000146523 0)
(-0.0170363 -0.000248408 0)
(-0.0166188 -0.000347466 0)
(-0.0160661 -0.000442255 0)
(-0.0153853 -0.000531295 0)
(-0.0145855 -0.000613078 0)
(-0.013678 -0.000686083 0)
(-0.012676 -0.000748785 0)
(-0.0115951 -0.00079968 0)
(-0.0104526 -0.000837308 0)
(-0.00926771 -0.000860278 0)
(-0.00806151 -0.000867302 0)
(-0.00685654 -0.000857231 0)
(-0.00567661 -0.000829101 0)
(-0.00454645 -0.000782195 0)
(-0.00349122 -0.000716127 0)
(-0.00253583 -0.000630978 0)
(-0.00170413 -0.00052753 0)
(-0.0010175 -0.000407714 0)
(-0.0004929 -0.000275485 0)
(-0.000139956 -0.000138446 0)
(4.36866e-05 -1.06383e-05 0)
(8.24717e-05 8.14936e-05 0)
(3.52714e-05 8.60776e-05 0)
(1.81551e-05 -0.000116264 0)
(-1.81814e-05 -2.27482e-05 0)
(-0.000228533 0.00023408 0)
(-0.000658212 0.000560883 0)
(-0.00132816 0.000905753 0)
(-0.0022381 0.00123749 0)
(-0.00337293 0.00153783 0)
(-0.00470805 0.00179669 0)
(-0.00621304 0.00200898 0)
(-0.00785425 0.00217266 0)
(-0.00959655 0.00228765 0)
(-0.0114046 0.00235506 0)
(-0.0132439 0.00237686 0)
(-0.015081 0.00235551 0)
(-0.0168844 0.00229382 0)
(-0.0186246 0.00219484 0)
(-0.0202741 0.00206172 0)
(-0.021808 0.00189772 0)
(-0.0232038 0.00170614 0)
(-0.0244415 0.0014903 0)
(-0.0255036 0.00125357 0)
(-0.0263753 0.000999335 0)
(-0.0270443 0.000731026 0)
(-0.0275013 0.000452131 0)
(-0.0277394 0.000166207 0)
(-0.0277548 -0.000123105 0)
(-0.0275462 -0.000412068 0)
(-0.0271156 -0.000696843 0)
(-0.026468 -0.000973488 0)
(-0.0256111 -0.00123796 0)
(-0.0245561 -0.00148615 0)
(-0.0233173 -0.00171388 0)
(-0.0219121 -0.00191696 0)
(-0.020361 -0.00209123 0)
(-0.0186878 -0.0022326 0)
(-0.016919 -0.00233718 0)
(-0.015084 -0.0024013 0)
(-0.0132147 -0.00242164 0)
(-0.011345 -0.00239535 0)
(-0.00951075 -0.0023202 0)
(-0.00774853 -0.0021948 0)
(-0.00609528 -0.00201883 0)
(-0.00458705 -0.0017935 0)
(-0.00325765 -0.00152214 0)
(-0.00213669 -0.00121133 0)
(-0.00124699 -0.000872639 0)
(-0.000600904 -0.000525691 0)
(-0.000195299 -0.000202742 0)
(-5.57027e-06 4.39763e-05 0)
(1.99696e-05 0.000122929 0)
(-5.55214e-06 -8.69271e-05 0)
(-0.000144588 0.00017379 0)
(-0.000551292 0.000662519 0)
(-0.00124614 0.00125371 0)
(-0.00224047 0.00187148 0)
(-0.00353042 0.0024666 0)
(-0.00509647 0.00300798 0)
(-0.00690837 0.00347703 0)
(-0.008929 0.00386336 0)
(-0.011117 0.00416203 0)
(-0.0134287 0.00437178 0)
(-0.0158199 0.00449383 0)
(-0.018247 0.00453112 0)
(-0.0206673 0.00448773 0)
(-0.0230406 0.00436855 0)
(-0.0253288 0.004179 0)
(-0.0274965 0.00392486 0)
(-0.0295113 0.00361214 0)
(-0.0313441 0.00324701 0)
(-0.0329686 0.00283575 0)
(-0.0343622 0.00238475 0)
(-0.0355056 0.00190045 0)
(-0.0363829 0.00138942 0)
(-0.0369816 0.000858335 0)
(-0.0372932 0.000313997 0)
(-0.0373124 -0.000236626 0)
(-0.0370379 -0.000786395 0)
(-0.0364724 -0.00132799 0)
(-0.0356222 -0.00185392 0)
(-0.0344977 -0.00235652 0)
(-0.0331136 -0.00282801 0)
(-0.0314884 -0.00326053 0)
(-0.0296448 -0.00364623 0)
(-0.0276094 -0.00397734 0)
(-0.025413 -0.00424631 0)
(-0.0230899 -0.00444596 0)
(-0.0206779 -0.00456962 0)
(-0.0182178 -0.00461137 0)
(-0.0157531 -0.00456627 0)
(-0.013329 -0.00443067 0)
(-0.0109918 -0.00420259 0)
(-0.00878777 -0.00388226 0)
(-0.00676176 -0.00347288 0)
(-0.00495542 -0.00298167 0)
(-0.00340502 -0.00242154 0)
(-0.00213883 -0.00181366 0)
(-0.00117326 -0.00119143 0)
(-0.000508228 -0.0006059 0)
(-0.000127389 -0.000133623 0)
(-2.56095e-06 0.000101839 0)
(-2.99214e-05 1.41995e-05 0)
(-0.000280325 0.000539853 0)
(-0.000901307 0.00133406 0)
(-0.00187998 0.00225021 0)
(-0.00321284 0.00319335 0)
(-0.00488908 0.00409834 0)
(-0.00688291 0.00492181 0)
(-0.00915793 0.00563629 0)
(-0.0116707 0.00622545 0)
(-0.0143732 0.00668083 0)
(-0.0172146 0.00699947 0)
(-0.0201436 0.00718237 0)
(-0.0231086 0.00723333 0)
(-0.0260599 0.00715814 0)
(-0.0289496 0.00696396 0)
(-0.0317325 0.00665898 0)
(-0.0343668 0.00625202 0)
(-0.0368136 0.00575242 0)
(-0.0390381 0.0051698 0)
(-0.0410091 0.00451407 0)
(-0.0426994 0.0037953 0)
(-0.0440857 0.00302374 0)
(-0.0451491 0.00220982 0)
(-0.0458748 0.00136416 0)
(-0.0462522 0.000497609 0)
(-0.0462754 -0.00037874 0)
(-0.0459428 -0.00125354 0)
(-0.0452576 -0.00211515 0)
(-0.0442274 -0.00295171 0)
(-0.0428648 -0.00375109 0)
(-0.0411873 -0.00450102 0)
(-0.0392171 -0.00518913 0)
(-0.0369813 -0.00580311 0)
(-0.0345118 -0.00633083 0)
(-0.0318452 -0.00676056 0)
(-0.0290222 -0.00708121 0)
(-0.0260876 -0.00728259 0)
(-0.0230899 -0.00735577 0)
(-0.0200802 -0.00729346 0)
(-0.0171118 -0.00709051 0)
(-0.014239 -0.00674455 0)
(-0.0115158 -0.00625674 0)
(-0.00899437 -0.00563287 0)
(-0.00672339 -0.00488479 0)
(-0.00474551 -0.00403257 0)
(-0.00309507 -0.00310748 0)
(-0.00179449 -0.00215638 0)
(-0.000850169 -0.00124719 0)
(-0.00025947 -0.000476282 0)
(-2.60958e-05 1.07816e-05 0)
(-5.28952e-05 0.000187484 0)
(-0.0004149 0.0010817 0)
(-0.0012552 0.00225963 0)
(-0.00252479 0.00356225 0)
(-0.00420241 0.00488074 0)
(-0.00626775 0.00613708 0)
(-0.00868693 0.00727714 0)
(-0.0114164 0.00826515 0)
(-0.0144061 0.00907893 0)
(-0.0176015 0.0097063 0)
(-0.0209457 0.0101424 0)
(-0.0243805 0.010388 0)
(-0.0278482 0.0104476 0)
(-0.0312925 0.0103288 0)
(-0.0346593 0.0100413 0)
(-0.0378977 0.00959627 0)
(-0.0409598 0.00900599 0)
(-0.0438019 0.00828354 0)
(-0.046384 0.00744253 0)
(-0.0486708 0.00649702 0)
(-0.0506312 0.00546136 0)
(-0.0522388 0.00435021 0)
(-0.0534719 0.00317852 0)
(-0.0543135 0.0019615 0)
(-0.0547519 0.000714709 0)
(-0.0547799 -0.000545948 0)
(-0.054396 -0.00180421 0)
(-0.0536036 -0.00304344 0)
(-0.0524116 -0.00424665 0)
(-0.0508342 -0.00539657 0)
(-0.0488913 -0.00647571 0)
(-0.0466082 -0.00746649 0)
(-0.0440158 -0.00835147 0)
(-0.0411502 -0.0091135 0)
(-0.0380527 -0.00973607 0)
(-0.0347698 -0.0102036 0)
(-0.0313522 -0.0105021 0)
(-0.0278546 -0.010619 0)
(-0.0243348 -0.0105446 0)
(-0.020853 -0.0102722 0)
(-0.0174704 -0.00979897 0)
(-0.014248 -0.00912721 0)
(-0.0112448 -0.00826556 0)
(-0.0085161 -0.0072308 0)
(-0.00611145 -0.00605021 0)
(-0.00407236 -0.00476476 0)
(-0.00242918 -0.00343349 0)
(-0.00119733 -0.00213848 0)
(-0.000390968 -0.000991126 0)
(-4.83973e-05 -0.000150593 0)
(-7.39565e-05 0.000429744 0)
(-0.000544158 0.001798 0)
(-0.00160198 0.00344079 0)
(-0.00316272 0.00519293 0)
(-0.0051862 0.00693627 0)
(-0.00764088 0.00858306 0)
(-0.0104833 0.0100704 0)
(-0.0136617 0.0113554 0)
(-0.0171188 0.0124106 0)
(-0.0207935 0.0132204 0)
(-0.0246226 0.0137783 0)
(-0.028542 0.0140847 0)
(-0.0324881 0.0141452 0)
(-0.036399 0.0139691 0)
(-0.0402152 0.013569 0)
(-0.0438807 0.0129592 0)
(-0.0473427 0.012156 0)
(-0.0505531 0.0111764 0)
(-0.0534679 0.0100386 0)
(-0.056048 0.0087611 0)
(-0.0582592 0.00736315 0)
(-0.0600722 0.00586428 0)
(-0.0614632 0.00428448 0)
(-0.0624133 0.00264412 0)
(-0.0629095 0.000964029 0)
(-0.062944 -0.000734518 0)
(-0.0625148 -0.00242976 0)
(-0.0616258 -0.00409946 0)
(-0.0602865 -0.00572094 0)
(-0.0585128 -0.00727114 0)
(-0.0563263 -0.00872676 0)
(-0.0537548 -0.0100644 0)
(-0.0508323 -0.011261 0)
(-0.0475985 -0.0122937 0)
(-0.044099 -0.0131407 0)
(-0.0403847 -0.0137815 0)
(-0.0365115 -0.0141977 0)
(-0.0325396 -0.014373 0)
(-0.0285327 -0.0142949 0)
(-0.0245571 -0.0139548 0)
(-0.0206805 -0.0133496 0)
(-0.0169703 -0.0124824 0)
(-0.0134925 -0.0113647 0)
(-0.0103093 -0.010018 0)
(-0.00747781 -0.00847645 0)
(-0.00504793 -0.00678965 0)
(-0.00305945 -0.00502712 0)
(-0.00153861 -0.0032823 0)
(-0.000517583 -0.00167747 0)
(-6.88634e-05 -0.000379411 0)
(-9.32358e-05 0.000737213 0)
(-0.000667212 0.0026842 0)
(-0.0019379 0.00487448 0)
(-0.00378672 0.00714074 0)
(-0.00615442 0.00935903 0)
(-0.00899734 0.0114347 0)
(-0.0122614 0.0132982 0)
(-0.0158855 0.0149009 0)
(-0.0198045 0.0162111 0)
(-0.0239504 0.0172105 0)
(-0.0282537 0.0178913 0)
(-0.0326442 0.0182539 0)
(-0.0370529 0.018305 0)
(-0.0414129 0.0180564 0)
(-0.0456597 0.0175234 0)
(-0.0497328 0.0167241 0)
(-0.0535753 0.0156787 0)
(-0.0571352 0.014409 0)
(-0.060365 0.0129377 0)
(-0.0632225 0.0112885 0)
(-0.0656709 0.00948575 0)
(-0.0676784 0.00755434 0)
(-0.0692193 0.00551974 0)
(-0.0702733 0.00340793 0)
(-0.0708261 0.00124545 0)
(-0.0708692 -0.000940585 0)
(-0.0704004 -0.00312243 0)
(-0.0694235 -0.00527177 0)
(-0.0679489 -0.00735972 0)
(-0.0659933 -0.00935696 0)
(-0.0635799 -0.0112338 0)
(-0.0607386 -0.0129607 0)
(-0.0575056 -0.014508 0)
(-0.0539239 -0.0158471 0)
(-0.0500425 -0.0169502 0)
(-0.0459163 -0.0177915 0)
(-0.0416056 -0.0183476 0)
(-0.0371756 -0.0185983 0)
(-0.0326954 -0.0185275 0)
(-0.0282371 -0.0181249 0)
(-0.0238745 -0.0173862 0)
(-0.0196817 -0.0163156 0)
(-0.0157316 -0.0149269 0)
(-0.0120942 -0.0132457 0)
(-0.00883479 -0.011312 0)
(-0.0060128 -0.00918319 0)
(-0.00367867 -0.0069373 0)
(-0.00187041 -0.00467671 0)
(-0.000638408 -0.00253138 0)
(-8.75856e-05 -0.000672074 0)
(-0.000111089 0.00110637 0)
(-0.000784704 0.00373494 0)
(-0.00226312 0.00655606 0)
(-0.00439598 0.00940249 0)
(-0.00710545 0.0121471 0)
(-0.0103353 0.0146905 0)
(-0.01402 0.0169587 0)
(-0.0180885 0.0188987 0)
(-0.0224672 0.0204759 0)
(-0.0270805 0.0216699 0)
(-0.0318523 0.0224724 0)
(-0.0367064 0.0228844 0)
(-0.0415686 0.0229142 0)
(-0.0463669 0.0225763 0)
(-0.0510324 0.0218892 0)
(-0.0555005 0.0208751 0)
(-0.0597107 0.0195587 0)
(-0.0636074 0.0179664 0)
(-0.0671405 0.0161262 0)
(-0.0702649 0.0140672 0)
(-0.0729414 0.0118192 0)
(-0.0751365 0.00941291 0)
(-0.0768226 0.00687952 0)
(-0.0779781 0.00425101 0)
(-0.0785878 0.00155999 0)
(-0.0786423 -0.00116018 0)
(-0.0781392 -0.00387543 0)
(-0.0770822 -0.00655095 0)
(-0.075482 -0.00915125 0)
(-0.073356 -0.0116403 0)
(-0.0707286 -0.0139817 0)
(-0.0676312 -0.0161389 0)
(-0.0641022 -0.0180758 0)
(-0.0601868 -0.0197571 0)
(-0.0559371 -0.0211487 0)
(-0.0514114 -0.0222188 0)
(-0.0466742 -0.0229387 0)
(-0.0417952 -0.0232836 0)
(-0.0368486 -0.0232338 0)
(-0.0319121 -0.0227762 0)
(-0.0270657 -0.0219054 0)
(-0.0223904 -0.0206256 0)
(-0.0179666 -0.0189524 0)
(-0.0138724 -0.016915 0)
(-0.0101825 -0.0145583 0)
(-0.0069667 -0.0119459 0)
(-0.00428684 -0.00916281 0)
(-0.00219326 -0.0063184 0)
(-0.000754196 -0.00354825 0)
(-0.000104925 -0.00102528 0)
(-0.000127911 0.00153438 0)
(-0.000897912 0.00494547 0)
(-0.00257975 0.00848105 0)
(-0.00499321 0.011975 0)
(-0.0080425 0.0152985 0)
(-0.0116587 0.0183498 0)
(-0.0157643 0.0210515 0)
(-0.0202779 0.0233482 0)
(-0.0251165 0.0252034 0)
(-0.0301966 0.0265959 0)
(-0.0354352 0.0275175 0)
(-0.04075 0.0279705 0)
(-0.0460612 0.0279657 0)
(-0.0512921 0.0275205 0)
(-0.0563697 0.0266573 0)
(-0.0612254 0.0254026 0)
(-0.0657954 0.0237859 0)
(-0.0700213 0.021839 0)
(-0.0738502 0.0195954 0)
(-0.077235 0.0170896 0)
(-0.0801343 0.0143575 0)
(-0.082513 0.0114357 0)
(-0.084342 0.00836152 0)
(-0.0855987 0.00517319 0)
(-0.0862666 0.00190969 0)
(-0.0863361 -0.00138914 0)
(-0.0858038 -0.00468256 0)
(-0.0846736 -0.00792896 0)
(-0.0829561 -0.0110859 0)
(-0.0806693 -0.0141104 0)
(-0.0778381 -0.0169587 0)
(-0.0744952 -0.0195872 0)
(-0.0706805 -0.0219526 0)
(-0.0664412 -0.0240124 0)
(-0.061832 -0.0257259 0)
(-0.0569143 -0.0270547 0)
(-0.0517563 -0.0279641 0)
(-0.0464319 -0.0284242 0)
(-0.0410204 -0.0284111 0)
(-0.0356051 -0.0279081 0)
(-0.0302725 -0.0269082 0)
(-0.0251108 -0.025415 0)
(-0.0202084 -0.023445 0)
(-0.0156524 -0.0210298 0)
(-0.0115275 -0.0182183 0)
(-0.00791462 -0.0150791 0)
(-0.00488777 -0.0117029 0)
(-0.00250988 -0.0082047 0)
(-0.000866429 -0.00472434 0)
(-0.000121307 -0.00143648 0)
(-0.000144072 0.00201925 0)
(-0.00100833 0.00631229 0)
(-0.00289081 0.0106462 0)
(-0.0055829 0.0148561 0)
(-0.00897143 0.0188128 0)
(-0.0129747 0.022413 0)
(-0.0175031 0.0255779 0)
(-0.0224641 0.028251 0)
(-0.0277651 0.0303948 0)
(-0.0333141 0.0319888 0)
(-0.0390207 0.0330259 0)
(-0.0447964 0.0335106 0)
(-0.0505558 0.0334566 0)
(-0.0562174 0.032885 0)
(-0.0617041 0.0318227 0)
(-0.0669437 0.030301 0)
(-0.0718695 0.0283548 0)
(-0.0764203 0.0260214 0)
(-0.080541 0.0233401 0)
(-0.0841826 0.0203514 0)
(-0.0873019 0.0170974 0)
(-0.0898626 0.0136208 0)
(-0.0918342 0.00996536 0)
(-0.093193 0.00617572 0)
(-0.0939218 0.00229742 0)
(-0.0940101 -0.00162297 0)
(-0.0934541 -0.00553785 0)
(-0.0922572 -0.0093986 0)
(-0.09043 -0.0131556 0)
(-0.0879904 -0.0167584 0)
(-0.0849639 -0.0201558 0)
(-0.0813837 -0.0232967 0)
(-0.077291 -0.02613 0)
(-0.0727347 -0.0286057 0)
(-0.0677715 -0.0306758 0)
(-0.0624656 -0.0322948 0)
(-0.0568886 -0.0334214 0)
(-0.0511186 -0.0340198 0)
(-0.0452398 -0.034061 0)
(-0.0393415 -0.0335243 0)
(-0.0335167 -0.0323999 0)
(-0.0278614 -0.0306899 0)
(-0.0224725 -0.0284109 0)
(-0.0174469 -0.025596 0)
(-0.01288 -0.0222968 0)
(-0.00886458 -0.0185859 0)
(-0.00548736 -0.0145587 0)
(-0.00282401 -0.0103346 0)
(-0.000976871 -0.00605754 0)
(-0.000137143 -0.0019041 0)
(-0.0001599 0.00255984 0)
(-0.00111745 0.00783352 0)
(-0.00319964 0.01305 0)
(-0.00617033 0.0180454 0)
(-0.00989938 0.0226907 0)
(-0.0142923 0.0268823 0)
(-0.0192471 0.030541 0)
(-0.0246597 0.0336102 0)
(-0.0304274 0.0360536 0)
(-0.0364494 0.0378517 0)
(-0.0426275 0.0389999 0)
(-0.0488667 0.0395058 0)
(-0.0550758 0.039387 0)
(-0.0611686 0.038669 0)
(-0.067064 0.0373838 0)
(-0.0726864 0.0355682 0)
(-0.0779662 0.0332627 0)
(-0.0828399 0.0305108 0)
(-0.0872505 0.0273578 0)
(-0.0911473 0.0238507 0)
(-0.0944858 0.0200377 0)
(-0.0972282 0.0159681 0)
(-0.0993434 0.0116921 0)
(-0.100806 0.00726091 0)
(-0.101599 0.00272681 0)
(-0.101711 -0.00185681 0)
(-0.101137 -0.00643537 0)
(-0.0998799 -0.010953 0)
(-0.0979501 -0.0153528 0)
(-0.0953653 -0.0195765 0)
(-0.092151 -0.0235654 0)
(-0.0883407 -0.0272601 0)
(-0.0839764 -0.0306018 0)
(-0.0791081 -0.0335321 0)
(-0.0737943 -0.0359952 0)
(-0.0681018 -0.0379378 0)
(-0.0621052 -0.0393114 0)
(-0.0558869 -0.0400733 0)
(-0.0495359 -0.0401885 0)
(-0.0431474 -0.0396315 0)
(-0.0368217 -0.0383886 0)
(-0.0306626 -0.0364595 0)
(-0.0247766 -0.0338596 0)
(-0.0192709 -0.0306224 0)
(-0.0142523 -0.0268014 0)
(-0.00982617 -0.0224721 0)
(-0.00609249 -0.0177336 0)
(-0.00313987 -0.0127096 0)
(-0.00108735 -0.0075477 0)
(-0.000152814 -0.00242758 0)
(-0.00017568 0.00315583 0)
(-0.00122672 0.00950891 0)
(-0.00350957 0.0156929 0)
(-0.00676097 0.0215446 0)
(-0.0108339 0.0269352 0)
(-0.015621 0.0317616 0)
(-0.0210076 0.0359454 0)
(-0.0268777 0.0394313 0)
(-0.0331181 0.0421847 0)
(-0.0396188 0.0441892 0)
(-0.0462734 0.0454434 0)
(-0.05298 0.0459591 0)
(-0.0596419 0.0457588 0)
(-0.0661679 0.0448734 0)
(-0.0724729 0.0433406 0)
(-0.0784782 0.0412034 0)
(-0.0841116 0.0385086 0)
(-0.0893075 0.035306 0)
(-0.0940072 0.0316476 0)
(-0.0981585 0.0275868 0)
(-0.101716 0.0231785 0)
(-0.104641 0.0184785 0)
(-0.106902 0.0135437 0)
(-0.108472 0.00843189 0)
(-0.109333 0.0032021 0)
(-0.109473 -0.00208539 0)
(-0.108887 -0.00736891 0)
(-0.107576 -0.0125854 0)
(-0.105551 -0.0176702 0)
(-0.102829 -0.0225575 0)
(-0.0994342 -0.0271804 0)
(-0.0954007 -0.0314713 0)
(-0.0907706 -0.0353627 0)
(-0.0855948 -0.038788 0)
(-0.0799332 -0.0416823 0)
(-0.0738546 -0.0439841 0)
(-0.0674368 -0.0456366 0)
(-0.0607658 -0.0465895 0)
(-0.0539359 -0.0468007 0)
(-0.0470483 -0.0462388 0)
(-0.0402107 -0.044885 0)
(-0.0335357 -0.0427352 0)
(-0.0271395 -0.0398028 0)
(-0.0211404 -0.0361205 0)
(-0.0156575 -0.0317424 0)
(-0.0108097 -0.0267462 0)
(-0.0067104 -0.0212341 0)
(-0.00346177 -0.0153337 0)
(-0.00119966 -0.00919679 0)
(-0.000168666 -0.00300734 0)
(-0.000191661 0.00380762 0)
(-0.00133742 0.0113398 0)
(-0.00382377 0.0185776 0)
(-0.00736011 0.0253575 0)
(-0.0117824 0.0315513 0)
(-0.0169703 0.037057 0)
(-0.0227958 0.0417978 0)
(-0.0291309 0.0457208 0)
(-0.0358513 0.0487948 0)
(-0.0428373 0.0510071 0)
(-0.0499742 0.0523613 0)
(-0.0571531 0.0528745 0)
(-0.0642714 0.052575 0)
(-0.071233 0.0515002 0)
(-0.0779489 0.0496942 0)
(-0.0843375 0.047207 0)
(-0.0903242 0.0440922 0)
(-0.0958416 0.0404066 0)
(-0.10083 0.036209 0)
(-0.105235 0.0315598 0)
(-0.109012 0.0265205 0)
(-0.112121 0.0211536 0)
(-0.114528 0.0155227 0)
(-0.116209 0.00969226 0)
(-0.117142 0.003728 0)
(-0.117316 -0.00230292 0)
(-0.116724 -0.00833181 0)
(-0.115368 -0.0142883 0)
(-0.113256 -0.0201001 0)
(-0.110404 -0.0256936 0)
(-0.106837 -0.0309936 0)
(-0.102588 -0.0359238 0)
(-0.0976988 -0.0404077 0)
(-0.0922205 -0.0443697 0)
(-0.0862141 -0.0477355 0)
(-0.0797501 -0.0504344 0)
(-0.0729091 -0.0524004 0)
(-0.0657809 -0.0535744 0)
(-0.0584647 -0.0539062 0)
(-0.0510682 -0.0533569 0)
(-0.0437065 -0.0519015 0)
(-0.0365014 -0.049531 0)
(-0.0295798 -0.0462551 0)
(-0.0230716 -0.0421045 0)
(-0.0171092 -0.0371332 0)
(-0.0118254 -0.0314199 0)
(-0.00734834 -0.0250696 0)
(-0.00379395 -0.0182137 0)
(-0.0013155 -0.0110089 0)
(-0.000185011 -0.00364473 0)
(-0.000208055 0.00451625 0)
(-0.00145075 0.0133292 0)
(-0.00414516 0.0217084 0)
(-0.00797272 0.0294899 0)
(-0.0127519 0.0365461 0)
(-0.0183489 0.0427762 0)
(-0.0246222 0.0481062 0)
(-0.031431 0.0524868 0)
(-0.0386395 0.0558913 0)
(-0.0461181 0.0583123 0)
(-0.0537435 0.0597594 0)
(-0.0613994 0.0602564 0)
(-0.0689773 0.0598388 0)
(-0.0763763 0.0585511 0)
(-0.0835039 0.0564453 0)
(-0.0902754 0.0535788 0)
(-0.0966143 0.0500129 0)
(-0.102452 0.0458117 0)
(-0.107727 0.0410414 0)
(-0.112385 0.0357693 0)
(-0.116381 0.0300641 0)
(-0.119674 0.0239948 0)
(-0.12223 0.0176317 0)
(-0.124023 0.0110458 0)
(-0.125034 0.00430959 0)
(-0.125247 -0.00250314 0)
(-0.124657 -0.00931674 0)
(-0.123264 -0.0160536 0)
(-0.121073 -0.022634 0)
(-0.118102 -0.0289762 0)
(-0.114372 -0.0349965 0)
(-0.109917 -0.0406098 0)
(-0.104776 -0.0457305 0)
(-0.0990018 -0.0502728 0)
(-0.0926551 -0.0541527 0)
(-0.0858078 -0.0572892 0)
(-0.0785429 -0.059606 0)
(-0.0709536 -0.0610341 0)
(-0.0631441 -0.0615137 0)
(-0.0552284 -0.0609974 0)
(-0.0473298 -0.059452 0)
(-0.0395794 -0.0568622 0)
(-0.0321153 -0.0532328 0)
(-0.0250803 -0.0485912 0)
(-0.0186204 -0.0429898 0)
(-0.0128836 -0.0365078 0)
(-0.00801332 -0.0292525 0)
(-0.00414046 -0.0213593 0)
(-0.00143648 -0.0129903 0)
(-0.00020213 -0.00434197 0)
(-0.000225049 0.00528339 0)
(-0.00156776 0.0154811 0)
(-0.00447639 0.0250918 0)
(-0.00860332 0.0339499 0)
(-0.0137489 0.0419283 0)
(-0.019765 0.0489285 0)
(-0.0264962 0.05488 0)
(-0.0337883 0.0597382 0)
(-0.0414936 0.0634821 0)
(-0.0494721 0.0661113 0)
(-0.0575916 0.0676428 0)
(-0.0657284 0.0681085 0)
(-0.073768 0.0675521 0)
(-0.081605 0.0660269 0)
(-0.0891431 0.0635934 0)
(-0.0962954 0.0603175 0)
(-0.102983 0.0562687 0)
(-0.109138 0.0515192 0)
(-0.114696 0.0461427 0)
(-0.119605 0.0402141 0)
(-0.123817 0.0338087 0)
(-0.127293 0.0270027 0)
(-0.129999 0.0198727 0)
(-0.131909 0.0124962 0)
(-0.133 0.0049521 0)
(-0.13326 -0.00267928 0)
(-0.132679 -0.0103156 0)
(-0.131257 -0.0178721 0)
(-0.128999 -0.0252617 0)
(-0.125919 -0.0323947 0)
(-0.122039 -0.0391788 0)
(-0.117388 -0.04552 0)
(-0.112007 -0.0513226 0)
(-0.105946 -0.0564908 0)
(-0.0992658 -0.0609296 0)
(-0.0920398 -0.0645468 0)
(-0.0843522 -0.0672549 0)
(-0.0762998 -0.0689734 0)
(-0.0679913 -0.0696316 0)
(-0.0595472 -0.0691716 0)
(-0.0510988 -0.0675508 0)
(-0.0427875 -0.0647457 0)
(-0.0347628 -0.0607545 0)
(-0.0271811 -0.0555997 0)
(-0.0202034 -0.0493313 0)
(-0.0139937 -0.0420278 0)
(-0.00871204 -0.0337985 0)
(-0.00450515 -0.0247828 0)
(-0.0015641 -0.0151489 0)
(-0.000220287 -0.00510211 0)
(-0.000242805 0.00611118 0)
(-0.00168938 0.0178013 0)
(-0.00481983 0.0287357 0)
(-0.00925597 0.0387469 0)
(-0.0147789 0.0477086 0)
(-0.0212257 0.0555249 0)
(-0.028426 0.0621296 0)
(-0.0362115 0.0674843 0)
(-0.0444222 0.0715753 0)
(-0.0529073 0.0744104 0)
(-0.0615254 0.0760158 0)
(-0.0701453 0.076433 0)
(-0.0786466 0.0757154 0)
(-0.0869194 0.0739263 0)
(-0.0948643 0.0711358 0)
(-0.102392 0.0674193 0)
(-0.109424 0.0628553 0)
(-0.115888 0.0575246 0)
(-0.121724 0.0515089 0)
(-0.126878 0.0448907 0)
(-0.131303 0.0377524 0)
(-0.13496 0.0301768 0)
(-0.137815 0.0222469 0)
(-0.139841 0.0140466 0)
(-0.141018 0.00566071 0)
(-0.141329 -0.00282415 0)
(-0.140767 -0.0113192 0)
(-0.139327 -0.0197331 0)
(-0.137014 -0.0279714 0)
(-0.13384 -0.0359365 0)
(-0.129823 -0.0435278 0)
(-0.124991 -0.0506418 0)
(-0.119384 -0.0571728 0)
(-0.113049 -0.063014 0)
(-0.106046 -0.0680589 0)
(-0.0984493 -0.072203 0)
(-0.0903439 -0.0753462 0)
(-0.0818293 -0.0773952 0)
(-0.0730186 -0.0782666 0)
(-0.0640386 -0.0778901 0)
(-0.0550289 -0.076212 0)
(-0.046141 -0.0731986 0)
(-0.0375371 -0.0688395 0)
(-0.0293877 -0.063151 0)
(-0.0218698 -0.0561788 0)
(-0.0151648 -0.0480002 0)
(-0.0094508 -0.0387257 0)
(-0.00489166 -0.0284989 0)
(-0.00169979 -0.0174948 0)
(-0.000239723 -0.00592893 0)
(-0.000261469 0.00700226 0)
(-0.00181646 0.0202962 0)
(-0.00517765 0.0326495 0)
(-0.00993435 0.0438923 0)
(-0.0158472 0.053899 0)
(-0.0227372 0.0625771 0)
(-0.0304183 0.0698659 0)
(-0.0387075 0.0757346 0)
(-0.0474316 0.0801781 0)
(-0.0564287 0.0832146 0)
(-0.0655478 0.0848809 0)
(-0.0746504 0.0852298 0)
(-0.0836102 0.0843263 0)
(-0.0923133 0.0822447 0)
(-0.100657 0.0790664 0)
(-0.108552 0.0748769 0)
(-0.115917 0.0697648 0)
(-0.122681 0.06382 0)
(-0.128785 0.0571327 0)
(-0.134175 0.0497929 0)
(-0.138805 0.0418903 0)
(-0.142637 0.0335143 0)
(-0.145638 0.0247541 0)
(-0.147782 0.0156992 0)
(-0.149046 0.00644036 0)
(-0.149416 -0.00293016 0)
(-0.148881 -0.0123176 0)
(-0.147436 -0.0216243 0)
(-0.145083 -0.0307489 0)
(-0.14183 -0.0395862 0)
(-0.137694 -0.0480272 0)
(-0.132701 -0.0559589 0)
(-0.126886 -0.0632654 0)
(-0.120294 -0.0698284 0)
(-0.112985 -0.0755289 0)
(-0.10503 -0.0802492 0)
(-0.0965164 -0.0838751 0)
(-0.0875448 -0.0862989 0)
(-0.0782325 -0.0874226 0)
(-0.068712 -0.0871616 0)
(-0.0591313 -0.0854488 0)
(-0.0496526 -0.0822379 0)
(-0.0404509 -0.0775081 0)
(-0.031712 -0.0712674 0)
(-0.0236301 -0.0635558 0)
(-0.0164054 -0.0544479 0)
(-0.0102356 -0.044055 0)
(-0.00530345 -0.0325247 0)
(-0.0018449 -0.0200397 0)
(-0.00026067 -0.00682696 0)
(-0.000281175 0.00795968 0)
(-0.00194978 0.0229736 0)
(-0.00555179 0.0368441 0)
(-0.0106417 0.0493986 0)
(-0.0169581 0.0605125 0)
(-0.0243048 0.0700977 0)
(-0.0324788 0.0781001 0)
(-0.0412813 0.0844977 0)
(-0.0505255 0.0892967 0)
(-0.0600377 0.0925267 0)
(-0.0696575 0.0942377 0)
(-0.0792388 0.0944955 0)
(-0.0886498 0.0933783 0)
(-0.0977728 0.0909735 0)
(-0.106503 0.0873744 0)
(-0.11475 0.0826785 0)
(-0.122433 0.0769849 0)
(-0.129482 0.0703932 0)
(-0.135839 0.0630024 0)
(-0.141451 0.0549107 0)
(-0.146275 0.0462146 0)
(-0.150274 0.03701 0)
(-0.153416 0.0273918 0)
(-0.155674 0.017455 0)
(-0.157029 0.00729541 0)
(-0.157463 -0.00298947 0)
(-0.156965 -0.0132996 0)
(-0.155528 -0.0235314 0)
(-0.153151 -0.0335772 0)
(-0.14984 -0.0433247 0)
(-0.145608 -0.0526566 0)
(-0.140477 -0.0614505 0)
(-0.134477 -0.06958 0)
(-0.127653 -0.0769147 0)
(-0.120059 -0.0833227 0)
(-0.111765 -0.0886716 0)
(-0.102859 -0.0928318 0)
(-0.0934409 -0.0956793 0)
(-0.0836323 -0.0970997 0)
(-0.0735712 -0.0969916 0)
(-0.0634132 -0.0952718 0)
(-0.0533316 -0.0918794 0)
(-0.0435148 -0.0867805 0)
(-0.0341646 -0.0799723 0)
(-0.0254939 -0.0714873 0)
(-0.0177233 -0.061396 0)
(-0.0110719 -0.0498096 0)
(-0.00574381 -0.0368797 0)
(-0.00200073 -0.022797 0)
(-0.000283352 -0.0078014 0)
(-0.000302051 0.00898686 0)
(-0.00209009 0.0258419 0)
(-0.0059441 0.0413313 0)
(-0.0113812 0.0552794 0)
(-0.0181157 0.0675633 0)
(-0.025933 0.0780995 0)
(-0.0346116 0.0868426 0)
(-0.043936 0.0937814 0)
(-0.053705 0.0989347 0)
(-0.0637325 0.102347 0)
(-0.0738487 0.104082 0)
(-0.0838999 0.104222 0)
(-0.0937493 0.10286 0)
(-0.103276 0.100098 0)
(-0.112374 0.0960437 0)
(-0.120952 0.0908063 0)
(-0.128931 0.0844971 0)
(-0.136243 0.077226 0)
(-0.142831 0.0691014 0)
(-0.148647 0.0602292 0)
(-0.153648 0.0507131 0)
(-0.157801 0.0406549 0)
(-0.161074 0.0301549 0)
(-0.163444 0.019313 0)
(-0.164889 0.0082293 0)
(-0.165393 -0.00299417 0)
(-0.164942 -0.0142528 0)
(-0.163528 -0.025438 0)
(-0.161148 -0.0364364 0)
(-0.157802 -0.047129 0)
(-0.153501 -0.0573907 0)
(-0.14826 -0.06709 0)
(-0.142107 -0.0760896 0)
(-0.13508 -0.084247 0)
(-0.12723 -0.0914162 0)
(-0.118625 -0.0974493 0)
(-0.109348 -0.1022 0)
(-0.0995027 -0.105525 0)
(-0.0892102 -0.107293 0)
(-0.0786138 -0.107381 0)
(-0.0678771 -0.105689 0)
(-0.0571838 -0.102137 0)
(-0.0467366 -0.0966756 0)
(-0.0367543 -0.0892888 0)
(-0.0274696 -0.0799992 0)
(-0.0191256 -0.0688713 0)
(-0.0119652 -0.056015 0)
(-0.0062159 -0.0415853 0)
(-0.00216855 -0.0257816 0)
(-0.000307993 -0.00885813 0)
(-0.000324225 0.0100876 0)
(-0.00223811 0.0289106 0)
(-0.00635639 0.0461243 0)
(-0.0121555 0.0615497 0)
(-0.0193237 0.0750657 0)
(-0.0276255 0.0865954 0)
(-0.0368198 0.0961033 0)
(-0.046673 0.103591 0)
(-0.0569685 0.109093 0)
(-0.0675077 0.112671 0)
(-0.0781108 0.114405 0)
(-0.0886172 0.114396 0)
(-0.0988854 0.112754 0)
(-0.108792 0.109598 0)
(-0.118231 0.10505 0)
(-0.127111 0.0992353 0)
(-0.135356 0.092276 0)
(-0.142902 0.0842938 0)
(-0.149693 0.0754063 0)
(-0.155686 0.0657276 0)
(-0.160843 0.0553684 0)
(-0.16513 0.0444358 0)
(-0.168522 0.033035 0)
(-0.170995 0.0212698 0)
(-0.172528 0.0092442 0)
(-0.173106 -0.00293651 0)
(-0.172713 -0.015164 0)
(-0.171339 -0.0273256 0)
(-0.168978 -0.0393031 0)
(-0.165626 -0.0509716 0)
(-0.161287 -0.0621987 0)
(-0.155973 -0.0728442 0)
(-0.149704 -0.0827601 0)
(-0.142513 -0.0917914 0)
(-0.134447 -0.0997773 0)
(-0.125566 -0.106553 0)
(-0.115952 -0.111954 0)
(-0.105705 -0.115818 0)
(-0.0949491 -0.117989 0)
(-0.0838304 -0.118325 0)
(-0.0725195 -0.116702 0)
(-0.0612109 -0.11302 0)
(-0.0501214 -0.107211 0)
(-0.0394879 -0.0992399 0)
(-0.0295646 -0.0891182 0)
(-0.020619 -0.076902 0)
(-0.0129205 -0.0626982 0)
(-0.00672284 -0.046665 0)
(-0.00234963 -0.0290101 0)
(-0.000334819 -0.0100037 0)
(-0.000347836 0.0112662 0)
(-0.00239462 0.0321901 0)
(-0.00679052 0.0512372 0)
(-0.0129678 0.0682248 0)
(-0.0205856 0.0830347 0)
(-0.0293858 0.0955977 0)
(-0.0391056 0.10589 0)
(-0.0494921 0.11393 0)
(-0.0603121 0.11977 0)
(-0.0713541 0.123489 0)
(-0.0824284 0.125192 0)
(-0.0933678 0.124997 0)
(-0.104027 0.123035 0)
(-0.114281 0.119444 0)
(-0.124024 0.114363 0)
(-0.133168 0.107932 0)
(-0.14164 0.100288 0)
(-0.14938 0.0915632 0)
(-0.156338 0.0818861 0)
(-0.162474 0.0713783 0)
(-0.167756 0.0601569 0)
(-0.172154 0.0483342 0)
(-0.175645 0.0360194 0)
(-0.178209 0.0233193 0)
(-0.179827 0.0103405 0)
(-0.180481 -0.00280913 0)
(-0.180158 -0.0160189 0)
(-0.178843 -0.0291733 0)
(-0.176526 -0.0421502 0)
(-0.173199 -0.0548198 0)
(-0.168861 -0.0670434 0)
(-0.163517 -0.0786725 0)
(-0.157179 -0.0895488 0)
(-0.149873 -0.0995046 0)
(-0.141638 -0.108364 0)
(-0.132528 -0.115944 0)
(-0.12262 -0.122061 0)
(-0.112011 -0.126528 0)
(-0.100822 -0.129168 0)
(-0.0892035 -0.129811 0)
(-0.0773314 -0.128309 0)
(-0.0654101 -0.124536 0)
(-0.0536712 -0.118399 0)
(-0.0423704 -0.109846 0)
(-0.0317851 -0.0988706 0)
(-0.0222097 -0.0855172 0)
(-0.0139426 -0.0698883 0)
(-0.00726774 -0.0521439 0)
(-0.00254526 -0.0325006 0)
(-0.000364072 -0.0112452 0)
(-0.000373041 0.0125271 0)
(-0.0025605 0.0356916 0)
(-0.00724857 0.0566852 0)
(-0.0138211 0.0753213 0)
(-0.0219051 0.0914853 0)
(-0.0312172 0.105118 0)
(-0.0414706 0.11621 0)
(-0.0523914 0.124798 0)
(-0.0637291 0.130956 0)
(-0.0752586 0.134787 0)
(-0.0867807 0.136419 0)
(-0.0981219 0.135995 0)
(-0.109134 0.133667 0)
(-0.119692 0.129595 0)
(-0.129692 0.123938 0)
(-0.13905 0.116851 0)
(-0.147699 0.108488 0)
(-0.155583 0.0989916 0)
(-0.162661 0.0885008 0)
(-0.168897 0.0771452 0)
(-0.174265 0.0650478 0)
(-0.178742 0.0523255 0)
(-0.182309 0.0390903 0)
(-0.184948 0.0254513 0)
(-0.186641 0.0115165 0)
(-0.187374 -0.00260549 0)
(-0.18713 -0.0168026 0)
(-0.185894 -0.0309578 0)
(-0.18365 -0.0449466 0)
(-0.180386 -0.0586357 0)
(-0.176094 -0.0718808 0)
(-0.170771 -0.0845261 0)
(-0.16442 -0.0964035 0)
(-0.157058 -0.107333 0)
(-0.148715 -0.117122 0)
(-0.139436 -0.125571 0)
(-0.12929 -0.132472 0)
(-0.118369 -0.137616 0)
(-0.106791 -0.140796 0)
(-0.0947067 -0.141816 0)
(-0.0822962 -0.140496 0)
(-0.0697735 -0.136681 0)
(-0.0573846 -0.130251 0)
(-0.0454049 -0.121127 0)
(-0.0341365 -0.109282 0)
(-0.0239034 -0.0947465 0)
(-0.0150367 -0.0776155 0)
(-0.00785381 -0.0580491 0)
(-0.00275683 -0.0362726 0)
(-0.00039601 -0.0125907 0)
(-0.000400029 0.0138756 0)
(-0.00273677 0.0394277 0)
(-0.00773297 0.0624848 0)
(-0.0147192 0.0828563 0)
(-0.0232863 0.100432 0)
(-0.033123 0.115166 0)
(-0.0439158 0.127065 0)
(-0.0553678 0.136189 0)
(-0.0672104 0.142637 0)
(-0.0792044 0.146541 0)
(-0.0911412 0.148055 0)
(-0.102842 0.14735 0)
(-0.114157 0.144605 0)
(-0.124963 0.140002 0)
(-0.13516 0.133721 0)
(-0.14467 0.125938 0)
(-0.153432 0.11682 0)
(-0.161399 0.106525 0)
(-0.168537 0.0951999 0)
(-0.17482 0.0829827 0)
(-0.180227 0.0700019 0)
(-0.184743 0.0563777 0)
(-0.188353 0.0422244 0)
(-0.191044 0.0276517 0)
(-0.192802 0.0127673 0)
(-0.193613 -0.00232021 0)
(-0.193458 -0.0174996 0)
(-0.192321 -0.0326537 0)
(-0.190183 -0.0476574 0)
(-0.187024 -0.0623752 0)
(-0.18283 -0.0766589 0)
(-0.177587 -0.0903465 0)
(-0.17129 -0.103261 0)
(-0.163944 -0.11521 0)
(-0.155566 -0.125986 0)
(-0.146193 -0.135369 0)
(-0.135881 -0.143128 0)
(-0.124714 -0.149027 0)
(-0.112806 -0.15283 0)
(-0.100303 -0.154307 0)
(-0.0873898 -0.153243 0)
(-0.0742876 -0.149448 0)
(-0.0612564 -0.142769 0)
(-0.048592 -0.133095 0)
(-0.0366229 -0.120375 0)
(-0.0257056 -0.104619 0)
(-0.0162075 -0.0859113 0)
(-0.00848447 -0.0644095 0)
(-0.00298583 -0.0403474 0)
(-0.000430924 -0.0140487 0)
(-0.000429036 0.0153173 0)
(-0.00292472 0.0434119 0)
(-0.00824672 0.0686538 0)
(-0.0156665 0.090848 0)
(-0.0247344 0.109891 0)
(-0.0351072 0.12575 0)
(-0.0464421 0.138455 0)
(-0.0584173 0.148093 0)
(-0.0707443 0.154792 0)
(-0.0831702 0.158718 0)
(-0.0954773 0.160057 0)
(-0.107483 0.15901 0)
(-0.119037 0.155788 0)
(-0.13002 0.150598 0)
(-0.140339 0.143644 0)
(-0.149923 0.135123 0)
(-0.15872 0.125216 0)
(-0.166694 0.114097 0)
(-0.173821 0.101921 0)
(-0.180084 0.0888347 0)
(-0.185472 0.0749704 0)
(-0.189977 0.0604511 0)
(-0.193592 0.0453916 0)
(-0.196307 0.0299008 0)
(-0.198114 0.0140851 0)
(-0.198998 -0.00194959 0)
(-0.198942 -0.0180941 0)
(-0.197926 -0.0342334 0)
(-0.195928 -0.0502435 0)
(-0.192922 -0.0659885 0)
(-0.188883 -0.0813181 0)
(-0.18379 -0.0960657 0)
(-0.177625 -0.110046 0)
(-0.170379 -0.123056 0)
(-0.162057 -0.134873 0)
(-0.152679 -0.145256 0)
(-0.14229 -0.153951 0)
(-0.130962 -0.160691 0)
(-0.1188 -0.165208 0)
(-0.105944 -0.167233 0)
(-0.0925787 -0.166512 0)
(-0.0789323 -0.162815 0)
(-0.0652773 -0.155947 0)
(-0.0519302 -0.145761 0)
(-0.0392478 -0.132172 0)
(-0.0276218 -0.115165 0)
(-0.0174605 -0.0948079 0)
(-0.00916347 -0.0712555 0)
(-0.00323395 -0.0447478 0)
(-0.00046915 -0.0156288 0)
(-0.000460368 0.0168586 0)
(-0.00312601 0.0476597 0)
(-0.00879366 0.0752119 0)
(-0.0166687 0.0993156 0)
(-0.0262556 0.119875 0)
(-0.0371748 0.136876 0)
(-0.0490508 0.150375 0)
(-0.0615344 0.160491 0)
(-0.0743166 0.16739 0)
(-0.08713 0.171274 0)
(-0.0997493 0.172367 0)
(-0.111989 0.170909 0)
(-0.123703 0.167142 0)
(-0.134775 0.161303 0)
(-0.145123 0.153623 0)
(-0.154686 0.144319 0)
(-0.163424 0.133592 0)
(-0.171315 0.121626 0)
(-0.178345 0.108589 0)
(-0.184509 0.0946333 0)
(-0.189808 0.0798944 0)
(-0.194242 0.0644967 0)
(-0.197813 0.0485543 0)
(-0.200518 0.0321737 0)
(-0.202351 0.0154576 0)
(-0.203301 -0.0014921 0)
(-0.203351 -0.0185708 0)
(-0.20248 -0.0356677 0)
(-0.200659 -0.0526618 0)
(-0.197858 -0.0694195 0)
(-0.194041 -0.0857903 0)
(-0.189177 -0.101605 0)
(-0.183233 -0.116672 0)
(-0.176186 -0.130778 0)
(-0.168024 -0.143686 0)
(-0.158752 -0.155135 0)
(-0.148395 -0.164844 0)
(-0.137011 -0.172518 0)
(-0.12469 -0.177849 0)
(-0.111566 -0.180528 0)
(-0.097819 -0.180255 0)
(-0.0836799 -0.17675 0)
(-0.0694331 -0.169772 0)
(-0.0554155 -0.159126 0)
(-0.0420134 -0.144687 0)
(-0.0296574 -0.12641 0)
(-0.0188016 -0.104338 0)
(-0.00989508 -0.0786197 0)
(-0.00350316 -0.0494989 0)
(-0.000511085 -0.0173414 0)
(-0.000494427 0.0185071 0)
(-0.00334278 0.0521885 0)
(-0.00937878 0.082181 0)
(-0.0177333 0.10828 0)
(-0.0278582 0.1304 0)
(-0.0393325 0.148548 0)
(-0.0517438 0.162815 0)
(-0.0647132 0.173359 0)
(-0.0779098 0.180388 0)
(-0.0910527 0.184151 0)
(-0.10391 0.184916 0)
(-0.116296 0.182963 0)
(-0.128069 0.178573 0)
(-0.139123 0.172017 0)
(-0.149388 0.163554 0)
(-0.158816 0.153424 0)
(-0.167384 0.141845 0)
(-0.175082 0.129016 0)
(-0.181913 0.115115 0)
(-0.187886 0.100297 0)
(-0.193012 0.084703 0)
(-0.197306 0.0684557 0)
(-0.200775 0.0516668 0)
(-0.203427 0.0344387 0)
(-0.205259 0.0168682 0)
(-0.206264 -0.000948971 0)
(-0.206427 -0.018915 0)
(-0.205722 -0.0369256 0)
(-0.204118 -0.0548658 0)
(-0.201578 -0.0726061 0)
(-0.198057 -0.0899987 0)
(-0.193509 -0.106874 0)
(-0.187889 -0.123036 0)
(-0.181156 -0.138265 0)
(-0.173278 -0.152307 0)
(-0.164239 -0.164885 0)
(-0.154045 -0.175692 0)
(-0.142732 -0.184396 0)
(-0.130375 -0.190652 0)
(-0.117091 -0.194104 0)
(-0.103054 -0.194399 0)
(-0.088494 -0.191202 0)
(-0.0737041 -0.184213 0)
(-0.0590407 -0.173182 0)
(-0.0449213 -0.157934 0)
(-0.0318184 -0.13838 0)
(-0.0202373 -0.114537 0)
(-0.0106844 -0.0865364 0)
(-0.00379581 -0.0546277 0)
(-0.000557212 -0.019198 0)
(-0.000531749 0.0202714 0)
(-0.00357788 0.0570187 0)
(-0.0100086 0.0895861 0)
(-0.0188699 0.117763 0)
(-0.0295528 0.141477 0)
(-0.0415887 0.160765 0)
(-0.0545238 0.175757 0)
(-0.0679464 0.186658 0)
(-0.0815032 0.19373 0)
(-0.0949003 0.197274 0)
(-0.107901 0.19761 0)
(-0.120324 0.195068 0)
(-0.132035 0.189968 0)
(-0.142942 0.182621 0)
(-0.152989 0.173315 0)
(-0.162148 0.162314 0)
(-0.170413 0.149857 0)
(-0.177792 0.136154 0)
(-0.184306 0.121392 0)
(-0.189979 0.105732 0)
(-0.194838 0.0893137 0)
(-0.198908 0.0722591 0)
(-0.202209 0.0546749 0)
(-0.204756 0.0366571 0)
(-0.206554 0.018295 0)
(-0.207599 -0.00032472 0)
(-0.207875 -0.0191134 0)
(-0.207359 -0.0379759 0)
(-0.206014 -0.0568057 0)
(-0.203795 -0.0754808 0)
(-0.200649 -0.0938586 0)
(-0.196516 -0.111772 0)
(-0.191335 -0.129025 0)
(-0.185044 -0.145389 0)
(-0.177592 -0.160602 0)
(-0.168937 -0.174367 0)
(-0.159061 -0.18635 0)
(-0.147975 -0.196188 0)
(-0.135728 -0.20349 0)
(-0.122422 -0.207849 0)
(-0.108213 -0.208853 0)
(-0.0933275 -0.206101 0)
(-0.0780637 -0.199226 0)
(-0.0627955 -0.187911 0)
(-0.047972 -0.171915 0)
(-0.0341111 -0.151097 0)
(-0.0217757 -0.125436 0)
(-0.0115374 -0.0950425 0)
(-0.0041148 -0.0601641 0)
(-0.000608132 -0.0212117 0)
(-0.000573047 0.0221619 0)
(-0.00383509 0.0621743 0)
(-0.0106919 0.0974559 0)
(-0.0200912 0.12779 0)
(-0.0313535 0.153121 0)
(-0.0439547 0.173523 0)
(-0.0573943 0.189174 0)
(-0.0712251 0.200338 0)
(-0.085071 0.207342 0)
(-0.0986266 0.210548 0)
(-0.111654 0.210339 0)
(-0.123979 0.207096 0)
(-0.135481 0.20119 0)
(-0.146085 0.192971 0)
(-0.155757 0.18276 0)
(-0.164489 0.170847 0)
(-0.172297 0.157488 0)
(-0.179211 0.142908 0)
(-0.185272 0.1273 0)
(-0.190522 0.110828 0)
(-0.195004 0.0936313 0)
(-0.198757 0.0758267 0)
(-0.201813 0.0575149 0)
(-0.204197 0.0387831 0)
(-0.20592 0.0197104 0)
(-0.206983 0.000372237 0)
(-0.207374 -0.0191546 0)
(-0.207067 -0.0387868 0)
(-0.206022 -0.0584296 0)
(-0.204188 -0.0779712 0)
(-0.201502 -0.0972777 0)
(-0.19789 -0.116188 0)
(-0.193273 -0.134508 0)
(-0.187571 -0.152007 0)
(-0.180705 -0.168414 0)
(-0.172607 -0.183416 0)
(-0.16323 -0.196653 0)
(-0.152554 -0.207729 0)
(-0.140598 -0.216205 0)
(-0.127437 -0.22162 0)
(-0.113206 -0.223494 0)
(-0.0981202 -0.221353 0)
(-0.0824771 -0.214746 0)
(-0.0666654 -0.203276 0)
(-0.0511651 -0.186624 0)
(-0.036543 -0.16458 0)
(-0.0234263 -0.137072 0)
(-0.0124618 -0.104178 0)
(-0.00446378 -0.0661412 0)
(-0.000664609 -0.0233971 0)
(-0.000619288 0.0241913 0)
(-0.00411944 0.0676841 0)
(-0.0114399 0.105824 0)
(-0.0214139 0.138388 0)
(-0.0332784 0.165344 0)
(-0.0464448 0.18681 0)
(-0.0603599 0.203028 0)
(-0.0745382 0.214334 0)
(-0.088581 0.221131 0)
(-0.102174 0.223857 0)
(-0.115084 0.222962 0)
(-0.127147 0.218893 0)
(-0.138263 0.212073 0)
(-0.148382 0.202896 0)
(-0.157492 0.191717 0)
(-0.165614 0.178853 0)
(-0.17279 0.164578 0)
(-0.179074 0.149128 0)
(-0.184528 0.132701 0)
(-0.189216 0.115463 0)
(-0.193199 0.0975479 0)
(-0.19653 0.0790681 0)
(-0.199256 0.0601146 0)
(-0.201409 0.0407634 0)
(-0.20301 0.021081 0)
(-0.204066 0.00112915 0)
(-0.204567 -0.01903 0)
(-0.204487 -0.0393278 0)
(-0.203784 -0.0596842 0)
(-0.2024 -0.080001 0)
(-0.200263 -0.100157 0)
(-0.197285 -0.12 0)
(-0.19337 -0.139343 0)
(-0.188415 -0.157957 0)
(-0.182315 -0.175565 0)
(-0.174972 -0.191841 0)
(-0.166303 -0.206403 0)
(-0.156251 -0.21882 0)
(-0.1448 -0.228607 0)
(-0.131988 -0.235241 0)
(-0.117922 -0.238169 0)
(-0.102796 -0.236831 0)
(-0.0868992 -0.230682 0)
(-0.0706303 -0.219225 0)
(-0.0544988 -0.202043 0)
(-0.0391228 -0.178841 0)
(-0.025201 -0.149476 0)
(-0.0134671 -0.113984 0)
(-0.0048474 -0.0725963 0)
(-0.00072763 -0.025771 0)
(-0.000671772 0.0263755 0)
(-0.00443763 0.0735834 0)
(-0.0122677 0.114732 0)
(-0.0228596 0.14959 0)
(-0.0353507 0.178157 0)
(-0.0490769 0.200609 0)
(-0.0634252 0.217268 0)
(-0.07787 0.228559 0)
(-0.0919913 0.234978 0)
(-0.105471 0.237051 0)
(-0.118085 0.235311 0)
(-0.129689 0.230274 0)
(-0.14021 0.222423 0)
(-0.149627 0.212198 0)
(-0.157962 0.199991 0)
(-0.165266 0.186143 0)
(-0.171611 0.170947 0)
(-0.177079 0.154645 0)
(-0.181757 0.137441 0)
(-0.18573 0.119498 0)
(-0.189079 0.100944 0)
(-0.191874 0.0818827 0)
(-0.194173 0.0623928 0)
(-0.196021 0.0425374 0)
(-0.197448 0.0223675 0)
(-0.198465 0.00192857 0)
(-0.199067 -0.0187342 0)
(-0.199229 -0.03957 0)
(-0.198908 -0.0605162 0)
(-0.198039 -0.0814922 0)
(-0.196542 -0.102392 0)
(-0.194317 -0.123079 0)
(-0.19125 -0.143377 0)
(-0.187214 -0.163061 0)
(-0.182077 -0.181856 0)
(-0.175707 -0.199427 0)
(-0.167983 -0.215374 0)
(-0.158804 -0.22923 0)
(-0.14811 -0.240467 0)
(-0.135894 -0.248497 0)
(-0.122223 -0.252686 0)
(-0.107257 -0.252377 0)
(-0.0912711 -0.246913 0)
(-0.0746634 -0.235678 0)
(-0.0579696 -0.218138 0)
(-0.0418608 -0.193884 0)
(-0.0271147 -0.162682 0)
(-0.0145657 -0.124509 0)
(-0.00527173 -0.0795719 0)
(-0.000798492 -0.0283531 0)
(-0.000732274 0.028734 0)
(-0.00479865 0.0799158 0)
(-0.0131953 0.124227 0)
(-0.0244564 0.16143 0)
(-0.0375995 0.191566 0)
(-0.0518719 0.21489 0)
(-0.0665938 0.231822 0)
(-0.0811976 0.2429 0)
(-0.0952457 0.248731 0)
(-0.108423 0.249949 0)
(-0.120523 0.247179 0)
(-0.131432 0.241017 0)
(-0.14111 0.232009 0)
(-0.149576 0.220646 0)
(-0.156891 0.207355 0)
(-0.163142 0.192501 0)
(-0.168435 0.17639 0)
(-0.172883 0.159273 0)
(-0.176599 0.141352 0)
(-0.179693 0.122784 0)
(-0.182264 0.10369 0)
(-0.184399 0.084161 0)
(-0.18617 0.0642614 0)
(-0.187633 0.0440381 0)
(-0.188827 0.0235248 0)
(-0.189769 0.00274819 0)
(-0.190459 -0.0182661 0)
(-0.190874 -0.0394876 0)
(-0.19097 -0.0608743 0)
(-0.190679 -0.0823664 0)
(-0.189914 -0.103878 0)
(-0.188562 -0.125291 0)
(-0.186493 -0.146445 0)
(-0.183559 -0.167128 0)
(-0.179597 -0.187071 0)
(-0.174441 -0.205934 0)
(-0.167925 -0.223305 0)
(-0.159903 -0.238691 0)
(-0.150259 -0.251516 0)
(-0.138931 -0.261128 0)
(-0.125933 -0.266806 0)
(-0.111381 -0.267783 0)
(-0.0955156 -0.263277 0)
(-0.0787277 -0.252528 0)
(-0.061571 -0.234853 0)
(-0.044769 -0.209703 0)
(-0.0291865 -0.176723 0)
(-0.0157736 -0.135804 0)
(-0.00574479 -0.0871174 0)
(-0.000878926 -0.0311669 0)
(-0.000803221 0.0312923 0)
(-0.00521455 0.0867363 0)
(-0.0142488 0.13437 0)
(-0.0262402 0.17395 0)
(-0.040061 0.205578 0)
(-0.0548539 0.229609 0)
(-0.069865 0.246594 0)
(-0.0844855 0.257211 0)
(-0.0982666 0.262202 0)
(-0.110906 0.262326 0)
(-0.122228 0.258318 0)
(-0.132159 0.250859 0)
(-0.140706 0.240565 0)
(-0.147935 0.227976 0)
(-0.153953 0.213554 0)
(-0.15889 0.197685 0)
(-0.16289 0.180686 0)
(-0.166098 0.162808 0)
(-0.168656 0.144251 0)
(-0.170697 0.125161 0)
(-0.172338 0.105649 0)
(-0.173685 0.0857876 0)
(-0.174822 0.0656266 0)
(-0.175816 0.0451938 0)
(-0.176714 0.0245032 0)
(-0.177542 0.00356095 0)
(-0.178302 -0.0176292 0)
(-0.178976 -0.0390594 0)
(-0.179519 -0.0607111 0)
(-0.179864 -0.0825482 0)
(-0.179917 -0.104509 0)
(-0.179557 -0.126499 0)
(-0.178638 -0.148379 0)
(-0.176992 -0.169956 0)
(-0.174429 -0.190973 0)
(-0.170744 -0.211097 0)
(-0.165728 -0.229909 0)
(-0.15918 -0.246895 0)
(-0.150921 -0.261438 0)
(-0.140825 -0.272822 0)
(-0.128835 -0.280236 0)
(-0.115006 -0.282794 0)
(-0.0995307 -0.279567 0)
(-0.082772 -0.269626 0)
(-0.0652916 -0.252105 0)
(-0.0478616 -0.226277 0)
(-0.0314404 -0.191626 0)
(-0.0171118 -0.147927 0)
(-0.00627727 -0.0952909 0)
(-0.000971281 -0.0342406 0)
(-0.000887978 0.0340829 0)
(-0.0057016 0.0941144 0)
(-0.0154625 0.145233 0)
(-0.028257 0.187196 0)
(-0.0427785 0.220187 0)
(-0.0580472 0.244701 0)
(-0.0732291 0.261454 0)
(-0.0876776 0.271301 0)
(-0.100944 0.27515 0)
(-0.112754 0.273908 0)
(-0.122977 0.268429 0)
(-0.131596 0.259492 0)
(-0.138678 0.247783 0)
(-0.144347 0.233891 0)
(-0.148761 0.218307 0)
(-0.152101 0.201435 0)
(-0.154549 0.183595 0)
(-0.156286 0.165037 0)
(-0.157481 0.145949 0)
(-0.15829 0.126465 0)
(-0.15885 0.106678 0)
(-0.15928 0.0866437 0)
(-0.159676 0.0663919 0)
(-0.160116 0.0459297 0)
(-0.160654 0.0252497 0)
(-0.161323 0.00433557 0)
(-0.162131 -0.0168322 0)
(-0.163063 -0.0382701 0)
(-0.164079 -0.0599852 0)
(-0.16511 -0.0819682 0)
(-0.16606 -0.104185 0)
(-0.166803 -0.126569 0)
(-0.167182 -0.149008 0)
(-0.16701 -0.171336 0)
(-0.166072 -0.193317 0)
(-0.164128 -0.214632 0)
(-0.160924 -0.234867 0)
(-0.156198 -0.253495 0)
(-0.149704 -0.269869 0)
(-0.141236 -0.283212 0)
(-0.130654 -0.292622 0)
(-0.117928 -0.297087 0)
(-0.10318 -0.295512 0)
(-0.0867241 -0.28677 0)
(-0.0691115 -0.269773 0)
(-0.0511539 -0.243563 0)
(-0.0339069 -0.207417 0)
(-0.0186083 -0.160943 0)
(-0.0068837 -0.104163 0)
(-0.0010788 -0.0376091 0)
(-0.000991278 0.0371485 0)
(-0.006282 0.102139 0)
(-0.0168821 0.156906 0)
(-0.0305647 0.201217 0)
(-0.0458026 0.235376 0)
(-0.0614733 0.260067 0)
(-0.0766587 0.276225 0)
(-0.0906846 0.284924 0)
(-0.10312 0.287275 0)
(-0.113738 0.284356 0)
(-0.122477 0.277156 0)
(-0.129394 0.266556 0)
(-0.134629 0.253312 0)
(-0.138375 0.238056 0)
(-0.140853 0.221305 0)
(-0.142293 0.20347 0)
(-0.14292 0.184868 0)
(-0.14295 0.165739 0)
(-0.142578 0.146253 0)
(-0.141981 0.126529 0)
(-0.141312 0.106637 0)
(-0.1407 0.0866127 0)
(-0.140254 0.0664624 0)
(-0.140058 0.0461715 0)
(-0.140174 0.0257097 0)
(-0.140639 0.00503754 0)
(-0.141469 -0.0158888 0)
(-0.142653 -0.0371114 0)
(-0.144155 -0.0586642 0)
(-0.14591 -0.0805667 0)
(-0.147824 -0.102816 0)
(-0.149767 -0.125376 0)
(-0.151578 -0.14817 0)
(-0.153057 -0.171064 0)
(-0.153968 -0.193852 0)
(-0.154039 -0.216243 0)
(-0.15297 -0.237837 0)
(-0.150441 -0.258111 0)
(-0.146131 -0.276396 0)
(-0.139743 -0.291869 0)
(-0.131036 -0.303541 0)
(-0.119874 -0.310266 0)
(-0.106276 -0.31077 0)
(-0.0904799 -0.303696 0)
(-0.0729968 -0.287686 0)
(-0.054661 -0.261492 0)
(-0.0366248 -0.224112 0)
(-0.0203 -0.174926 0)
(-0.00758397 -0.113818 0)
(-0.00120607 -0.0413166 0)
(-0.0011199 0.0405456 0)
(-0.00698631 0.110924 0)
(-0.0185677 0.169498 0)
(-0.0332355 0.216063 0)
(-0.049189 0.251105 0)
(-0.0651418 0.275564 0)
(-0.0800947 0.290665 0)
(-0.0933638 0.297758 0)
(-0.104563 0.298199 0)
(-0.113544 0.29326 0)
(-0.120338 0.284079 0)
(-0.1251 0.271638 0)
(-0.128059 0.25676 0)
(-0.129488 0.240111 0)
(-0.129675 0.222221 0)
(-0.128903 0.203499 0)
(-0.127441 0.18425 0)
(-0.125533 0.164693 0)
(-0.1234 0.144978 0)
(-0.121234 0.125197 0)
(-0.1192 0.105396 0)
(-0.117436 0.0855858 0)
(-0.116057 0.0657496 0)
(-0.115152 0.045849 0)
(-0.114788 0.0258304 0)
(-0.115006 0.00563061 0)
(-0.115829 -0.0148183 0)
(-0.117251 -0.0355838 0)
(-0.119242 -0.0567275 0)
(-0.121745 -0.0782987 0)
(-0.124669 -0.100327 0)
(-0.127892 -0.122813 0)
(-0.131248 -0.145716 0)
(-0.134535 -0.168944 0)
(-0.1375 -0.192333 0)
(-0.139849 -0.215627 0)
(-0.141242 -0.238461 0)
(-0.141301 -0.260329 0)
(-0.139627 -0.280562 0)
(-0.135825 -0.298302 0)
(-0.129534 -0.312487 0)
(-0.120485 -0.321844 0)
(-0.108564 -0.324904 0)
(-0.0938872 -0.320051 0)
(-0.0768884 -0.305603 0)
(-0.0583937 -0.279948 0)
(-0.0396415 -0.241713 0)
(-0.0222367 -0.18996 0)
(-0.00840586 -0.124363 0)
(-0.00135967 -0.0454196 0)
(-0.00128383 0.0443502 0)
(-0.00785733 0.120618 0)
(-0.0205994 0.183139 0)
(-0.0363582 0.23178 0)
(-0.0529932 0.267293 0)
(-0.0690369 0.290979 0)
(-0.0834223 0.304444 0)
(-0.0954891 0.309386 0)
(-0.104937 0.307449 0)
(-0.111735 0.300124 0)
(-0.116041 0.288705 0)
(-0.118131 0.27427 0)
(-0.118342 0.257695 0)
(-0.117035 0.239668 0)
(-0.114568 0.220717 0)
(-0.111276 0.201232 0)
(-0.107466 0.181495 0)
(-0.10341 0.161696 0)
(-0.0993438 0.141953 0)
(-0.0954705 0.122328 0)
(-0.0919607 0.102839 0)
(-0.0889562 0.0834699 0)
(-0.0865722 0.0641781 0)
(-0.0848997 0.0449015 0)
(-0.084007 0.0255638 0)
(-0.0839407 0.0060789 0)
(-0.0847256 -0.0136441 0)
(-0.0863644 -0.0336974 0)
(-0.0888354 -0.0541692 0)
(-0.09209 -0.0751383 0)
(-0.0960489 -0.0966677 0)
(-0.100598 -0.118796 0)
(-0.105582 -0.141525 0)
(-0.110799 -0.164809 0)
(-0.115995 -0.188534 0)
(-0.120861 -0.212497 0)
(-0.125025 -0.236381 0)
(-0.128062 -0.259719 0)
(-0.129497 -0.281866 0)
(-0.12883 -0.301956 0)
(-0.125569 -0.318873 0)
(-0.119284 -0.331231 0)
(-0.109686 -0.337364 0)
(-0.0967198 -0.335371 0)
(-0.0806856 -0.32319 0)
(-0.0623511 -0.298753 0)
(-0.0430142 -0.260199 0)
(-0.0244848 -0.20614 0)
(-0.00938877 -0.135932 0)
(-0.0015494 -0.049993 0)
(-0.00149825 0.048666 0)
(-0.00895606 0.131414 0)
(-0.0230832 0.197986 0)
(-0.0400372 0.248393 0)
(-0.0572584 0.283794 0)
(-0.0730906 0.305999 0)
(-0.0864333 0.317111 0)
(-0.0967047 0.319264 0)
(-0.103748 0.314435 0)
(-0.107701 0.304355 0)
(-0.108889 0.290466 0)
(-0.107733 0.273931 0)
(-0.104692 0.255657 0)
(-0.100222 0.236332 0)
(-0.094746 0.216458 0)
(-0.088649 0.196395 0)
(-0.0822666 0.176382 0)
(-0.0758875 0.156569 0)
(-0.069756 0.137038 0)
(-0.0640759 0.117813 0)
(-0.059016 0.0988811 0)
(-0.054714 0.0801972 0)
(-0.051281 0.0616932 0)
(-0.0488047 0.0432839 0)
(-0.0473521 0.0248716 0)
(-0.0469706 0.0063497 0)
(-0.0476891 -0.0123939 0)
(-0.0495169 -0.0314732 0)
(-0.0524424 -0.051001 0)
(-0.0564298 -0.071084 0)
(-0.0614153 -0.0918176 0)
(-0.0673012 -0.113278 0)
(-0.0739491 -0.135513 0)
(-0.0811719 -0.158528 0)
(-0.0887253 -0.182267 0)
(-0.0962985 -0.206593 0)
(-0.103507 -0.231254 0)
(-0.109887 -0.25585 0)
(-0.114902 -0.279785 0)
(-0.117949 -0.302221 0)
(-0.118395 -0.322023 0)
(-0.115628 -0.337718 0)
(-0.109138 -0.347461 0)
(-0.0986378 -0.349047 0)
(-0.0842157 -0.339981 0)
(-0.0665048 -0.317634 0)
(-0.0468073 -0.279503 0)
(-0.0271339 -0.223568 0)
(-0.0105897 -0.148696 0)
(-0.00179033 -0.0551374 0)
(-0.00178717 0.0536374 0)
(-0.0103714 0.143563 0)
(-0.0261603 0.214214 0)
(-0.0443892 0.265883 0)
(-0.0619908 0.300356 0)
(-0.0771377 0.320157 0)
(-0.0887651 0.328047 0)
(-0.0964554 0.326686 0)
(-0.100276 0.318432 0)
(-0.100599 0.305253 0)
(-0.0979541 0.288725 0)
(-0.0929351 0.270064 0)
(-0.0861299 0.250176 0)
(-0.0780843 0.229716 0)
(-0.0692834 0.20914 0)
(-0.0601452 0.18875 0)
(-0.0510219 0.168732 0)
(-0.0422053 0.149184 0)
(-0.0339349 0.130141 0)
(-0.0264047 0.111588 0)
(-0.0197714 0.0934772 0)
(-0.0141605 0.0757352 0)
(-0.00967235 0.0582693 0)
(-0.00638607 0.0409731 0)
(-0.00436313 0.0237303 0)
(-0.00364933 0.00641665 0)
(-0.00427579 -0.011097 0)
(-0.00625862 -0.0289432 0)
(-0.00959743 -0.0472551 0)
(-0.0142723 -0.066164 0)
(-0.0202395 -0.0857946 0)
(-0.027425 -0.10626 0)
(-0.0357169 -0.127651 0)
(-0.0449552 -0.150029 0)
(-0.0549203 -0.173403 0)
(-0.0653198 -0.19771 0)
(-0.075775 -0.222785 0)
(-0.085809 -0.248315 0)
(-0.0948388 -0.273793 0)
(-0.102177 -0.29845 0)
(-0.107052 -0.321181 0)
(-0.108651 -0.340474 0)
(-0.106206 -0.35434 0)
(-0.0991259 -0.360283 0)
(-0.0871854 -0.355329 0)
(-0.0707693 -0.336175 0)
(-0.0510848 -0.299484 0)
(-0.0303033 -0.242346 0)
(-0.0120932 -0.162876 0)
(-0.00210657 -0.0609924 0)
(-0.0021903 0.0594706 0)
(-0.0122362 0.157395 0)
(-0.0300154 0.232006 0)
(-0.0495256 0.284138 0)
(-0.0671093 0.316549 0)
(-0.0808368 0.332769 0)
(-0.0898032 0.336409 0)
(-0.0938848 0.330753 0)
(-0.0934788 0.318558 0)
(-0.0892596 0.302015 0)
(-0.0820065 0.282788 0)
(-0.0724962 0.262096 0)
(-0.0614425 0.240798 0)
(-0.0494688 0.219479 0)
(-0.0371009 0.198515 0)
(-0.0247704 0.17813 0)
(-0.0128257 0.15844 0)
(-0.00154399 0.139482 0)
(0.00885661 0.121237 0)
(0.0182052 0.10365 0)
(0.0263683 0.0866375 0)
(0.0332416 0.0700989 0)
(0.0387428 0.0539196 0)
(0.0428072 0.0379757 0)
(0.0453829 0.0221359 0)
(0.0464288 0.00626341 0)
(0.0459135 -0.00978348 0)
(0.0438147 -0.0261504 0)
(0.0401207 -0.042986 0)
(0.0348334 -0.0604405 0)
(0.0279722 -0.0786631 0)
(0.0195809 -0.0977985 0)
(0.00973536 -0.11798 0)
(-0.00144437 -0.139321 0)
(-0.0137808 -0.161898 0)
(-0.0270218 -0.185732 0)
(-0.0408212 -0.210757 0)
(-0.0547181 -0.236776 0)
(-0.0681171 -0.263403 0)
(-0.0802751 -0.289991 0)
(-0.0903022 -0.31553 0)
(-0.0971891 -0.338542 0)
(-0.0998783 -0.356964 0)
(-0.0974004 -0.368049 0)
(-0.0890983 -0.368336 0)
(-0.0749459 -0.353744 0)
(-0.0558878 -0.319869 0)
(-0.0341488 -0.262557 0)
(-0.0140267 -0.178757 0)
(-0.00253844 -0.0677574 0)
(-0.00277633 0.0664689 0)
(-0.0147528 0.173335 0)
(-0.0348825 0.251516 0)
(-0.0555104 0.302867 0)
(-0.0723497 0.331662 0)
(-0.0835343 0.342834 0)
(-0.0885295 0.341062 0)
(-0.0876858 0.330329 0)
(-0.0818567 0.313779 0)
(-0.0720897 0.293758 0)
(-0.0594365 0.271944 0)
(-0.0448526 0.249487 0)
(-0.0291551 0.22714 0)
(-0.0130142 0.205369 0)
(0.00303599 0.184438 0)
(0.0185801 0.164473 0)
(0.0333005 0.145505 0)
(0.0469574 0.127502 0)
(0.0593722 0.110392 0)
(0.0704121 0.094077 0)
(0.0799786 0.078442 0)
(0.0879975 0.063362 0)
(0.094412 0.048705 0)
(0.0991769 0.0343345 0)
(0.102254 0.02011 0)
(0.103611 0.00588732 0)
(0.103216 -0.00848152 0)
(0.101044 -0.023149 0)
(0.0970703 -0.0382724 0)
(0.0912771 -0.054014 0)
(0.0836569 -0.0705404 0)
(0.0742177 -0.0880208 0)
(0.0629913 -0.106624 0)
(0.0500454 -0.12651 0)
(0.0354981 -0.147821 0)
(0.0195376 -0.170664 0)
(0.00244684 -0.19508 0)
(-0.0153679 -0.221008 0)
(-0.0333443 -0.248221 0)
(-0.0507321 -0.276244 0)
(-0.0665692 -0.304242 0)
(-0.0796795 -0.330868 0)
(-0.088714 -0.354095 0)
(-0.0922682 -0.371029 0)
(-0.0891194 -0.377769 0)
(-0.0786182 -0.369383 0)
(-0.061183 -0.340156 0)
(-0.0388636 -0.284216 0)
(-0.0165869 -0.196706 0)
(-0.00315627 -0.0757274 0)
(-0.00366826 0.0750942 0)
(-0.0182336 0.191924 0)
(-0.0410319 0.272784 0)
(-0.0622557 0.321451 0)
(-0.0770794 0.344544 0)
(-0.0840364 0.348909 0)
(-0.0832878 0.340508 0)
(-0.0758921 0.324033 0)
(-0.0632884 0.302925 0)
(-0.0469439 0.279567 0)
(-0.0281735 0.255532 0)
(-0.00807298 0.231801 0)
(0.0124882 0.208952 0)
(0.0328444 0.187283 0)
(0.0525005 0.166918 0)
(0.0710972 0.147865 0)
(0.0883796 0.130064 0)
(0.104171 0.113411 0)
(0.118352 0.0977839 0)
(0.130842 0.0830453 0)
(0.141588 0.0690541 0)
(0.150555 0.0556674 0)
(0.157717 0.0427421 0)
(0.163053 0.0301353 0)
(0.166543 0.0177037 0)
(0.168164 0.00530264 0)
(0.167889 -0.00721551 0)
(0.165688 -0.0200029 0)
(0.161526 -0.0332176 0)
(0.155366 -0.0470258 0)
(0.147172 -0.0616022 0)
(0.136912 -0.0771312 0)
(0.12457 -0.0938057 0)
(0.11015 -0.111825 0)
(0.0936956 -0.131386 0)
(0.0753091 -0.152675 0)
(0.0551775 -0.175843 0)
(0.0336085 -0.200973 0)
(0.0110742 -0.228022 0)
(-0.0117375 -0.256743 0)
(-0.033869 -0.286551 0)
(-0.0540498 -0.316357 0)
(-0.0706853 -0.344324 0)
(-0.0819219 -0.367588 0)
(-0.0858553 -0.381948 0)
(-0.0809613 -0.381653 0)
(-0.0667449 -0.359452 0)
(-0.0446558 -0.30717 0)
(-0.0200783 -0.217176 0)
(-0.00408673 -0.0853548 0)
(-0.00509111 0.0860759 0)
(-0.0231554 0.213802 0)
(-0.0486971 0.295548 0)
(-0.0692859 0.338676 0)
(-0.079951 0.353367 0)
(-0.0802291 0.348966 0)
(-0.0714376 0.332837 0)
(-0.0555993 0.310265 0)
(-0.0348301 0.284783 0)
(-0.0110012 0.258611 0)
(0.0143785 0.233053 0)
(0.0401614 0.208813 0)
(0.0655119 0.186216 0)
(0.0898442 0.165354 0)
(0.112763 0.146185 0)
(0.13401 0.128595 0)
(0.153431 0.112433 0)
(0.170934 0.0975325 0)
(0.186478 0.0837245 0)
(0.200046 0.0708439 0)
(0.211641 0.0587316 0)
(0.221271 0.0472353 0)
(0.228945 0.0362087 0)
(0.23467 0.0255102 0)
(0.238444 0.015001 0)
(0.240257 0.00454283 0)
(0.240087 -0.00600433 0)
(0.237903 -0.0167847 0)
(0.23366 -0.0279492 0)
(0.227303 -0.0396585 0)
(0.21877 -0.0520855 0)
(0.207989 -0.0654178 0)
(0.194893 -0.0798598 0)
(0.179418 -0.0956335 0)
(0.161524 -0.112978 0)
(0.141207 -0.132141 0)
(0.11853 -0.153372 0)
(0.0936588 -0.176893 0)
(0.0669101 -0.202858 0)
(0.0388233 -0.231275 0)
(0.0102411 -0.261892 0)
(-0.0175972 -0.293999 0)
(-0.0429715 -0.326151 0)
(-0.0636513 -0.355772 0)
(-0.077007 -0.378651 0)
(-0.0803954 -0.388417 0)
(-0.0719022 -0.376201 0)
(-0.0516568 -0.330887 0)
(-0.0249634 -0.24068 0)
(-0.00556143 -0.0973598 0)
(-0.00745251 0.100593 0)
(-0.0302048 0.239602 0)
(-0.0578311 0.318856 0)
(-0.0752211 0.352301 0)
(-0.0782662 0.355321 0)
(-0.0684726 0.340258 0)
(-0.0488649 0.315755 0)
(-0.0226229 0.287338 0)
(0.00748945 0.25827 0)
(0.0393299 0.230324 0)
(0.071357 0.204349 0)
(0.102522 0.180658 0)
(0.132146 0.159265 0)
(0.159817 0.140033 0)
(0.185307 0.122755 0)
(0.208509 0.107201 0)
(0.229395 0.0931439 0)
(0.247982 0.0803682 0)
(0.264317 0.0686757 0)
(0.278456 0.0578854 0)
(0.290458 0.0478326 0)
(0.300377 0.0383661 0)
(0.308259 0.0293456 0)
(0.314136 0.0206389 0)
(0.318026 0.012119 0)
(0.319933 0.00366099 0)
(0.319843 -0.00486054 0)
(0.317721 -0.0135747 0)
(0.313519 -0.0226175 0)
(0.307166 -0.0321351 0)
(0.298575 -0.0422879 0)
(0.287643 -0.053254 0)
(0.274251 -0.0652341 0)
(0.258271 -0.078455 0)
(0.239576 -0.0931739 0)
(0.218049 -0.109679 0)
(0.193609 -0.12829 0)
(0.16624 -0.149343 0)
(0.136049 -0.173171 0)
(0.103329 -0.200047 0)
(0.0686736 -0.230089 0)
(0.0331092 -0.263079 0)
(-0.00173547 -0.298173 0)
(-0.0334641 -0.33342 0)
(-0.0588404 -0.365059 0)
(-0.0739806 -0.386585 0)
(-0.0750033 -0.387758 0)
(-0.0596437 -0.354039 0)
(-0.0318915 -0.267651 0)
(-0.00799633 -0.112909 0)
(-0.0114317 0.12052 0)
(-0.0401706 0.269564 0)
(-0.0674039 0.340317 0)
(-0.0766836 0.358429 0)
(-0.0668549 0.346313 0)
(-0.042687 0.319347 0)
(-0.00935773 0.28682 0)
(0.0288547 0.253805 0)
(0.0688112 0.222771 0)
(0.108412 0.194713 0)
(0.146357 0.169848 0)
(0.181904 0.148022 0)
(0.214681 0.128924 0)
(0.244548 0.112198 0)
(0.271503 0.0974997 0)
(0.295625 0.0845147 0)
(0.317034 0.0729665 0)
(0.335863 0.0626158 0)
(0.352248 0.0532558 0)
(0.366315 0.0447074 0)
(0.378179 0.0368142 0)
(0.387934 0.0294377 0)
(0.395657 0.0224528 0)
(0.401404 0.0157447 0)
(0.405213 0.00920484 0)
(0.407097 0.00272789 0)
(0.407048 -0.00379119 0)
(0.405037 -0.0104604 0)
(0.401009 -0.0173938 0)
(0.394886 -0.0247156 0)
(0.386563 -0.0325638 0)
(0.37591 -0.0410949 0)
(0.36277 -0.05049 0)
(0.346959 -0.0609609 0)
(0.328271 -0.0727574 0)
(0.306483 -0.0861753 0)
(0.281366 -0.101564 0)
(0.252712 -0.119331 0)
(0.220369 -0.139937 0)
(0.184311 -0.16388 0)
(0.144739 -0.191634 0)
(0.10225 -0.223521 0)
(0.0580674 -0.259462 0)
(0.0143568 -0.298488 0)
(-0.0254377 -0.337904 0)
(-0.0563977 -0.371935 0)
(-0.0723392 -0.389821 0)
(-0.0672838 -0.373734 0)
(-0.0415421 -0.297999 0)
(-0.0120665 -0.133842 0)
(-0.0178749 0.148775 0)
(-0.0531374 0.302412 0)
(-0.0735084 0.354692 0)
(-0.0660885 0.350709 0)
(-0.0362353 0.320893 0)
(0.00687187 0.282505 0)
(0.0560387 0.244052 0)
(0.106498 0.209092 0)
(0.155389 0.178689 0)
(0.201176 0.152782 0)
(0.243167 0.130874 0)
(0.281159 0.112356 0)
(0.315219 0.0966445 0)
(0.34555 0.0832328 0)
(0.372411 0.071696 0)
(0.396073 0.0616863 0)
(0.416799 0.05292 0)
(0.434828 0.0451654 0)
(0.450373 0.0382323 0)
(0.463616 0.031962 0)
(0.474711 0.0262207 0)
(0.483787 0.0208934 0)
(0.490941 0.0158787 0)
(0.496247 0.0110853 0)
(0.499754 0.0064284 0)
(0.501486 0.00182656 0)
(0.50144 -0.00280082 0)
(0.49959 -0.00753649 0)
(0.495882 -0.0124683 0)
(0.490236 -0.0176922 0)
(0.482539 -0.0233168 0)
(0.472647 -0.029467 0)
(0.460379 -0.0362908 0)
(0.445515 -0.0439659 0)
(0.427792 -0.0527091 0)
(0.406903 -0.0627878 0)
(0.382496 -0.0745343 0)
(0.354184 -0.0883623 0)
(0.32156 -0.104784 0)
(0.284238 -0.124426 0)
(0.241935 -0.148022 0)
(0.19461 -0.176372 0)
(0.142723 -0.21019 0)
(0.0876375 -0.249738 0)
(0.0322288 -0.294029 0)
(-0.0183685 -0.33923 0)
(-0.0560619 -0.37579 0)
(-0.0701996 -0.384129 0)
(-0.0537014 -0.329893 0)
(-0.0185474 -0.162978 0)
(-0.0268162 0.190276 0)
(-0.0655582 0.33249 0)
(-0.064692 0.351156 0)
(-0.0274645 0.31931 0)
(0.0300836 0.272611 0)
(0.0949111 0.226704 0)
(0.159348 0.18701 0)
(0.219589 0.154395 0)
(0.274103 0.128096 0)
(0.322566 0.106963 0)
(0.365241 0.0899018 0)
(0.402625 0.0760053 0)
(0.435282 0.0645635 0)
(0.463756 0.0550324 0)
(0.488538 0.0469978 0)
(0.510058 0.0401434 0)
(0.528682 0.0342254 0)
(0.544719 0.0290536 0)
(0.558428 0.0244774 0)
(0.570021 0.0203756 0)
(0.579674 0.0166484 0)
(0.587525 0.0132124 0)
(0.593683 0.00999524 0)
(0.598227 0.00693314 0)
(0.601212 0.00396749 0)
(0.602664 0.00104273 0)
(0.602586 -0.00189587 0)
(0.600958 -0.0049044 0)
(0.59773 -0.00804249 0)
(0.592825 -0.0113759 0)
(0.586135 -0.0149794 0)
(0.577518 -0.018941 0)
(0.56679 -0.0233661 0)
(0.553723 -0.0283845 0)
(0.538031 -0.034159 0)
(0.519366 -0.040897 0)
(0.497305 -0.0488667 0)
(0.471338 -0.0584193 0)
(0.440862 -0.0700191 0)
(0.405181 -0.084282 0)
(0.363527 -0.102023 0)
(0.315138 -0.124297 0)
(0.259431 -0.152409 0)
(0.196365 -0.187784 0)
(0.127154 -0.231487 0)
(0.0555197 -0.282837 0)
(-0.0104418 -0.336078 0)
(-0.0564561 -0.37393 0)
(-0.0642047 -0.356877 0)
(-0.027217 -0.205029 0)
(-0.0329737 0.25015 0)
(-0.0617893 0.343651 0)
(-0.0118258 0.310273 0)
(0.0704819 0.251433 0)
(0.158788 0.196218 0)
(0.241743 0.152006 0)
(0.315011 0.118672 0)
(0.377898 0.0939251 0)
(0.431287 0.0754522 0)
(0.476504 0.0614627 0)
(0.514856 0.0506764 0)
(0.547481 0.042201 0)
(0.575323 0.0354177 0)
(0.599146 0.0298938 0)
(0.619564 0.0253219 0)
(0.63707 0.0214802 0)
(0.65206 0.0182051 0)
(0.664851 0.0153734 0)
(0.6757 0.0128907 0)
(0.684812 0.0106827 0)
(0.692352 0.00868974 0)
(0.698449 0.00686277 0)
(0.703202 0.00516013 0)
(0.706684 0.00354543 0)
(0.708945 0.0019857 0)
(0.710012 0.000449958 0)
(0.709888 -0.0010922 0)
(0.708559 -0.00267182 0)
(0.705983 -0.00432202 0)
(0.702098 -0.00607949 0)
(0.69681 -0.00798637 0)
(0.689998 -0.0100927 0)
(0.681499 -0.0124594 0)
(0.671109 -0.015163 0)
(0.658565 -0.0183012 0)
(0.643539 -0.022002 0)
(0.625611 -0.0264363 0)
(0.604253 -0.0318371 0)
(0.578793 -0.038528 0)
(0.548381 -0.0469674 0)
(0.511941 -0.0578154 0)
(0.468144 -0.0720334 0)
(0.415404 -0.091021 0)
(0.352003 -0.116772 0)
(0.276546 -0.151927 0)
(0.189203 -0.199246 0)
(0.0940467 -0.259258 0)
(0.0027292 -0.324118 0)
(-0.056652 -0.361932 0)
(-0.0321406 -0.264022 0)
(0.0010352 0.29478 0)
(0.0166527 0.298407 0)
(0.151932 0.212825 0)
(0.282362 0.14522 0)
(0.387568 0.0996637 0)
(0.470998 0.0699869 0)
(0.536821 0.050788 0)
(0.588886 0.0381332 0)
(0.630522 0.0295038 0)
(0.66427 0.0233933 0)
(0.691968 0.0189092 0)
(0.714945 0.0155121 0)
(0.734173 0.0128666 0)
(0.750371 0.010757 0)
(0.764079 0.00903965 0)
(0.775708 0.00761586 0)
(0.785576 0.0064155 0)
(0.793932 0.0053874 0)
(0.800969 0.00449319 0)
(0.806843 0.00370338 0)
(0.811673 0.00299466 0)
(0.815553 0.00234812 0)
(0.818556 0.00174795 0)
(0.820733 0.00118049 0)
(0.822121 0.000633455 0)
(0.822738 9.54001e-05 0)
(0.82259 -0.00044485 0)
(0.821665 -0.000998733 0)
(0.819936 -0.00157844 0)
(0.817361 -0.00219754 0)
(0.813875 -0.00287174 0)
(0.809394 -0.00361986 0)
(0.803803 -0.00446512 0)
(0.796956 -0.00543702 0)
(0.788663 -0.00657399 0)
(0.77868 -0.00792739 0)
(0.76669 -0.00956755 0)
(0.752277 -0.0115936 0)
(0.73489 -0.0141491 0)
(0.713789 -0.0174497 0)
(0.687965 -0.0218304 0)
(0.656021 -0.0278319 0)
(0.616001 -0.0363581 0)
(0.565155 -0.048959 0)
(0.499776 -0.0682914 0)
(0.41543 -0.098656 0)
(0.307243 -0.146161 0)
(0.170917 -0.217535 0)
(0.0269807 -0.307266 0)
(0.00517349 -0.302959 0)
(0.290227 0.15239 0)
(0.389423 0.12818 0)
(0.565185 0.0746772 0)
(0.682917 0.042193 0)
(0.75248 0.0245171 0)
(0.797542 0.0149053 0)
(0.828843 0.00962658 0)
(0.851531 0.00662955 0)
(0.868628 0.00482825 0)
(0.881945 0.00367216 0)
(0.892581 0.00288284 0)
(0.901232 0.00231485 0)
(0.908363 0.00188847 0)
(0.914299 0.0015575 0)
(0.919273 0.00129358 0)
(0.923457 0.00107837 0)
(0.926981 0.000899417 0)
(0.929943 0.000747935 0)
(0.932421 0.000617512 0)
(0.934476 0.000503317 0)
(0.936152 0.000401604 0)
(0.937488 0.000309379 0)
(0.938509 0.000224173 0)
(0.939236 0.000143874 0)
(0.939682 6.66076e-05 0)
(0.939855 -9.36651e-06 0)
(0.939756 -8.57167e-05 0)
(0.939382 -0.0001642 0)
(0.938721 -0.000246662 0)
(0.937759 -0.000335168 0)
(0.936471 -0.000432138 0)
(0.934824 -0.000540504 0)
(0.932775 -0.000663935 0)
(0.930269 -0.000807168 0)
(0.927232 -0.000976491 0)
(0.923568 -0.00118049 0)
(0.919151 -0.00143129 0)
(0.913813 -0.00174659 0)
(0.907324 -0.00215338 0)
(0.899365 -0.00269503 0)
(0.889475 -0.00344548 0)
(0.876969 -0.0045389 0)
(0.860765 -0.00623369 0)
(0.83907 -0.00905023 0)
(0.808841 -0.014048 0)
(0.764817 -0.0233179 0)
(0.69608 -0.0408213 0)
(0.577957 -0.0737688 0)
(0.397994 -0.128733 0)
(0.293835 -0.153754 0)
)
;

boundaryField
{
    movingWall
    {
        type            fixedValue;
        value           uniform (1 0 0);
    }
    fixedWalls
    {
        type            noSlip;
    }
    frontAndBack
    {
        type            empty;
    }
}


// ************************************************************************* //
