/*--------------------------------*- C++ -*----------------------------------*\
  =========                 |
  \\      /  F ield         | OpenFOAM: The Open Source CFD Toolbox
   \\    /   O peration     | Website:  https://openfoam.org
    \\  /    A nd           | Version:  7
     \\/     M anipulation  |
\*---------------------------------------------------------------------------*/
FoamFile
{
    version     2.0;
    format      ascii;
    class       volVectorField;
    location    "0.0348";
    object      U;
}
// * * * * * * * * * * * * * * * * * * * * * * * * * * * * * * * * * * * * * //

dimensions      [0 1 -1 0 0 0 0];

internalField   nonuniform List<vector> 
2500
(
(-0.293815 0.153735 0)
(-0.397967 0.128731 0)
(-0.577994 0.0737906 0)
(-0.696239 0.0408621 0)
(-0.765147 0.0233726 0)
(-0.80938 0.0141126 0)
(-0.839844 0.00912176 0)
(-0.861793 0.00630974 0)
(-0.878263 0.00461761 0)
(-0.891041 0.00352534 0)
(-0.901203 0.00277474 0)
(-0.909432 0.00223181 0)
(-0.916184 0.00182273 0)
(-0.921775 0.00150423 0)
(-0.926431 0.00124936 0)
(-0.930318 0.0010405 0)
(-0.93356 0.00086556 0)
(-0.936249 0.000716005 0)
(-0.938457 0.000585583 0)
(-0.940237 0.000469599 0)
(-0.941632 0.000364425 0)
(-0.942671 0.00026718 0)
(-0.943378 0.000175503 0)
(-0.943767 8.73947e-05 0)
(-0.943847 1.0959e-06 0)
(-0.943622 -8.50423e-05 0)
(-0.943089 -0.000172578 0)
(-0.942242 -0.00026311 0)
(-0.941068 -0.00035835 0)
(-0.939547 -0.000460225 0)
(-0.937656 -0.000570996 0)
(-0.935359 -0.000693429 0)
(-0.932615 -0.000831022 0)
(-0.929366 -0.000988342 0)
(-0.925541 -0.00117153 0)
(-0.921047 -0.0013891 0)
(-0.915759 -0.00165324 0)
(-0.909513 -0.00198203 0)
(-0.902084 -0.00240364 0)
(-0.893156 -0.00296409 0)
(-0.88227 -0.00374304 0)
(-0.868739 -0.00488596 0)
(-0.851472 -0.00667154 0)
(-0.828664 -0.00965078 0)
(-0.797296 -0.0149106 0)
(-0.75222 -0.0245039 0)
(-0.682694 -0.0421642 0)
(-0.565034 -0.0746396 0)
(-0.389357 -0.128147 0)
(-0.290215 -0.152379 0)
(-0.00517009 0.302936 0)
(-0.0270569 0.30734 0)
(-0.171235 0.217727 0)
(-0.30794 0.146456 0)
(-0.416619 0.0990317 0)
(-0.50155 0.0687279 0)
(-0.567583 0.0494392 0)
(-0.619131 0.0368675 0)
(-0.659884 0.0283583 0)
(-0.692576 0.0223634 0)
(-0.71915 0.0179805 0)
(-0.74099 0.0146697 0)
(-0.759096 0.012097 0)
(-0.774198 0.0100475 0)
(-0.786838 0.00837796 0)
(-0.797423 0.00698992 0)
(-0.806266 0.00581339 0)
(-0.813602 0.00479739 0)
(-0.819616 0.00390385 0)
(-0.82445 0.00310361 0)
(-0.828211 0.00237382 0)
(-0.830981 0.00169606 0)
(-0.832821 0.00105509 0)
(-0.833769 0.000437842 0)
(-0.833853 -0.000167255 0)
(-0.83308 -0.000770938 0)
(-0.831446 -0.00138358 0)
(-0.828933 -0.00201571 0)
(-0.825509 -0.00267856 0)
(-0.821123 -0.00338462 0)
(-0.815711 -0.00414845 0)
(-0.809186 -0.00498757 0)
(-0.801435 -0.00592382 0)
(-0.792318 -0.00698522 0)
(-0.78165 -0.00820862 0)
(-0.769201 -0.00964373 0)
(-0.754668 -0.0113593 0)
(-0.737657 -0.013453 0)
(-0.717648 -0.0160675 0)
(-0.693941 -0.0194181 0)
(-0.665585 -0.0238404 0)
(-0.631268 -0.0298748 0)
(-0.589168 -0.0384158 0)
(-0.536757 -0.0509733 0)
(-0.470713 -0.0700714 0)
(-0.387184 -0.0996521 0)
(-0.28199 -0.145128 0)
(-0.151657 -0.212684 0)
(-0.0165177 -0.298269 0)
(-0.00100449 -0.294715 0)
(0.0321156 0.26407 0)
(0.0564396 0.362248 0)
(-0.00337833 0.324728 0)
(-0.0953345 0.26013 0)
(-0.191296 0.200328 0)
(-0.279578 0.153171 0)
(-0.356077 0.118134 0)
(-0.420592 0.0924627 0)
(-0.474492 0.073521 0)
(-0.519469 0.0593198 0)
(-0.557089 0.0484633 0)
(-0.588664 0.0399929 0)
(-0.615252 0.033251 0)
(-0.637688 0.0277811 0)
(-0.656632 0.0232614 0)
(-0.672599 0.0194602 0)
(-0.685996 0.016208 0)
(-0.697145 0.013378 0)
(-0.706297 0.0108733 0)
(-0.713651 0.00861887 0)
(-0.719359 0.00655466 0)
(-0.723539 0.00463193 0)
(-0.726277 0.00280989 0)
(-0.727635 0.00105336 0)
(-0.727649 -0.000669026 0)
(-0.726334 -0.00238632 0)
(-0.723686 -0.00412667 0)
(-0.71968 -0.00591851 0)
(-0.714273 -0.00779193 0)
(-0.707396 -0.0097802 0)
(-0.69896 -0.0119215 0)
(-0.688847 -0.0142614 0)
(-0.676906 -0.0168556 0)
(-0.66295 -0.0197745 0)
(-0.646742 -0.0231089 0)
(-0.627985 -0.0269782 0)
(-0.606309 -0.0315428 0)
(-0.581247 -0.0370221 0)
(-0.552213 -0.0437215 0)
(-0.51847 -0.0520735 0)
(-0.479102 -0.0626979 0)
(-0.432995 -0.0764903 0)
(-0.378865 -0.094737 0)
(-0.315403 -0.119238 0)
(-0.241732 -0.15232 0)
(-0.158544 -0.196294 0)
(-0.0701607 -0.251308 0)
(0.0120987 -0.310018 0)
(0.0619386 -0.343374 0)
(0.033012 -0.249995 0)
(0.0271654 0.205218 0)
(0.0638636 0.357601 0)
(0.0554901 0.375192 0)
(0.00858514 0.337812 0)
(-0.0584815 0.284956 0)
(-0.131394 0.233906 0)
(-0.202014 0.190422 0)
(-0.266583 0.155193 0)
(-0.32385 0.127165 0)
(-0.373825 0.10492 0)
(-0.417063 0.0871594 0)
(-0.454303 0.0728335 0)
(-0.486288 0.0611321 0)
(-0.513696 0.0514432 0)
(-0.537112 0.043306 0)
(-0.55703 0.0363721 0)
(-0.573859 0.0303758 0)
(-0.587934 0.0251121 0)
(-0.599528 0.0204206 0)
(-0.608861 0.0161737 0)
(-0.616106 0.012268 0)
(-0.6214 0.0086183 0)
(-0.624843 0.00515228 0)
(-0.626509 0.00180721 0)
(-0.626443 -0.00147321 0)
(-0.624665 -0.00474125 0)
(-0.621175 -0.00804738 0)
(-0.615948 -0.0114424 0)
(-0.608937 -0.0149795 0)
(-0.60007 -0.0187168 0)
(-0.589251 -0.0227202 0)
(-0.576357 -0.0270667 0)
(-0.561231 -0.0318492 0)
(-0.543681 -0.0371819 0)
(-0.523475 -0.0432087 0)
(-0.50033 -0.0501135 0)
(-0.473911 -0.0581347 0)
(-0.443822 -0.0675845 0)
(-0.409604 -0.0788744 0)
(-0.370747 -0.0925483 0)
(-0.326722 -0.109319 0)
(-0.27706 -0.1301 0)
(-0.221526 -0.155997 0)
(-0.160461 -0.188177 0)
(-0.0954093 -0.227426 0)
(-0.0301732 -0.272909 0)
(0.0275911 -0.319249 0)
(0.0648718 -0.350846 0)
(0.0656801 -0.332099 0)
(0.0268527 -0.190039 0)
(0.0184774 0.16337 0)
(0.0532521 0.331175 0)
(0.0689493 0.386257 0)
(0.0536854 0.378653 0)
(0.0146039 0.342695 0)
(-0.0375929 0.297963 0)
(-0.0947629 0.254015 0)
(-0.151724 0.214697 0)
(-0.205557 0.18101 0)
(-0.254859 0.152702 0)
(-0.299136 0.129069 0)
(-0.338398 0.109322 0)
(-0.3729 0.0927317 0)
(-0.403004 0.0786801 0)
(-0.429094 0.0666598 0)
(-0.451539 0.056262 0)
(-0.470673 0.0471589 0)
(-0.486787 0.0390869 0)
(-0.500131 0.031833 0)
(-0.510913 0.0252234 0)
(-0.519303 0.0191138 0)
(-0.525437 0.0133832 0)
(-0.52942 0.00792762 0)
(-0.531328 0.00265565 0)
(-0.531212 -0.00251513 0)
(-0.529098 -0.00766146 0)
(-0.52499 -0.0128573 0)
(-0.518868 -0.0181764 0)
(-0.510692 -0.0236954 0)
(-0.500399 -0.0294968 0)
(-0.487904 -0.0356721 0)
(-0.473099 -0.0423264 0)
(-0.45585 -0.0495832 0)
(-0.436001 -0.0575904 0)
(-0.413368 -0.0665287 0)
(-0.387743 -0.0766203 0)
(-0.3589 -0.0881409 0)
(-0.326604 -0.101433 0)
(-0.290636 -0.116916 0)
(-0.250831 -0.135101 0)
(-0.20716 -0.156573 0)
(-0.15986 -0.181952 0)
(-0.109655 -0.211752 0)
(-0.0581004 -0.24606 0)
(-0.00807295 -0.283845 0)
(0.0356583 -0.321594 0)
(0.0659097 -0.350855 0)
(0.0735279 -0.354431 0)
(0.0532011 -0.301972 0)
(0.0179021 -0.148478 0)
(0.011983 0.13449 0)
(0.0410025 0.299969 0)
(0.0657841 0.376924 0)
(0.069496 0.394064 0)
(0.0519012 0.377041 0)
(0.019036 0.343682 0)
(-0.0228583 0.30476 0)
(-0.068807 0.266066 0)
(-0.115313 0.230311 0)
(-0.160163 0.198481 0)
(-0.202093 0.170671 0)
(-0.24047 0.146569 0)
(-0.275058 0.125713 0)
(-0.305854 0.107616 0)
(-0.332984 0.0918238 0)
(-0.356633 0.0779372 0)
(-0.37701 0.0656134 0)
(-0.394318 0.0545624 0)
(-0.408751 0.0445402 0)
(-0.420475 0.0353407 0)
(-0.429639 0.0267885 0)
(-0.436361 0.0187328 0)
(-0.440739 0.011042 0)
(-0.442847 0.0035991 0)
(-0.442735 -0.00370251 0)
(-0.440433 -0.0109622 0)
(-0.435951 -0.0182756 0)
(-0.429281 -0.0257373 0)
(-0.420395 -0.0334443 0)
(-0.409249 -0.0414992 0)
(-0.395783 -0.0500134 0)
(-0.37992 -0.0591115 0)
(-0.361573 -0.0689358 0)
(-0.340643 -0.079651 0)
(-0.317027 -0.0914502 0)
(-0.290625 -0.104561 0)
(-0.261359 -0.119248 0)
(-0.229191 -0.135818 0)
(-0.194164 -0.154614 0)
(-0.156461 -0.175989 0)
(-0.116498 -0.200263 0)
(-0.0750537 -0.227605 0)
(-0.0334634 -0.257818 0)
(0.00614579 -0.289943 0)
(0.0406165 -0.321554 0)
(0.0656624 -0.347634 0)
(0.0761106 -0.358964 0)
(0.0672114 -0.340248 0)
(0.0401554 -0.269171 0)
(0.0114458 -0.120201 0)
(0.00790219 0.113855 0)
(0.0312748 0.270426 0)
(0.0579238 0.35847 0)
(0.0717392 0.393613 0)
(0.0688133 0.393609 0)
(0.0514751 0.372998 0)
(0.0236714 0.342032 0)
(-0.0106494 0.307239 0)
(-0.04819 0.2724 0)
(-0.0864996 0.239487 0)
(-0.1239 0.209366 0)
(-0.159321 0.182271 0)
(-0.192131 0.158099 0)
(-0.221999 0.13659 0)
(-0.248792 0.117425 0)
(-0.272497 0.100276 0)
(-0.293171 0.0848348 0)
(-0.31091 0.0708203 0)
(-0.325825 0.0579841 0)
(-0.338028 0.046107 0)
(-0.347623 0.0349964 0)
(-0.354705 0.0244821 0)
(-0.359352 0.0144127 0)
(-0.361629 0.00465112 0)
(-0.361582 -0.00492819 0)
(-0.359243 -0.014443 0)
(-0.354631 -0.0240061 0)
(-0.347748 -0.0337285 0)
(-0.338587 -0.043722 0)
(-0.327126 -0.0541026 0)
(-0.31334 -0.0649931 0)
(-0.297195 -0.0765264 0)
(-0.278659 -0.0888491 0)
(-0.257706 -0.102124 0)
(-0.234325 -0.11653 0)
(-0.208537 -0.132269 0)
(-0.18041 -0.149555 0)
(-0.150098 -0.168606 0)
(-0.117875 -0.189625 0)
(-0.0841993 -0.212751 0)
(-0.0497952 -0.237978 0)
(-0.0157551 -0.265011 0)
(0.0163404 -0.29303 0)
(0.0443161 -0.320303 0)
(0.0653836 -0.343619 0)
(0.0763477 -0.35752 0)
(0.0741802 -0.353446 0)
(0.0573857 -0.319152 0)
(0.0300955 -0.23937 0)
(0.00745108 -0.100297 0)
(0.00545848 0.0986394 0)
(0.0242789 0.244363 0)
(0.0497376 0.336723 0)
(0.06825 0.383886 0)
(0.0746017 0.397624 0)
(0.0687321 0.389055 0)
(0.0526284 0.367063 0)
(0.0290061 0.338042 0)
(0.000563045 0.306229 0)
(-0.0304073 0.274229 0)
(-0.0621282 0.243511 0)
(-0.0933088 0.214808 0)
(-0.123061 0.188394 0)
(-0.150806 0.164277 0)
(-0.17619 0.142319 0)
(-0.199018 0.122314 0)
(-0.2192 0.104025 0)
(-0.236716 0.0872149 0)
(-0.251586 0.0716564 0)
(-0.263857 0.0571379 0)
(-0.273581 0.0434655 0)
(-0.280819 0.0304622 0)
(-0.285624 0.0179663 0)
(-0.288044 0.00582945 0)
(-0.288122 -0.00608637 0)
(-0.285887 -0.0179109 0)
(-0.281366 -0.0297681 0)
(-0.274574 -0.041779 0)
(-0.265523 -0.0540633 0)
(-0.254221 -0.0667421 0)
(-0.240678 -0.0799402 0)
(-0.224907 -0.0937873 0)
(-0.206935 -0.108419 0)
(-0.186809 -0.123979 0)
(-0.16461 -0.140614 0)
(-0.140467 -0.15847 0)
(-0.114581 -0.177681 0)
(-0.0872577 -0.198352 0)
(-0.0589416 -0.220517 0)
(-0.0302694 -0.244083 0)
(-0.0021268 -0.268739 0)
(0.0242903 -0.293801 0)
(0.047428 -0.317997 0)
(0.0653755 -0.339155 0)
(0.0759843 -0.353804 0)
(0.0772071 -0.356736 0)
(0.067713 -0.340683 0)
(0.0479647 -0.296409 0)
(0.0229401 -0.213866 0)
(0.00507266 -0.0858549 0)
(0.00397596 0.0870003 0)
(0.0193312 0.221863 0)
(0.0425494 0.314566 0)
(0.062724 0.369175 0)
(0.0745665 0.393301 0)
(0.0767012 0.395117 0)
(0.0697018 0.381891 0)
(0.0551719 0.359401 0)
(0.0350914 0.331878 0)
(0.0113847 0.30222 0)
(-0.014289 0.272294 0)
(-0.0406004 0.243219 0)
(-0.0665399 0.215605 0)
(-0.0913734 0.189724 0)
(-0.114588 0.16564 0)
(-0.135841 0.143287 0)
(-0.154915 0.122533 0)
(-0.17168 0.103207 0)
(-0.186072 0.0851251 0)
(-0.198065 0.0681025 0)
(-0.207662 0.0519595 0)
(-0.214879 0.0365254 0)
(-0.219745 0.0216394 0)
(-0.222288 0.0071505 0)
(-0.222539 -0.00708327 0)
(-0.220529 -0.0211964 0)
(-0.216287 -0.035317 0)
(-0.209841 -0.0495688 0)
(-0.201224 -0.064072 0)
(-0.190469 -0.0789448 0)
(-0.177623 -0.094304 0)
(-0.162744 -0.110266 0)
(-0.145913 -0.126943 0)
(-0.127244 -0.144445 0)
(-0.106895 -0.16287 0)
(-0.0850859 -0.182296 0)
(-0.0621181 -0.202764 0)
(-0.0384015 -0.22425 0)
(-0.0144842 -0.246625 0)
(0.00891308 -0.269587 0)
(0.0308658 -0.292574 0)
(0.0502242 -0.314624 0)
(0.0656212 -0.334204 0)
(0.0755421 -0.348983 0)
(0.0785056 -0.355588 0)
(0.073418 -0.349413 0)
(0.0600923 -0.324604 0)
(0.0399823 -0.274435 0)
(0.0179021 -0.192435 0)
(0.00363152 -0.0750059 0)
(0.00303807 0.077769 0)
(0.0157792 0.202489 0)
(0.0365744 0.293323 0)
(0.0567993 0.352123 0)
(0.0716293 0.383725 0)
(0.0790924 0.393999 0)
(0.078855 0.388679 0)
(0.0716521 0.372723 0)
(0.0587892 0.350069 0)
(0.0417491 0.323646 0)
(0.0219533 0.295522 0)
(0.000643902 0.267076 0)
(-0.0211576 0.239178 0)
(-0.0426486 0.212332 0)
(-0.0632205 0.186792 0)
(-0.0824268 0.162643 0)
(-0.0999499 0.139866 0)
(-0.115572 0.118374 0)
(-0.129148 0.0980424 0)
(-0.140591 0.0787287 0)
(-0.14985 0.0602809 0)
(-0.156903 0.0425465 0)
(-0.161747 0.025376 0)
(-0.16439 0.00862549 0)
(-0.164853 -0.00784308 0)
(-0.163161 -0.0241611 0)
(-0.159347 -0.0404536 0)
(-0.153448 -0.0568397 0)
(-0.145515 -0.0734327 0)
(-0.135605 -0.0903402 0)
(-0.123796 -0.107663 0)
(-0.110185 -0.125495 0)
(-0.0948988 -0.143917 0)
(-0.0781056 -0.162995 0)
(-0.0600232 -0.182771 0)
(-0.0409357 -0.203247 0)
(-0.0212102 -0.224369 0)
(-0.0013154 -0.245993 0)
(0.0181578 -0.267844 0)
(0.0364796 -0.289455 0)
(0.052772 -0.310083 0)
(0.0660184 -0.328604 0)
(0.0751075 -0.343381 0)
(0.0789342 -0.352121 0)
(0.0765922 -0.351756 0)
(0.067683 -0.338397 0)
(0.0527019 -0.307481 0)
(0.0334875 -0.254206 0)
(0.0142957 -0.174458 0)
(0.0027201 -0.0665755 0)
(0.00241269 0.0702252 0)
(0.0131577 0.185728 0)
(0.0316744 0.273526 0)
(0.0511359 0.334286 0)
(0.0673526 0.371036 0)
(0.0781824 0.38793 0)
(0.0827707 0.389387 0)
(0.0812355 0.379517 0)
(0.0743236 0.361821 0)
(0.0630901 0.339087 0)
(0.0486724 0.313422 0)
(0.0321535 0.286347 0)
(0.0144897 0.258909 0)
(-0.00351668 0.231795 0)
(-0.0212183 0.205424 0)
(-0.0381089 0.180021 0)
(-0.0538029 0.155681 0)
(-0.0680147 0.132408 0)
(-0.080538 0.110147 0)
(-0.091229 0.0888059 0)
(-0.0999915 0.0682729 0)
(-0.106766 0.0484232 0)
(-0.11152 0.0291281 0)
(-0.114243 0.0102588 0)
(-0.114941 -0.00831056 0)
(-0.113634 -0.0267011 0)
(-0.110354 -0.0450277 0)
(-0.105148 -0.0633984 0)
(-0.098077 -0.081913 0)
(-0.0892198 -0.100662 0)
(-0.078677 -0.119723 0)
(-0.0665769 -0.139161 0)
(-0.0530819 -0.159021 0)
(-0.0383978 -0.179321 0)
(-0.0227831 -0.200041 0)
(-0.00656108 -0.221112 0)
(0.00986847 -0.24239 0)
(0.0260171 -0.263627 0)
(0.0412983 -0.284434 0)
(0.0550238 -0.304222 0)
(0.0664125 -0.322141 0)
(0.0746187 -0.336998 0)
(0.078794 -0.347168 0)
(0.0781958 -0.35052 0)
(0.0723612 -0.344376 0)
(0.0613523 -0.325551 0)
(0.046019 -0.290556 0)
(0.028248 -0.236005 0)
(0.0116443 -0.159308 0)
(0.00211344 -0.0598392 0)
(0.00197278 0.0639175 0)
(0.0111599 0.171129 0)
(0.0276354 0.255333 0)
(0.0459488 0.316564 0)
(0.0625464 0.356683 0)
(0.0753444 0.378597 0)
(0.0832314 0.38566 0)
(0.0859213 0.381204 0)
(0.0837347 0.368244 0)
(0.0773563 0.349322 0)
(0.067642 0.326478 0)
(0.0554848 0.301274 0)
(0.0417304 0.274859 0)
(0.027132 0.248048 0)
(0.0123305 0.22139 0)
(-0.00214594 0.195232 0)
(-0.0158749 0.169775 0)
(-0.0285262 0.145111 0)
(-0.0398483 0.121259 0)
(-0.0496544 0.0981841 0)
(-0.0578102 0.0758196 0)
(-0.0642235 0.0540768 0)
(-0.0688363 0.032855 0)
(-0.0716181 0.0120481 0)
(-0.0725612 -0.00845109 0)
(-0.0716785 -0.0287467 0)
(-0.0690009 -0.0489377 0)
(-0.0645785 -0.0691151 0)
(-0.058481 -0.0893595 0)
(-0.0508005 -0.109739 0)
(-0.0416548 -0.130305 0)
(-0.0311929 -0.151089 0)
(-0.0196002 -0.172096 0)
(-0.00710582 -0.193295 0)
(0.00600983 -0.21461 0)
(0.0194072 -0.235903 0)
(0.0326803 -0.256954 0)
(0.0453511 -0.277433 0)
(0.0568692 -0.296865 0)
(0.0666181 -0.314588 0)
(0.0739348 -0.329701 0)
(0.0781492 -0.341014 0)
(0.0786499 -0.34699 0)
(0.0749854 -0.34572 0)
(0.0670087 -0.334929 0)
(0.0550599 -0.31206 0)
(0.0401324 -0.274479 0)
(0.0239938 -0.219815 0)
(0.00963568 -0.14646 0)
(0.00168846 -0.0543394 0)
(0.00164769 0.0585529 0)
(0.00958734 0.158331 0)
(0.0242593 0.238736 0)
(0.0412626 0.299468 0)
(0.057614 0.341633 0)
(0.0713959 0.367248 0)
(0.0814084 0.378829 0)
(0.087123 0.379036 0)
(0.0885558 0.370408 0)
(0.0860936 0.355199 0)
(0.0803402 0.33531 0)
(0.0719969 0.312271 0)
(0.061778 0.287272 0)
(0.0503572 0.261203 0)
(0.0383376 0.234707 0)
(0.0262381 0.208231 0)
(0.0144923 0.182065 0)
(0.00345271 0.156384 0)
(-0.00660047 0.131277 0)
(-0.0154503 0.10677 0)
(-0.0229337 0.0828437 0)
(-0.0289323 0.0594509 0)
(-0.0333662 0.0365241 0)
(-0.0361872 0.0139851 0)
(-0.0373748 -0.00824885 0)
(-0.0369333 -0.0302601 0)
(-0.0348901 -0.0521264 0)
(-0.0312954 -0.0739172 0)
(-0.0262228 -0.0956902 0)
(-0.0197715 -0.117487 0)
(-0.0120694 -0.13933 0)
(-0.00327618 -0.161216 0)
(0.00641108 -0.183109 0)
(0.0167536 -0.204932 0)
(0.0274654 -0.226557 0)
(0.038209 -0.247787 0)
(0.048592 -0.268341 0)
(0.0581677 -0.287826 0)
(0.0664401 -0.305713 0)
(0.0728777 -0.321303 0)
(0.0769386 -0.33369 0)
(0.0781129 -0.341733 0)
(0.0759857 -0.344025 0)
(0.070324 -0.338898 0)
(0.0611901 -0.324454 0)
(0.0490714 -0.298668 0)
(0.0349791 -0.259567 0)
(0.0204911 -0.205502 0)
(0.00806738 -0.135499 0)
(0.00137646 -0.0497775 0)
(0.00139685 0.0539351 0)
(0.00831069 0.147057 0)
(0.021386 0.223664 0)
(0.0370284 0.283286 0)
(0.0527427 0.326537 0)
(0.0668183 0.354799 0)
(0.0780669 0.369943 0)
(0.0858326 0.374071 0)
(0.0899273 0.369288 0)
(0.0905119 0.357552 0)
(0.0879788 0.340587 0)
(0.082853 0.319846 0)
(0.0757144 0.296507 0)
(0.0671428 0.271495 0)
(0.0576826 0.245514 0)
(0.0478223 0.219082 0)
(0.0379855 0.192564 0)
(0.0285289 0.166207 0)
(0.0197455 0.140164 0)
(0.0118702 0.114519 0)
(0.00508555 0.0893031 0)
(-0.000471229 0.0645107 0)
(-0.00470254 0.0401111 0)
(-0.00754541 0.0160577 0)
(-0.00896752 -0.00770397 0)
(-0.00896442 -0.0312305 0)
(-0.00755783 -0.0545749 0)
(-0.00479504 -0.0777818 0)
(-0.000749362 -0.100883 0)
(0.00447853 -0.123892 0)
(0.0107584 -0.146801 0)
(0.0179277 -0.16957 0)
(0.0257883 -0.192127 0)
(0.0341033 -0.214352 0)
(0.042594 -0.236069 0)
(0.0509385 -0.257034 0)
(0.058772 -0.276919 0)
(0.0656909 -0.295289 0)
(0.0712623 -0.311585 0)
(0.0750413 -0.325098 0)
(0.0765981 -0.33495 0)
(0.0755591 -0.340076 0)
(0.0716623 -0.339216 0)
(0.064829 -0.330935 0)
(0.0552486 -0.313673 0)
(0.0434687 -0.285838 0)
(0.0304475 -0.245961 0)
(0.0175551 -0.192905 0)
(0.00680654 -0.126111 0)
(0.00113769 -0.0459518 0)
(0.00119594 0.0499282 0)
(0.00724428 0.137095 0)
(0.0188926 0.21003 0)
(0.0331761 0.268178 0)
(0.0480085 0.311831 0)
(0.0618922 0.341917 0)
(0.0737062 0.35982 0)
(0.0827451 0.367184 0)
(0.0886941 0.365738 0)
(0.0915511 0.357157 0)
(0.0915407 0.342978 0)
(0.0890354 0.324544 0)
(0.0844886 0.302989 0)
(0.0783832 0.27924 0)
(0.0711945 0.254033 0)
(0.0633664 0.227932 0)
(0.0552973 0.201361 0)
(0.0473336 0.174626 0)
(0.0397682 0.147938 0)
(0.0328426 0.121431 0)
(0.02675 0.0951865 0)
(0.0216399 0.0692402 0)
(0.0176224 0.0435993 0)
(0.0147722 0.0182509 0)
(0.013132 -0.00682914 0)
(0.012715 -0.0316693 0)
(0.0135064 -0.0562954 0)
(0.0154644 -0.0807255 0)
(0.0185199 -0.104964 0)
(0.0225758 -0.128995 0)
(0.0275054 -0.15278 0)
(0.033151 -0.176247 0)
(0.0393216 -0.199287 0)
(0.0457912 -0.221741 0)
(0.0522981 -0.243396 0)
(0.0585455 -0.26397 0)
(0.064204 -0.283099 0)
(0.0689192 -0.300323 0)
(0.0723223 -0.315072 0)
(0.0740496 -0.326648 0)
(0.0737684 -0.334218 0)
(0.0712147 -0.336807 0)
(0.0662397 -0.333304 0)
(0.0588661 -0.322489 0)
(0.0493512 -0.303088 0)
(0.0382464 -0.273855 0)
(0.0264217 -0.233706 0)
(0.0150448 -0.181868 0)
(0.00576413 -0.118056 0)
(0.00094808 -0.0427226 0)
(0.00102971 0.0464359 0)
(0.00632994 0.128285 0)
(0.0166867 0.197748 0)
(0.0296358 0.25423 0)
(0.043432 0.297809 0)
(0.0567797 0.329093 0)
(0.0686535 0.349092 0)
(0.0783492 0.359088 0)
(0.0854825 0.360488 0)
(0.0899401 0.354712 0)
(0.0918193 0.34311 0)
(0.0913669 0.326905 0)
(0.0889242 0.307165 0)
(0.0848811 0.284794 0)
(0.0796411 0.260535 0)
(0.0735957 0.234982 0)
(0.0671083 0.208599 0)
(0.0605043 0.181738 0)
(0.0540661 0.154657 0)
(0.0480326 0.127539 0)
(0.0425997 0.100507 0)
(0.0379227 0.0736393 0)
(0.0341196 0.0469795 0)
(0.0312736 0.0205487 0)
(0.0294361 -0.00564635 0)
(0.0286285 -0.0316047 0)
(0.0288438 -0.0573243 0)
(0.0300475 -0.0827954 0)
(0.032178 -0.107995 0)
(0.0351457 -0.132878 0)
(0.0388328 -0.157377 0)
(0.0430921 -0.181388 0)
(0.0477462 -0.204769 0)
(0.0525868 -0.227331 0)
(0.0573757 -0.248827 0)
(0.0618467 -0.268945 0)
(0.0657104 -0.287298 0)
(0.068662 -0.303413 0)
(0.0703939 -0.316722 0)
(0.070614 -0.326552 0)
(0.06907 -0.332123 0)
(0.0655818 -0.332554 0)
(0.0600796 -0.326872 0)
(0.0526473 -0.314049 0)
(0.0435679 -0.293047 0)
(0.0333623 -0.262898 0)
(0.022797 -0.222804 0)
(0.0128539 -0.172256 0)
(0.00487902 -0.111155 0)
(0.00079242 -0.0399909 0)
(0.000888215 0.0433884 0)
(0.00552728 0.120506 0)
(0.014699 0.186741 0)
(0.0263458 0.241486 0)
(0.0390073 0.284677 0)
(0.0515728 0.316687 0)
(0.0631245 0.338251 0)
(0.0729908 0.350358 0)
(0.0807588 0.354151 0)
(0.086245 0.350825 0)
(0.0894544 0.341556 0)
(0.0905343 0.327443 0)
(0.089731 0.309479 0)
(0.0873501 0.288527 0)
(0.083725 0.265321 0)
(0.0791926 0.240467 0)
(0.0740756 0.214455 0)
(0.0686709 0.18767 0)
(0.0632432 0.160411 0)
(0.0580211 0.132899 0)
(0.0531967 0.105297 0)
(0.0489256 0.0777209 0)
(0.0453293 0.0502489 0)
(0.0424964 0.0229348 0)
(0.0404847 -0.00418379 0)
(0.0393234 -0.0310769 0)
(0.0390134 -0.0577146 0)
(0.0395293 -0.0840601 0)
(0.0408188 -0.110063 0)
(0.0428034 -0.135651 0)
(0.0453778 -0.160728 0)
(0.0484099 -0.185162 0)
(0.0517402 -0.208783 0)
(0.0551832 -0.231373 0)
(0.0585281 -0.252659 0)
(0.0615422 -0.272309 0)
(0.0639768 -0.289919 0)
(0.065575 -0.305012 0)
(0.0660844 -0.317029 0)
(0.0652736 -0.32533 0)
(0.0629542 -0.329191 0)
(0.0590075 -0.327821 0)
(0.0534149 -0.320372 0)
(0.0462914 -0.305978 0)
(0.0379168 -0.283796 0)
(0.0287617 -0.253075 0)
(0.019485 -0.213236 0)
(0.0109024 -0.16396 0)
(0.00410832 -0.105274 0)
(0.00066069 -0.0376856 0)
(0.000764712 0.0407343 0)
(0.00480767 0.113666 0)
(0.0128778 0.176946 0)
(0.0232544 0.229969 0)
(0.034718 0.272574 0)
(0.0463235 0.304968 0)
(0.0572635 0.327674 0)
(0.0669178 0.341455 0)
(0.0748735 0.347236 0)
(0.0809082 0.346019 0)
(0.0849636 0.338824 0)
(0.0871114 0.326631 0)
(0.0875198 0.310352 0)
(0.0864213 0.290803 0)
(0.0840846 0.268695 0)
(0.0807925 0.244634 0)
(0.0768248 0.219123 0)
(0.0724461 0.192572 0)
(0.0678976 0.165308 0)
(0.0633924 0.137586 0)
(0.0591134 0.109603 0)
(0.055212 0.0815071 0)
(0.051809 0.0534091 0)
(0.0489954 0.0253934 0)
(0.046834 -0.00247333 0)
(0.0453601 -0.0301335 0)
(0.044583 -0.0575305 0)
(0.0444866 -0.0846013 0)
(0.0450301 -0.11127 0)
(0.0461478 -0.137438 0)
(0.0477501 -0.162985 0)
(0.0497226 -0.187752 0)
(0.0519277 -0.211545 0)
(0.0542046 -0.234121 0)
(0.0563724 -0.255189 0)
(0.058233 -0.274397 0)
(0.059577 -0.291335 0)
(0.0601919 -0.305525 0)
(0.0598733 -0.316425 0)
(0.0584401 -0.323426 0)
(0.0557524 -0.32586 0)
(0.0517339 -0.323017 0)
(0.046396 -0.314157 0)
(0.0398621 -0.29855 0)
(0.0323902 -0.27551 0)
(0.0243897 -0.244458 0)
(0.0164136 -0.204978 0)
(0.00912969 -0.156891 0)
(0.00342128 -0.100311 0)
(0.000546059 -0.0357551 0)
(0.000654494 0.0384354 0)
(0.00415039 0.107694 0)
(0.0111838 0.168311 0)
(0.0203198 0.219688 0)
(0.0305441 0.2616 0)
(0.0410602 0.294135 0)
(0.0511682 0.317655 0)
(0.0603105 0.332749 0)
(0.0680932 0.340162 0)
(0.0742786 0.340737 0)
(0.078768 0.335355 0)
(0.0815784 0.32489 0)
(0.0828163 0.310172 0)
(0.0826521 0.291965 0)
(0.081297 0.270952 0)
(0.0789829 0.247729 0)
(0.0759469 0.222803 0)
(0.072419 0.196599 0)
(0.068614 0.169465 0)
(0.0647256 0.141684 0)
(0.0609233 0.113478 0)
(0.0573504 0.0850257 0)
(0.0541239 0.0564656 0)
(0.0513346 0.0279097 0)
(0.049048 -0.000548589 0)
(0.0473046 -0.0288261 0)
(0.0461214 -0.0568415 0)
(0.0454923 -0.0845077 0)
(0.0453884 -0.111725 0)
(0.0457587 -0.138372 0)
(0.0465307 -0.164304 0)
(0.0476102 -0.189342 0)
(0.0488826 -0.213267 0)
(0.0502142 -0.23582 0)
(0.0514541 -0.25669 0)
(0.0524384 -0.275516 0)
(0.0529951 -0.291881 0)
(0.0529514 -0.305312 0)
(0.0521442 -0.315281 0)
(0.0504322 -0.321212 0)
(0.0477114 -0.322488 0)
(0.0439327 -0.318466 0)
(0.0391206 -0.308501 0)
(0.0333915 -0.291971 0)
(0.0269693 -0.268317 0)
(0.0201963 -0.237092 0)
(0.0135246 -0.198005 0)
(0.00749003 -0.150979 0)
(0.00279549 -0.0961914 0)
(0.000443737 -0.0341616 0)
(0.000554186 0.0364629 0)
(0.0035402 0.102535 0)
(0.00958742 0.160792 0)
(0.0175083 0.210646 0)
(0.0264665 0.251828 0)
(0.0357981 0.284338 0)
(0.0449067 0.308422 0)
(0.0533025 0.324531 0)
(0.0606236 0.333269 0)
(0.0666341 0.335346 0)
(0.0712133 0.331526 0)
(0.0743402 0.322585 0)
(0.0760743 0.30928 0)
(0.0765351 0.292324 0)
(0.0758837 0.272366 0)
(0.0743054 0.249985 0)
(0.0719964 0.225688 0)
(0.069152 0.199906 0)
(0.0659587 0.173002 0)
(0.0625882 0.145277 0)
(0.0591938 0.116979 0)
(0.0559076 0.0883067 0)
(0.0528402 0.0594249 0)
(0.0500795 0.0304693 0)
(0.047692 0.00155651 0)
(0.0457222 -0.0272073 0)
(0.0441941 -0.0557187 0)
(0.0431111 -0.0838689 0)
(0.042457 -0.111537 0)
(0.0421961 -0.138582 0)
(0.0422738 -0.164838 0)
(0.0426173 -0.190106 0)
(0.0431361 -0.214151 0)
(0.0437238 -0.236695 0)
(0.0442597 -0.257415 0)
(0.0446127 -0.27594 0)
(0.0446454 -0.29185 0)
(0.0442204 -0.304677 0)
(0.0432092 -0.313908 0)
(0.0415019 -0.318995 0)
(0.0390196 -0.319363 0)
(0.0357286 -0.314427 0)
(0.0316542 -0.303616 0)
(0.0268945 -0.286397 0)
(0.0216316 -0.26231 0)
(0.0161387 -0.231008 0)
(0.0107717 -0.192295 0)
(0.00594836 -0.146171 0)
(0.00221435 -0.0928588 0)
(0.00035028 -0.0328777 0)
(0.000461302 0.0347952 0)
(0.00296565 0.0981492 0)
(0.00806579 0.154357 0)
(0.014793 0.202841 0)
(0.0224675 0.243306 0)
(0.0305451 0.27569 0)
(0.0385275 0.30015 0)
(0.0459951 0.317032 0)
(0.0526265 0.326831 0)
(0.0581996 0.330148 0)
(0.0625861 0.32765 0)
(0.0657408 0.32003 0)
(0.0676883 0.307978 0)
(0.0685073 0.292157 0)
(0.0683161 0.273183 0)
(0.0672588 0.251617 0)
(0.0654927 0.227957 0)
(0.0631795 0.202637 0)
(0.0604768 0.17603 0)
(0.0575327 0.148449 0)
(0.0544822 0.120159 0)
(0.051444 0.0913795 0)
(0.0485198 0.0622937 0)
(0.0457928 0.0330578 0)
(0.0433285 0.0038085 0)
(0.0411743 -0.0253286 0)
(0.03936 -0.0542309 0)
(0.0378983 -0.0827713 0)
(0.0367854 -0.11081 0)
(0.036001 -0.13819 0)
(0.0355091 -0.164726 0)
(0.0352584 -0.190205 0)
(0.0351829 -0.214375 0)
(0.0352034 -0.236945 0)
(0.0352288 -0.257581 0)
(0.035159 -0.275904 0)
(0.0348886 -0.291491 0)
(0.0343118 -0.303877 0)
(0.0333288 -0.312564 0)
(0.0318541 -0.317024 0)
(0.0298258 -0.316716 0)
(0.0272162 -0.311101 0)
(0.0240426 -0.299666 0)
(0.0203771 -0.281947 0)
(0.0163554 -0.257557 0)
(0.0121807 -0.226227 0)
(0.00811803 -0.187833 0)
(0.00447772 -0.142429 0)
(0.00166534 -0.0902726 0)
(0.000263153 -0.0318835 0)
(0.000373969 0.0334157 0)
(0.00241795 0.0945034 0)
(0.00660104 0.148977 0)
(0.012152 0.196271 0)
(0.0185316 0.236072 0)
(0.0253048 0.268274 0)
(0.0320661 0.292972 0)
(0.0384668 0.310432 0)
(0.0442313 0.321065 0)
(0.0491601 0.325387 0)
(0.0531276 0.323985 0)
(0.0560756 0.317483 0)
(0.0580037 0.306515 0)
(0.0589586 0.291697 0)
(0.0590228 0.273615 0)
(0.0583033 0.252809 0)
(0.0569223 0.229768 0)
(0.0550087 0.204922 0)
(0.0526915 0.178649 0)
(0.0500946 0.151272 0)
(0.047333 0.123068 0)
(0.0445103 0.0942692 0)
(0.0417175 0.0650761 0)
(0.0390313 0.0356604 0)
(0.0365146 0.00617476 0)
(0.034216 -0.0232391 0)
(0.0321705 -0.0524432 0)
(0.0303992 -0.0812949 0)
(0.02891 -0.10964 0)
(0.027698 -0.137306 0)
(0.0267457 -0.164096 0)
(0.0260231 -0.189781 0)
(0.0254886 -0.214097 0)
(0.0250899 -0.236742 0)
(0.0247643 -0.257372 0)
(0.0244416 -0.275602 0)
(0.0240459 -0.291005 0)
(0.0234992 -0.303119 0)
(0.0227265 -0.311452 0)
(0.0216611 -0.315493 0)
(0.0202519 -0.314725 0)
(0.0184706 -0.308644 0)
(0.0163202 -0.296776 0)
(0.0138419 -0.278708 0)
(0.0111215 -0.25411 0)
(0.008293 -0.222767 0)
(0.00553449 -0.184606 0)
(0.0030571 -0.139724 0)
(0.0011389 -0.0884036 0)
(0.00018045 -0.0311649 0)
(0.000290725 0.0323123 0)
(0.00189017 0.091574 0)
(0.00517886 0.144633 0)
(0.00956759 0.190933 0)
(0.0146455 0.230151 0)
(0.0200783 0.262153 0)
(0.0255493 0.286988 0)
(0.0307799 0.304867 0)
(0.0355437 0.316138 0)
(0.0396701 0.321252 0)
(0.0430438 0.320735 0)
(0.0456016 0.315154 0)
(0.0473265 0.305095 0)
(0.0482403 0.291138 0)
(0.0483952 0.273839 0)
(0.0478659 0.253718 0)
(0.0467421 0.231252 0)
(0.0451216 0.206868 0)
(0.0431053 0.180944 0)
(0.0407923 0.153808 0)
(0.038277 0.125743 0)
(0.0356466 0.0969949 0)
(0.0329795 0.0677726 0)
(0.0303445 0.0382605 0)
(0.0278004 0.00862345 0)
(0.0253958 -0.0209849 0)
(0.0231693 -0.0504145 0)
(0.0211496 -0.0795113 0)
(0.019356 -0.10811 0)
(0.017798 -0.136026 0)
(0.016476 -0.163052 0)
(0.0153816 -0.188949 0)
(0.0144968 -0.213443 0)
(0.0137955 -0.236222 0)
(0.013243 -0.256934 0)
(0.0127972 -0.275187 0)
(0.0124101 -0.29055 0)
(0.0120293 -0.302559 0)
(0.0116012 -0.310727 0)
(0.0110741 -0.31455 0)
(0.0104034 -0.313525 0)
(0.00955587 -0.307169 0)
(0.00851583 -0.295037 0)
(0.00729031 -0.276747 0)
(0.00591383 -0.252006 0)
(0.00445149 -0.220638 0)
(0.00299761 -0.182607 0)
(0.00166989 -0.138038 0)
(0.000627517 -0.0872317 0)
(0.000100689 -0.030712 0)
(0.000210393 0.0314759 0)
(0.00137664 0.0893434 0)
(0.0037874 0.141308 0)
(0.00702453 0.186823 0)
(0.0107969 0.22556 0)
(0.0148652 0.257369 0)
(0.0189975 0.28227 0)
(0.022985 0.300437 0)
(0.0266523 0.312175 0)
(0.0298617 0.317887 0)
(0.0325136 0.318054 0)
(0.034546 0.313201 0)
(0.0359315 0.303876 0)
(0.0366722 0.290629 0)
(0.0367949 0.27399 0)
(0.0363455 0.254463 0)
(0.0353838 0.232512 0)
(0.0339781 0.208559 0)
(0.0322016 0.182978 0)
(0.0301288 0.1561 0)
(0.0278325 0.128213 0)
(0.0253825 0.0995666 0)
(0.0228434 0.0703781 0)
(0.0202747 0.0408392 0)
(0.0177296 0.0111232 0)
(0.0152555 -0.0186084 0)
(0.0128933 -0.0481975 0)
(0.0106782 -0.0774821 0)
(0.00863976 -0.106289 0)
(0.00680142 -0.134427 0)
(0.00518104 -0.16168 0)
(0.00379054 -0.187802 0)
(0.00263567 -0.212512 0)
(0.00171575 -0.235489 0)
(0.00102332 -0.256375 0)
(0.000543895 -0.27477 0)
(0.000255993 -0.290238 0)
(0.0001314 -0.302311 0)
(0.000135997 -0.310498 0)
(0.000231169 -0.314296 0)
(0.000375921 -0.313207 0)
(0.000529694 -0.306756 0)
(0.000655777 -0.29451 0)
(0.000725067 -0.276105 0)
(0.000719802 -0.25127 0)
(0.000636676 -0.219849 0)
(0.000488309 -0.181829 0)
(0.000302588 -0.137357 0)
(0.00012513 -0.086744 0)
(2.26824e-05 -0.0305187 0)
(0.000131973 0.0309003 0)
(0.000872514 0.0877992 0)
(0.00241633 0.138991 0)
(0.00450936 0.183937 0)
(0.00697472 0.222309 0)
(0.00966365 0.253951 0)
(0.0124268 0.278868 0)
(0.0151243 0.297212 0)
(0.017633 0.309261 0)
(0.0198502 0.315391 0)
(0.021696 0.316051 0)
(0.0231138 0.311736 0)
(0.0240695 0.302969 0)
(0.0245499 0.290274 0)
(0.0245597 0.274165 0)
(0.0241188 0.255129 0)
(0.0232588 0.233619 0)
(0.02202 0.21005 0)
(0.0204483 0.184793 0)
(0.0185935 0.158177 0)
(0.0165064 0.13049 0)
(0.0142384 0.101984 0)
(0.0118394 0.0728801 0)
(0.00935795 0.043374 0)
(0.00684069 0.0136424 0)
(0.00433204 -0.0161488 0)
(0.00187443 -0.0458377 0)
(-0.000491698 -0.0752582 0)
(-0.0027278 -0.104233 0)
(-0.00479732 -0.132568 0)
(-0.00666581 -0.160042 0)
(-0.00830141 -0.186404 0)
(-0.00967546 -0.211369 0)
(-0.0107634 -0.234611 0)
(-0.0115459 -0.255763 0)
(-0.0120102 -0.27442 0)
(-0.0121515 -0.290138 0)
(-0.0119743 -0.30244 0)
(-0.0114936 -0.310827 0)
(-0.010736 -0.31479 0)
(-0.00973913 -0.313824 0)
(-0.00855215 -0.307449 0)
(-0.00723362 -0.295232 0)
(-0.00584953 -0.27681 0)
(-0.00447031 -0.251916 0)
(-0.00316752 -0.220405 0)
(-0.00200937 -0.182273 0)
(-0.00105615 -0.137675 0)
(-0.000373364 -0.0869337 0)
(-5.45694e-05 -0.0305818 0)
(5.45694e-05 0.0305818 0)
(0.000373365 0.0869337 0)
(0.00105615 0.137675 0)
(0.00200937 0.182273 0)
(0.00316753 0.220405 0)
(0.00447032 0.251916 0)
(0.00584954 0.27681 0)
(0.00723363 0.295232 0)
(0.00855216 0.307449 0)
(0.00973915 0.313824 0)
(0.010736 0.31479 0)
(0.0114937 0.310827 0)
(0.0119743 0.30244 0)
(0.0121515 0.290138 0)
(0.0120102 0.27442 0)
(0.0115459 0.255763 0)
(0.0107634 0.234611 0)
(0.00967549 0.211369 0)
(0.00830144 0.186404 0)
(0.00666584 0.160042 0)
(0.00479735 0.132568 0)
(0.00272784 0.104233 0)
(0.000491736 0.0752582 0)
(-0.00187439 0.0458376 0)
(-0.004332 0.0161488 0)
(-0.00684065 -0.0136424 0)
(-0.00935791 -0.043374 0)
(-0.0118393 -0.0728802 0)
(-0.0142383 -0.101984 0)
(-0.0165064 -0.13049 0)
(-0.0185934 -0.158177 0)
(-0.0204483 -0.184793 0)
(-0.0220199 -0.21005 0)
(-0.0232588 -0.233619 0)
(-0.0241188 -0.255129 0)
(-0.0245597 -0.274165 0)
(-0.0245499 -0.290275 0)
(-0.0240695 -0.302969 0)
(-0.0231138 -0.311736 0)
(-0.021696 -0.316051 0)
(-0.0198502 -0.315391 0)
(-0.0176329 -0.309261 0)
(-0.0151243 -0.297212 0)
(-0.0124268 -0.278868 0)
(-0.00966364 -0.253951 0)
(-0.00697472 -0.222309 0)
(-0.00450935 -0.183937 0)
(-0.00241633 -0.138991 0)
(-0.000872513 -0.0877991 0)
(-0.000131973 -0.0309003 0)
(-2.26824e-05 0.0305188 0)
(-0.000125128 0.086744 0)
(-0.000302583 0.137357 0)
(-0.000488302 0.18183 0)
(-0.000636666 0.219849 0)
(-0.000719791 0.25127 0)
(-0.000725053 0.276105 0)
(-0.000655761 0.29451 0)
(-0.000529677 0.306756 0)
(-0.000375902 0.313207 0)
(-0.000231149 0.314296 0)
(-0.000135976 0.310498 0)
(-0.000131377 0.302311 0)
(-0.000255967 0.290238 0)
(-0.000543867 0.27477 0)
(-0.00102329 0.256375 0)
(-0.00171572 0.235489 0)
(-0.00263564 0.212512 0)
(-0.0037905 0.187802 0)
(-0.00518101 0.16168 0)
(-0.00680139 0.134427 0)
(-0.00863973 0.106289 0)
(-0.0106782 0.077482 0)
(-0.0128932 0.0481974 0)
(-0.0152554 0.0186084 0)
(-0.0177296 -0.0111232 0)
(-0.0202747 -0.0408393 0)
(-0.0228434 -0.0703781 0)
(-0.0253824 -0.0995667 0)
(-0.0278325 -0.128213 0)
(-0.0301287 -0.1561 0)
(-0.0322016 -0.182978 0)
(-0.0339781 -0.208559 0)
(-0.0353838 -0.232512 0)
(-0.0363455 -0.254463 0)
(-0.0367949 -0.27399 0)
(-0.0366722 -0.290629 0)
(-0.0359315 -0.303876 0)
(-0.034546 -0.313201 0)
(-0.0325135 -0.318054 0)
(-0.0298616 -0.317887 0)
(-0.0266523 -0.312175 0)
(-0.022985 -0.300437 0)
(-0.0189975 -0.28227 0)
(-0.0148652 -0.257369 0)
(-0.0107969 -0.22556 0)
(-0.00702452 -0.186823 0)
(-0.0037874 -0.141308 0)
(-0.00137664 -0.0893434 0)
(-0.000210393 -0.0314759 0)
(-0.000100689 0.030712 0)
(-0.000627514 0.0872317 0)
(-0.00166988 0.138038 0)
(-0.0029976 0.182607 0)
(-0.00445148 0.220638 0)
(-0.00591381 0.252006 0)
(-0.0072903 0.276747 0)
(-0.00851581 0.295037 0)
(-0.00955585 0.307169 0)
(-0.0104034 0.313525 0)
(-0.0110741 0.31455 0)
(-0.0116011 0.310727 0)
(-0.0120293 0.302559 0)
(-0.01241 0.29055 0)
(-0.0127972 0.275187 0)
(-0.0132429 0.256934 0)
(-0.0137955 0.236222 0)
(-0.0144968 0.213443 0)
(-0.0153815 0.188949 0)
(-0.016476 0.163052 0)
(-0.0177979 0.136026 0)
(-0.0193559 0.10811 0)
(-0.0211496 0.0795113 0)
(-0.0231692 0.0504145 0)
(-0.0253957 0.0209849 0)
(-0.0278003 -0.00862348 0)
(-0.0303444 -0.0382605 0)
(-0.0329794 -0.0677726 0)
(-0.0356466 -0.0969949 0)
(-0.038277 -0.125743 0)
(-0.0407923 -0.153808 0)
(-0.0431053 -0.180944 0)
(-0.0451216 -0.206868 0)
(-0.046742 -0.231252 0)
(-0.0478659 -0.253718 0)
(-0.0483952 -0.273839 0)
(-0.0482403 -0.291138 0)
(-0.0473265 -0.305095 0)
(-0.0456015 -0.315154 0)
(-0.0430437 -0.320735 0)
(-0.0396701 -0.321252 0)
(-0.0355437 -0.316138 0)
(-0.0307799 -0.304867 0)
(-0.0255493 -0.286988 0)
(-0.0200783 -0.262153 0)
(-0.0146455 -0.230151 0)
(-0.00956759 -0.190933 0)
(-0.00517886 -0.144633 0)
(-0.00189017 -0.091574 0)
(-0.000290726 -0.0323123 0)
(-0.00018045 0.0311649 0)
(-0.0011389 0.0884037 0)
(-0.0030571 0.139724 0)
(-0.00553448 0.184606 0)
(-0.00829298 0.222767 0)
(-0.0111214 0.25411 0)
(-0.0138418 0.278708 0)
(-0.0163202 0.296776 0)
(-0.0184706 0.308644 0)
(-0.0202519 0.314725 0)
(-0.0216611 0.315493 0)
(-0.0227265 0.311452 0)
(-0.0234992 0.303119 0)
(-0.0240458 0.291005 0)
(-0.0244416 0.275602 0)
(-0.0247643 0.257372 0)
(-0.0250898 0.236742 0)
(-0.0254886 0.214097 0)
(-0.026023 0.189781 0)
(-0.0267456 0.164096 0)
(-0.027698 0.137306 0)
(-0.02891 0.10964 0)
(-0.0303991 0.0812949 0)
(-0.0321705 0.0524431 0)
(-0.034216 0.0232391 0)
(-0.0365145 -0.00617478 0)
(-0.0390312 -0.0356604 0)
(-0.0417174 -0.0650761 0)
(-0.0445103 -0.0942692 0)
(-0.0473329 -0.123068 0)
(-0.0500946 -0.151272 0)
(-0.0526915 -0.178649 0)
(-0.0550087 -0.204922 0)
(-0.0569223 -0.229768 0)
(-0.0583033 -0.252809 0)
(-0.0590227 -0.273615 0)
(-0.0589586 -0.291697 0)
(-0.0580037 -0.306515 0)
(-0.0560756 -0.317483 0)
(-0.0531276 -0.323985 0)
(-0.0491601 -0.325387 0)
(-0.0442312 -0.321065 0)
(-0.0384668 -0.310432 0)
(-0.0320661 -0.292972 0)
(-0.0253048 -0.268274 0)
(-0.0185316 -0.236072 0)
(-0.012152 -0.196271 0)
(-0.00660104 -0.148977 0)
(-0.00241795 -0.0945033 0)
(-0.000373969 -0.0334157 0)
(-0.000263153 0.0318836 0)
(-0.00166534 0.0902727 0)
(-0.00447771 0.142429 0)
(-0.00811802 0.187833 0)
(-0.0121807 0.226227 0)
(-0.0163554 0.257557 0)
(-0.0203771 0.281947 0)
(-0.0240425 0.299666 0)
(-0.0272162 0.311101 0)
(-0.0298257 0.316716 0)
(-0.031854 0.317024 0)
(-0.0333287 0.312564 0)
(-0.0343118 0.303877 0)
(-0.0348886 0.291491 0)
(-0.035159 0.275904 0)
(-0.0352287 0.257581 0)
(-0.0352034 0.236945 0)
(-0.0351829 0.214375 0)
(-0.0352584 0.190205 0)
(-0.0355091 0.164726 0)
(-0.036001 0.13819 0)
(-0.0367853 0.11081 0)
(-0.0378983 0.0827712 0)
(-0.0393599 0.0542309 0)
(-0.0411742 0.0253286 0)
(-0.0433285 -0.00380852 0)
(-0.0457928 -0.0330578 0)
(-0.0485197 -0.0622937 0)
(-0.051444 -0.0913795 0)
(-0.0544822 -0.120159 0)
(-0.0575327 -0.148449 0)
(-0.0604768 -0.17603 0)
(-0.0631795 -0.202637 0)
(-0.0654927 -0.227957 0)
(-0.0672587 -0.251617 0)
(-0.0683161 -0.273183 0)
(-0.0685073 -0.292157 0)
(-0.0676883 -0.307978 0)
(-0.0657408 -0.32003 0)
(-0.0625861 -0.32765 0)
(-0.0581996 -0.330148 0)
(-0.0526265 -0.326831 0)
(-0.0459951 -0.317032 0)
(-0.0385275 -0.30015 0)
(-0.0305451 -0.27569 0)
(-0.0224675 -0.243306 0)
(-0.014793 -0.202841 0)
(-0.00806579 -0.154357 0)
(-0.00296565 -0.0981491 0)
(-0.000461303 -0.0347951 0)
(-0.000350279 0.0328778 0)
(-0.00221434 0.0928588 0)
(-0.00594835 0.146171 0)
(-0.0107716 0.192295 0)
(-0.0161387 0.231008 0)
(-0.0216316 0.26231 0)
(-0.0268944 0.286397 0)
(-0.0316542 0.303616 0)
(-0.0357286 0.314427 0)
(-0.0390196 0.319363 0)
(-0.0415019 0.318995 0)
(-0.0432092 0.313908 0)
(-0.0442204 0.304677 0)
(-0.0446454 0.29185 0)
(-0.0446127 0.27594 0)
(-0.0442597 0.257415 0)
(-0.0437237 0.236695 0)
(-0.0431361 0.214151 0)
(-0.0426173 0.190106 0)
(-0.0422738 0.164838 0)
(-0.042196 0.138582 0)
(-0.0424569 0.111537 0)
(-0.043111 0.0838689 0)
(-0.044194 0.0557186 0)
(-0.0457222 0.0272073 0)
(-0.0476919 -0.00155653 0)
(-0.0500795 -0.0304693 0)
(-0.0528401 -0.059425 0)
(-0.0559076 -0.0883068 0)
(-0.0591938 -0.116979 0)
(-0.0625882 -0.145277 0)
(-0.0659587 -0.173002 0)
(-0.069152 -0.199906 0)
(-0.0719964 -0.225688 0)
(-0.0743054 -0.249985 0)
(-0.0758836 -0.272366 0)
(-0.0765351 -0.292324 0)
(-0.0760743 -0.309281 0)
(-0.0743402 -0.322585 0)
(-0.0712133 -0.331526 0)
(-0.0666341 -0.335346 0)
(-0.0606236 -0.333269 0)
(-0.0533025 -0.324531 0)
(-0.0449067 -0.308422 0)
(-0.0357981 -0.284338 0)
(-0.0264665 -0.251828 0)
(-0.0175083 -0.210646 0)
(-0.00958742 -0.160792 0)
(-0.0035402 -0.102535 0)
(-0.000554186 -0.0364629 0)
(-0.000443737 0.0341617 0)
(-0.00279549 0.0961914 0)
(-0.00749002 0.150979 0)
(-0.0135246 0.198005 0)
(-0.0201963 0.237092 0)
(-0.0269693 0.268317 0)
(-0.0333914 0.291971 0)
(-0.0391206 0.308501 0)
(-0.0439327 0.318466 0)
(-0.0477114 0.322488 0)
(-0.0504322 0.321212 0)
(-0.0521442 0.315281 0)
(-0.0529514 0.305311 0)
(-0.052995 0.291881 0)
(-0.0524384 0.275516 0)
(-0.0514541 0.25669 0)
(-0.0502141 0.23582 0)
(-0.0488826 0.213267 0)
(-0.0476102 0.189342 0)
(-0.0465307 0.164304 0)
(-0.0457587 0.138372 0)
(-0.0453883 0.111725 0)
(-0.0454922 0.0845077 0)
(-0.0461214 0.0568415 0)
(-0.0473045 0.0288261 0)
(-0.0490479 0.00054857 0)
(-0.0513346 -0.0279097 0)
(-0.0541238 -0.0564656 0)
(-0.0573503 -0.0850257 0)
(-0.0609232 -0.113478 0)
(-0.0647256 -0.141684 0)
(-0.068614 -0.169465 0)
(-0.0724189 -0.196599 0)
(-0.0759468 -0.222803 0)
(-0.0789829 -0.247729 0)
(-0.081297 -0.270952 0)
(-0.0826521 -0.291965 0)
(-0.0828163 -0.310172 0)
(-0.0815784 -0.32489 0)
(-0.078768 -0.335355 0)
(-0.0742786 -0.340737 0)
(-0.0680932 -0.340162 0)
(-0.0603105 -0.332749 0)
(-0.0511682 -0.317655 0)
(-0.0410602 -0.294135 0)
(-0.0305441 -0.2616 0)
(-0.0203198 -0.219688 0)
(-0.0111838 -0.168311 0)
(-0.00415039 -0.107694 0)
(-0.000654495 -0.0384353 0)
(-0.000546059 0.0357551 0)
(-0.00342128 0.100311 0)
(-0.00912968 0.156891 0)
(-0.0164136 0.204978 0)
(-0.0243897 0.244458 0)
(-0.0323902 0.27551 0)
(-0.039862 0.29855 0)
(-0.046396 0.314157 0)
(-0.0517339 0.323017 0)
(-0.0557524 0.32586 0)
(-0.0584401 0.323425 0)
(-0.0598733 0.316425 0)
(-0.0601918 0.305525 0)
(-0.0595769 0.291335 0)
(-0.0582329 0.274397 0)
(-0.0563723 0.255189 0)
(-0.0542046 0.234121 0)
(-0.0519276 0.211545 0)
(-0.0497226 0.187752 0)
(-0.04775 0.162985 0)
(-0.0461478 0.137438 0)
(-0.04503 0.111269 0)
(-0.0444866 0.0846013 0)
(-0.044583 0.0575305 0)
(-0.0453601 0.0301335 0)
(-0.046834 0.00247332 0)
(-0.0489954 -0.0253934 0)
(-0.0518089 -0.0534091 0)
(-0.0552119 -0.0815072 0)
(-0.0591134 -0.109603 0)
(-0.0633924 -0.137586 0)
(-0.0678975 -0.165308 0)
(-0.072446 -0.192572 0)
(-0.0768248 -0.219123 0)
(-0.0807925 -0.244634 0)
(-0.0840846 -0.268695 0)
(-0.0864213 -0.290803 0)
(-0.0875198 -0.310352 0)
(-0.0871113 -0.326631 0)
(-0.0849636 -0.338824 0)
(-0.0809082 -0.346019 0)
(-0.0748735 -0.347236 0)
(-0.0669178 -0.341455 0)
(-0.0572635 -0.327674 0)
(-0.0463235 -0.304968 0)
(-0.034718 -0.272574 0)
(-0.0232544 -0.229969 0)
(-0.0128778 -0.176946 0)
(-0.00480767 -0.113666 0)
(-0.000764713 -0.0407342 0)
(-0.00066069 0.0376857 0)
(-0.00410832 0.105274 0)
(-0.0109024 0.16396 0)
(-0.019485 0.213236 0)
(-0.0287617 0.253075 0)
(-0.0379168 0.283796 0)
(-0.0462914 0.305978 0)
(-0.0534149 0.320372 0)
(-0.0590074 0.327821 0)
(-0.0629542 0.329191 0)
(-0.0652736 0.325329 0)
(-0.0660844 0.317029 0)
(-0.065575 0.305012 0)
(-0.0639768 0.289919 0)
(-0.0615422 0.272309 0)
(-0.058528 0.252659 0)
(-0.0551832 0.231373 0)
(-0.0517402 0.208783 0)
(-0.0484098 0.185162 0)
(-0.0453778 0.160728 0)
(-0.0428034 0.135651 0)
(-0.0408188 0.110063 0)
(-0.0395293 0.08406 0)
(-0.0390134 0.0577146 0)
(-0.0393233 0.0310768 0)
(-0.0404847 0.00418377 0)
(-0.0424963 -0.0229348 0)
(-0.0453293 -0.0502489 0)
(-0.0489256 -0.0777209 0)
(-0.0531966 -0.105297 0)
(-0.0580211 -0.132899 0)
(-0.0632431 -0.160411 0)
(-0.0686709 -0.18767 0)
(-0.0740755 -0.214455 0)
(-0.0791926 -0.240467 0)
(-0.083725 -0.265321 0)
(-0.0873501 -0.288527 0)
(-0.089731 -0.309479 0)
(-0.0905343 -0.327443 0)
(-0.0894544 -0.341556 0)
(-0.086245 -0.350825 0)
(-0.0807588 -0.354151 0)
(-0.0729909 -0.350358 0)
(-0.0631246 -0.338251 0)
(-0.0515729 -0.316687 0)
(-0.0390073 -0.284677 0)
(-0.0263458 -0.241486 0)
(-0.014699 -0.186741 0)
(-0.00552728 -0.120506 0)
(-0.000888216 -0.0433883 0)
(-0.00079242 0.0399909 0)
(-0.00487902 0.111155 0)
(-0.0128539 0.172257 0)
(-0.022797 0.222804 0)
(-0.0333623 0.262898 0)
(-0.0435679 0.293047 0)
(-0.0526473 0.314049 0)
(-0.0600796 0.326872 0)
(-0.0655818 0.332553 0)
(-0.06907 0.332123 0)
(-0.0706139 0.326551 0)
(-0.0703939 0.316722 0)
(-0.068662 0.303413 0)
(-0.0657104 0.287298 0)
(-0.0618467 0.268945 0)
(-0.0573756 0.248827 0)
(-0.0525867 0.227331 0)
(-0.0477461 0.204769 0)
(-0.0430921 0.181388 0)
(-0.0388328 0.157377 0)
(-0.0351456 0.132878 0)
(-0.0321779 0.107995 0)
(-0.0300475 0.0827954 0)
(-0.0288437 0.0573242 0)
(-0.0286285 0.0316047 0)
(-0.0294361 0.00564633 0)
(-0.0312736 -0.0205487 0)
(-0.0341196 -0.0469796 0)
(-0.0379227 -0.0736393 0)
(-0.0425997 -0.100507 0)
(-0.0480326 -0.127539 0)
(-0.0540661 -0.154657 0)
(-0.0605043 -0.181738 0)
(-0.0671083 -0.208599 0)
(-0.0735957 -0.234982 0)
(-0.0796411 -0.260535 0)
(-0.0848811 -0.284794 0)
(-0.0889242 -0.307165 0)
(-0.0913669 -0.326905 0)
(-0.0918193 -0.34311 0)
(-0.0899401 -0.354712 0)
(-0.0854825 -0.360488 0)
(-0.0783492 -0.359088 0)
(-0.0686535 -0.349092 0)
(-0.0567797 -0.329093 0)
(-0.043432 -0.297809 0)
(-0.0296358 -0.25423 0)
(-0.0166867 -0.197748 0)
(-0.00632994 -0.128285 0)
(-0.00102971 -0.0464359 0)
(-0.000948079 0.0427226 0)
(-0.00576412 0.118056 0)
(-0.0150448 0.181868 0)
(-0.0264217 0.233706 0)
(-0.0382464 0.273855 0)
(-0.0493512 0.303088 0)
(-0.0588661 0.322489 0)
(-0.0662397 0.333304 0)
(-0.0712147 0.336807 0)
(-0.0737684 0.334218 0)
(-0.0740496 0.326648 0)
(-0.0723223 0.315072 0)
(-0.0689192 0.300323 0)
(-0.064204 0.283099 0)
(-0.0585454 0.26397 0)
(-0.0522981 0.243396 0)
(-0.0457912 0.221741 0)
(-0.0393216 0.199287 0)
(-0.033151 0.176247 0)
(-0.0275054 0.15278 0)
(-0.0225757 0.128995 0)
(-0.0185199 0.104964 0)
(-0.0154644 0.0807255 0)
(-0.0135064 0.0562954 0)
(-0.0127149 0.0316692 0)
(-0.013132 0.00682912 0)
(-0.0147721 -0.018251 0)
(-0.0176224 -0.0435993 0)
(-0.0216399 -0.0692402 0)
(-0.02675 -0.0951865 0)
(-0.0328426 -0.121431 0)
(-0.0397682 -0.147938 0)
(-0.0473335 -0.174626 0)
(-0.0552973 -0.201361 0)
(-0.0633664 -0.227932 0)
(-0.0711945 -0.254033 0)
(-0.0783832 -0.27924 0)
(-0.0844886 -0.302989 0)
(-0.0890354 -0.324544 0)
(-0.0915407 -0.342978 0)
(-0.0915511 -0.357157 0)
(-0.0886942 -0.365738 0)
(-0.0827451 -0.367184 0)
(-0.0737062 -0.35982 0)
(-0.0618923 -0.341917 0)
(-0.0480085 -0.311831 0)
(-0.0331761 -0.268178 0)
(-0.0188926 -0.21003 0)
(-0.00724429 -0.137095 0)
(-0.00119594 -0.0499282 0)
(-0.00113769 0.0459518 0)
(-0.00680654 0.126111 0)
(-0.0175551 0.192905 0)
(-0.0304475 0.245961 0)
(-0.0434686 0.285838 0)
(-0.0552486 0.313673 0)
(-0.0648289 0.330935 0)
(-0.0716623 0.339215 0)
(-0.0755591 0.340076 0)
(-0.0765981 0.33495 0)
(-0.0750413 0.325098 0)
(-0.0712623 0.311585 0)
(-0.0656908 0.295289 0)
(-0.0587719 0.276919 0)
(-0.0509384 0.257034 0)
(-0.042594 0.236069 0)
(-0.0341033 0.214352 0)
(-0.0257883 0.192127 0)
(-0.0179277 0.16957 0)
(-0.0107584 0.146801 0)
(-0.0044785 0.123892 0)
(0.000749385 0.100883 0)
(0.00479506 0.0777818 0)
(0.00755785 0.0545749 0)
(0.00896445 0.0312305 0)
(0.00896754 0.00770395 0)
(0.00754543 -0.0160577 0)
(0.00470256 -0.0401111 0)
(0.000471253 -0.0645107 0)
(-0.00508552 -0.0893032 0)
(-0.0118702 -0.114519 0)
(-0.0197455 -0.140164 0)
(-0.0285289 -0.166207 0)
(-0.0379855 -0.192564 0)
(-0.0478223 -0.219082 0)
(-0.0576826 -0.245514 0)
(-0.0671428 -0.271495 0)
(-0.0757144 -0.296507 0)
(-0.082853 -0.319846 0)
(-0.0879788 -0.340587 0)
(-0.0905119 -0.357552 0)
(-0.0899273 -0.369288 0)
(-0.0858326 -0.374071 0)
(-0.0780669 -0.369943 0)
(-0.0668183 -0.354799 0)
(-0.0527427 -0.326537 0)
(-0.0370284 -0.283286 0)
(-0.021386 -0.223664 0)
(-0.0083107 -0.147056 0)
(-0.00139685 -0.0539351 0)
(-0.00137646 0.0497775 0)
(-0.00806738 0.135499 0)
(-0.0204911 0.205502 0)
(-0.0349791 0.259567 0)
(-0.0490714 0.298668 0)
(-0.0611901 0.324454 0)
(-0.070324 0.338898 0)
(-0.0759857 0.344025 0)
(-0.0781129 0.341733 0)
(-0.0769385 0.33369 0)
(-0.0728777 0.321303 0)
(-0.0664401 0.305713 0)
(-0.0581677 0.287826 0)
(-0.048592 0.268341 0)
(-0.038209 0.247787 0)
(-0.0274654 0.226557 0)
(-0.0167536 0.204932 0)
(-0.00641107 0.183109 0)
(0.0032762 0.161216 0)
(0.0120694 0.13933 0)
(0.0197716 0.117487 0)
(0.0262228 0.0956901 0)
(0.0312954 0.0739172 0)
(0.0348901 0.0521264 0)
(0.0369333 0.0302601 0)
(0.0373748 0.00824884 0)
(0.0361872 -0.0139851 0)
(0.0333662 -0.0365241 0)
(0.0289324 -0.0594509 0)
(0.0229337 -0.0828437 0)
(0.0154504 -0.10677 0)
(0.00660049 -0.131277 0)
(-0.0034527 -0.156384 0)
(-0.0144923 -0.182065 0)
(-0.0262381 -0.208231 0)
(-0.0383376 -0.234707 0)
(-0.0503572 -0.261203 0)
(-0.061778 -0.287272 0)
(-0.0719969 -0.312271 0)
(-0.0803403 -0.33531 0)
(-0.0860937 -0.355199 0)
(-0.0885558 -0.370408 0)
(-0.087123 -0.379036 0)
(-0.0814084 -0.378829 0)
(-0.071396 -0.367248 0)
(-0.057614 -0.341633 0)
(-0.0412626 -0.299468 0)
(-0.0242593 -0.238736 0)
(-0.00958735 -0.158331 0)
(-0.00164769 -0.0585529 0)
(-0.00168846 0.0543395 0)
(-0.00963568 0.14646 0)
(-0.0239938 0.219815 0)
(-0.0401324 0.274479 0)
(-0.0550599 0.31206 0)
(-0.0670087 0.334929 0)
(-0.0749854 0.34572 0)
(-0.0786499 0.34699 0)
(-0.0781492 0.341014 0)
(-0.0739348 0.329701 0)
(-0.066618 0.314587 0)
(-0.0568692 0.296865 0)
(-0.0453511 0.277433 0)
(-0.0326803 0.256954 0)
(-0.0194072 0.235903 0)
(-0.00600982 0.21461 0)
(0.00710583 0.193295 0)
(0.0196002 0.172096 0)
(0.0311929 0.151089 0)
(0.0416548 0.130305 0)
(0.0508005 0.109739 0)
(0.058481 0.0893595 0)
(0.0645785 0.069115 0)
(0.0690009 0.0489377 0)
(0.0716785 0.0287467 0)
(0.0725613 0.00845108 0)
(0.0716181 -0.0120481 0)
(0.0688363 -0.032855 0)
(0.0642235 -0.0540768 0)
(0.0578102 -0.0758196 0)
(0.0496544 -0.0981841 0)
(0.0398483 -0.121259 0)
(0.0285262 -0.145111 0)
(0.0158749 -0.169775 0)
(0.00214594 -0.195232 0)
(-0.0123305 -0.22139 0)
(-0.027132 -0.248048 0)
(-0.0417304 -0.274859 0)
(-0.0554848 -0.301274 0)
(-0.067642 -0.326478 0)
(-0.0773564 -0.349322 0)
(-0.0837348 -0.368244 0)
(-0.0859214 -0.381204 0)
(-0.0832314 -0.38566 0)
(-0.0753445 -0.378597 0)
(-0.0625465 -0.356683 0)
(-0.0459489 -0.316564 0)
(-0.0276354 -0.255333 0)
(-0.01116 -0.171129 0)
(-0.00197278 -0.0639174 0)
(-0.00211344 0.0598392 0)
(-0.0116443 0.159308 0)
(-0.028248 0.236005 0)
(-0.046019 0.290556 0)
(-0.0613523 0.325551 0)
(-0.0723612 0.344376 0)
(-0.0781958 0.35052 0)
(-0.078794 0.347167 0)
(-0.0746187 0.336998 0)
(-0.0664125 0.322141 0)
(-0.0550238 0.304222 0)
(-0.0412982 0.284434 0)
(-0.0260171 0.263627 0)
(-0.00986846 0.24239 0)
(0.00656108 0.221112 0)
(0.0227831 0.200041 0)
(0.0383978 0.17932 0)
(0.0530819 0.159021 0)
(0.0665769 0.139161 0)
(0.078677 0.119723 0)
(0.0892198 0.100662 0)
(0.098077 0.0819129 0)
(0.105148 0.0633984 0)
(0.110354 0.0450277 0)
(0.113634 0.026701 0)
(0.114941 0.00831055 0)
(0.114243 -0.0102588 0)
(0.11152 -0.0291281 0)
(0.106766 -0.0484232 0)
(0.0999915 -0.0682729 0)
(0.0912289 -0.0888059 0)
(0.080538 -0.110147 0)
(0.0680147 -0.132408 0)
(0.0538029 -0.155681 0)
(0.0381089 -0.180021 0)
(0.0212183 -0.205424 0)
(0.00351667 -0.231795 0)
(-0.0144898 -0.258909 0)
(-0.0321535 -0.286347 0)
(-0.0486725 -0.313422 0)
(-0.0630901 -0.339087 0)
(-0.0743236 -0.361821 0)
(-0.0812355 -0.379517 0)
(-0.0827707 -0.389387 0)
(-0.0781824 -0.38793 0)
(-0.0673526 -0.371036 0)
(-0.0511359 -0.334286 0)
(-0.0316744 -0.273526 0)
(-0.0131577 -0.185728 0)
(-0.00241269 -0.0702252 0)
(-0.0027201 0.0665755 0)
(-0.0142957 0.174458 0)
(-0.0334875 0.254206 0)
(-0.0527019 0.307481 0)
(-0.067683 0.338397 0)
(-0.0765922 0.351756 0)
(-0.0789342 0.352121 0)
(-0.0751075 0.343381 0)
(-0.0660184 0.328604 0)
(-0.052772 0.310083 0)
(-0.0364796 0.289455 0)
(-0.0181578 0.267844 0)
(0.00131539 0.245993 0)
(0.0212102 0.224369 0)
(0.0409357 0.203247 0)
(0.0600232 0.182771 0)
(0.0781056 0.162995 0)
(0.0948988 0.143917 0)
(0.110185 0.125495 0)
(0.123796 0.107663 0)
(0.135605 0.0903402 0)
(0.145515 0.0734327 0)
(0.153448 0.0568397 0)
(0.159346 0.0404535 0)
(0.163161 0.024161 0)
(0.164853 0.00784306 0)
(0.16439 -0.0086255 0)
(0.161746 -0.025376 0)
(0.156903 -0.0425464 0)
(0.14985 -0.0602808 0)
(0.140591 -0.0787286 0)
(0.129148 -0.0980424 0)
(0.115572 -0.118374 0)
(0.0999499 -0.139866 0)
(0.0824268 -0.162643 0)
(0.0632205 -0.186792 0)
(0.0426485 -0.212332 0)
(0.0211576 -0.239178 0)
(-0.000643935 -0.267076 0)
(-0.0219533 -0.295522 0)
(-0.0417492 -0.323646 0)
(-0.0587892 -0.350069 0)
(-0.0716521 -0.372723 0)
(-0.078855 -0.388679 0)
(-0.0790924 -0.393999 0)
(-0.0716293 -0.383725 0)
(-0.0567993 -0.352123 0)
(-0.0365744 -0.293323 0)
(-0.0157792 -0.202489 0)
(-0.00303807 -0.077769 0)
(-0.00363151 0.0750059 0)
(-0.0179021 0.192435 0)
(-0.0399823 0.274435 0)
(-0.0600923 0.324604 0)
(-0.073418 0.349413 0)
(-0.0785056 0.355588 0)
(-0.0755421 0.348983 0)
(-0.0656212 0.334204 0)
(-0.0502242 0.314624 0)
(-0.0308659 0.292574 0)
(-0.00891309 0.269587 0)
(0.0144842 0.246625 0)
(0.0384014 0.22425 0)
(0.0621181 0.202764 0)
(0.0850859 0.182296 0)
(0.106895 0.16287 0)
(0.127244 0.144445 0)
(0.145913 0.126943 0)
(0.162743 0.110266 0)
(0.177623 0.094304 0)
(0.190469 0.0789447 0)
(0.201223 0.064072 0)
(0.209841 0.0495688 0)
(0.216287 0.035317 0)
(0.220529 0.0211963 0)
(0.222539 0.00708326 0)
(0.222287 -0.0071505 0)
(0.219745 -0.0216394 0)
(0.214879 -0.0365254 0)
(0.207662 -0.0519595 0)
(0.198065 -0.0681025 0)
(0.186072 -0.0851251 0)
(0.17168 -0.103207 0)
(0.154915 -0.122533 0)
(0.135841 -0.143287 0)
(0.114588 -0.16564 0)
(0.0913734 -0.189724 0)
(0.0665399 -0.215605 0)
(0.0406004 -0.243219 0)
(0.0142889 -0.272294 0)
(-0.0113848 -0.30222 0)
(-0.0350915 -0.331878 0)
(-0.055172 -0.359401 0)
(-0.0697018 -0.381891 0)
(-0.0767013 -0.395117 0)
(-0.0745665 -0.393301 0)
(-0.062724 -0.369175 0)
(-0.0425495 -0.314566 0)
(-0.0193312 -0.221863 0)
(-0.00397596 -0.0870003 0)
(-0.00507266 0.0858549 0)
(-0.0229401 0.213866 0)
(-0.0479647 0.296409 0)
(-0.067713 0.340683 0)
(-0.0772071 0.356736 0)
(-0.0759843 0.353804 0)
(-0.0653755 0.339155 0)
(-0.047428 0.317997 0)
(-0.0242903 0.293801 0)
(0.00212679 0.268739 0)
(0.0302694 0.244083 0)
(0.0589416 0.220516 0)
(0.0872577 0.198352 0)
(0.114581 0.177681 0)
(0.140467 0.15847 0)
(0.16461 0.140614 0)
(0.186809 0.123979 0)
(0.206935 0.108419 0)
(0.224907 0.0937872 0)
(0.240678 0.0799402 0)
(0.254221 0.0667421 0)
(0.265523 0.0540632 0)
(0.274574 0.041779 0)
(0.281366 0.0297681 0)
(0.285887 0.0179109 0)
(0.288121 0.00608636 0)
(0.288044 -0.00582945 0)
(0.285624 -0.0179663 0)
(0.280819 -0.0304622 0)
(0.273581 -0.0434655 0)
(0.263856 -0.0571379 0)
(0.251586 -0.0716564 0)
(0.236716 -0.0872148 0)
(0.2192 -0.104025 0)
(0.199018 -0.122314 0)
(0.17619 -0.142319 0)
(0.150806 -0.164277 0)
(0.123061 -0.188394 0)
(0.0933087 -0.214808 0)
(0.0621281 -0.243511 0)
(0.0304073 -0.274229 0)
(-0.000563094 -0.306229 0)
(-0.0290062 -0.338042 0)
(-0.0526284 -0.367063 0)
(-0.0687321 -0.389055 0)
(-0.0746018 -0.397624 0)
(-0.0682501 -0.383886 0)
(-0.0497376 -0.336723 0)
(-0.0242789 -0.244363 0)
(-0.00545848 -0.0986394 0)
(-0.00745108 0.100297 0)
(-0.0300955 0.23937 0)
(-0.0573857 0.319152 0)
(-0.0741802 0.353446 0)
(-0.0763477 0.35752 0)
(-0.0653836 0.343619 0)
(-0.0443162 0.320303 0)
(-0.0163404 0.29303 0)
(0.0157551 0.265011 0)
(0.0497952 0.237978 0)
(0.0841993 0.212751 0)
(0.117875 0.189625 0)
(0.150098 0.168606 0)
(0.18041 0.149555 0)
(0.208537 0.132269 0)
(0.234325 0.11653 0)
(0.257706 0.102123 0)
(0.278659 0.088849 0)
(0.297195 0.0765264 0)
(0.31334 0.064993 0)
(0.327126 0.0541026 0)
(0.338587 0.043722 0)
(0.347748 0.0337285 0)
(0.354631 0.0240061 0)
(0.359243 0.014443 0)
(0.361581 0.00492818 0)
(0.361628 -0.00465113 0)
(0.359352 -0.0144127 0)
(0.354705 -0.0244821 0)
(0.347623 -0.0349964 0)
(0.338028 -0.046107 0)
(0.325825 -0.0579841 0)
(0.31091 -0.0708203 0)
(0.293171 -0.0848348 0)
(0.272497 -0.100276 0)
(0.248792 -0.117425 0)
(0.221999 -0.13659 0)
(0.192131 -0.158099 0)
(0.159321 -0.182271 0)
(0.1239 -0.209366 0)
(0.0864995 -0.239487 0)
(0.0481899 -0.2724 0)
(0.0106493 -0.307239 0)
(-0.0236714 -0.342032 0)
(-0.0514751 -0.372998 0)
(-0.0688134 -0.393609 0)
(-0.0717392 -0.393613 0)
(-0.0579239 -0.35847 0)
(-0.0312749 -0.270426 0)
(-0.00790219 -0.113855 0)
(-0.0114458 0.120201 0)
(-0.0401554 0.269171 0)
(-0.0672114 0.340248 0)
(-0.0761106 0.358964 0)
(-0.0656624 0.347634 0)
(-0.0406165 0.321554 0)
(-0.0061458 0.289943 0)
(0.0334634 0.257818 0)
(0.0750537 0.227605 0)
(0.116498 0.200263 0)
(0.156461 0.175989 0)
(0.194164 0.154614 0)
(0.229191 0.135818 0)
(0.261359 0.119248 0)
(0.290625 0.104561 0)
(0.317027 0.0914502 0)
(0.340643 0.0796509 0)
(0.361573 0.0689358 0)
(0.37992 0.0591115 0)
(0.395783 0.0500134 0)
(0.409249 0.0414992 0)
(0.420395 0.0334443 0)
(0.429281 0.0257373 0)
(0.435951 0.0182756 0)
(0.440433 0.0109622 0)
(0.442735 0.0037025 0)
(0.442847 -0.00359911 0)
(0.440739 -0.011042 0)
(0.436361 -0.0187328 0)
(0.429639 -0.0267884 0)
(0.420475 -0.0353407 0)
(0.40875 -0.0445402 0)
(0.394318 -0.0545624 0)
(0.377009 -0.0656133 0)
(0.356633 -0.0779372 0)
(0.332983 -0.0918238 0)
(0.305854 -0.107616 0)
(0.275058 -0.125713 0)
(0.24047 -0.146569 0)
(0.202093 -0.170671 0)
(0.160163 -0.198481 0)
(0.115313 -0.230311 0)
(0.0688069 -0.266066 0)
(0.0228582 -0.30476 0)
(-0.019036 -0.343682 0)
(-0.0519012 -0.377041 0)
(-0.069496 -0.394064 0)
(-0.0657841 -0.376924 0)
(-0.0410025 -0.299969 0)
(-0.011983 -0.13449 0)
(-0.0179021 0.148478 0)
(-0.0532011 0.301972 0)
(-0.0735279 0.354431 0)
(-0.0659097 0.350855 0)
(-0.0356583 0.321594 0)
(0.00807294 0.283845 0)
(0.0581004 0.24606 0)
(0.109655 0.211752 0)
(0.15986 0.181952 0)
(0.20716 0.156573 0)
(0.250831 0.135101 0)
(0.290636 0.116916 0)
(0.326604 0.101433 0)
(0.3589 0.0881409 0)
(0.387743 0.0766202 0)
(0.413368 0.0665287 0)
(0.436001 0.0575904 0)
(0.45585 0.0495831 0)
(0.473099 0.0423264 0)
(0.487904 0.0356721 0)
(0.500399 0.0294967 0)
(0.510692 0.0236954 0)
(0.518868 0.0181764 0)
(0.52499 0.0128572 0)
(0.529098 0.00766145 0)
(0.531212 0.00251512 0)
(0.531328 -0.00265565 0)
(0.52942 -0.00792762 0)
(0.525437 -0.0133832 0)
(0.519303 -0.0191138 0)
(0.510913 -0.0252233 0)
(0.500131 -0.031833 0)
(0.486787 -0.0390869 0)
(0.470673 -0.0471588 0)
(0.451539 -0.056262 0)
(0.429094 -0.0666598 0)
(0.403004 -0.0786801 0)
(0.3729 -0.0927317 0)
(0.338398 -0.109322 0)
(0.299136 -0.129069 0)
(0.254859 -0.152702 0)
(0.205557 -0.18101 0)
(0.151724 -0.214697 0)
(0.0947628 -0.254015 0)
(0.0375929 -0.297963 0)
(-0.014604 -0.342695 0)
(-0.0536855 -0.378653 0)
(-0.0689493 -0.386257 0)
(-0.0532521 -0.331175 0)
(-0.0184774 -0.16337 0)
(-0.0268527 0.190039 0)
(-0.0656801 0.332099 0)
(-0.0648718 0.350846 0)
(-0.0275911 0.319249 0)
(0.0301732 0.272909 0)
(0.0954093 0.227426 0)
(0.160461 0.188177 0)
(0.221526 0.155997 0)
(0.277059 0.1301 0)
(0.326722 0.109319 0)
(0.370747 0.0925483 0)
(0.409604 0.0788744 0)
(0.443822 0.0675845 0)
(0.473911 0.0581347 0)
(0.50033 0.0501135 0)
(0.523475 0.0432087 0)
(0.543681 0.0371818 0)
(0.561231 0.0318491 0)
(0.576357 0.0270667 0)
(0.589251 0.0227202 0)
(0.60007 0.0187168 0)
(0.608936 0.0149795 0)
(0.615948 0.0114424 0)
(0.621175 0.00804737 0)
(0.624665 0.00474124 0)
(0.626442 0.0014732 0)
(0.626509 -0.00180721 0)
(0.624843 -0.00515228 0)
(0.6214 -0.00861829 0)
(0.616106 -0.012268 0)
(0.608861 -0.0161737 0)
(0.599528 -0.0204206 0)
(0.587934 -0.0251121 0)
(0.573859 -0.0303758 0)
(0.55703 -0.0363721 0)
(0.537112 -0.043306 0)
(0.513696 -0.0514432 0)
(0.486288 -0.0611321 0)
(0.454303 -0.0728335 0)
(0.417063 -0.0871594 0)
(0.373825 -0.10492 0)
(0.32385 -0.127165 0)
(0.266583 -0.155193 0)
(0.202014 -0.190422 0)
(0.131394 -0.233906 0)
(0.0584815 -0.284956 0)
(-0.00858519 -0.337812 0)
(-0.0554901 -0.375192 0)
(-0.0638636 -0.357601 0)
(-0.0271654 -0.205218 0)
(-0.033012 0.249995 0)
(-0.0619386 0.343374 0)
(-0.0120987 0.310018 0)
(0.0701607 0.251308 0)
(0.158544 0.196294 0)
(0.241732 0.15232 0)
(0.315403 0.119238 0)
(0.378865 0.094737 0)
(0.432995 0.0764903 0)
(0.479102 0.0626979 0)
(0.51847 0.0520735 0)
(0.552213 0.0437215 0)
(0.581247 0.0370221 0)
(0.606309 0.0315428 0)
(0.627985 0.0269782 0)
(0.646742 0.0231089 0)
(0.66295 0.0197745 0)
(0.676906 0.0168556 0)
(0.688847 0.0142614 0)
(0.69896 0.0119215 0)
(0.707396 0.00978019 0)
(0.714272 0.00779192 0)
(0.71968 0.0059185 0)
(0.723686 0.00412666 0)
(0.726334 0.00238632 0)
(0.727649 0.000669023 0)
(0.727635 -0.00105336 0)
(0.726277 -0.00280988 0)
(0.723538 -0.00463193 0)
(0.719358 -0.00655466 0)
(0.71365 -0.00861886 0)
(0.706297 -0.0108733 0)
(0.697145 -0.0133779 0)
(0.685996 -0.016208 0)
(0.672599 -0.0194602 0)
(0.656632 -0.0232613 0)
(0.637688 -0.0277811 0)
(0.615252 -0.033251 0)
(0.588664 -0.0399929 0)
(0.557089 -0.0484633 0)
(0.519469 -0.0593198 0)
(0.474491 -0.0735209 0)
(0.420592 -0.0924627 0)
(0.356077 -0.118134 0)
(0.279578 -0.153171 0)
(0.191296 -0.200328 0)
(0.0953344 -0.26013 0)
(0.00337827 -0.324728 0)
(-0.0564396 -0.362248 0)
(-0.0321156 -0.26407 0)
(0.00100449 0.294715 0)
(0.0165177 0.298269 0)
(0.151657 0.212684 0)
(0.28199 0.145128 0)
(0.387184 0.0996521 0)
(0.470713 0.0700714 0)
(0.536757 0.0509733 0)
(0.589168 0.0384158 0)
(0.631268 0.0298748 0)
(0.665585 0.0238404 0)
(0.693941 0.0194181 0)
(0.717648 0.0160674 0)
(0.737657 0.0134529 0)
(0.754668 0.0113593 0)
(0.769201 0.00964372 0)
(0.78165 0.00820861 0)
(0.792317 0.00698522 0)
(0.801435 0.00592381 0)
(0.809186 0.00498756 0)
(0.815711 0.00414844 0)
(0.821123 0.00338462 0)
(0.825508 0.00267855 0)
(0.828933 0.00201571 0)
(0.831446 0.00138358 0)
(0.83308 0.000770935 0)
(0.833852 0.000167253 0)
(0.833769 -0.000437843 0)
(0.83282 -0.00105509 0)
(0.830981 -0.00169606 0)
(0.828211 -0.00237382 0)
(0.82445 -0.00310361 0)
(0.819616 -0.00390385 0)
(0.813602 -0.00479739 0)
(0.806266 -0.00581339 0)
(0.797423 -0.00698992 0)
(0.786837 -0.00837795 0)
(0.774198 -0.0100474 0)
(0.759096 -0.012097 0)
(0.74099 -0.0146697 0)
(0.71915 -0.0179805 0)
(0.692576 -0.0223634 0)
(0.659884 -0.0283583 0)
(0.619131 -0.0368675 0)
(0.567583 -0.0494392 0)
(0.50155 -0.0687279 0)
(0.416619 -0.0990317 0)
(0.307939 -0.146456 0)
(0.171235 -0.217727 0)
(0.0270568 -0.30734 0)
(0.00517005 -0.302936 0)
(0.290215 0.152379 0)
(0.389357 0.128147 0)
(0.565034 0.0746396 0)
(0.682694 0.0421642 0)
(0.75222 0.0245039 0)
(0.797296 0.0149106 0)
(0.828664 0.00965078 0)
(0.851472 0.00667154 0)
(0.868739 0.00488596 0)
(0.88227 0.00374304 0)
(0.893156 0.00296409 0)
(0.902084 0.00240363 0)
(0.909513 0.00198203 0)
(0.915759 0.00165324 0)
(0.921047 0.0013891 0)
(0.925541 0.00117153 0)
(0.929366 0.000988342 0)
(0.932615 0.000831021 0)
(0.935359 0.000693428 0)
(0.937656 0.000570996 0)
(0.939547 0.000460225 0)
(0.941068 0.00035835 0)
(0.942242 0.000263109 0)
(0.943089 0.000172578 0)
(0.943622 8.50424e-05 0)
(0.943847 -1.09569e-06 0)
(0.943767 -8.73943e-05 0)
(0.943378 -0.000175502 0)
(0.942671 -0.000267179 0)
(0.941632 -0.000364424 0)
(0.940237 -0.000469598 0)
(0.938457 -0.000585583 0)
(0.936249 -0.000716005 0)
(0.93356 -0.00086556 0)
(0.930318 -0.0010405 0)
(0.926431 -0.00124936 0)
(0.921775 -0.00150423 0)
(0.916184 -0.00182273 0)
(0.909432 -0.00223181 0)
(0.901203 -0.00277474 0)
(0.891041 -0.00352534 0)
(0.878263 -0.00461761 0)
(0.861793 -0.00630974 0)
(0.839844 -0.00912176 0)
(0.80938 -0.0141126 0)
(0.765147 -0.0233727 0)
(0.696239 -0.0408621 0)
(0.577994 -0.0737906 0)
(0.397967 -0.128731 0)
(0.293815 -0.153735 0)
)
;

boundaryField
{
    movingWallTop
    {
        type            fixedValue;
        value           uniform (1 0 0);
    }
    movingWallBottom
    {
        type            fixedValue;
        value           uniform (-1 0 0);
    }
    fixedWalls
    {
        type            noSlip;
    }
    frontAndBack
    {
        type            empty;
    }
}


// ************************************************************************* //
