/*--------------------------------*- C++ -*----------------------------------*\
  =========                 |
  \\      /  F ield         | OpenFOAM: The Open Source CFD Toolbox
   \\    /   O peration     | Website:  https://openfoam.org
    \\  /    A nd           | Version:  7
     \\/     M anipulation  |
\*---------------------------------------------------------------------------*/
FoamFile
{
    version     2.0;
    format      ascii;
    class       volVectorField;
    location    "0.0296";
    object      U;
}
// * * * * * * * * * * * * * * * * * * * * * * * * * * * * * * * * * * * * * //

dimensions      [0 1 -1 0 0 0 0];

internalField   nonuniform List<vector> 
2500
(
(-0.293823 0.153743 0)
(-0.397984 0.128736 0)
(-0.578003 0.0737891 0)
(-0.696222 0.0408544 0)
(-0.765086 0.0233597 0)
(-0.809259 0.0140955 0)
(-0.839652 0.00910132 0)
(-0.861519 0.00628658 0)
(-0.8779 0.00459228 0)
(-0.890583 0.00349833 0)
(-0.900646 0.0027465 0)
(-0.908772 0.00220279 0)
(-0.915421 0.00179338 0)
(-0.920909 0.00147499 0)
(-0.925464 0.00122069 0)
(-0.929254 0.00101285 0)
(-0.932404 0.000839389 0)
(-0.935007 0.000691746 0)
(-0.937138 0.000563656 0)
(-0.938851 0.0004504 0)
(-0.940188 0.000348318 0)
(-0.941183 0.00025449 0)
(-0.941856 0.000166512 0)
(-0.942226 8.23341e-05 0)
(-0.942301 1.3993e-07 0)
(-0.942085 -8.17783e-05 0)
(-0.941576 -0.000165046 0)
(-0.940766 -0.000251333 0)
(-0.939644 -0.000342427 0)
(-0.938189 -0.000440333 0)
(-0.936375 -0.000547395 0)
(-0.934168 -0.000666463 0)
(-0.931523 -0.000801125 0)
(-0.928382 -0.000956034 0)
(-0.924671 -0.00113742 0)
(-0.920295 -0.00135388 0)
(-0.915128 -0.00161768 0)
(-0.909001 -0.00194699 0)
(-0.901688 -0.00237002 0)
(-0.892868 -0.00293287 0)
(-0.882082 -0.00371522 0)
(-0.868638 -0.00486254 0)
(-0.851443 -0.00665347 0)
(-0.828689 -0.00963892 0)
(-0.797357 -0.0149055 0)
(-0.752296 -0.0245058 0)
(-0.682766 -0.0421723 0)
(-0.565087 -0.0746519 0)
(-0.389382 -0.128159 0)
(-0.29022 -0.152384 0)
(-0.00517501 0.302952 0)
(-0.0270508 0.307335 0)
(-0.171174 0.217688 0)
(-0.307778 0.146382 0)
(-0.416315 0.098927 0)
(-0.501067 0.0685973 0)
(-0.566888 0.0492873 0)
(-0.618199 0.0366985 0)
(-0.658695 0.0281759 0)
(-0.691114 0.022171 0)
(-0.717405 0.0177814 0)
(-0.738956 0.0144672 0)
(-0.756772 0.0118942 0)
(-0.771588 0.00984754 0)
(-0.783949 0.00818402 0)
(-0.794268 0.00680498 0)
(-0.802859 0.00564039 0)
(-0.809965 0.00463916 0)
(-0.815773 0.00376304 0)
(-0.820427 0.00298268 0)
(-0.82404 0.00227496 0)
(-0.826695 0.0016212 0)
(-0.828454 0.00100581 0)
(-0.82936 0.000415401 0)
(-0.829439 -0.000162012 0)
(-0.828701 -0.000737576 0)
(-0.827141 -0.00132211 0)
(-0.824741 -0.00192662 0)
(-0.821467 -0.0025628 0)
(-0.817267 -0.00324369 0)
(-0.812073 -0.00398433 0)
(-0.805796 -0.00480278 0)
(-0.798319 -0.00572141 0)
(-0.789496 -0.00676874 0)
(-0.77914 -0.00798211 0)
(-0.76701 -0.00941168 0)
(-0.7528 -0.0111266 0)
(-0.73611 -0.0132249 0)
(-0.71641 -0.0158495 0)
(-0.692995 -0.0192158 0)
(-0.664906 -0.0236593 0)
(-0.630824 -0.0297202 0)
(-0.588922 -0.0382925 0)
(-0.536666 -0.050885 0)
(-0.470731 -0.0700203 0)
(-0.387264 -0.0996376 0)
(-0.282089 -0.145146 0)
(-0.15174 -0.212725 0)
(-0.0165624 -0.298315 0)
(-0.00101571 -0.29474 0)
(0.0321191 0.264075 0)
(0.0564872 0.362187 0)
(-0.00321376 0.324578 0)
(-0.0949854 0.259889 0)
(-0.190701 0.200007 0)
(-0.278682 0.152781 0)
(-0.354834 0.117686 0)
(-0.418964 0.0919683 0)
(-0.472449 0.0729907 0)
(-0.51699 0.0587636 0)
(-0.554159 0.0478907 0)
(-0.585277 0.0394132 0)
(-0.611407 0.0326732 0)
(-0.633394 0.0272142 0)
(-0.651901 0.022714 0)
(-0.667454 0.018941 0)
(-0.680464 0.015725 0)
(-0.691258 0.012939 0)
(-0.700095 0.0104856 0)
(-0.707177 0.0082889 0)
(-0.712662 0.00628836 0)
(-0.716671 0.00443433 0)
(-0.719295 0.00268508 0)
(-0.720595 0.00100441 0)
(-0.720612 -0.000640141 0)
(-0.71936 -0.00227882 0)
(-0.716835 -0.00394101 0)
(-0.713012 -0.00565646 0)
(-0.707843 -0.0074566 0)
(-0.701259 -0.00937608 0)
(-0.693164 -0.0114545 0)
(-0.683437 -0.0137387 0)
(-0.671921 -0.016286 0)
(-0.658419 -0.019168 0)
(-0.642688 -0.0224766 0)
(-0.624422 -0.0263324 0)
(-0.603241 -0.0308969 0)
(-0.578668 -0.03639 0)
(-0.550107 -0.0431177 0)
(-0.516811 -0.0515125 0)
(-0.477853 -0.0621938 0)
(-0.432111 -0.0760562 0)
(-0.378292 -0.0943841 0)
(-0.31508 -0.118975 0)
(-0.241597 -0.15215 0)
(-0.158532 -0.196215 0)
(-0.0702122 -0.25131 0)
(0.0120344 -0.310079 0)
(0.0618969 -0.343458 0)
(0.0329999 -0.250048 0)
(0.0271778 0.205189 0)
(0.0639548 0.35743 0)
(0.055762 0.374853 0)
(0.00912665 0.337309 0)
(-0.0575919 0.284305 0)
(-0.130087 0.233127 0)
(-0.200232 0.189538 0)
(-0.264278 0.154224 0)
(-0.320986 0.126131 0)
(-0.370374 0.103839 0)
(-0.413011 0.0860509 0)
(-0.449642 0.071715 0)
(-0.481022 0.0600211 0)
(-0.507836 0.0503567 0)
(-0.53068 0.0422606 0)
(-0.550055 0.0353838 0)
(-0.566378 0.0294599 0)
(-0.579993 0.0242832 0)
(-0.59118 0.019692 0)
(-0.600164 0.0155575 0)
(-0.607125 0.0117749 0)
(-0.612204 0.00825736 0)
(-0.615505 0.00493076 0)
(-0.617105 0.00173038 0)
(-0.61705 -0.00140217 0)
(-0.615363 -0.0045214 0)
(-0.61204 -0.00768015 0)
(-0.607056 -0.0109316 0)
(-0.60036 -0.0143316 0)
(-0.591877 -0.0179407 0)
(-0.581504 -0.0218273 0)
(-0.569112 -0.0260711 0)
(-0.554536 -0.0307673 0)
(-0.537574 -0.0360326 0)
(-0.517983 -0.0420131 0)
(-0.495472 -0.0488944 0)
(-0.46969 -0.0569165 0)
(-0.440231 -0.0663927 0)
(-0.406624 -0.0777352 0)
(-0.368346 -0.0914876 0)
(-0.324855 -0.108362 0)
(-0.275672 -0.129269 0)
(-0.220554 -0.15531 0)
(-0.159833 -0.187649 0)
(-0.0950506 -0.227063 0)
(-0.0300069 -0.272707 0)
(0.0276363 -0.31919 0)
(0.0648584 -0.350896 0)
(0.0656567 -0.332202 0)
(0.0268434 -0.190113 0)
(0.0184966 0.163285 0)
(0.0533814 0.330841 0)
(0.0693188 0.385655 0)
(0.0544028 0.377796 0)
(0.0157627 0.341609 0)
(-0.0359104 0.296679 0)
(-0.0924887 0.252569 0)
(-0.148803 0.21312 0)
(-0.201948 0.179333 0)
(-0.250531 0.150956 0)
(-0.294073 0.127284 0)
(-0.332593 0.107526 0)
(-0.36636 0.0909529 0)
(-0.395746 0.0769453 0)
(-0.421145 0.0649951 0)
(-0.442937 0.0546928 0)
(-0.461466 0.045709 0)
(-0.477031 0.0377789 0)
(-0.48989 0.0306877 0)
(-0.500259 0.0242593 0)
(-0.508314 0.0183473 0)
(-0.514196 0.0128279 0)
(-0.518015 0.00759427 0)
(-0.51985 0.00255191 0)
(-0.519754 -0.00238497 0)
(-0.517752 -0.00729663 0)
(-0.513848 -0.0122607 0)
(-0.508019 -0.0173548 0)
(-0.500221 -0.0226594 0)
(-0.490387 -0.0282609 0)
(-0.478423 -0.0342549 0)
(-0.464214 -0.0407502 0)
(-0.447618 -0.047874 0)
(-0.428464 -0.0557778 0)
(-0.406559 -0.0646452 0)
(-0.381683 -0.0747012 0)
(-0.353594 -0.0862239 0)
(-0.322046 -0.0995565 0)
(-0.286802 -0.115121 0)
(-0.247687 -0.133424 0)
(-0.204658 -0.155052 0)
(-0.157939 -0.18062 0)
(-0.108245 -0.210637 0)
(-0.0571243 -0.245182 0)
(-0.00744797 -0.283212 0)
(0.036016 -0.321201 0)
(0.0660805 -0.350678 0)
(0.0735847 -0.354425 0)
(0.0532054 -0.302064 0)
(0.0178979 -0.148561 0)
(0.0120072 0.134329 0)
(0.0411624 0.299429 0)
(0.0662346 0.375996 0)
(0.070361 0.392773 0)
(0.0532873 0.375426 0)
(0.0210382 0.34179 0)
(-0.0201643 0.302638 0)
(-0.0653612 0.263761 0)
(-0.111066 0.22787 0)
(-0.155084 0.195947 0)
(-0.196164 0.168086 0)
(-0.233686 0.143975 0)
(-0.267428 0.123149 0)
(-0.297401 0.105121 0)
(-0.32374 0.0894353 0)
(-0.346645 0.0756908 0)
(-0.366331 0.0635428 0)
(-0.383016 0.0526994 0)
(-0.396899 0.0429136 0)
(-0.408157 0.0339764 0)
(-0.416942 0.0257089 0)
(-0.423383 0.0179566 0)
(-0.427579 0.0105837 0)
(-0.429606 0.00346864 0)
(-0.429518 -0.00349989 0)
(-0.427345 -0.0104263 0)
(-0.423095 -0.0174112 0)
(-0.416757 -0.0245548 0)
(-0.408298 -0.0319595 0)
(-0.397668 -0.0397332 0)
(-0.384798 -0.0479927 0)
(-0.369605 -0.0568681 0)
(-0.351988 -0.0665064 0)
(-0.331838 -0.0770772 0)
(-0.309038 -0.0887777 0)
(-0.283476 -0.101838 0)
(-0.255057 -0.116528 0)
(-0.22373 -0.133154 0)
(-0.189521 -0.152059 0)
(-0.152601 -0.173597 0)
(-0.113371 -0.198082 0)
(-0.0725972 -0.22568 0)
(-0.0316052 -0.256187 0)
(0.0074866 -0.28863 0)
(0.0415259 -0.320572 0)
(0.0662287 -0.346978 0)
(0.0764208 -0.358605 0)
(0.0673472 -0.340133 0)
(0.0401912 -0.269213 0)
(0.0114474 -0.120276 0)
(0.00792991 0.113606 0)
(0.0314575 0.269643 0)
(0.0584363 0.357163 0)
(0.0727191 0.391821 0)
(0.0703782 0.391388 0)
(0.0537279 0.37041 0)
(0.0266967 0.33914 0)
(-0.00678436 0.304108 0)
(-0.0434335 0.269091 0)
(-0.0808174 0.23606 0)
(-0.117274 0.205877 0)
(-0.151748 0.178776 0)
(-0.183622 0.154651 0)
(-0.21258 0.133242 0)
(-0.238501 0.114225 0)
(-0.261385 0.0972725 0)
(-0.2813 0.0820714 0)
(-0.298354 0.0683389 0)
(-0.312667 0.0558224 0)
(-0.324358 0.0442986 0)
(-0.33354 0.0335702 0)
(-0.340313 0.023462 0)
(-0.344761 0.0138168 0)
(-0.346949 0.00449189 0)
(-0.346927 -0.00464484 0)
(-0.344728 -0.0137177 0)
(-0.340365 -0.0228463 0)
(-0.333841 -0.0321485 0)
(-0.325139 -0.0417434 0)
(-0.314236 -0.0517538 0)
(-0.301093 -0.0623096 0)
(-0.28567 -0.0735505 0)
(-0.267922 -0.0856293 0)
(-0.247811 -0.0987142 0)
(-0.225312 -0.112991 0)
(-0.20043 -0.128664 0)
(-0.173222 -0.14595 0)
(-0.143823 -0.165071 0)
(-0.112492 -0.186228 0)
(-0.0796743 -0.209559 0)
(-0.0460793 -0.235053 0)
(-0.0127869 -0.26241 0)
(0.0186332 -0.290799 0)
(0.0460147 -0.318475 0)
(0.0665751 -0.342211 0)
(0.0771229 -0.356527 0)
(0.074631 -0.352839 0)
(0.0576014 -0.318872 0)
(0.030163 -0.239322 0)
(0.00745858 -0.100346 0)
(0.00548838 0.0982919 0)
(0.0244766 0.243312 0)
(0.0502925 0.334998 0)
(0.06931 0.381544 0)
(0.0762926 0.394738 0)
(0.0711637 0.385703 0)
(0.0558923 0.363327 0)
(0.0331751 0.334005 0)
(0.00569193 0.301971 0)
(-0.0242818 0.269825 0)
(-0.0549867 0.239035 0)
(-0.0851487 0.210331 0)
(-0.113895 0.183984 0)
(-0.140663 0.16 0)
(-0.165112 0.138238 0)
(-0.187059 0.118488 0)
(-0.206429 0.100511 0)
(-0.223211 0.0840638 0)
(-0.237436 0.0689156 0)
(-0.249158 0.054849 0)
(-0.258441 0.0416641 0)
(-0.265346 0.0291774 0)
(-0.269935 0.0172202 0)
(-0.272258 0.00563642 0)
(-0.272357 -0.00571976 0)
(-0.270264 -0.0169863 0)
(-0.266001 -0.028296 0)
(-0.259582 -0.0397781 0)
(-0.251011 -0.0515613 0)
(-0.24029 -0.0637755 0)
(-0.22742 -0.0765538 0)
(-0.212404 -0.0900341 0)
(-0.195257 -0.10436 0)
(-0.176014 -0.119682 0)
(-0.15474 -0.136152 0)
(-0.131552 -0.153922 0)
(-0.106634 -0.17313 0)
(-0.0802765 -0.193882 0)
(-0.052909 -0.216211 0)
(-0.0251533 -0.240023 0)
(0.00211889 -0.265001 0)
(0.0277244 -0.290453 0)
(0.0501205 -0.315095 0)
(0.0674058 -0.33674 0)
(0.0774391 -0.351899 0)
(0.0781785 -0.355339 0)
(0.0682961 -0.339765 0)
(0.0482555 -0.295911 0)
(0.0230373 -0.213691 0)
(0.0050855 -0.0858622 0)
(0.00400689 0.0865486 0)
(0.019537 0.220528 0)
(0.0431282 0.312398 0)
(0.0638302 0.36625 0)
(0.0763316 0.389708 0)
(0.0792402 0.390955 0)
(0.0731111 0.377261 0)
(0.0595286 0.354405 0)
(0.0404536 0.326612 0)
(0.0177914 0.29678 0)
(-0.006817 0.26677 0)
(-0.03206 0.2377 0)
(-0.0569447 0.210174 0)
(-0.0807528 0.184463 0)
(-0.102987 0.160624 0)
(-0.123317 0.138591 0)
(-0.141538 0.118223 0)
(-0.157533 0.0993465 0)
(-0.171248 0.0817706 0)
(-0.182665 0.0653036 0)
(-0.191794 0.0497588 0)
(-0.19866 0.0349572 0)
(-0.203293 0.0207294 0)
(-0.205726 0.00691536 0)
(-0.205992 -0.00663667 0)
(-0.204119 -0.0200711 0)
(-0.200135 -0.0335263 0)
(-0.194065 -0.0471364 0)
(-0.185934 -0.061032 0)
(-0.17577 -0.0753417 0)
(-0.163609 -0.0901923 0)
(-0.149501 -0.105709 0)
(-0.133514 -0.122015 0)
(-0.115749 -0.139227 0)
(-0.0963506 -0.15745 0)
(-0.0755238 -0.176768 0)
(-0.0535552 -0.197225 0)
(-0.0308393 -0.2188 0)
(-0.0079093 -0.241362 0)
(0.014529 -0.264607 0)
(0.0355648 -0.287967 0)
(0.054061 -0.31047 0)
(0.0686623 -0.33057 0)
(0.0778639 -0.345918 0)
(0.080193 -0.353121 0)
(0.0745631 -0.34755 0)
(0.0607927 -0.323318 0)
(0.0403395 -0.27367 0)
(0.0180252 -0.192097 0)
(0.00364894 -0.0749567 0)
(0.00306901 0.0772108 0)
(0.0159869 0.200862 0)
(0.0371601 0.290699 0)
(0.0579203 0.348597 0)
(0.0734199 0.379405 0)
(0.0816706 0.389003 0)
(0.0823202 0.383126 0)
(0.0760845 0.366734 0)
(0.0642497 0.34376 0)
(0.0482791 0.317133 0)
(0.0295753 0.288913 0)
(0.00936231 0.260476 0)
(-0.0113559 0.232688 0)
(-0.031793 0.206049 0)
(-0.0513559 0.180806 0)
(-0.0696122 0.157042 0)
(-0.0862573 0.134729 0)
(-0.101085 0.113775 0)
(-0.113962 0.0940481 0)
(-0.124808 0.0753969 0)
(-0.133581 0.0576607 0)
(-0.140265 0.0406777 0)
(-0.144861 0.024288 0)
(-0.147381 0.00833675 0)
(-0.147846 -0.00732528 0)
(-0.146281 -0.0228412 0)
(-0.142715 -0.038348 0)
(-0.137185 -0.053977 0)
(-0.129732 -0.0698536 0)
(-0.120409 -0.0860971 0)
(-0.109283 -0.10282 0)
(-0.096442 -0.120127 0)
(-0.0820017 -0.138109 0)
(-0.0661167 -0.156843 0)
(-0.0489918 -0.176376 0)
(-0.0308969 -0.196718 0)
(-0.0121843 -0.217818 0)
(0.00669185 -0.239535 0)
(0.0251556 -0.261592 0)
(0.0424914 -0.283519 0)
(0.057835 -0.304566 0)
(0.0701826 -0.323598 0)
(0.0784347 -0.338964 0)
(0.0814971 -0.348353 0)
(0.0784731 -0.348674 0)
(0.0689731 -0.336014 0)
(0.0535002 -0.305777 0)
(0.0339001 -0.253132 0)
(0.0144403 -0.173926 0)
(0.00274125 -0.0664574 0)
(0.00244283 0.0695611 0)
(0.0133618 0.183809 0)
(0.0322518 0.270446 0)
(0.0522434 0.330157 0)
(0.0691244 0.365986 0)
(0.0807371 0.382094 0)
(0.0862091 0.382903 0)
(0.0856396 0.372526 0)
(0.0797562 0.354458 0)
(0.0695949 0.331486 0)
(0.0562741 0.30571 0)
(0.0408582 0.278648 0)
(0.024286 0.251341 0)
(0.00734302 0.224471 0)
(-0.00933898 0.198449 0)
(-0.0252681 0.173496 0)
(-0.0400721 0.149699 0)
(-0.0534771 0.127053 0)
(-0.0652874 0.105495 0)
(-0.0753683 0.0849244 0)
(-0.0836312 0.0652173 0)
(-0.0900225 0.0462385 0)
(-0.0945145 0.0278472 0)
(-0.0970991 0.00990218 0)
(-0.0977833 -0.00773531 0)
(-0.0965865 -0.0251998 0)
(-0.0935396 -0.0426199 0)
(-0.0886849 -0.0601174 0)
(-0.0820781 -0.0778058 0)
(-0.073791 -0.0957886 0)
(-0.0639158 -0.114158 0)
(-0.052571 -0.132989 0)
(-0.0399082 -0.15234 0)
(-0.0261208 -0.172237 0)
(-0.0114546 -0.192671 0)
(0.00378084 -0.213578 0)
(0.0191997 -0.234819 0)
(0.0343277 -0.256149 0)
(0.0485926 -0.277175 0)
(0.0613203 -0.297307 0)
(0.0717428 -0.315686 0)
(0.0790275 -0.331108 0)
(0.0823381 -0.341932 0)
(0.0809435 -0.346009 0)
(0.0743916 -0.340636 0)
(0.0627549 -0.322605 0)
(0.0468935 -0.288395 0)
(0.0287035 -0.234588 0)
(0.0118055 -0.158558 0)
(0.00213741 -0.0596421 0)
(0.00200143 0.0631507 0)
(0.0113557 0.168925 0)
(0.0281914 0.251806 0)
(0.0470178 0.311845 0)
(0.0642602 0.350915 0)
(0.0778199 0.371934 0)
(0.0865688 0.378258 0)
(0.0902032 0.373221 0)
(0.0890251 0.359835 0)
(0.0837007 0.34064 0)
(0.0750673 0.317669 0)
(0.0639995 0.292479 0)
(0.0513258 0.266214 0)
(0.0377822 0.239682 0)
(0.0239944 0.213424 0)
(0.0104758 0.18778 0)
(-0.00236422 0.162942 0)
(-0.0142076 0.138993 0)
(-0.0248131 0.115942 0)
(-0.0340029 0.0937425 0)
(-0.0416504 0.0723166 0)
(-0.0476694 0.0515625 0)
(-0.0520063 0.0313661 0)
(-0.0546334 0.011607 0)
(-0.0555445 -0.00783635 0)
(-0.0547516 -0.0270834 0)
(-0.0522841 -0.0462482 0)
(-0.0481884 -0.0654371 0)
(-0.042529 -0.0847461 0)
(-0.0353915 -0.104258 0)
(-0.0268858 -0.124039 0)
(-0.0171517 -0.144134 0)
(-0.00636427 -0.16456 0)
(0.00525883 -0.185297 0)
(0.0174494 -0.20628 0)
(0.0298807 -0.227376 0)
(0.0421599 -0.248371 0)
(0.0538228 -0.268937 0)
(0.0643324 -0.288598 0)
(0.0730858 -0.306687 0)
(0.0794332 -0.322297 0)
(0.0827173 -0.334222 0)
(0.0823392 -0.340912 0)
(0.0778594 -0.340439 0)
(0.0691429 -0.330502 0)
(0.0565416 -0.308521 0)
(0.0410609 -0.27183 0)
(0.0244798 -0.218029 0)
(0.00980854 -0.145474 0)
(0.00171438 -0.0540561 0)
(0.0016743 0.0576891 0)
(0.00977083 0.155857 0)
(0.0247828 0.234783 0)
(0.042272 0.294183 0)
(0.0592359 0.335177 0)
(0.0737438 0.359788 0)
(0.0845803 0.370539 0)
(0.0912005 0.370092 0)
(0.0936033 0.360982 0)
(0.0921581 0.345463 0)
(0.0874506 0.325427 0)
(0.0801646 0.302402 0)
(0.0709973 0.277569 0)
(0.0606061 0.25181 0)
(0.0495784 0.225762 0)
(0.038419 0.19986 0)
(0.0275484 0.174386 0)
(0.0173073 0.149505 0)
(0.00796548 0.125293 0)
(-0.000269104 0.101764 0)
(-0.0072407 0.0788854 0)
(-0.0128372 0.0565958 0)
(-0.016983 0.0348125 0)
(-0.0196328 0.0134416 0)
(-0.0207677 -0.00761593 0)
(-0.0203916 -0.028459 0)
(-0.0185304 -0.0491821 0)
(-0.015231 -0.0698716 0)
(-0.0105625 -0.0906019 0)
(-0.00461807 -0.111431 0)
(0.00248184 -0.132397 0)
(0.0105858 -0.153511 0)
(0.0195063 -0.174751 0)
(0.0290153 -0.196052 0)
(0.0388382 -0.217296 0)
(0.0486491 -0.238294 0)
(0.0580685 -0.258768 0)
(0.0666623 -0.27833 0)
(0.0739475 -0.29645 0)
(0.0794054 -0.312423 0)
(0.0825073 -0.325336 0)
(0.0827561 -0.334034 0)
(0.0797493 -0.337096 0)
(0.0732666 -0.332832 0)
(0.063383 -0.319323 0)
(0.0505992 -0.294517 0)
(0.0359395 -0.256413 0)
(0.0209953 -0.20333 0)
(0.00824724 -0.134265 0)
(0.00140353 -0.0494031 0)
(0.00142099 0.0529814 0)
(0.00847886 0.144331 0)
(0.021868 0.219313 0)
(0.0379607 0.27747 0)
(0.0542449 0.319431 0)
(0.0689983 0.346585 0)
(0.0810189 0.360812 0)
(0.0896362 0.364212 0)
(0.0946463 0.358892 0)
(0.096194 0.346806 0)
(0.094655 0.329675 0)
(0.0905377 0.308943 0)
(0.0844055 0.285781 0)
(0.0768226 0.261108 0)
(0.0683183 0.235616 0)
(0.0593674 0.209814 0)
(0.0503803 0.184057 0)
(0.0417025 0.158579 0)
(0.0336168 0.13352 0)
(0.0263489 0.10895 0)
(0.0200743 0.0848861 0)
(0.014924 0.061306 0)
(0.0109912 0.0381628 0)
(0.00833567 0.0153927 0)
(0.00698823 -0.00707667 0)
(0.00695316 -0.0293198 0)
(0.00821003 -0.0514081 0)
(0.0107142 -0.0734045 0)
(0.0143964 -0.0953588 0)
(0.0191613 -0.117302 0)
(0.0248851 -0.139243 0)
(0.0314131 -0.16116 0)
(0.0385556 -0.182991 0)
(0.0460854 -0.204632 0)
(0.0537342 -0.225917 0)
(0.0611912 -0.246612 0)
(0.068103 -0.266391 0)
(0.0740781 -0.284824 0)
(0.0786959 -0.301351 0)
(0.0815238 -0.315259 0)
(0.0821446 -0.325661 0)
(0.0801973 -0.331478 0)
(0.0754328 -0.331437 0)
(0.0677853 -0.324083 0)
(0.0574577 -0.307832 0)
(0.0450115 -0.281067 0)
(0.0314196 -0.242291 0)
(0.0180664 -0.190339 0)
(0.00698913 -0.124622 0)
(0.00116518 -0.0454839 0)
(0.00121729 0.0488932 0)
(0.00739473 0.134139 0)
(0.019326 0.205314 0)
(0.0340175 0.261875 0)
(0.0493686 0.304126 0)
(0.0638718 0.333007 0)
(0.0763943 0.349906 0)
(0.086218 0.356473 0)
(0.0930143 0.354434 0)
(0.0967663 0.345464 0)
(0.0976836 0.331093 0)
(0.0961234 0.31266 0)
(0.0925237 0.291291 0)
(0.0873524 0.267903 0)
(0.0810708 0.243221 0)
(0.0741093 0.217801 0)
(0.0668539 0.192054 0)
(0.05964 0.16627 0)
(0.0527504 0.140648 0)
(0.046418 0.115308 0)
(0.0408285 0.0903116 0)
(0.0361256 0.06568 0)
(0.0324146 0.0414017 0)
(0.0297672 0.0174452 0)
(0.0282241 -0.00623285 0)
(0.027798 -0.0296803 0)
(0.028475 -0.0529428 0)
(0.0302152 -0.0760579 0)
(0.032953 -0.0990491 0)
(0.0365957 -0.12192 0)
(0.0410226 -0.14465 0)
(0.0460824 -0.167183 0)
(0.0515919 -0.189426 0)
(0.0573336 -0.211234 0)
(0.0630554 -0.232405 0)
(0.0684702 -0.252667 0)
(0.0732595 -0.271661 0)
(0.0770798 -0.288931 0)
(0.0795739 -0.303904 0)
(0.0803898 -0.315881 0)
(0.0792072 -0.32402 0)
(0.0757744 -0.327332 0)
(0.0699553 -0.324692 0)
(0.061786 -0.314862 0)
(0.0515376 -0.296543 0)
(0.0397762 -0.268467 0)
(0.027387 -0.229522 0)
(0.0155531 -0.178907 0)
(0.00594569 -0.116312 0)
(0.000975394 -0.0421609 0)
(0.00104807 0.0453292 0)
(0.00646096 0.125126 0)
(0.0170663 0.192706 0)
(0.030376 0.247489 0)
(0.044633 0.289565 0)
(0.0585338 0.319551 0)
(0.0710436 0.338467 0)
(0.0814471 0.347598 0)
(0.0893484 0.34835 0)
(0.0946213 0.342144 0)
(0.0973498 0.330324 0)
(0.0977668 0.314109 0)
(0.0961997 0.294558 0)
(0.0930245 0.272565 0)
(0.0886315 0.248863 0)
(0.0833995 0.224034 0)
(0.0776803 0.198529 0)
(0.0717885 0.172684 0)
(0.0659969 0.146744 0)
(0.060536 0.120874 0)
(0.0555943 0.0951796 0)
(0.0513214 0.0697207 0)
(0.0478304 0.0445218 0)
(0.0452013 0.0195836 0)
(0.043483 -0.00510717 0)
(0.0426962 -0.0295705 0)
(0.0428341 -0.0538254 0)
(0.0438638 -0.0778828 0)
(0.0457261 -0.10174 0)
(0.0483353 -0.125373 0)
(0.0515782 -0.148731 0)
(0.0553135 -0.17173 0)
(0.0593702 -0.194244 0)
(0.0635478 -0.216098 0)
(0.0676162 -0.237057 0)
(0.0713182 -0.25682 0)
(0.0743741 -0.275006 0)
(0.0764891 -0.291145 0)
(0.0773665 -0.304668 0)
(0.0767252 -0.3149 0)
(0.0743247 -0.321053 0)
(0.0699971 -0.322233 0)
(0.0636852 -0.317454 0)
(0.0554863 -0.305668 0)
(0.0456973 -0.285815 0)
(0.0348543 -0.256905 0)
(0.0237394 -0.218115 0)
(0.0133504 -0.168908 0)
(0.00505636 -0.10916 0)
(0.000819051 -0.0393368 0)
(0.000903464 0.0422204 0)
(0.00563775 0.117171 0)
(0.0150214 0.181417 0)
(0.0269776 0.234363 0)
(0.0400372 0.275958 0)
(0.0530837 0.306588 0)
(0.0651918 0.326993 0)
(0.0756812 0.338171 0)
(0.0841293 0.341264 0)
(0.090342 0.337467 0)
(0.0943127 0.327952 0)
(0.0961765 0.313815 0)
(0.0961673 0.296037 0)
(0.0945782 0.275475 0)
(0.0917305 0.25285 0)
(0.0879494 0.228755 0)
(0.0835466 0.203667 0)
(0.0788089 0.177956 0)
(0.0739919 0.151902 0)
(0.0693159 0.125711 0)
(0.064966 0.099527 0)
(0.061092 0.0734444 0)
(0.0578105 0.0475222 0)
(0.0552064 0.0217929 0)
(0.0533353 -0.00372769 0)
(0.0522245 -0.0290315 0)
(0.0518752 -0.0541107 0)
(0.0522624 -0.0789503 0)
(0.0533358 -0.103521 0)
(0.0550197 -0.127773 0)
(0.0572126 -0.151629 0)
(0.059787 -0.174977 0)
(0.0625892 -0.197662 0)
(0.0654399 -0.219482 0)
(0.0681354 -0.240179 0)
(0.0704513 -0.259429 0)
(0.072147 -0.276837 0)
(0.0729751 -0.291928 0)
(0.0726929 -0.304146 0)
(0.0710796 -0.312845 0)
(0.067958 -0.317297 0)
(0.0632209 -0.316697 0)
(0.0568625 -0.310185 0)
(0.0490106 -0.296874 0)
(0.0399594 -0.275904 0)
(0.0301946 -0.2465 0)
(0.0203909 -0.208059 0)
(0.0113798 -0.160236 0)
(0.00427877 -0.103035 0)
(0.000686232 -0.0369421 0)
(0.000776799 0.0395157 0)
(0.00489699 0.110185 0)
(0.0131408 0.171384 0)
(0.0237735 0.222521 0)
(0.0355693 0.26345 0)
(0.0475797 0.294389 0)
(0.0589917 0.315869 0)
(0.0691789 0.328661 0)
(0.0777207 0.333692 0)
(0.0843863 0.331964 0)
(0.0891075 0.324493 0)
(0.0919461 0.312258 0)
(0.0930593 0.296159 0)
(0.0926686 0.277005 0)
(0.091032 0.255494 0)
(0.0884215 0.23222 0)
(0.085107 0.207671 0)
(0.0813434 0.18224 0)
(0.0773636 0.156238 0)
(0.0733727 0.1299 0)
(0.0695468 0.103404 0)
(0.0660314 0.0768766 0)
(0.0629426 0.0504076 0)
(0.0603675 0.024059 0)
(0.0583661 -0.00212537 0)
(0.0569718 -0.0281107 0)
(0.0561931 -0.0538636 0)
(0.056014 -0.079344 0)
(0.0563947 -0.104498 0)
(0.0572715 -0.129251 0)
(0.0585575 -0.1535 0)
(0.0601422 -0.177109 0)
(0.0618922 -0.1999 0)
(0.0636522 -0.221647 0)
(0.0652471 -0.242072 0)
(0.0664858 -0.260835 0)
(0.0671662 -0.277534 0)
(0.0670843 -0.291695 0)
(0.0660445 -0.302777 0)
(0.0638754 -0.310169 0)
(0.0604476 -0.313198 0)
(0.0556962 -0.31114 0)
(0.0496444 -0.303245 0)
(0.0424286 -0.288764 0)
(0.034321 -0.266993 0)
(0.0257456 -0.237329 0)
(0.0172715 -0.199335 0)
(0.00958196 -0.152808 0)
(0.0035827 -0.0978401 0)
(0.0005702 -0.0349263 0)
(0.000663436 0.0371771 0)
(0.00421842 0.104096 0)
(0.0113867 0.162557 0)
(0.0207242 0.211977 0)
(0.0312133 0.252144 0)
(0.0420558 0.283158 0)
(0.0525486 0.305393 0)
(0.06213 0.319442 0)
(0.0704007 0.326058 0)
(0.0771166 0.326082 0)
(0.0821715 0.320395 0)
(0.0855739 0.309865 0)
(0.0874214 0.295317 0)
(0.0878751 0.277504 0)
(0.0871366 0.257099 0)
(0.0854283 0.234682 0)
(0.0829784 0.210746 0)
(0.0800081 0.1857 0)
(0.0767243 0.159874 0)
(0.0733133 0.133529 0)
(0.0699381 0.106869 0)
(0.0667362 0.0800489 0)
(0.0638198 0.0531862 0)
(0.0612758 0.0263693 0)
(0.0591663 -0.00033214 0)
(0.0575297 -0.0268588 0)
(0.0563817 -0.0531534 0)
(0.0557153 -0.0791526 0)
(0.0555021 -0.10478 0)
(0.0556922 -0.129937 0)
(0.0562148 -0.154501 0)
(0.0569782 -0.178313 0)
(0.0578714 -0.201174 0)
(0.0587647 -0.22284 0)
(0.0595122 -0.243015 0)
(0.0599556 -0.261351 0)
(0.0599292 -0.277438 0)
(0.0592677 -0.29081 0)
(0.0578157 -0.30094 0)
(0.055441 -0.307251 0)
(0.0520492 -0.30912 0)
(0.0476019 -0.305895 0)
(0.0421351 -0.296918 0)
(0.0357777 -0.28155 0)
(0.0287673 -0.259215 0)
(0.0214606 -0.229444 0)
(0.0143252 -0.191925 0)
(0.00791231 -0.146559 0)
(0.00294619 -0.0935017 0)
(0.000466243 -0.0332528 0)
(0.000560045 0.0351758 0)
(0.00358714 0.0988504 0)
(0.00973056 0.154894 0)
(0.0177982 0.202733 0)
(0.0269532 0.242113 0)
(0.0365319 0.273048 0)
(0.0459368 0.295794 0)
(0.0546763 0.310809 0)
(0.0623851 0.318706 0)
(0.068823 0.320194 0)
(0.073864 0.316038 0)
(0.0774806 0.30701 0)
(0.079725 0.29386 0)
(0.0807092 0.277291 0)
(0.0805862 0.257943 0)
(0.0795332 0.23638 0)
(0.0777382 0.213092 0)
(0.075389 0.188495 0)
(0.0726647 0.162933 0)
(0.0697302 0.136687 0)
(0.0667324 0.109982 0)
(0.0637982 0.082995 0)
(0.061033 0.055868 0)
(0.058521 0.0287124 0)
(0.0563248 0.00162043 0)
(0.0544867 -0.0253265 0)
(0.0530284 -0.0520497 0)
(0.0519524 -0.0784651 0)
(0.0512416 -0.104476 0)
(0.0508608 -0.129964 0)
(0.0507562 -0.154787 0)
(0.0508565 -0.178767 0)
(0.0510736 -0.201688 0)
(0.0513039 -0.22329 0)
(0.0514308 -0.243265 0)
(0.0513274 -0.261255 0)
(0.0508616 -0.276848 0)
(0.0499024 -0.289584 0)
(0.0483281 -0.298953 0)
(0.0460368 -0.304405 0)
(0.0429585 -0.30536 0)
(0.0390694 -0.301227 0)
(0.0344056 -0.291421 0)
(0.0290772 -0.275395 0)
(0.0232793 -0.252671 0)
(0.0172992 -0.222881 0)
(0.0115074 -0.185812 0)
(0.00633676 -0.141439 0)
(0.002353 -0.0899665 0)
(0.000370978 -0.0318947 0)
(0.000464179 0.0334899 0)
(0.00299196 0.094407 0)
(0.00815019 0.14836 0)
(0.0149701 0.194787 0)
(0.0227739 0.233406 0)
(0.0310196 0.26417 0)
(0.03921 0.287248 0)
(0.0469255 0.302994 0)
(0.0538436 0.311911 0)
(0.05974 0.314604 0)
(0.064483 0.311738 0)
(0.068023 0.304006 0)
(0.070379 0.29209 0)
(0.071624 0.276645 0)
(0.0718697 0.258276 0)
(0.0712533 0.237531 0)
(0.0699254 0.214891 0)
(0.0680408 0.190774 0)
(0.0657506 0.165533 0)
(0.0631967 0.139461 0)
(0.0605083 0.112801 0)
(0.0577988 0.0857483 0)
(0.0551651 0.0584634 0)
(0.0526863 0.0310773 0)
(0.0504243 0.00370185 0)
(0.0484234 -0.0235628 0)
(0.0467111 -0.0506196 0)
(0.0452982 -0.0773665 0)
(0.0441796 -0.103689 0)
(0.0433345 -0.129453 0)
(0.0427268 -0.154498 0)
(0.0423057 -0.178632 0)
(0.0420066 -0.201623 0)
(0.041752 -0.223199 0)
(0.0414535 -0.243041 0)
(0.0410144 -0.260784 0)
(0.0403335 -0.276015 0)
(0.0393099 -0.288278 0)
(0.0378498 -0.297077 0)
(0.0358746 -0.301883 0)
(0.0333304 -0.302154 0)
(0.0301985 -0.297343 0)
(0.0265062 -0.286925 0)
(0.0223369 -0.270422 0)
(0.0178384 -0.247433 0)
(0.0132273 -0.217668 0)
(0.00878275 -0.180983 0)
(0.0048291 -0.137413 0)
(0.00179091 -0.0871955 0)
(0.000281918 -0.0308328 0)
(0.000373984 0.0321027 0)
(0.0024243 0.0907331 0)
(0.00662835 0.142928 0)
(0.0122192 0.188136 0)
(0.0186619 0.22606 0)
(0.0255255 0.256608 0)
(0.0324075 0.279887 0)
(0.0389613 0.296176 0)
(0.0449121 0.305891 0)
(0.0500603 0.309555 0)
(0.0542788 0.307755 0)
(0.0575068 0.301114 0)
(0.0597405 0.29026 0)
(0.0610223 0.275801 0)
(0.0614295 0.258314 0)
(0.0610639 0.238324 0)
(0.060042 0.216305 0)
(0.058487 0.19267 0)
(0.0565221 0.167778 0)
(0.0542656 0.141929 0)
(0.0518274 0.11538 0)
(0.0493061 0.0883382 0)
(0.0467878 0.0609804 0)
(0.0443454 0.0334529 0)
(0.042038 0.00588303 0)
(0.0399109 -0.0216137 0)
(0.0379961 -0.048925 0)
(0.0363124 -0.0759343 0)
(0.034866 -0.102513 0)
(0.0336505 -0.128512 0)
(0.0326474 -0.153759 0)
(0.0318264 -0.178048 0)
(0.0311463 -0.201135 0)
(0.0305552 -0.222738 0)
(0.0299923 -0.242529 0)
(0.0293893 -0.260136 0)
(0.0286734 -0.275145 0)
(0.0277705 -0.287102 0)
(0.0266103 -0.295519 0)
(0.0251321 -0.299887 0)
(0.0232915 -0.299685 0)
(0.0210683 -0.294403 0)
(0.0184746 -0.283559 0)
(0.0155618 -0.266725 0)
(0.0124271 -0.243558 0)
(0.00921714 -0.213822 0)
(0.00612291 -0.177429 0)
(0.00336884 -0.134454 0)
(0.00125053 -0.0851609 0)
(0.000197186 -0.0300533 0)
(0.000288009 0.0310014 0)
(0.00187732 0.0878038 0)
(0.0051511 0.138576 0)
(0.00952845 0.182776 0)
(0.0146051 0.220097 0)
(0.0200526 0.250422 0)
(0.025559 0.273811 0)
(0.0308497 0.29049 0)
(0.035701 0.300812 0)
(0.0399441 0.305238 0)
(0.0434641 0.304292 0)
(0.0461971 0.298544 0)
(0.0481245 0.288575 0)
(0.0492651 0.274956 0)
(0.0496679 0.258235 0)
(0.0494036 0.238918 0)
(0.0485573 0.217468 0)
(0.0472224 0.194295 0)
(0.0454948 0.169755 0)
(0.0434689 0.144156 0)
(0.0412343 0.11776 0)
(0.0388736 0.0907878 0)
(0.0364609 0.0634238 0)
(0.034061 0.0358269 0)
(0.0317289 0.00813612 0)
(0.0295096 -0.0195213 0)
(0.0274388 -0.0470216 0)
(0.0255422 -0.074237 0)
(0.0238366 -0.101028 0)
(0.0223296 -0.127235 0)
(0.0210199 -0.152675 0)
(0.0198976 -0.177132 0)
(0.0189442 -0.200353 0)
(0.0181332 -0.222046 0)
(0.0174303 -0.241876 0)
(0.0167945 -0.259466 0)
(0.0161795 -0.274398 0)
(0.0155356 -0.286217 0)
(0.0148128 -0.294439 0)
(0.0139641 -0.298565 0)
(0.0129504 -0.29809 0)
(0.0117455 -0.292526 0)
(0.0103418 -0.281418 0)
(0.00875537 -0.264373 0)
(0.00703113 -0.241086 0)
(0.00524558 -0.211361 0)
(0.00350512 -0.175145 0)
(0.00193969 -0.132546 0)
(0.000724487 -0.0838437 0)
(0.000115316 -0.0295469 0)
(0.000205076 0.0301767 0)
(0.00134542 0.0856002 0)
(0.00370679 0.135285 0)
(0.00688318 0.1787 0)
(0.0105923 0.215534 0)
(0.0146019 0.245652 0)
(0.0186868 0.26909 0)
(0.0226438 0.286034 0)
(0.0263022 0.296797 0)
(0.0295276 0.301792 0)
(0.0322228 0.301503 0)
(0.0343268 0.296454 0)
(0.035812 0.287192 0)
(0.0366795 0.274258 0)
(0.0369543 0.258176 0)
(0.0366797 0.239435 0)
(0.0359122 0.218486 0)
(0.0347165 0.195733 0)
(0.0331622 0.171531 0)
(0.0313195 0.14619 0)
(0.0292573 0.119975 0)
(0.0270412 0.0931115 0)
(0.024732 0.0657928 0)
(0.0223852 0.0381847 0)
(0.0200503 0.0104341 0)
(0.017771 -0.017324 0)
(0.015585 -0.044958 0)
(0.0135245 -0.0723326 0)
(0.0116158 -0.0993006 0)
(0.00987977 -0.125696 0)
(0.00833194 -0.151328 0)
(0.0069821 -0.175973 0)
(0.00583433 -0.199372 0)
(0.00488667 -0.221225 0)
(0.00413092 -0.241191 0)
(0.00355248 -0.258886 0)
(0.00313044 -0.273887 0)
(0.00283798 -0.285736 0)
(0.0026433 -0.293948 0)
(0.00251114 -0.298025 0)
(0.00240492 -0.297466 0)
(0.0022897 -0.291794 0)
(0.00213556 -0.280568 0)
(0.00192134 -0.263414 0)
(0.00163841 -0.240046 0)
(0.00129366 -0.210294 0)
(0.000910621 -0.174129 0)
(0.000528318 -0.131676 0)
(0.000206746 -0.0832323 0)
(3.51214e-05 -0.0293078 0)
(0.000124178 0.029622 0)
(0.000823733 0.0841088 0)
(0.00228514 0.133044 0)
(0.00427008 0.175903 0)
(0.00661249 0.212378 0)
(0.00917217 0.242326 0)
(0.011808 0.26577 0)
(0.0143874 0.282875 0)
(0.0167934 0.293929 0)
(0.0189286 0.299317 0)
(0.0207169 0.299493 0)
(0.0221043 0.294955 0)
(0.0230583 0.286222 0)
(0.0235661 0.273814 0)
(0.0236322 0.258234 0)
(0.023275 0.239961 0)
(0.0225243 0.219432 0)
(0.021418 0.197044 0)
(0.0199991 0.173151 0)
(0.0183142 0.148061 0)
(0.0164109 0.122039 0)
(0.0143369 0.0953129 0)
(0.0121387 0.0680796 0)
(0.00986134 0.0405084 0)
(0.0075477 0.01275 0)
(0.00523877 -0.0150564 0)
(0.00297347 -0.0427755 0)
(0.000788867 -0.0702681 0)
(-0.00127982 -0.0973834 0)
(-0.0031992 -0.123952 0)
(-0.00493786 -0.149778 0)
(-0.00646676 -0.174635 0)
(-0.0077598 -0.198258 0)
(-0.00879464 -0.220343 0)
(-0.00955378 -0.240543 0)
(-0.0100257 -0.258467 0)
(-0.0102063 -0.273684 0)
(-0.0101 -0.28573 0)
(-0.00972088 -0.294113 0)
(-0.00909332 -0.298327 0)
(-0.00825224 -0.297869 0)
(-0.0072424 -0.292256 0)
(-0.00611699 -0.281049 0)
(-0.00493542 -0.263875 0)
(-0.00376035 -0.240457 0)
(-0.0026545 -0.210632 0)
(-0.00167646 -0.174381 0)
(-0.000876601 -0.131842 0)
(-0.000307799 -0.0833208 0)
(-4.44042e-05 -0.029333 0)
(4.44052e-05 0.029333 0)
(0.000307802 0.0833209 0)
(0.000876607 0.131842 0)
(0.00167647 0.174381 0)
(0.00265451 0.210632 0)
(0.00376036 0.240457 0)
(0.00493544 0.263875 0)
(0.00611701 0.281049 0)
(0.00724242 0.292256 0)
(0.00825227 0.297869 0)
(0.00909335 0.298327 0)
(0.00972091 0.294113 0)
(0.0101001 0.28573 0)
(0.0102064 0.273684 0)
(0.0100258 0.258467 0)
(0.00955382 0.240543 0)
(0.00879468 0.220343 0)
(0.00775984 0.198258 0)
(0.00646681 0.174635 0)
(0.00493791 0.149778 0)
(0.00319925 0.123952 0)
(0.00127988 0.0973834 0)
(-0.000788814 0.0702681 0)
(-0.00297342 0.0427755 0)
(-0.00523871 0.0150564 0)
(-0.00754765 -0.01275 0)
(-0.00986128 -0.0405084 0)
(-0.0121387 -0.0680796 0)
(-0.0143368 -0.0953129 0)
(-0.0164109 -0.122039 0)
(-0.0183141 -0.148061 0)
(-0.0199991 -0.173151 0)
(-0.0214179 -0.197044 0)
(-0.0225243 -0.219432 0)
(-0.023275 -0.239961 0)
(-0.0236321 -0.258234 0)
(-0.0235661 -0.273814 0)
(-0.0230583 -0.286222 0)
(-0.0221043 -0.294955 0)
(-0.0207169 -0.299493 0)
(-0.0189286 -0.299317 0)
(-0.0167934 -0.293929 0)
(-0.0143873 -0.282875 0)
(-0.011808 -0.26577 0)
(-0.00917215 -0.242326 0)
(-0.00661248 -0.212378 0)
(-0.00427008 -0.175903 0)
(-0.00228513 -0.133044 0)
(-0.000823731 -0.0841087 0)
(-0.000124177 -0.029622 0)
(-3.51201e-05 0.0293079 0)
(-0.000206742 0.0832323 0)
(-0.000528311 0.131676 0)
(-0.000910609 0.174129 0)
(-0.00129364 0.210294 0)
(-0.0016384 0.240046 0)
(-0.00192132 0.263414 0)
(-0.00213553 0.280568 0)
(-0.00228968 0.291794 0)
(-0.0024049 0.297466 0)
(-0.00251111 0.298025 0)
(-0.00264327 0.293948 0)
(-0.00283795 0.285736 0)
(-0.0031304 0.273887 0)
(-0.00355244 0.258886 0)
(-0.00413088 0.241191 0)
(-0.00488663 0.221225 0)
(-0.00583429 0.199372 0)
(-0.00698206 0.175973 0)
(-0.00833189 0.151328 0)
(-0.00987972 0.125696 0)
(-0.0116157 0.0993006 0)
(-0.0135244 0.0723326 0)
(-0.015585 0.044958 0)
(-0.0177709 0.017324 0)
(-0.0200502 -0.0104341 0)
(-0.0223851 -0.0381848 0)
(-0.024732 -0.0657928 0)
(-0.0270411 -0.0931115 0)
(-0.0292572 -0.119975 0)
(-0.0313194 -0.14619 0)
(-0.0331621 -0.171531 0)
(-0.0347165 -0.195733 0)
(-0.0359121 -0.218486 0)
(-0.0366797 -0.239435 0)
(-0.0369543 -0.258176 0)
(-0.0366795 -0.274258 0)
(-0.0358119 -0.287192 0)
(-0.0343267 -0.296454 0)
(-0.0322227 -0.301503 0)
(-0.0295276 -0.301792 0)
(-0.0263022 -0.296797 0)
(-0.0226438 -0.286034 0)
(-0.0186868 -0.26909 0)
(-0.0146019 -0.245652 0)
(-0.0105923 -0.215534 0)
(-0.00688317 -0.1787 0)
(-0.00370678 -0.135285 0)
(-0.00134542 -0.0856001 0)
(-0.000205075 -0.0301767 0)
(-0.000115314 0.029547 0)
(-0.000724483 0.0838438 0)
(-0.00193968 0.132546 0)
(-0.00350511 0.175145 0)
(-0.00524556 0.211361 0)
(-0.00703112 0.241086 0)
(-0.00875535 0.264373 0)
(-0.0103418 0.281418 0)
(-0.0117455 0.292526 0)
(-0.0129504 0.29809 0)
(-0.0139641 0.298565 0)
(-0.0148128 0.294439 0)
(-0.0155356 0.286217 0)
(-0.0161795 0.274398 0)
(-0.0167945 0.259466 0)
(-0.0174303 0.241876 0)
(-0.0181332 0.222046 0)
(-0.0189442 0.200353 0)
(-0.0198976 0.177132 0)
(-0.0210199 0.152675 0)
(-0.0223296 0.127235 0)
(-0.0238366 0.101028 0)
(-0.0255422 0.074237 0)
(-0.0274387 0.0470216 0)
(-0.0295096 0.0195213 0)
(-0.0317288 -0.00813613 0)
(-0.0340609 -0.0358269 0)
(-0.0364608 -0.0634238 0)
(-0.0388735 -0.0907878 0)
(-0.0412342 -0.117761 0)
(-0.0434689 -0.144156 0)
(-0.0454948 -0.169755 0)
(-0.0472224 -0.194295 0)
(-0.0485573 -0.217468 0)
(-0.0494035 -0.238918 0)
(-0.0496679 -0.258235 0)
(-0.0492651 -0.274956 0)
(-0.0481244 -0.288575 0)
(-0.0461971 -0.298544 0)
(-0.0434641 -0.304292 0)
(-0.0399441 -0.305238 0)
(-0.035701 -0.300812 0)
(-0.0308496 -0.29049 0)
(-0.025559 -0.273811 0)
(-0.0200526 -0.250422 0)
(-0.0146051 -0.220097 0)
(-0.00952845 -0.182776 0)
(-0.0051511 -0.138576 0)
(-0.00187732 -0.0878037 0)
(-0.000288009 -0.0310014 0)
(-0.000197184 0.0300534 0)
(-0.00125053 0.0851609 0)
(-0.00336883 0.134454 0)
(-0.0061229 0.177429 0)
(-0.00921712 0.213822 0)
(-0.0124271 0.243558 0)
(-0.0155617 0.266725 0)
(-0.0184745 0.283559 0)
(-0.0210683 0.294403 0)
(-0.0232914 0.299685 0)
(-0.0251321 0.299886 0)
(-0.0266103 0.295519 0)
(-0.0277704 0.287102 0)
(-0.0286733 0.275145 0)
(-0.0293893 0.260136 0)
(-0.0299923 0.242529 0)
(-0.0305552 0.222738 0)
(-0.0311463 0.201135 0)
(-0.0318264 0.178048 0)
(-0.0326473 0.153759 0)
(-0.0336505 0.128512 0)
(-0.034866 0.102513 0)
(-0.0363124 0.0759343 0)
(-0.037996 0.048925 0)
(-0.0399108 0.0216137 0)
(-0.0420379 -0.00588303 0)
(-0.0443454 -0.0334529 0)
(-0.0467878 -0.0609804 0)
(-0.049306 -0.0883382 0)
(-0.0518273 -0.11538 0)
(-0.0542656 -0.141929 0)
(-0.0565221 -0.167778 0)
(-0.058487 -0.19267 0)
(-0.060042 -0.216305 0)
(-0.0610639 -0.238324 0)
(-0.0614294 -0.258314 0)
(-0.0610222 -0.275801 0)
(-0.0597405 -0.29026 0)
(-0.0575068 -0.301114 0)
(-0.0542788 -0.307756 0)
(-0.0500603 -0.309555 0)
(-0.0449121 -0.305891 0)
(-0.0389613 -0.296176 0)
(-0.0324075 -0.279887 0)
(-0.0255255 -0.256608 0)
(-0.0186619 -0.22606 0)
(-0.0122192 -0.188136 0)
(-0.00662835 -0.142928 0)
(-0.0024243 -0.0907331 0)
(-0.000373984 -0.0321026 0)
(-0.000281916 0.0308328 0)
(-0.0017909 0.0871956 0)
(-0.00482909 0.137413 0)
(-0.00878273 0.180983 0)
(-0.0132273 0.217668 0)
(-0.0178383 0.247433 0)
(-0.0223368 0.270422 0)
(-0.0265061 0.286925 0)
(-0.0301984 0.297343 0)
(-0.0333303 0.302154 0)
(-0.0358745 0.301883 0)
(-0.0378497 0.297077 0)
(-0.0393098 0.288278 0)
(-0.0403335 0.276015 0)
(-0.0410144 0.260784 0)
(-0.0414535 0.243041 0)
(-0.0417519 0.223199 0)
(-0.0420065 0.201623 0)
(-0.0423056 0.178632 0)
(-0.0427267 0.154498 0)
(-0.0433344 0.129453 0)
(-0.0441796 0.103689 0)
(-0.0452981 0.0773664 0)
(-0.046711 0.0506196 0)
(-0.0484234 0.0235628 0)
(-0.0504243 -0.00370185 0)
(-0.0526863 -0.0310773 0)
(-0.055165 -0.0584634 0)
(-0.0577988 -0.0857483 0)
(-0.0605082 -0.112801 0)
(-0.0631967 -0.139461 0)
(-0.0657505 -0.165533 0)
(-0.0680408 -0.190774 0)
(-0.0699254 -0.214891 0)
(-0.0712532 -0.237531 0)
(-0.0718697 -0.258276 0)
(-0.071624 -0.276645 0)
(-0.070379 -0.29209 0)
(-0.0680229 -0.304006 0)
(-0.064483 -0.311738 0)
(-0.05974 -0.314604 0)
(-0.0538436 -0.311911 0)
(-0.0469255 -0.302994 0)
(-0.03921 -0.287248 0)
(-0.0310196 -0.26417 0)
(-0.0227739 -0.233406 0)
(-0.0149701 -0.194787 0)
(-0.00815019 -0.14836 0)
(-0.00299196 -0.0944069 0)
(-0.00046418 -0.0334899 0)
(-0.000370976 0.0318948 0)
(-0.00235299 0.0899666 0)
(-0.00633675 0.141439 0)
(-0.0115074 0.185812 0)
(-0.0172991 0.222881 0)
(-0.0232793 0.252671 0)
(-0.0290772 0.275395 0)
(-0.0344056 0.291421 0)
(-0.0390694 0.301227 0)
(-0.0429585 0.30536 0)
(-0.0460367 0.304405 0)
(-0.0483281 0.298953 0)
(-0.0499024 0.289584 0)
(-0.0508615 0.276848 0)
(-0.0513273 0.261255 0)
(-0.0514307 0.243265 0)
(-0.0513039 0.22329 0)
(-0.0510736 0.201688 0)
(-0.0508565 0.178767 0)
(-0.0507562 0.154787 0)
(-0.0508608 0.129964 0)
(-0.0512416 0.104476 0)
(-0.0519523 0.0784651 0)
(-0.0530284 0.0520497 0)
(-0.0544866 0.0253265 0)
(-0.0563248 -0.00162043 0)
(-0.0585209 -0.0287124 0)
(-0.061033 -0.055868 0)
(-0.0637982 -0.082995 0)
(-0.0667324 -0.109982 0)
(-0.0697301 -0.136687 0)
(-0.0726647 -0.162933 0)
(-0.075389 -0.188495 0)
(-0.0777382 -0.213092 0)
(-0.0795331 -0.23638 0)
(-0.0805861 -0.257943 0)
(-0.0807092 -0.277291 0)
(-0.079725 -0.29386 0)
(-0.0774806 -0.30701 0)
(-0.0738639 -0.316038 0)
(-0.068823 -0.320194 0)
(-0.0623851 -0.318706 0)
(-0.0546763 -0.310809 0)
(-0.0459368 -0.295794 0)
(-0.0365319 -0.273048 0)
(-0.0269532 -0.242113 0)
(-0.0177982 -0.202733 0)
(-0.00973056 -0.154894 0)
(-0.00358714 -0.0988503 0)
(-0.000560046 -0.0351758 0)
(-0.00046624 0.0332528 0)
(-0.00294618 0.0935017 0)
(-0.0079123 0.146559 0)
(-0.0143252 0.191925 0)
(-0.0214606 0.229444 0)
(-0.0287672 0.259215 0)
(-0.0357777 0.28155 0)
(-0.0421351 0.296918 0)
(-0.0476018 0.305895 0)
(-0.0520491 0.30912 0)
(-0.0554409 0.307251 0)
(-0.0578157 0.30094 0)
(-0.0592676 0.29081 0)
(-0.0599292 0.277438 0)
(-0.0599555 0.261351 0)
(-0.0595122 0.243015 0)
(-0.0587647 0.22284 0)
(-0.0578714 0.201174 0)
(-0.0569782 0.178313 0)
(-0.0562147 0.154501 0)
(-0.0556922 0.129937 0)
(-0.0555021 0.10478 0)
(-0.0557152 0.0791526 0)
(-0.0563816 0.0531534 0)
(-0.0575297 0.0268588 0)
(-0.0591662 0.000332138 0)
(-0.0612757 -0.0263693 0)
(-0.0638198 -0.0531862 0)
(-0.0667362 -0.0800489 0)
(-0.069938 -0.106869 0)
(-0.0733133 -0.133529 0)
(-0.0767243 -0.159874 0)
(-0.0800081 -0.1857 0)
(-0.0829783 -0.210746 0)
(-0.0854283 -0.234682 0)
(-0.0871365 -0.257099 0)
(-0.0878751 -0.277504 0)
(-0.0874214 -0.295317 0)
(-0.0855739 -0.309865 0)
(-0.0821715 -0.320395 0)
(-0.0771166 -0.326082 0)
(-0.0704007 -0.326058 0)
(-0.06213 -0.319442 0)
(-0.0525486 -0.305393 0)
(-0.0420558 -0.283158 0)
(-0.0312133 -0.252144 0)
(-0.0207242 -0.211977 0)
(-0.0113868 -0.162557 0)
(-0.00421842 -0.104096 0)
(-0.000663436 -0.0371771 0)
(-0.000570198 0.0349264 0)
(-0.00358269 0.0978401 0)
(-0.00958195 0.152808 0)
(-0.0172715 0.199335 0)
(-0.0257456 0.237329 0)
(-0.034321 0.266993 0)
(-0.0424286 0.288764 0)
(-0.0496443 0.303245 0)
(-0.0556961 0.31114 0)
(-0.0604476 0.313198 0)
(-0.0638754 0.310169 0)
(-0.0660445 0.302777 0)
(-0.0670842 0.291695 0)
(-0.0671662 0.277533 0)
(-0.0664857 0.260835 0)
(-0.0652471 0.242072 0)
(-0.0636521 0.221647 0)
(-0.0618922 0.199899 0)
(-0.0601422 0.177109 0)
(-0.0585575 0.1535 0)
(-0.0572715 0.129251 0)
(-0.0563946 0.104498 0)
(-0.0560139 0.079344 0)
(-0.056193 0.0538636 0)
(-0.0569717 0.0281107 0)
(-0.058366 0.00212537 0)
(-0.0603675 -0.024059 0)
(-0.0629425 -0.0504076 0)
(-0.0660313 -0.0768766 0)
(-0.0695467 -0.103404 0)
(-0.0733727 -0.1299 0)
(-0.0773635 -0.156238 0)
(-0.0813434 -0.18224 0)
(-0.0851069 -0.207671 0)
(-0.0884215 -0.23222 0)
(-0.0910319 -0.255494 0)
(-0.0926686 -0.277005 0)
(-0.0930593 -0.296159 0)
(-0.091946 -0.312258 0)
(-0.0891075 -0.324493 0)
(-0.0843863 -0.331964 0)
(-0.0777207 -0.333692 0)
(-0.0691789 -0.328661 0)
(-0.0589917 -0.315869 0)
(-0.0475797 -0.294389 0)
(-0.0355693 -0.26345 0)
(-0.0237735 -0.222521 0)
(-0.0131408 -0.171384 0)
(-0.004897 -0.110184 0)
(-0.0007768 -0.0395157 0)
(-0.00068623 0.0369421 0)
(-0.00427876 0.103035 0)
(-0.0113798 0.160236 0)
(-0.0203908 0.208059 0)
(-0.0301946 0.2465 0)
(-0.0399594 0.275904 0)
(-0.0490106 0.296874 0)
(-0.0568624 0.310185 0)
(-0.0632209 0.316697 0)
(-0.067958 0.317297 0)
(-0.0710796 0.312845 0)
(-0.0726929 0.304146 0)
(-0.072975 0.291928 0)
(-0.072147 0.276836 0)
(-0.0704512 0.259429 0)
(-0.0681354 0.240179 0)
(-0.0654398 0.219482 0)
(-0.0625891 0.197662 0)
(-0.0597869 0.174977 0)
(-0.0572125 0.151629 0)
(-0.0550196 0.127773 0)
(-0.0533358 0.103521 0)
(-0.0522624 0.0789503 0)
(-0.0518752 0.0541107 0)
(-0.0522245 0.0290315 0)
(-0.0533352 0.00372769 0)
(-0.0552064 -0.0217929 0)
(-0.0578104 -0.0475222 0)
(-0.061092 -0.0734444 0)
(-0.064966 -0.099527 0)
(-0.0693159 -0.125711 0)
(-0.0739918 -0.151902 0)
(-0.0788089 -0.177956 0)
(-0.0835465 -0.203667 0)
(-0.0879494 -0.228755 0)
(-0.0917305 -0.25285 0)
(-0.0945781 -0.275475 0)
(-0.0961672 -0.296037 0)
(-0.0961765 -0.313815 0)
(-0.0943126 -0.327952 0)
(-0.090342 -0.337467 0)
(-0.0841293 -0.341264 0)
(-0.0756812 -0.338171 0)
(-0.0651918 -0.326993 0)
(-0.0530837 -0.306588 0)
(-0.0400372 -0.275958 0)
(-0.0269776 -0.234362 0)
(-0.0150214 -0.181417 0)
(-0.00563775 -0.117171 0)
(-0.000903465 -0.0422203 0)
(-0.000819048 0.0393368 0)
(-0.00505635 0.10916 0)
(-0.0133504 0.168908 0)
(-0.0237393 0.218115 0)
(-0.0348542 0.256905 0)
(-0.0456972 0.285815 0)
(-0.0554862 0.305668 0)
(-0.0636851 0.317454 0)
(-0.069997 0.322233 0)
(-0.0743247 0.321053 0)
(-0.0767251 0.3149 0)
(-0.0773665 0.304668 0)
(-0.0764891 0.291145 0)
(-0.074374 0.275006 0)
(-0.0713182 0.25682 0)
(-0.0676161 0.237057 0)
(-0.0635477 0.216098 0)
(-0.0593701 0.194244 0)
(-0.0553134 0.17173 0)
(-0.0515782 0.148731 0)
(-0.0483352 0.125373 0)
(-0.0457261 0.10174 0)
(-0.0438638 0.0778828 0)
(-0.0428341 0.0538253 0)
(-0.0426962 0.0295705 0)
(-0.043483 0.00510717 0)
(-0.0452012 -0.0195836 0)
(-0.0478304 -0.0445218 0)
(-0.0513213 -0.0697207 0)
(-0.0555942 -0.0951795 0)
(-0.0605359 -0.120874 0)
(-0.0659969 -0.146744 0)
(-0.0717884 -0.172684 0)
(-0.0776803 -0.198529 0)
(-0.0833995 -0.224034 0)
(-0.0886314 -0.248863 0)
(-0.0930245 -0.272565 0)
(-0.0961996 -0.294558 0)
(-0.0977668 -0.314109 0)
(-0.0973498 -0.330324 0)
(-0.0946213 -0.342144 0)
(-0.0893484 -0.34835 0)
(-0.0814471 -0.347597 0)
(-0.0710436 -0.338467 0)
(-0.0585338 -0.319551 0)
(-0.044633 -0.289565 0)
(-0.030376 -0.247489 0)
(-0.0170664 -0.192706 0)
(-0.00646096 -0.125126 0)
(-0.00104808 -0.0453292 0)
(-0.000975392 0.0421609 0)
(-0.00594568 0.116312 0)
(-0.0155531 0.178907 0)
(-0.0273869 0.229522 0)
(-0.0397762 0.268467 0)
(-0.0515376 0.296543 0)
(-0.061786 0.314862 0)
(-0.0699553 0.324692 0)
(-0.0757743 0.327332 0)
(-0.0792072 0.32402 0)
(-0.0803898 0.315881 0)
(-0.0795739 0.303904 0)
(-0.0770797 0.288931 0)
(-0.0732595 0.271661 0)
(-0.0684701 0.252667 0)
(-0.0630553 0.232405 0)
(-0.0573336 0.211234 0)
(-0.0515918 0.189425 0)
(-0.0460823 0.167183 0)
(-0.0410225 0.14465 0)
(-0.0365957 0.12192 0)
(-0.0329529 0.0990491 0)
(-0.0302152 0.0760579 0)
(-0.0284749 0.0529428 0)
(-0.027798 0.0296803 0)
(-0.0282241 0.00623285 0)
(-0.0297672 -0.0174452 0)
(-0.0324146 -0.0414017 0)
(-0.0361255 -0.06568 0)
(-0.0408285 -0.0903116 0)
(-0.0464179 -0.115308 0)
(-0.0527504 -0.140648 0)
(-0.0596399 -0.16627 0)
(-0.0668539 -0.192054 0)
(-0.0741092 -0.217801 0)
(-0.0810708 -0.243221 0)
(-0.0873524 -0.267903 0)
(-0.0925236 -0.291291 0)
(-0.0961234 -0.31266 0)
(-0.0976836 -0.331093 0)
(-0.0967663 -0.345464 0)
(-0.0930143 -0.354434 0)
(-0.086218 -0.356473 0)
(-0.0763943 -0.349906 0)
(-0.0638718 -0.333007 0)
(-0.0493686 -0.304126 0)
(-0.0340175 -0.261875 0)
(-0.019326 -0.205314 0)
(-0.00739474 -0.134139 0)
(-0.0012173 -0.0488932 0)
(-0.00116518 0.0454839 0)
(-0.00698913 0.124622 0)
(-0.0180664 0.190339 0)
(-0.0314196 0.242291 0)
(-0.0450115 0.281067 0)
(-0.0574576 0.307832 0)
(-0.0677853 0.324083 0)
(-0.0754328 0.331437 0)
(-0.0801973 0.331478 0)
(-0.0821445 0.325661 0)
(-0.0815237 0.315259 0)
(-0.0786959 0.301351 0)
(-0.0740781 0.284824 0)
(-0.068103 0.266391 0)
(-0.0611911 0.246612 0)
(-0.0537342 0.225917 0)
(-0.0460853 0.204632 0)
(-0.0385555 0.182991 0)
(-0.031413 0.161159 0)
(-0.0248851 0.139243 0)
(-0.0191612 0.117302 0)
(-0.0143964 0.0953588 0)
(-0.0107142 0.0734045 0)
(-0.00820998 0.0514081 0)
(-0.00695311 0.0293198 0)
(-0.00698818 0.00707666 0)
(-0.00833561 -0.0153927 0)
(-0.0109911 -0.0381628 0)
(-0.014924 -0.061306 0)
(-0.0200742 -0.0848861 0)
(-0.0263489 -0.10895 0)
(-0.0336167 -0.13352 0)
(-0.0417025 -0.158579 0)
(-0.0503803 -0.184057 0)
(-0.0593673 -0.209814 0)
(-0.0683183 -0.235616 0)
(-0.0768225 -0.261108 0)
(-0.0844055 -0.285781 0)
(-0.0905377 -0.308943 0)
(-0.094655 -0.329675 0)
(-0.096194 -0.346806 0)
(-0.0946463 -0.358892 0)
(-0.0896362 -0.364212 0)
(-0.0810189 -0.360812 0)
(-0.0689983 -0.346585 0)
(-0.0542449 -0.319431 0)
(-0.0379607 -0.27747 0)
(-0.021868 -0.219313 0)
(-0.00847886 -0.14433 0)
(-0.00142099 -0.0529814 0)
(-0.00140352 0.0494031 0)
(-0.00824723 0.134265 0)
(-0.0209953 0.20333 0)
(-0.0359395 0.256413 0)
(-0.0505992 0.294517 0)
(-0.063383 0.319323 0)
(-0.0732666 0.332832 0)
(-0.0797493 0.337096 0)
(-0.082756 0.334034 0)
(-0.0825073 0.325336 0)
(-0.0794054 0.312423 0)
(-0.0739474 0.29645 0)
(-0.0666623 0.27833 0)
(-0.0580685 0.258768 0)
(-0.0486491 0.238294 0)
(-0.0388381 0.217296 0)
(-0.0290153 0.196052 0)
(-0.0195063 0.174751 0)
(-0.0105857 0.153511 0)
(-0.0024818 0.132397 0)
(0.00461811 0.111431 0)
(0.0105625 0.0906019 0)
(0.015231 0.0698716 0)
(0.0185305 0.0491821 0)
(0.0203917 0.028459 0)
(0.0207677 0.00761593 0)
(0.0196329 -0.0134416 0)
(0.0169831 -0.0348125 0)
(0.0128373 -0.0565958 0)
(0.00724075 -0.0788854 0)
(0.000269149 -0.101764 0)
(-0.00796543 -0.125293 0)
(-0.0173073 -0.149505 0)
(-0.0275483 -0.174386 0)
(-0.038419 -0.19986 0)
(-0.0495784 -0.225762 0)
(-0.060606 -0.25181 0)
(-0.0709973 -0.277569 0)
(-0.0801645 -0.302402 0)
(-0.0874506 -0.325427 0)
(-0.0921581 -0.345462 0)
(-0.0936033 -0.360982 0)
(-0.0912005 -0.370092 0)
(-0.0845803 -0.370539 0)
(-0.0737439 -0.359788 0)
(-0.059236 -0.335176 0)
(-0.042272 -0.294183 0)
(-0.0247828 -0.234783 0)
(-0.00977084 -0.155857 0)
(-0.0016743 -0.057689 0)
(-0.00171437 0.0540561 0)
(-0.00980853 0.145474 0)
(-0.0244797 0.218029 0)
(-0.0410609 0.27183 0)
(-0.0565416 0.308521 0)
(-0.0691429 0.330502 0)
(-0.0778594 0.340439 0)
(-0.0823392 0.340912 0)
(-0.0827173 0.334222 0)
(-0.0794332 0.322296 0)
(-0.0730857 0.306687 0)
(-0.0643324 0.288598 0)
(-0.0538228 0.268937 0)
(-0.0421599 0.248371 0)
(-0.0298806 0.227376 0)
(-0.0174494 0.20628 0)
(-0.0052588 0.185297 0)
(0.00636431 0.16456 0)
(0.0171517 0.144134 0)
(0.0268859 0.124039 0)
(0.0353915 0.104258 0)
(0.042529 0.0847461 0)
(0.0481884 0.0654371 0)
(0.0522842 0.0462482 0)
(0.0547516 0.0270834 0)
(0.0555445 0.00783634 0)
(0.0546335 -0.011607 0)
(0.0520064 -0.0313661 0)
(0.0476694 -0.0515625 0)
(0.0416504 -0.0723166 0)
(0.034003 -0.0937425 0)
(0.0248131 -0.115942 0)
(0.0142076 -0.138993 0)
(0.00236425 -0.162942 0)
(-0.0104758 -0.18778 0)
(-0.0239944 -0.213424 0)
(-0.0377822 -0.239682 0)
(-0.0513258 -0.266214 0)
(-0.0639995 -0.292479 0)
(-0.0750672 -0.317669 0)
(-0.0837007 -0.34064 0)
(-0.0890251 -0.359835 0)
(-0.0902032 -0.373221 0)
(-0.0865688 -0.378258 0)
(-0.0778199 -0.371934 0)
(-0.0642602 -0.350915 0)
(-0.0470179 -0.311845 0)
(-0.0281914 -0.251806 0)
(-0.0113557 -0.168925 0)
(-0.00200143 -0.0631507 0)
(-0.0021374 0.0596421 0)
(-0.0118055 0.158558 0)
(-0.0287035 0.234588 0)
(-0.0468935 0.288395 0)
(-0.0627549 0.322605 0)
(-0.0743915 0.340636 0)
(-0.0809435 0.346009 0)
(-0.0823381 0.341932 0)
(-0.0790275 0.331107 0)
(-0.0717428 0.315686 0)
(-0.0613203 0.297307 0)
(-0.0485926 0.277175 0)
(-0.0343277 0.256149 0)
(-0.0191996 0.234819 0)
(-0.00378082 0.213578 0)
(0.0114546 0.192671 0)
(0.0261208 0.172237 0)
(0.0399082 0.15234 0)
(0.052571 0.132989 0)
(0.0639159 0.114158 0)
(0.073791 0.0957886 0)
(0.0820781 0.0778057 0)
(0.0886849 0.0601174 0)
(0.0935396 0.0426199 0)
(0.0965866 0.0251998 0)
(0.0977833 0.00773531 0)
(0.0970991 -0.00990218 0)
(0.0945145 -0.0278471 0)
(0.0900226 -0.0462384 0)
(0.0836313 -0.0652173 0)
(0.0753684 -0.0849244 0)
(0.0652875 -0.105495 0)
(0.0534771 -0.127053 0)
(0.0400721 -0.149699 0)
(0.0252681 -0.173496 0)
(0.009339 -0.198449 0)
(-0.007343 -0.224471 0)
(-0.024286 -0.251341 0)
(-0.0408582 -0.278648 0)
(-0.0562741 -0.30571 0)
(-0.0695949 -0.331486 0)
(-0.0797562 -0.354458 0)
(-0.0856396 -0.372525 0)
(-0.0862091 -0.382903 0)
(-0.0807372 -0.382094 0)
(-0.0691244 -0.365986 0)
(-0.0522434 -0.330157 0)
(-0.0322518 -0.270446 0)
(-0.0133618 -0.183809 0)
(-0.00244283 -0.0695611 0)
(-0.00274125 0.0664574 0)
(-0.0144403 0.173926 0)
(-0.0339001 0.253132 0)
(-0.0535002 0.305777 0)
(-0.0689731 0.336014 0)
(-0.0784731 0.348674 0)
(-0.0814971 0.348353 0)
(-0.0784347 0.338964 0)
(-0.0701826 0.323598 0)
(-0.0578349 0.304566 0)
(-0.0424914 0.283519 0)
(-0.0251556 0.261592 0)
(-0.00669184 0.239535 0)
(0.0121843 0.217818 0)
(0.0308969 0.196718 0)
(0.0489918 0.176376 0)
(0.0661167 0.156843 0)
(0.0820017 0.138109 0)
(0.096442 0.120127 0)
(0.109283 0.10282 0)
(0.120409 0.0860971 0)
(0.129732 0.0698536 0)
(0.137185 0.053977 0)
(0.142715 0.038348 0)
(0.146281 0.0228412 0)
(0.147846 0.00732528 0)
(0.147381 -0.00833675 0)
(0.144861 -0.024288 0)
(0.140265 -0.0406777 0)
(0.133581 -0.0576607 0)
(0.124808 -0.0753968 0)
(0.113962 -0.0940481 0)
(0.101085 -0.113775 0)
(0.0862573 -0.134729 0)
(0.0696122 -0.157042 0)
(0.0513559 -0.180806 0)
(0.031793 -0.206049 0)
(0.0113559 -0.232688 0)
(-0.0093623 -0.260476 0)
(-0.0295753 -0.288912 0)
(-0.0482791 -0.317133 0)
(-0.0642497 -0.34376 0)
(-0.0760845 -0.366734 0)
(-0.0823202 -0.383126 0)
(-0.0816706 -0.389003 0)
(-0.0734199 -0.379405 0)
(-0.0579203 -0.348597 0)
(-0.0371601 -0.290699 0)
(-0.0159869 -0.200862 0)
(-0.00306902 -0.0772107 0)
(-0.00364894 0.0749567 0)
(-0.0180252 0.192097 0)
(-0.0403395 0.27367 0)
(-0.0607927 0.323318 0)
(-0.0745631 0.34755 0)
(-0.080193 0.353121 0)
(-0.0778639 0.345918 0)
(-0.0686623 0.33057 0)
(-0.054061 0.31047 0)
(-0.0355648 0.287967 0)
(-0.014529 0.264607 0)
(0.0079093 0.241362 0)
(0.0308393 0.2188 0)
(0.0535552 0.197225 0)
(0.0755238 0.176768 0)
(0.0963506 0.15745 0)
(0.115749 0.139227 0)
(0.133514 0.122015 0)
(0.149501 0.105709 0)
(0.163609 0.0901923 0)
(0.17577 0.0753416 0)
(0.185934 0.061032 0)
(0.194065 0.0471364 0)
(0.200135 0.0335263 0)
(0.204119 0.0200711 0)
(0.205992 0.00663666 0)
(0.205726 -0.00691536 0)
(0.203293 -0.0207294 0)
(0.19866 -0.0349572 0)
(0.191794 -0.0497588 0)
(0.182665 -0.0653036 0)
(0.171248 -0.0817705 0)
(0.157533 -0.0993465 0)
(0.141538 -0.118223 0)
(0.123317 -0.138591 0)
(0.102987 -0.160624 0)
(0.0807528 -0.184463 0)
(0.0569447 -0.210174 0)
(0.03206 -0.2377 0)
(0.006817 -0.26677 0)
(-0.0177914 -0.29678 0)
(-0.0404536 -0.326612 0)
(-0.0595286 -0.354405 0)
(-0.0731111 -0.377261 0)
(-0.0792403 -0.390955 0)
(-0.0763316 -0.389708 0)
(-0.0638302 -0.36625 0)
(-0.0431282 -0.312398 0)
(-0.019537 -0.220528 0)
(-0.00400689 -0.0865486 0)
(-0.0050855 0.0858622 0)
(-0.0230373 0.213691 0)
(-0.0482555 0.295911 0)
(-0.0682961 0.339765 0)
(-0.0781785 0.355339 0)
(-0.0774391 0.351899 0)
(-0.0674058 0.33674 0)
(-0.0501205 0.315095 0)
(-0.0277243 0.290453 0)
(-0.00211889 0.265001 0)
(0.0251533 0.240023 0)
(0.052909 0.216211 0)
(0.0802765 0.193882 0)
(0.106634 0.17313 0)
(0.131552 0.153922 0)
(0.15474 0.136152 0)
(0.176014 0.119682 0)
(0.195257 0.10436 0)
(0.212404 0.0900341 0)
(0.22742 0.0765538 0)
(0.24029 0.0637755 0)
(0.251011 0.0515613 0)
(0.259582 0.039778 0)
(0.266001 0.0282959 0)
(0.270264 0.0169863 0)
(0.272357 0.00571975 0)
(0.272258 -0.00563642 0)
(0.269935 -0.0172202 0)
(0.265346 -0.0291774 0)
(0.258441 -0.0416641 0)
(0.249158 -0.054849 0)
(0.237436 -0.0689156 0)
(0.223211 -0.0840638 0)
(0.206429 -0.100511 0)
(0.187059 -0.118488 0)
(0.165112 -0.138238 0)
(0.140663 -0.16 0)
(0.113895 -0.183984 0)
(0.0851486 -0.210331 0)
(0.0549867 -0.239035 0)
(0.0242818 -0.269825 0)
(-0.00569195 -0.301971 0)
(-0.0331751 -0.334005 0)
(-0.0558923 -0.363327 0)
(-0.0711637 -0.385703 0)
(-0.0762926 -0.394738 0)
(-0.06931 -0.381544 0)
(-0.0502925 -0.334998 0)
(-0.0244766 -0.243312 0)
(-0.00548839 -0.0982919 0)
(-0.00745858 0.100346 0)
(-0.030163 0.239322 0)
(-0.0576014 0.318872 0)
(-0.074631 0.352839 0)
(-0.0771229 0.356527 0)
(-0.0665751 0.342211 0)
(-0.0460147 0.318475 0)
(-0.0186332 0.290799 0)
(0.0127869 0.26241 0)
(0.0460793 0.235053 0)
(0.0796743 0.209559 0)
(0.112492 0.186228 0)
(0.143823 0.165071 0)
(0.173222 0.14595 0)
(0.20043 0.128664 0)
(0.225312 0.112991 0)
(0.247811 0.0987141 0)
(0.267922 0.0856292 0)
(0.28567 0.0735505 0)
(0.301093 0.0623095 0)
(0.314236 0.0517537 0)
(0.325139 0.0417433 0)
(0.333841 0.0321485 0)
(0.340365 0.0228462 0)
(0.344728 0.0137177 0)
(0.346927 0.00464484 0)
(0.346949 -0.00449189 0)
(0.34476 -0.0138168 0)
(0.340313 -0.023462 0)
(0.33354 -0.0335702 0)
(0.324358 -0.0442985 0)
(0.312667 -0.0558223 0)
(0.298354 -0.0683389 0)
(0.2813 -0.0820714 0)
(0.261385 -0.0972725 0)
(0.238501 -0.114225 0)
(0.21258 -0.133242 0)
(0.183622 -0.154651 0)
(0.151748 -0.178776 0)
(0.117274 -0.205877 0)
(0.0808174 -0.23606 0)
(0.0434335 -0.269091 0)
(0.00678434 -0.304107 0)
(-0.0266967 -0.33914 0)
(-0.0537279 -0.37041 0)
(-0.0703782 -0.391388 0)
(-0.0727191 -0.391821 0)
(-0.0584363 -0.357163 0)
(-0.0314575 -0.269643 0)
(-0.00792991 -0.113606 0)
(-0.0114474 0.120276 0)
(-0.0401912 0.269213 0)
(-0.0673472 0.340133 0)
(-0.0764208 0.358605 0)
(-0.0662287 0.346978 0)
(-0.0415259 0.320572 0)
(-0.0074866 0.28863 0)
(0.0316051 0.256187 0)
(0.0725972 0.22568 0)
(0.11337 0.198082 0)
(0.152601 0.173597 0)
(0.189521 0.152059 0)
(0.22373 0.133154 0)
(0.255057 0.116528 0)
(0.283476 0.101838 0)
(0.309038 0.0887776 0)
(0.331838 0.0770772 0)
(0.351988 0.0665064 0)
(0.369605 0.0568681 0)
(0.384798 0.0479927 0)
(0.397668 0.0397331 0)
(0.408298 0.0319595 0)
(0.416757 0.0245548 0)
(0.423095 0.0174112 0)
(0.427345 0.0104263 0)
(0.429518 0.00349988 0)
(0.429606 -0.00346863 0)
(0.427578 -0.0105837 0)
(0.423383 -0.0179566 0)
(0.416942 -0.0257089 0)
(0.408157 -0.0339763 0)
(0.396899 -0.0429136 0)
(0.383016 -0.0526993 0)
(0.366331 -0.0635428 0)
(0.346644 -0.0756908 0)
(0.32374 -0.0894352 0)
(0.297401 -0.105121 0)
(0.267428 -0.123149 0)
(0.233686 -0.143975 0)
(0.196164 -0.168086 0)
(0.155084 -0.195947 0)
(0.111066 -0.22787 0)
(0.0653612 -0.263761 0)
(0.0201643 -0.302638 0)
(-0.0210382 -0.34179 0)
(-0.0532873 -0.375426 0)
(-0.0703611 -0.392773 0)
(-0.0662346 -0.375996 0)
(-0.0411624 -0.299429 0)
(-0.0120072 -0.134329 0)
(-0.0178979 0.148561 0)
(-0.0532054 0.302064 0)
(-0.0735847 0.354425 0)
(-0.0660805 0.350678 0)
(-0.036016 0.321201 0)
(0.00744796 0.283212 0)
(0.0571243 0.245182 0)
(0.108245 0.210637 0)
(0.157939 0.18062 0)
(0.204658 0.155052 0)
(0.247687 0.133424 0)
(0.286802 0.115121 0)
(0.322046 0.0995564 0)
(0.353594 0.0862238 0)
(0.381683 0.0747012 0)
(0.406559 0.0646451 0)
(0.428464 0.0557777 0)
(0.447618 0.0478739 0)
(0.464214 0.0407502 0)
(0.478423 0.0342549 0)
(0.490387 0.0282609 0)
(0.500221 0.0226594 0)
(0.508019 0.0173548 0)
(0.513848 0.0122607 0)
(0.517752 0.00729662 0)
(0.519754 0.00238496 0)
(0.51985 -0.00255191 0)
(0.518015 -0.00759427 0)
(0.514196 -0.0128279 0)
(0.508314 -0.0183473 0)
(0.500259 -0.0242592 0)
(0.48989 -0.0306877 0)
(0.477031 -0.0377789 0)
(0.461466 -0.045709 0)
(0.442937 -0.0546927 0)
(0.421145 -0.0649951 0)
(0.395746 -0.0769452 0)
(0.36636 -0.0909529 0)
(0.332593 -0.107526 0)
(0.294073 -0.127284 0)
(0.250531 -0.150956 0)
(0.201948 -0.179333 0)
(0.148803 -0.21312 0)
(0.0924886 -0.252569 0)
(0.0359104 -0.296679 0)
(-0.0157627 -0.341609 0)
(-0.0544028 -0.377796 0)
(-0.0693188 -0.385655 0)
(-0.0533814 -0.330841 0)
(-0.0184966 -0.163285 0)
(-0.0268434 0.190113 0)
(-0.0656567 0.332202 0)
(-0.0648584 0.350896 0)
(-0.0276363 0.31919 0)
(0.0300069 0.272707 0)
(0.0950506 0.227063 0)
(0.159833 0.187649 0)
(0.220554 0.15531 0)
(0.275672 0.129269 0)
(0.324855 0.108362 0)
(0.368346 0.0914876 0)
(0.406624 0.0777352 0)
(0.440231 0.0663927 0)
(0.46969 0.0569165 0)
(0.495471 0.0488944 0)
(0.517983 0.042013 0)
(0.537574 0.0360326 0)
(0.554535 0.0307673 0)
(0.569112 0.0260711 0)
(0.581504 0.0218273 0)
(0.591876 0.0179407 0)
(0.60036 0.0143316 0)
(0.607056 0.0109316 0)
(0.61204 0.00768014 0)
(0.615362 0.0045214 0)
(0.61705 0.00140216 0)
(0.617105 -0.00173038 0)
(0.615505 -0.00493075 0)
(0.612204 -0.00825735 0)
(0.607125 -0.0117749 0)
(0.600164 -0.0155574 0)
(0.59118 -0.019692 0)
(0.579993 -0.0242832 0)
(0.566378 -0.0294599 0)
(0.550054 -0.0353838 0)
(0.53068 -0.0422606 0)
(0.507836 -0.0503567 0)
(0.481022 -0.0600211 0)
(0.449642 -0.071715 0)
(0.413011 -0.0860509 0)
(0.370374 -0.103839 0)
(0.320986 -0.126131 0)
(0.264278 -0.154224 0)
(0.200232 -0.189538 0)
(0.130087 -0.233127 0)
(0.0575919 -0.284305 0)
(-0.00912665 -0.337309 0)
(-0.055762 -0.374853 0)
(-0.0639548 -0.35743 0)
(-0.0271778 -0.205189 0)
(-0.0329999 0.250048 0)
(-0.0618969 0.343458 0)
(-0.0120344 0.310079 0)
(0.0702122 0.25131 0)
(0.158532 0.196215 0)
(0.241597 0.15215 0)
(0.31508 0.118975 0)
(0.378292 0.0943841 0)
(0.432111 0.0760561 0)
(0.477853 0.0621938 0)
(0.516811 0.0515124 0)
(0.550107 0.0431177 0)
(0.578668 0.03639 0)
(0.603241 0.0308968 0)
(0.624422 0.0263324 0)
(0.642688 0.0224766 0)
(0.658419 0.0191679 0)
(0.671921 0.016286 0)
(0.683437 0.0137387 0)
(0.693164 0.0114545 0)
(0.701259 0.00937607 0)
(0.707843 0.00745659 0)
(0.713012 0.00565645 0)
(0.716835 0.00394101 0)
(0.71936 0.00227882 0)
(0.720612 0.000640139 0)
(0.720595 -0.00100441 0)
(0.719295 -0.00268508 0)
(0.716671 -0.00443433 0)
(0.712662 -0.00628836 0)
(0.707177 -0.00828889 0)
(0.700095 -0.0104855 0)
(0.691258 -0.0129389 0)
(0.680464 -0.015725 0)
(0.667454 -0.0189409 0)
(0.651901 -0.022714 0)
(0.633394 -0.0272142 0)
(0.611407 -0.0326732 0)
(0.585277 -0.0394132 0)
(0.554159 -0.0478907 0)
(0.51699 -0.0587636 0)
(0.472449 -0.0729907 0)
(0.418964 -0.0919683 0)
(0.354834 -0.117686 0)
(0.278682 -0.152781 0)
(0.190701 -0.200007 0)
(0.0949854 -0.259889 0)
(0.00321377 -0.324577 0)
(-0.0564872 -0.362187 0)
(-0.0321191 -0.264075 0)
(0.00101572 0.29474 0)
(0.0165624 0.298315 0)
(0.15174 0.212725 0)
(0.282089 0.145146 0)
(0.387264 0.0996376 0)
(0.470731 0.0700203 0)
(0.536666 0.050885 0)
(0.588922 0.0382925 0)
(0.630824 0.0297202 0)
(0.664906 0.0236593 0)
(0.692995 0.0192157 0)
(0.71641 0.0158494 0)
(0.73611 0.0132249 0)
(0.7528 0.0111266 0)
(0.76701 0.00941167 0)
(0.77914 0.0079821 0)
(0.789496 0.00676873 0)
(0.798319 0.00572141 0)
(0.805796 0.00480277 0)
(0.812073 0.00398432 0)
(0.817267 0.00324368 0)
(0.821466 0.0025628 0)
(0.824741 0.00192661 0)
(0.827141 0.00132211 0)
(0.828701 0.000737574 0)
(0.829439 0.000162011 0)
(0.82936 -0.0004154 0)
(0.828454 -0.00100581 0)
(0.826695 -0.00162119 0)
(0.82404 -0.00227495 0)
(0.820427 -0.00298267 0)
(0.815773 -0.00376303 0)
(0.809965 -0.00463915 0)
(0.802859 -0.00564038 0)
(0.794268 -0.00680497 0)
(0.783949 -0.00818401 0)
(0.771587 -0.00984754 0)
(0.756772 -0.0118942 0)
(0.738956 -0.0144672 0)
(0.717405 -0.0177814 0)
(0.691114 -0.022171 0)
(0.658695 -0.0281758 0)
(0.618199 -0.0366985 0)
(0.566888 -0.0492873 0)
(0.501067 -0.0685973 0)
(0.416315 -0.098927 0)
(0.307778 -0.146382 0)
(0.171174 -0.217687 0)
(0.0270509 -0.307335 0)
(0.00517504 -0.302952 0)
(0.29022 0.152384 0)
(0.389382 0.128159 0)
(0.565087 0.0746519 0)
(0.682766 0.0421723 0)
(0.752296 0.0245058 0)
(0.797357 0.0149055 0)
(0.828689 0.00963892 0)
(0.851443 0.00665347 0)
(0.868638 0.00486254 0)
(0.882082 0.00371521 0)
(0.892868 0.00293287 0)
(0.901688 0.00237002 0)
(0.909001 0.00194699 0)
(0.915128 0.00161768 0)
(0.920295 0.00135388 0)
(0.924671 0.00113742 0)
(0.928382 0.000956031 0)
(0.931523 0.000801121 0)
(0.934168 0.00066646 0)
(0.936375 0.000547392 0)
(0.938189 0.00044033 0)
(0.939644 0.000342425 0)
(0.940766 0.000251331 0)
(0.941576 0.000165045 0)
(0.942085 8.17774e-05 0)
(0.942301 -1.40455e-07 0)
(0.942226 -8.23341e-05 0)
(0.941856 -0.000166512 0)
(0.941183 -0.00025449 0)
(0.940188 -0.000348317 0)
(0.938851 -0.000450398 0)
(0.937138 -0.000563654 0)
(0.935007 -0.000691744 0)
(0.932403 -0.000839387 0)
(0.929254 -0.00101285 0)
(0.925464 -0.00122069 0)
(0.920909 -0.00147499 0)
(0.915421 -0.00179338 0)
(0.908772 -0.00220279 0)
(0.900646 -0.0027465 0)
(0.890583 -0.00349833 0)
(0.8779 -0.00459228 0)
(0.861519 -0.00628658 0)
(0.839652 -0.00910131 0)
(0.809259 -0.0140955 0)
(0.765086 -0.0233597 0)
(0.696222 -0.0408544 0)
(0.578003 -0.0737891 0)
(0.397984 -0.128736 0)
(0.293823 -0.153743 0)
)
;

boundaryField
{
    movingWallTop
    {
        type            fixedValue;
        value           uniform (1 0 0);
    }
    movingWallBottom
    {
        type            fixedValue;
        value           uniform (-1 0 0);
    }
    fixedWalls
    {
        type            noSlip;
    }
    frontAndBack
    {
        type            empty;
    }
}


// ************************************************************************* //
