/*--------------------------------*- C++ -*----------------------------------*\
  =========                 |
  \\      /  F ield         | OpenFOAM: The Open Source CFD Toolbox
   \\    /   O peration     | Website:  https://openfoam.org
    \\  /    A nd           | Version:  7
     \\/     M anipulation  |
\*---------------------------------------------------------------------------*/
FoamFile
{
    version     2.0;
    format      ascii;
    class       volVectorField;
    location    "0.018";
    object      U;
}
// * * * * * * * * * * * * * * * * * * * * * * * * * * * * * * * * * * * * * //

dimensions      [0 1 -1 0 0 0 0];

internalField   nonuniform List<vector> 
2500
(
(0.290294 -0.152452 0)
(0.389659 -0.128283 0)
(0.56558 -0.0747513 0)
(0.683338 -0.0422075 0)
(0.752741 -0.024463 0)
(0.797452 -0.014785 0)
(0.828222 -0.0094482 0)
(0.850222 -0.00640352 0)
(0.866502 -0.00456559 0)
(0.878905 -0.00338349 0)
(0.888555 -0.00257795 0)
(0.896178 -0.00200252 0)
(0.902266 -0.00157642 0)
(0.907165 -0.00125239 0)
(0.911127 -0.00100106 0)
(0.914343 -0.000803159 0)
(0.916958 -0.00064538 0)
(0.919082 -0.00051818 0)
(0.920803 -0.000414473 0)
(0.92219 -0.000328842 0)
(0.923294 -0.000257036 0)
(0.924158 -0.00019563 0)
(0.924812 -0.000141782 0)
(0.925278 -9.30616e-05 0)
(0.925571 -4.73128e-05 0)
(0.925697 -2.54209e-06 0)
(0.925658 4.31764e-05 0)
(0.925449 9.18148e-05 0)
(0.925056 0.000145458 0)
(0.92446 0.000206427 0)
(0.923632 0.000277409 0)
(0.922535 0.000361618 0)
(0.92112 0.000463025 0)
(0.919321 0.00058668 0)
(0.917059 0.000739189 0)
(0.914226 0.00092946 0)
(0.910686 0.00116991 0)
(0.906259 0.00147852 0)
(0.900703 0.00188255 0)
(0.893683 0.00242563 0)
(0.884725 0.00318194 0)
(0.873126 0.00428593 0)
(0.857789 0.00599648 0)
(0.836901 0.00883463 0)
(0.807397 0.0138609 0)
(0.763994 0.0231681 0)
(0.695745 0.0407194 0)
(0.577947 0.0737279 0)
(0.398119 0.128763 0)
(0.293908 0.153822 0)
(0.00113418 -0.295013 0)
(0.0169595 -0.298715 0)
(0.152331 -0.212959 0)
(0.282537 -0.145053 0)
(0.387113 -0.0991469 0)
(0.469484 -0.0691219 0)
(0.533832 -0.0496051 0)
(0.584049 -0.0366781 0)
(0.623521 -0.0278296 0)
(0.65485 -0.0215551 0)
(0.679945 -0.0169608 0)
(0.700201 -0.0135042 0)
(0.716652 -0.0108456 0)
(0.730074 -0.00876447 0)
(0.741062 -0.00711228 0)
(0.750073 -0.00578525 0)
(0.757467 -0.00470849 0)
(0.763525 -0.00382639 0)
(0.768473 -0.00309651 0)
(0.772488 -0.00248566 0)
(0.775711 -0.00196723 0)
(0.77825 -0.00151941 0)
(0.78019 -0.00112381 0)
(0.78159 -0.000764456 0)
(0.78249 -0.000427036 0)
(0.782914 -9.81905e-05 0)
(0.782863 0.000235055 0)
(0.782324 0.000585876 0)
(0.781265 0.000968219 0)
(0.779634 0.00139747 0)
(0.777356 0.00189122 0)
(0.774332 0.00247027 0)
(0.770432 0.00315992 0)
(0.765489 0.00399183 0)
(0.759291 0.00500662 0)
(0.751567 0.00625783 0)
(0.741972 0.00781798 0)
(0.730057 0.00978823 0)
(0.715236 0.0123143 0)
(0.696732 0.0156136 0)
(0.673494 0.0200232 0)
(0.644081 0.0260861 0)
(0.60649 0.0347088 0)
(0.557922 0.0474448 0)
(0.494614 0.0669557 0)
(0.412071 0.0975477 0)
(0.305358 0.145334 0)
(0.170118 0.21704 0)
(0.02683 0.307129 0)
(0.00520235 0.303073 0)
(-0.0328954 -0.250557 0)
(-0.0616309 -0.344054 0)
(-0.0118623 -0.310193 0)
(0.0697925 -0.250611 0)
(0.156894 -0.194541 0)
(0.238064 -0.149469 0)
(0.308981 -0.115335 0)
(0.369001 -0.0898903 0)
(0.419079 -0.0708438 0)
(0.460624 -0.0564151 0)
(0.495034 -0.0453248 0)
(0.523538 -0.0366761 0)
(0.547169 -0.0298417 0)
(0.566777 -0.0243782 0)
(0.583053 -0.0199668 0)
(0.596559 -0.0163733 0)
(0.607753 -0.0134222 0)
(0.617007 -0.0109788 0)
(0.624624 -0.00893779 0)
(0.630848 -0.00721514 0)
(0.635875 -0.00574218 0)
(0.639859 -0.00446168 0)
(0.642922 -0.00332473 0)
(0.645148 -0.00228839 0)
(0.646598 -0.00131373 0)
(0.647304 -0.000364234 0)
(0.64727 0.000595749 0)
(0.646477 0.00160239 0)
(0.644877 0.00269393 0)
(0.642396 0.0039123 0)
(0.638925 0.00530508 0)
(0.63432 0.00692794 0)
(0.628397 0.00884782 0)
(0.620921 0.0111472 0)
(0.611594 0.0139301 0)
(0.600049 0.0173309 0)
(0.585824 0.0215266 0)
(0.568339 0.0267562 0)
(0.546871 0.0333492 0)
(0.52051 0.0417698 0)
(0.488119 0.0526839 0)
(0.4483 0.0670592 0)
(0.399396 0.0863023 0)
(0.339611 0.112415 0)
(0.267469 0.148048 0)
(0.183052 0.195969 0)
(0.0903427 0.256713 0)
(0.000913817 0.322421 0)
(-0.0572191 0.361137 0)
(-0.0321982 0.263971 0)
(-0.0267862 -0.190735 0)
(-0.065663 -0.332704 0)
(-0.0653963 -0.350436 0)
(-0.0293507 -0.317276 0)
(0.0263593 -0.269093 0)
(0.0886694 -0.22169 0)
(0.149934 -0.180596 0)
(0.206402 -0.146747 0)
(0.256619 -0.119424 0)
(0.300357 -0.0974968 0)
(0.337982 -0.0798769 0)
(0.370099 -0.0656537 0)
(0.397378 -0.0541049 0)
(0.420463 -0.0446703 0)
(0.439942 -0.0369164 0)
(0.45633 -0.0305065 0)
(0.470074 -0.025176 0)
(0.48155 -0.0207144 0)
(0.491078 -0.0169519 0)
(0.498922 -0.0137492 0)
(0.505298 -0.01099 0)
(0.510382 -0.0085756 0)
(0.51431 -0.00642018 0)
(0.517181 -0.0044473 0)
(0.519063 -0.00258695 0)
(0.519994 -0.000772837 0)
(0.519978 0.00105998 0)
(0.518992 0.00297753 0)
(0.516978 0.00504943 0)
(0.513847 0.00735158 0)
(0.509472 0.00996935 0)
(0.503684 0.0130014 0)
(0.49627 0.0165647 0)
(0.486963 0.0208008 0)
(0.475436 0.0258841 0)
(0.461291 0.0320343 0)
(0.444048 0.0395314 0)
(0.423135 0.0487385 0)
(0.397881 0.060131 0)
(0.367512 0.0743361 0)
(0.331184 0.0921796 0)
(0.288045 0.114729 0)
(0.237418 0.143301 0)
(0.179165 0.179335 0)
(0.114394 0.223911 0)
(0.0467122 0.276358 0)
(-0.0158925 0.330928 0)
(-0.0592519 0.370314 0)
(-0.0651744 0.354912 0)
(-0.0273587 0.204585 0)
(-0.0179041 -0.149122 0)
(-0.0535522 -0.302072 0)
(-0.0749784 -0.352831 0)
(-0.069315 -0.34686 0)
(-0.0419504 -0.314852 0)
(-0.0020705 -0.274263 0)
(0.043163 -0.233748 0)
(0.0890433 -0.196962 0)
(0.132792 -0.165033 0)
(0.172977 -0.137934 0)
(0.209013 -0.11518 0)
(0.240814 -0.0961596 0)
(0.268562 -0.0802767 0)
(0.292571 -0.0670017 0)
(0.313208 -0.0558841 0)
(0.330842 -0.046547 0)
(0.345826 -0.0386768 0)
(0.358479 -0.0320121 0)
(0.369085 -0.0263337 0)
(0.377887 -0.0214558 0)
(0.385092 -0.0172194 0)
(0.390869 -0.0134859 0)
(0.395353 -0.0101327 0)
(0.398643 -0.00704878 0)
(0.400807 -0.00413101 0)
(0.401881 -0.00128096 0)
(0.401868 0.00159842 0)
(0.400742 0.00460593 0)
(0.39844 0.00784537 0)
(0.394867 0.0114292 0)
(0.389891 0.0154826 0)
(0.383338 0.0201482 0)
(0.374993 0.0255917 0)
(0.364593 0.0320097 0)
(0.351826 0.0396378 0)
(0.336325 0.0487627 0)
(0.317674 0.0597357 0)
(0.295411 0.0729893 0)
(0.26905 0.0890543 0)
(0.238115 0.108574 0)
(0.202226 0.132302 0)
(0.161241 0.161055 0)
(0.115507 0.195567 0)
(0.0662689 0.236122 0)
(0.0162748 0.281752 0)
(-0.0294743 0.328643 0)
(-0.0630187 0.367246 0)
(-0.0738334 0.37795 0)
(-0.0549986 0.3263 0)
(-0.0187481 0.161949 0)
(-0.0115199 -0.120585 0)
(-0.0408968 -0.268286 0)
(-0.069644 -0.336793 0)
(-0.0812486 -0.352154 0)
(-0.0745378 -0.337077 0)
(-0.0542634 -0.307167 0)
(-0.0255572 -0.271886 0)
(0.00737221 -0.23643 0)
(0.041474 -0.203348 0)
(0.0747511 -0.173682 0)
(0.106016 -0.147672 0)
(0.134646 -0.125163 0)
(0.160387 -0.105828 0)
(0.183216 -0.089288 0)
(0.203246 -0.0751644 0)
(0.220658 -0.0631062 0)
(0.235671 -0.0527982 0)
(0.248506 -0.0439613 0)
(0.259377 -0.0363503 0)
(0.268478 -0.0297492 0)
(0.275982 -0.0239668 0)
(0.282034 -0.0188323 0)
(0.28675 -0.0141907 0)
(0.29022 -0.00989927 0)
(0.292502 -0.00582364 0)
(0.293627 -0.001834 0)
(0.293596 0.00219829 0)
(0.292378 0.00640435 0)
(0.289913 0.0109215 0)
(0.286108 0.0158974 0)
(0.280837 0.021494 0)
(0.273939 0.0278933 0)
(0.265218 0.0353021 0)
(0.254445 0.0439589 0)
(0.241357 0.0541406 0)
(0.225667 0.0661708 0)
(0.207075 0.080426 0)
(0.185289 0.0973406 0)
(0.160066 0.117403 0)
(0.13128 0.141137 0)
(0.0990244 0.169041 0)
(0.063776 0.201467 0)
(0.0266317 0.238361 0)
(-0.0103785 0.278785 0)
(-0.0439564 0.32007 0)
(-0.0693361 0.356466 0)
(-0.080485 0.377217 0)
(-0.0715682 0.364458 0)
(-0.0430835 0.292412 0)
(-0.0123065 0.132074 0)
(-0.00759337 -0.100214 0)
(-0.0312156 -0.237015 0)
(-0.0607812 -0.313168 0)
(-0.0810215 -0.343022 0)
(-0.0877599 -0.342269 0)
(-0.0824582 -0.323498 0)
(-0.0680771 -0.295542 0)
(-0.0477161 -0.264066 0)
(-0.024046 -0.232432 0)
(0.000895851 -0.202468 0)
(0.0256812 -0.175055 0)
(0.0493789 -0.150506 0)
(0.0714308 -0.128822 0)
(0.0915432 -0.109837 0)
(0.109602 -0.0933063 0)
(0.125608 -0.0789559 0)
(0.139634 -0.0665105 0)
(0.15179 -0.0557063 0)
(0.162205 -0.0462965 0)
(0.171008 -0.0380538 0)
(0.178322 -0.030769 0)
(0.184254 -0.0242491 0)
(0.188896 -0.0183149 0)
(0.192315 -0.0127979 0)
(0.194558 -0.0075367 0)
(0.195645 -0.00237388 0)
(0.195574 0.00284751 0)
(0.194313 0.00828759 0)
(0.191807 0.0141134 0)
(0.187973 0.0205028 0)
(0.1827 0.0276485 0)
(0.175853 0.0357624 0)
(0.167274 0.0450796 0)
(0.156786 0.0558628 0)
(0.144202 0.0684056 0)
(0.129336 0.0830336 0)
(0.112028 0.100102 0)
(0.0921747 0.119986 0)
(0.0697807 0.143052 0)
(0.0450323 0.169612 0)
(0.0184014 0.199817 0)
(-0.00921591 0.233488 0)
(-0.0363318 0.269818 0)
(-0.0607007 0.306893 0)
(-0.0792465 0.340988 0)
(-0.0882522 0.365628 0)
(-0.0840018 0.370577 0)
(-0.064385 0.341259 0)
(-0.033598 0.259795 0)
(-0.00826049 0.110296 0)
(-0.00527568 -0.0851124 0)
(-0.0244084 -0.209578 0)
(-0.052258 -0.287247 0)
(-0.0761534 -0.325875 0)
(-0.091009 -0.335949 0)
(-0.0962897 -0.327067 0)
(-0.0932299 -0.306794 0)
(-0.0837602 -0.280564 0)
(-0.0698972 -0.252016 0)
(-0.0534054 -0.223437 0)
(-0.0356812 -0.196165 0)
(-0.0177557 -0.170912 0)
(-0.000346459 -0.147986 0)
(0.0160773 -0.127451 0)
(0.031233 -0.10922 0)
(0.0449724 -0.0931298 0)
(0.0572392 -0.0789728 0)
(0.068038 -0.0665257 0)
(0.0774098 -0.0555623 0)
(0.0854154 -0.0458611 0)
(0.0921223 -0.0372091 0)
(0.0975961 -0.0294032 0)
(0.101894 -0.0222488 0)
(0.105061 -0.0155591 0)
(0.107125 -0.00915216 0)
(0.108098 -0.00284874 0)
(0.107971 0.00353115 0)
(0.106717 0.0101711 0)
(0.104285 0.0172619 0)
(0.100609 0.0250043 0)
(0.0956016 0.0336126 0)
(0.0891624 0.0433173 0)
(0.08118 0.054367 0)
(0.0715412 0.0670293 0)
(0.0601428 0.0815893 0)
(0.0469096 0.0983437 0)
(0.0318205 0.117588 0)
(0.0149456 0.139592 0)
(-0.0035028 0.164556 0)
(-0.0231037 0.192538 0)
(-0.0431436 0.22333 0)
(-0.0625241 0.256271 0)
(-0.0796772 0.289965 0)
(-0.0925342 0.321881 0)
(-0.098636 0.347853 0)
(-0.0955155 0.361541 0)
(-0.0814316 0.354082 0)
(-0.0566741 0.314324 0)
(-0.0267643 0.230375 0)
(-0.00583747 0.0938379 0)
(-0.00388667 -0.0734315 0)
(-0.0196791 -0.185789 0)
(-0.0450844 -0.261494 0)
(-0.0699863 -0.304693 0)
(-0.0894043 -0.322301 0)
(-0.101775 -0.321415 0)
(-0.107156 -0.308194 0)
(-0.106504 -0.287486 0)
(-0.10115 -0.262842 0)
(-0.0924531 -0.236717 0)
(-0.0816164 -0.210722 0)
(-0.0696215 -0.185848 0)
(-0.0572232 -0.162657 0)
(-0.044974 -0.141415 0)
(-0.0332587 -0.122197 0)
(-0.0223311 -0.104957 0)
(-0.0123466 -0.0895711 0)
(-0.00338964 -0.0758721 0)
(0.00450414 -0.0636696 0)
(0.0113307 -0.0527624 0)
(0.0171045 -0.0429462 0)
(0.0218482 -0.0340178 0)
(0.0255857 -0.0257772 0)
(0.0283364 -0.0180271 0)
(0.0301114 -0.0105725 0)
(0.0309112 -0.00321893 0)
(0.0307236 0.00422997 0)
(0.0295233 0.0119745 0)
(0.0272722 0.0202215 0)
(0.0239208 0.0291864 0)
(0.0194105 0.0390948 0)
(0.013679 0.0501838 0)
(0.00666603 0.0627007 0)
(-0.00167548 0.0769003 0)
(-0.0113658 0.0930383 0)
(-0.0223782 0.111358 0)
(-0.0346124 0.132071 0)
(-0.0478598 0.155318 0)
(-0.0617596 0.181118 0)
(-0.0757481 0.20928 0)
(-0.0890042 0.23928 0)
(-0.100406 0.270088 0)
(-0.108519 0.299926 0)
(-0.111658 0.325985 0)
(-0.108097 0.344114 0)
(-0.096489 0.348595 0)
(-0.0765165 0.332183 0)
(-0.0497898 0.286667 0)
(-0.0219133 0.204327 0)
(-0.00436471 0.0808937 0)
(-0.00301889 -0.0640199 0)
(-0.0163402 -0.165077 0)
(-0.0393019 -0.236944 0)
(-0.0638887 -0.281813 0)
(-0.0856265 -0.304239 0)
(-0.10253 -0.309392 0)
(-0.113946 -0.302147 0)
(-0.120108 -0.286635 0)
(-0.121757 -0.266113 0)
(-0.119831 -0.243001 0)
(-0.115267 -0.219016 0)
(-0.108912 -0.195316 0)
(-0.10147 -0.172639 0)
(-0.0935042 -0.151417 0)
(-0.0854416 -0.131862 0)
(-0.0775967 -0.11404 0)
(-0.0701911 -0.0979114 0)
(-0.0633748 -0.0833734 0)
(-0.0572446 -0.0702796 0)
(-0.0518584 -0.0584586 0)
(-0.0472485 -0.0477241 0)
(-0.0434308 -0.0378821 0)
(-0.0404124 -0.0287349 0)
(-0.0381975 -0.0200831 0)
(-0.0367915 -0.0117256 0)
(-0.0362033 -0.00345974 0)
(-0.0364479 0.00491995 0)
(-0.0375458 0.0136232 0)
(-0.0395233 0.0228649 0)
(-0.04241 0.0328664 0)
(-0.0462351 0.0438548 0)
(-0.0510226 0.0560623 0)
(-0.0567827 0.0697222 0)
(-0.0635014 0.0850625 0)
(-0.0711253 0.102294 0)
(-0.0795431 0.121594 0)
(-0.0885615 0.143076 0)
(-0.0978766 0.16675 0)
(-0.107041 0.192462 0)
(-0.115434 0.219809 0)
(-0.122235 0.248026 0)
(-0.126421 0.275839 0)
(-0.126808 0.301289 0)
(-0.122163 0.321546 0)
(-0.111442 0.33276 0)
(-0.0941739 0.330035 0)
(-0.070951 0.307658 0)
(-0.043981 0.259723 0)
(-0.0184066 0.181288 0)
(-0.00342848 0.0703254 0)
(-0.00244823 -0.0561747 0)
(-0.0139176 -0.146861 0)
(-0.0346821 -0.213939 0)
(-0.0583433 -0.258544 0)
(-0.081032 -0.283692 0)
(-0.100681 -0.293136 0)
(-0.116254 -0.29067 0)
(-0.127499 -0.279722 0)
(-0.134695 -0.263156 0)
(-0.138402 -0.243235 0)
(-0.139288 -0.22166 0)
(-0.13802 -0.199658 0)
(-0.135206 -0.178072 0)
(-0.131365 -0.157447 0)
(-0.126922 -0.138107 0)
(-0.122212 -0.120208 0)
(-0.117492 -0.103792 0)
(-0.112954 -0.0888174 0)
(-0.108738 -0.0751845 0)
(-0.104942 -0.0627568 0)
(-0.101636 -0.0513722 0)
(-0.0988666 -0.0408524 0)
(-0.0966683 -0.031009 0)
(-0.095065 -0.0216468 0)
(-0.0940758 -0.0125657 0)
(-0.0937176 -0.00356165 0)
(-0.0940062 0.00557319 0)
(-0.0949568 0.0150506 0)
(-0.0965831 0.0250862 0)
(-0.0988946 0.0358987 0)
(-0.101893 0.0477081 0)
(-0.105566 0.0607323 0)
(-0.10988 0.0751807 0)
(-0.114769 0.0912449 0)
(-0.120121 0.109083 0)
(-0.125762 0.1288 0)
(-0.131436 0.150412 0)
(-0.136788 0.17381 0)
(-0.14134 0.198692 0)
(-0.144481 0.224497 0)
(-0.145464 0.250299 0)
(-0.143437 0.274702 0)
(-0.137507 0.295719 0)
(-0.126877 0.310674 0)
(-0.111065 0.316161 0)
(-0.0902204 0.308129 0)
(-0.0654546 0.282177 0)
(-0.0391441 0.234114 0)
(-0.0157931 0.160808 0)
(-0.00279916 0.0614351 0)
(-0.0020529 -0.0494582 0)
(-0.0121048 -0.130659 0)
(-0.0309677 -0.192518 0)
(-0.0534588 -0.235595 0)
(-0.0762828 -0.261909 0)
(-0.0974619 -0.274189 0)
(-0.115787 -0.275363 0)
(-0.130704 -0.268228 0)
(-0.142157 -0.255238 0)
(-0.1504 -0.238431 0)
(-0.155852 -0.219415 0)
(-0.159 -0.19941 0)
(-0.160329 -0.179303 0)
(-0.160284 -0.159707 0)
(-0.159256 -0.141019 0)
(-0.157572 -0.123472 0)
(-0.155499 -0.10717 0)
(-0.153247 -0.0921277 0)
(-0.150981 -0.0782917 0)
(-0.148829 -0.0655603 0)
(-0.146886 -0.0537987 0)
(-0.145222 -0.0428486 0)
(-0.143892 -0.0325358 0)
(-0.142936 -0.0226748 0)
(-0.142383 -0.0130723 0)
(-0.142255 -0.0035288 0)
(-0.142568 0.00615968 0)
(-0.143331 0.0162005 0)
(-0.144545 0.0268032 0)
(-0.146202 0.0381768 0)
(-0.148278 0.0505272 0)
(-0.150731 0.0640508 0)
(-0.153491 0.078927 0)
(-0.15645 0.0953057 0)
(-0.159457 0.113291 0)
(-0.162296 0.132915 0)
(-0.164681 0.15411 0)
(-0.16624 0.176665 0)
(-0.166509 0.200169 0)
(-0.164934 0.223952 0)
(-0.160888 0.247007 0)
(-0.153713 0.267912 0)
(-0.142804 0.284764 0)
(-0.127739 0.295137 0)
(-0.108464 0.296115 0)
(-0.0855292 0.284424 0)
(-0.060303 0.256723 0)
(-0.0350989 0.210061 0)
(-0.013779 0.142476 0)
(-0.00235194 0.0537871 0)
(-0.00176574 -0.0435874 0)
(-0.0107067 -0.116094 0)
(-0.0279425 -0.172595 0)
(-0.049202 -0.213336 0)
(-0.0716876 -0.239686 0)
(-0.0935832 -0.253638 0)
(-0.113635 -0.257449 0)
(-0.131118 -0.253374 0)
(-0.145747 -0.243481 0)
(-0.157541 -0.229557 0)
(-0.166711 -0.213073 0)
(-0.173576 -0.195193 0)
(-0.178493 -0.176797 0)
(-0.181822 -0.158526 0)
(-0.1839 -0.140823 0)
(-0.185025 -0.123969 0)
(-0.185452 -0.10812 0)
(-0.185396 -0.0933356 0)
(-0.185031 -0.0796025 0)
(-0.184499 -0.0668528 0)
(-0.18391 -0.0549793 0)
(-0.183354 -0.0438457 0)
(-0.182896 -0.0332953 0)
(-0.182587 -0.0231563 0)
(-0.182464 -0.0132466 0)
(-0.182552 -0.00337625 0)
(-0.182866 0.00664949 0)
(-0.183408 0.0170282 0)
(-0.184167 0.0279577 0)
(-0.18512 0.0396322 0)
(-0.186222 0.0522379 0)
(-0.187407 0.0659458 0)
(-0.188577 0.0809018 0)
(-0.189599 0.0972136 0)
(-0.190294 0.114932 0)
(-0.190429 0.134029 0)
(-0.18971 0.154363 0)
(-0.187781 0.175648 0)
(-0.184222 0.197399 0)
(-0.178562 0.218891 0)
(-0.170311 0.239096 0)
(-0.159009 0.256639 0)
(-0.144307 0.269768 0)
(-0.126079 0.276352 0)
(-0.104577 0.273949 0)
(-0.0805932 0.259956 0)
(-0.0555796 0.231862 0)
(-0.0316799 0.1876 0)
(-0.0121779 0.12596 0)
(-0.00201814 0.0470975 0)
(-0.00154858 -0.0383719 0)
(-0.00959914 -0.102875 0)
(-0.0254426 -0.15404 0)
(-0.0454976 -0.191942 0)
(-0.0673807 -0.21752 0)
(-0.0894582 -0.23224 0)
(-0.110503 -0.237841 0)
(-0.129708 -0.23613 0)
(-0.146637 -0.22883 0)
(-0.16114 -0.21748 0)
(-0.173262 -0.203391 0)
(-0.183174 -0.187638 0)
(-0.191117 -0.171064 0)
(-0.197362 -0.154305 0)
(-0.202182 -0.137821 0)
(-0.205832 -0.121923 0)
(-0.208546 -0.106802 0)
(-0.210527 -0.0925508 0)
(-0.211948 -0.07919 0)
(-0.212954 -0.0666815 0)
(-0.213663 -0.0549441 0)
(-0.21417 -0.0438639 0)
(-0.214552 -0.0333032 0)
(-0.214864 -0.0231067 0)
(-0.215148 -0.0131067 0)
(-0.215428 -0.00312666 0)
(-0.215717 0.00701491 0)
(-0.216011 0.0175016 0)
(-0.216291 0.0285154 0)
(-0.216517 0.0402319 0)
(-0.216632 0.0528146 0)
(-0.216551 0.0664068 0)
(-0.216159 0.081121 0)
(-0.215307 0.0970249 0)
(-0.213805 0.114123 0)
(-0.211419 0.132336 0)
(-0.207871 0.15147 0)
(-0.202836 0.171185 0)
(-0.195958 0.19096 0)
(-0.186865 0.210053 0)
(-0.175203 0.227467 0)
(-0.160693 0.241921 0)
(-0.143196 0.251847 0)
(-0.122817 0.255416 0)
(-0.100007 0.25062 0)
(-0.075686 0.23541 0)
(-0.0512918 0.207909 0)
(-0.0287574 0.166679 0)
(-0.010872 0.110992 0)
(-0.00175896 0.041173 0)
(-0.00137898 -0.0336788 0)
(-0.00870182 -0.0907784 0)
(-0.0233496 -0.136719 0)
(-0.0422687 -0.171481 0)
(-0.0634146 -0.195716 0)
(-0.0853309 -0.21051 0)
(-0.106854 -0.217207 0)
(-0.127147 -0.21725 0)
(-0.145688 -0.212058 0)
(-0.162204 -0.202942 0)
(-0.176614 -0.191049 0)
(-0.188969 -0.177345 0)
(-0.199405 -0.162615 0)
(-0.208109 -0.147467 0)
(-0.215288 -0.132357 0)
(-0.221152 -0.117607 0)
(-0.225901 -0.103428 0)
(-0.229719 -0.0899361 0)
(-0.232769 -0.0771778 0)
(-0.23519 -0.0651396 0)
(-0.237101 -0.0537636 0)
(-0.238599 -0.0429572 0)
(-0.239762 -0.0326023 0)
(-0.240649 -0.0225612 0)
(-0.241301 -0.0126828 0)
(-0.241744 -0.00280682 0)
(-0.241984 0.0072324 0)
(-0.242013 0.0176015 0)
(-0.241803 0.0284638 0)
(-0.241308 0.0399742 0)
(-0.240455 0.0522721 0)
(-0.239151 0.0654734 0)
(-0.237271 0.079659 0)
(-0.234662 0.0948615 0)
(-0.231134 0.111048 0)
(-0.226468 0.128099 0)
(-0.22041 0.145786 0)
(-0.212686 0.163742 0)
(-0.203008 0.181436 0)
(-0.191105 0.198145 0)
(-0.176752 0.212933 0)
(-0.159823 0.224641 0)
(-0.14035 0.231899 0)
(-0.118597 0.233165 0)
(-0.0951462 0.226806 0)
(-0.0709643 0.211224 0)
(-0.0474215 0.185023 0)
(-0.0262367 0.147205 0)
(-0.00978567 0.0973571 0)
(-0.00155163 0.035875 0)
(-0.00124326 -0.0294111 0)
(-0.00796242 -0.0796291 0)
(-0.0215794 -0.120499 0)
(-0.0394505 -0.151954 0)
(-0.0598057 -0.174449 0)
(-0.0813499 -0.188794 0)
(-0.102997 -0.196028 0)
(-0.123917 -0.197303 0)
(-0.143538 -0.19378 0)
(-0.161508 -0.186561 0)
(-0.17765 -0.176634 0)
(-0.191921 -0.164854 0)
(-0.204368 -0.151929 0)
(-0.215102 -0.138427 0)
(-0.224267 -0.124782 0)
(-0.232027 -0.111313 0)
(-0.238545 -0.0982368 0)
(-0.24398 -0.0856854 0)
(-0.248477 -0.0737213 0)
(-0.252167 -0.062351 0)
(-0.255162 -0.051536 0)
(-0.257556 -0.0412036 0)
(-0.259425 -0.0312542 0)
(-0.260828 -0.0215684 0)
(-0.261803 -0.0120129 0)
(-0.262374 -0.0024446 0)
(-0.262544 0.007284 0)
(-0.2623 0.017321 0)
(-0.261608 0.0278099 0)
(-0.260413 0.0388837 0)
(-0.25864 0.0506584 0)
(-0.256187 0.0632238 0)
(-0.252929 0.0766332 0)
(-0.248716 0.0908899 0)
(-0.243369 0.105932 0)
(-0.23669 0.121616 0)
(-0.228463 0.137692 0)
(-0.218464 0.153787 0)
(-0.206482 0.169385 0)
(-0.192337 0.183804 0)
(-0.175919 0.196192 0)
(-0.157227 0.205524 0)
(-0.136423 0.210624 0)
(-0.113884 0.210212 0)
(-0.0902605 0.202974 0)
(-0.0665226 0.187669 0)
(-0.0439465 0.163264 0)
(-0.0240508 0.129071 0)
(-0.00887003 0.0848777 0)
(-0.00138229 0.0310998 0)
(-0.00113281 -0.0254952 0)
(-0.00734636 -0.0692846 0)
(-0.0200737 -0.105258 0)
(-0.036993 -0.133326 0)
(-0.0565567 -0.153808 0)
(-0.0776102 -0.167311 0)
(-0.0991482 -0.174641 0)
(-0.120364 -0.176713 0)
(-0.140666 -0.174472 0)
(-0.159651 -0.168834 0)
(-0.177073 -0.160641 0)
(-0.192815 -0.150632 0)
(-0.206852 -0.139438 0)
(-0.219229 -0.127571 0)
(-0.230034 -0.115435 0)
(-0.239384 -0.103332 0)
(-0.247406 -0.0914771 0)
(-0.254232 -0.0800061 0)
(-0.259988 -0.0689924 0)
(-0.264788 -0.0584565 0)
(-0.268736 -0.048376 0)
(-0.27192 -0.0386951 0)
(-0.27441 -0.0293318 0)
(-0.276262 -0.0201844 0)
(-0.277512 -0.0111375 0)
(-0.278179 -0.00206624 0)
(-0.278263 0.00715835 0)
(-0.277746 0.016665 0)
(-0.276591 0.026577 0)
(-0.274739 0.0370063 0)
(-0.272111 0.0480463 0)
(-0.268606 0.0597639 0)
(-0.264103 0.072189 0)
(-0.25846 0.0853031 0)
(-0.251518 0.0990249 0)
(-0.243103 0.113196 0)
(-0.233041 0.127563 0)
(-0.221163 0.141765 0)
(-0.207326 0.155313 0)
(-0.191436 0.167587 0)
(-0.173478 0.177827 0)
(-0.153552 0.185148 0)
(-0.131914 0.188556 0)
(-0.109013 0.187 0)
(-0.0855354 0.179432 0)
(-0.0624217 0.164895 0)
(-0.0408478 0.142627 0)
(-0.0221533 0.112159 0)
(-0.00809281 0.0734032 0)
(-0.00124221 0.0267656 0)
(-0.00104209 -0.0218727 0)
(-0.00683056 -0.0596263 0)
(-0.0187921 -0.0908804 0)
(-0.0348601 -0.115538 0)
(-0.0536663 -0.133824 0)
(-0.0741761 -0.146195 0)
(-0.0954606 -0.153274 0)
(-0.116747 -0.155787 0)
(-0.137439 -0.154497 0)
(-0.157102 -0.150157 0)
(-0.175445 -0.143473 0)
(-0.192291 -0.135079 0)
(-0.207561 -0.125519 0)
(-0.221242 -0.115248 0)
(-0.233375 -0.10463 0)
(-0.244032 -0.0939432 0)
(-0.253309 -0.0833904 0)
(-0.261307 -0.0731061 0)
(-0.268132 -0.0631675 0)
(-0.273883 -0.0536039 0)
(-0.27865 -0.0444054 0)
(-0.282514 -0.0355305 0)
(-0.285538 -0.0269129 0)
(-0.287771 -0.0184678 0)
(-0.289247 -0.0100972 0)
(-0.28998 -0.00169439 0)
(-0.289967 0.0068511 0)
(-0.289187 0.0156489 0)
(-0.287599 0.0248025 0)
(-0.285143 0.0344038 0)
(-0.281742 0.0445264 0)
(-0.277297 0.0552174 0)
(-0.271695 0.0664885 0)
(-0.264807 0.0783058 0)
(-0.256495 0.0905776 0)
(-0.246616 0.103142 0)
(-0.235036 0.115754 0)
(-0.221637 0.128075 0)
(-0.206341 0.139661 0)
(-0.189125 0.149959 0)
(-0.170055 0.15831 0)
(-0.149306 0.16396 0)
(-0.127202 0.166085 0)
(-0.104237 0.163831 0)
(-0.0811045 0.15637 0)
(-0.0587037 0.142968 0)
(-0.0381112 0.123066 0)
(-0.0205122 0.0963467 0)
(-0.00743249 0.062801 0)
(-0.00112569 0.0228052 0)
(-0.000967447 -0.0184955 0)
(-0.00639955 -0.0505517 0)
(-0.017707 -0.0772563 0)
(-0.0330262 -0.0985145 0)
(-0.0511331 -0.114485 0)
(-0.0710936 -0.12551 0)
(-0.0920474 -0.132071 0)
(-0.113258 -0.134736 0)
(-0.134135 -0.134119 0)
(-0.154227 -0.130831 0)
(-0.173211 -0.125454 0)
(-0.190869 -0.118519 0)
(-0.207075 -0.11049 0)
(-0.221772 -0.10176 0)
(-0.234959 -0.0926467 0)
(-0.246672 -0.0834001 0)
(-0.256973 -0.074204 0)
(-0.265939 -0.0651847 0)
(-0.273653 -0.0564186 0)
(-0.2802 -0.0479396 0)
(-0.285655 -0.0397463 0)
(-0.29009 -0.031809 0)
(-0.29356 -0.0240754 0)
(-0.29611 -0.0164762 0)
(-0.297766 -0.00892968 0)
(-0.29854 -0.00134677 0)
(-0.298425 0.00636501 0)
(-0.297398 0.0142969 0)
(-0.295417 0.0225339 0)
(-0.292423 0.0311499 0)
(-0.288339 0.0402007 0)
(-0.283074 0.0497179 0)
(-0.276524 0.0597 0)
(-0.268576 0.0701041 0)
(-0.259113 0.0808356 0)
(-0.248025 0.0917388 0)
(-0.235214 0.102587 0)
(-0.220611 0.113072 0)
(-0.204192 0.122804 0)
(-0.185997 0.131303 0)
(-0.166151 0.138009 0)
(-0.144889 0.142294 0)
(-0.12258 0.143486 0)
(-0.0997447 0.140899 0)
(-0.0770667 0.133887 0)
(-0.055399 0.12189 0)
(-0.0357273 0.104501 0)
(-0.0191056 0.0815104 0)
(-0.00687454 0.0529513 0)
(-0.00102894 0.0191611 0)
(-0.000906447 -0.0153223 0)
(-0.00604283 -0.0419692 0)
(-0.0167995 -0.0642809 0)
(-0.0314741 -0.082171 0)
(-0.0489573 -0.0957501 0)
(-0.0683973 -0.105274 0)
(-0.0889937 -0.11111 0)
(-0.110044 -0.1137 0)
(-0.130971 -0.113528 0)
(-0.151314 -0.111082 0)
(-0.170729 -0.106833 0)
(-0.188968 -0.101217 0)
(-0.20587 -0.0946177 0)
(-0.221342 -0.0873654 0)
(-0.235349 -0.0797316 0)
(-0.247896 -0.0719309 0)
(-0.259015 -0.064125 0)
(-0.268762 -0.0564271 0)
(-0.2772 -0.0489082 0)
(-0.284396 -0.0416032 0)
(-0.290416 -0.0345161 0)
(-0.295319 -0.0276265 0)
(-0.299154 -0.0208939 0)
(-0.301958 -0.0142631 0)
(-0.303754 -0.00766785 0)
(-0.304549 -0.00103547 0)
(-0.304334 0.00570948 0)
(-0.303084 0.012641 0)
(-0.300756 0.0198272 0)
(-0.297293 0.0273257 0)
(-0.292623 0.0351778 0)
(-0.286661 0.043403 0)
(-0.279313 0.0519914 0)
(-0.270485 0.0608968 0)
(-0.26008 0.0700289 0)
(-0.248015 0.0792448 0)
(-0.234229 0.0883427 0)
(-0.218694 0.0970556 0)
(-0.201432 0.105048 0)
(-0.182531 0.111919 0)
(-0.162166 0.117203 0)
(-0.140615 0.120389 0)
(-0.118276 0.120938 0)
(-0.0956797 0.118313 0)
(-0.0734963 0.112013 0)
(-0.0525311 0.101619 0)
(-0.03369 0.0868336 0)
(-0.0179187 0.0675235 0)
(-0.00640898 0.0437427 0)
(-0.000949344 0.0157824 0)
(-0.000857435 -0.0123163 0)
(-0.00575332 -0.0337945 0)
(-0.016057 -0.0518517 0)
(-0.0301921 -0.0664135 0)
(-0.0471398 -0.077556 0)
(-0.066114 -0.0854672 0)
(-0.0863641 -0.0904228 0)
(-0.107219 -0.0927597 0)
(-0.128113 -0.0928495 0)
(-0.148586 -0.0910731 0)
(-0.168279 -0.0878014 0)
(-0.186922 -0.0833796 0)
(-0.204329 -0.0781172 0)
(-0.220379 -0.0722814 0)
(-0.235008 -0.0660948 0)
(-0.248196 -0.0597353 0)
(-0.259954 -0.0533385 0)
(-0.270314 -0.0470013 0)
(-0.279324 -0.0407858 0)
(-0.287037 -0.0347245 0)
(-0.293506 -0.0288245 0)
(-0.298781 -0.0230721 0)
(-0.302905 -0.0174372 0)
(-0.305908 -0.0118769 0)
(-0.307809 -0.0063392 0)
(-0.308611 -0.000766748 0)
(-0.308303 0.00490003 0)
(-0.306859 0.0107192 0)
(-0.304236 0.0167437 0)
(-0.30038 0.0230169 0)
(-0.295222 0.0295686 0)
(-0.288685 0.0364093 0)
(-0.280688 0.0435252 0)
(-0.271149 0.0508718 0)
(-0.259993 0.0583679 0)
(-0.247162 0.0658901 0)
(-0.232623 0.073267 0)
(-0.216384 0.080276 0)
(-0.198505 0.0866416 0)
(-0.179112 0.0920375 0)
(-0.158417 0.0960925 0)
(-0.136728 0.0984027 0)
(-0.114461 0.0985478 0)
(-0.0921513 0.0961153 0)
(-0.0704492 0.0907277 0)
(-0.0501177 0.0820751 0)
(-0.0319956 0.0699467 0)
(-0.0169412 0.0542581 0)
(-0.00602894 0.0350697 0)
(-0.000885115 0.0126228 0)
(-0.000819285 -0.00944394 0)
(-0.00552619 -0.0259486 0)
(-0.0154709 -0.0398681 0)
(-0.0291729 -0.0511425 0)
(-0.0456824 -0.0598231 0)
(-0.0642643 -0.0660436 0)
(-0.0842075 -0.0700039 0)
(-0.104867 -0.0719512 0)
(-0.12569 -0.0721606 0)
(-0.146216 -0.0709165 0)
(-0.166079 -0.0684983 0)
(-0.184994 -0.0651678 0)
(-0.202755 -0.061162 0)
(-0.219222 -0.0566867 0)
(-0.234309 -0.0519149 0)
(-0.247975 -0.0469863 0)
(-0.260212 -0.042008 0)
(-0.271037 -0.0370579 0)
(-0.280483 -0.0321867 0)
(-0.28859 -0.0274222 0)
(-0.295404 -0.022772 0)
(-0.300965 -0.0182278 0)
(-0.305309 -0.0137676 0)
(-0.308462 -0.00935982 0)
(-0.310438 -0.00496549 0)
(-0.311238 -0.000541355 0)
(-0.31085 0.00395741 0)
(-0.309245 0.00857434 0)
(-0.306383 0.0133486 0)
(-0.302211 0.0183117 0)
(-0.296664 0.0234839 0)
(-0.289674 0.0288703 0)
(-0.281168 0.0344561 0)
(-0.271078 0.0402027 0)
(-0.259345 0.0460429 0)
(-0.245933 0.0518765 0)
(-0.230834 0.0575668 0)
(-0.214082 0.0629384 0)
(-0.195766 0.0677769 0)
(-0.176043 0.0718308 0)
(-0.15515 0.0748172 0)
(-0.133415 0.0764311 0)
(-0.111269 0.0763591 0)
(-0.0892417 0.0742968 0)
(-0.0679673 0.0699698 0)
(-0.0481724 0.0631567 0)
(-0.0306418 0.0537121 0)
(-0.016166 0.0415848 0)
(-0.00572961 0.0268306 0)
(-0.000834984 0.0096389 0)
(-0.000791238 -0.00667373 0)
(-0.00535822 -0.0183556 0)
(-0.0150354 -0.0282304 0)
(-0.0284117 -0.0362543 0)
(-0.0445871 -0.0424599 0)
(-0.0628639 -0.0469365 0)
(-0.0825603 -0.0498194 0)
(-0.103051 -0.0512775 0)
(-0.123794 -0.0515001 0)
(-0.144333 -0.0506842 0)
(-0.164293 -0.0490242 0)
(-0.183382 -0.0467038 0)
(-0.201381 -0.0438898 0)
(-0.218133 -0.0407283 0)
(-0.233539 -0.0373427 0)
(-0.247542 -0.033833 0)
(-0.260121 -0.0302769 0)
(-0.271279 -0.026731 0)
(-0.281038 -0.023233 0)
(-0.289431 -0.0198038 0)
(-0.296493 -0.0164503 0)
(-0.302261 -0.0131675 0)
(-0.306763 -0.00994069 0)
(-0.310023 -0.00674821 0)
(-0.31205 -0.00356306 0)
(-0.312844 -0.000355129 0)
(-0.312392 0.00290674 0)
(-0.310663 0.00625271 0)
(-0.30762 0.00970964 0)
(-0.30321 0.0132988 0)
(-0.297374 0.017033 0)
(-0.290048 0.0209142 0)
(-0.281168 0.0249297 0)
(-0.270675 0.02905 0)
(-0.258525 0.0332246 0)
(-0.244697 0.0373799 0)
(-0.229202 0.0414167 0)
(-0.212095 0.0452087 0)
(-0.193485 0.0486028 0)
(-0.173551 0.0514209 0)
(-0.152547 0.0534641 0)
(-0.130817 0.0545198 0)
(-0.108796 0.0543713 0)
(-0.0870112 0.0528098 0)
(-0.0660815 0.0496493 0)
(-0.0467053 0.0447419 0)
(-0.0296274 0.0379929 0)
(-0.0155882 0.0293731 0)
(-0.00550767 0.0189268 0)
(-0.000798068 0.00678982 0)
(-0.000772792 -0.00397562 0)
(-0.00524729 -0.0109419 0)
(-0.0147468 -0.0168395 0)
(-0.0279056 -0.0216417 0)
(-0.0438558 -0.0253665 0)
(-0.0619241 -0.028065 0)
(-0.0814484 -0.0298156 0)
(-0.101817 -0.0307168 0)
(-0.122495 -0.030879 0)
(-0.143028 -0.0304182 0)
(-0.163039 -0.0294491 0)
(-0.18223 -0.0280803 0)
(-0.200374 -0.026411 0)
(-0.217304 -0.0245285 0)
(-0.232911 -0.0225065 0)
(-0.247129 -0.0204054 0)
(-0.259925 -0.0182721 0)
(-0.271298 -0.0161409 0)
(-0.28126 -0.014035 0)
(-0.289837 -0.0119674 0)
(-0.297061 -0.00994273 0)
(-0.302962 -0.00795842 0)
(-0.307566 -0.00600613 0)
(-0.310894 -0.00407316 0)
(-0.312953 -0.00214365 0)
(-0.313741 -0.000199879 0)
(-0.313243 0.0017765 0)
(-0.311432 0.00380317 0)
(-0.308267 0.00589583 0)
(-0.303699 0.00806666 0)
(-0.297671 0.0103228 0)
(-0.290123 0.0126646 0)
(-0.280996 0.0150837 0)
(-0.27024 0.0175614 0)
(-0.25782 0.0200668 0)
(-0.243725 0.0225547 0)
(-0.227978 0.0249651 0)
(-0.210648 0.0272217 0)
(-0.191859 0.029233 0)
(-0.171801 0.0308925 0)
(-0.150742 0.0320825 0)
(-0.129033 0.0326774 0)
(-0.107111 0.0325499 0)
(-0.085502 0.0315785 0)
(-0.064813 0.0296553 0)
(-0.0457236 0.0266954 0)
(-0.0289515 0.0226458 0)
(-0.0152047 0.0174916 0)
(-0.00536085 0.0112611 0)
(-0.000773765 0.00403605 0)
(-0.000763641 -0.00132043 0)
(-0.00519212 -0.00363539 0)
(-0.0146031 -0.00559667 0)
(-0.0276529 -0.00719531 0)
(-0.0434898 -0.00843706 0)
(-0.0614524 -0.00933858 0)
(-0.0808883 -0.00992555 0)
(-0.101193 -0.0102302 0)
(-0.121835 -0.0102891 0)
(-0.142361 -0.0101403 0)
(-0.162394 -0.00982166 0)
(-0.181632 -0.00936932 0)
(-0.199843 -0.00881612 0)
(-0.216859 -0.00819104 0)
(-0.232563 -0.00751868 0)
(-0.246884 -0.00681914 0)
(-0.259788 -0.00610812 0)
(-0.271265 -0.00539715 0)
(-0.281326 -0.00469403 0)
(-0.289994 -0.0040032 0)
(-0.297297 -0.00332625 0)
(-0.303263 -0.00266241 0)
(-0.307918 -0.00200896 0)
(-0.311278 -0.00136174 0)
(-0.313353 -0.000715512 0)
(-0.314137 -6.44344e-05 0)
(-0.313617 0.000597552 0)
(-0.311763 0.00127628 0)
(-0.308537 0.00197689 0)
(-0.303889 0.00270337 0)
(-0.297766 0.00345797 0)
(-0.290107 0.0042407 0)
(-0.280859 0.00504867 0)
(-0.269974 0.00587547 0)
(-0.257421 0.00671062 0)
(-0.243195 0.007539 0)
(-0.227326 0.00834044 0)
(-0.209889 0.00908953 0)
(-0.191014 0.0097557 0)
(-0.1709 0.0103037 0)
(-0.149819 0.0106943 0)
(-0.128125 0.0108862 0)
(-0.106258 0.0108374 0)
(-0.0847409 0.010508 0)
(-0.0641755 0.0098625 0)
(-0.0452316 0.00887343 0)
(-0.0286136 0.00752359 0)
(-0.0150135 0.00580854 0)
(-0.00528778 0.00373793 0)
(-0.000761704 0.00133907 0)
(-0.00076364 0.0013205 0)
(-0.00519212 0.00363553 0)
(-0.0146031 0.00559686 0)
(-0.0276529 0.00719554 0)
(-0.0434898 0.0084373 0)
(-0.0614524 0.00933883 0)
(-0.0808883 0.00992578 0)
(-0.101193 0.0102305 0)
(-0.121835 0.0102893 0)
(-0.142361 0.0101404 0)
(-0.162394 0.00982177 0)
(-0.181632 0.00936939 0)
(-0.199843 0.00881616 0)
(-0.216859 0.00819104 0)
(-0.232563 0.00751864 0)
(-0.246884 0.00681907 0)
(-0.259788 0.00610802 0)
(-0.271265 0.00539703 0)
(-0.281326 0.00469388 0)
(-0.289994 0.00400303 0)
(-0.297297 0.00332607 0)
(-0.303263 0.00266221 0)
(-0.307918 0.00200875 0)
(-0.311278 0.00136152 0)
(-0.313353 0.000715287 0)
(-0.314137 6.42044e-05 0)
(-0.313617 -0.000597784 0)
(-0.311763 -0.00127651 0)
(-0.308537 -0.00197712 0)
(-0.303889 -0.00270359 0)
(-0.297766 -0.00345819 0)
(-0.290107 -0.0042409 0)
(-0.280859 -0.00504885 0)
(-0.269974 -0.00587563 0)
(-0.257421 -0.00671075 0)
(-0.243195 -0.0075391 0)
(-0.227326 -0.0083405 0)
(-0.209889 -0.00908955 0)
(-0.191014 -0.00975568 0)
(-0.1709 -0.0103036 0)
(-0.149819 -0.0106942 0)
(-0.128125 -0.0108861 0)
(-0.106258 -0.0108373 0)
(-0.0847409 -0.0105077 0)
(-0.0641755 -0.00986227 0)
(-0.0452316 -0.00887321 0)
(-0.0286136 -0.00752339 0)
(-0.0150135 -0.00580837 0)
(-0.00528778 -0.00373782 0)
(-0.000761704 -0.00133903 0)
(-0.000772791 0.00397569 0)
(-0.00524728 0.0109421 0)
(-0.0147468 0.0168397 0)
(-0.0279056 0.0216419 0)
(-0.0438558 0.0253667 0)
(-0.0619241 0.0280652 0)
(-0.0814483 0.0298158 0)
(-0.101817 0.030717 0)
(-0.122495 0.0308792 0)
(-0.143028 0.0304184 0)
(-0.163039 0.0294492 0)
(-0.18223 0.0280803 0)
(-0.200374 0.026411 0)
(-0.217304 0.0245285 0)
(-0.232911 0.0225065 0)
(-0.247129 0.0204054 0)
(-0.259925 0.018272 0)
(-0.271298 0.0161408 0)
(-0.28126 0.0140348 0)
(-0.289837 0.0119672 0)
(-0.297061 0.00994255 0)
(-0.302962 0.00795823 0)
(-0.307566 0.00600593 0)
(-0.310894 0.00407294 0)
(-0.312953 0.00214343 0)
(-0.313741 0.000199652 0)
(-0.313243 -0.00177673 0)
(-0.311432 -0.0038034 0)
(-0.308267 -0.00589606 0)
(-0.303699 -0.00806688 0)
(-0.297671 -0.010323 0)
(-0.290123 -0.0126647 0)
(-0.280996 -0.0150839 0)
(-0.27024 -0.0175616 0)
(-0.25782 -0.0200669 0)
(-0.243725 -0.0225548 0)
(-0.227979 -0.0249651 0)
(-0.210648 -0.0272218 0)
(-0.191859 -0.0292329 0)
(-0.171801 -0.0308925 0)
(-0.150742 -0.0320824 0)
(-0.129033 -0.0326772 0)
(-0.107111 -0.0325497 0)
(-0.085502 -0.0315783 0)
(-0.0648131 -0.029655 0)
(-0.0457236 -0.0266952 0)
(-0.0289515 -0.0226456 0)
(-0.0152047 -0.0174914 0)
(-0.00536085 -0.011261 0)
(-0.000773765 -0.004036 0)
(-0.000791237 0.00667381 0)
(-0.00535822 0.0183557 0)
(-0.0150353 0.0282306 0)
(-0.0284117 0.0362546 0)
(-0.0445871 0.0424602 0)
(-0.0628639 0.0469367 0)
(-0.0825602 0.0498196 0)
(-0.103051 0.0512777 0)
(-0.123794 0.0515003 0)
(-0.144333 0.0506843 0)
(-0.164293 0.0490243 0)
(-0.183382 0.0467039 0)
(-0.201381 0.0438898 0)
(-0.218133 0.0407283 0)
(-0.233539 0.0373426 0)
(-0.247542 0.0338329 0)
(-0.260121 0.0302768 0)
(-0.271279 0.0267309 0)
(-0.281038 0.0232329 0)
(-0.289431 0.0198037 0)
(-0.296493 0.0164502 0)
(-0.302261 0.0131673 0)
(-0.306763 0.00994049 0)
(-0.310022 0.006748 0)
(-0.31205 0.00356284 0)
(-0.312844 0.000354908 0)
(-0.312391 -0.00290697 0)
(-0.310663 -0.00625293 0)
(-0.30762 -0.00970987 0)
(-0.30321 -0.013299 0)
(-0.297374 -0.0170332 0)
(-0.290048 -0.0209143 0)
(-0.281168 -0.0249299 0)
(-0.270675 -0.0290501 0)
(-0.258525 -0.0332247 0)
(-0.244697 -0.03738 0)
(-0.229202 -0.0414168 0)
(-0.212095 -0.0452088 0)
(-0.193485 -0.0486028 0)
(-0.173551 -0.0514208 0)
(-0.152547 -0.053464 0)
(-0.130817 -0.0545197 0)
(-0.108796 -0.0543711 0)
(-0.0870112 -0.0528096 0)
(-0.0660815 -0.0496491 0)
(-0.0467053 -0.0447417 0)
(-0.0296274 -0.0379927 0)
(-0.0155882 -0.0293729 0)
(-0.00550767 -0.0189266 0)
(-0.000798068 -0.00678978 0)
(-0.000819284 0.00944401 0)
(-0.00552619 0.0259487 0)
(-0.0154709 0.0398683 0)
(-0.0291729 0.0511427 0)
(-0.0456823 0.0598233 0)
(-0.0642642 0.0660438 0)
(-0.0842074 0.0700041 0)
(-0.104867 0.0719514 0)
(-0.125689 0.0721608 0)
(-0.146216 0.0709167 0)
(-0.166079 0.0684984 0)
(-0.184994 0.0651679 0)
(-0.202755 0.061162 0)
(-0.219222 0.0566867 0)
(-0.234309 0.0519149 0)
(-0.247974 0.0469862 0)
(-0.260212 0.042008 0)
(-0.271037 0.0370578 0)
(-0.280483 0.0321866 0)
(-0.28859 0.027422 0)
(-0.295404 0.0227719 0)
(-0.300965 0.0182276 0)
(-0.305309 0.0137674 0)
(-0.308462 0.00935962 0)
(-0.310438 0.00496528 0)
(-0.311238 0.000541145 0)
(-0.31085 -0.00395763 0)
(-0.309245 -0.00857455 0)
(-0.306383 -0.0133488 0)
(-0.302211 -0.0183119 0)
(-0.296664 -0.0234841 0)
(-0.289674 -0.0288704 0)
(-0.281168 -0.0344562 0)
(-0.271078 -0.0402029 0)
(-0.259345 -0.0460431 0)
(-0.245933 -0.0518766 0)
(-0.230834 -0.0575668 0)
(-0.214082 -0.0629384 0)
(-0.195766 -0.0677769 0)
(-0.176043 -0.0718307 0)
(-0.15515 -0.0748171 0)
(-0.133416 -0.0764309 0)
(-0.111269 -0.0763589 0)
(-0.0892418 -0.0742966 0)
(-0.0679674 -0.0699696 0)
(-0.0481724 -0.0631565 0)
(-0.0306418 -0.0537119 0)
(-0.016166 -0.0415846 0)
(-0.00572962 -0.0268305 0)
(-0.000834985 -0.00963886 0)
(-0.000857433 0.0123164 0)
(-0.00575331 0.0337946 0)
(-0.016057 0.0518519 0)
(-0.0301921 0.0664137 0)
(-0.0471397 0.0775563 0)
(-0.0661139 0.0854675 0)
(-0.086364 0.090423 0)
(-0.107219 0.0927599 0)
(-0.128113 0.0928497 0)
(-0.148586 0.0910733 0)
(-0.168279 0.0878015 0)
(-0.186922 0.0833797 0)
(-0.204329 0.0781172 0)
(-0.220379 0.0722814 0)
(-0.235008 0.0660948 0)
(-0.248196 0.0597353 0)
(-0.259954 0.0533385 0)
(-0.270314 0.0470012 0)
(-0.279324 0.0407857 0)
(-0.287037 0.0347243 0)
(-0.293506 0.0288243 0)
(-0.298781 0.0230719 0)
(-0.302905 0.017437 0)
(-0.305908 0.0118767 0)
(-0.307809 0.00633901 0)
(-0.308611 0.00076655 0)
(-0.308303 -0.00490023 0)
(-0.306859 -0.0107194 0)
(-0.304236 -0.0167439 0)
(-0.30038 -0.0230171 0)
(-0.295222 -0.0295688 0)
(-0.288685 -0.0364095 0)
(-0.280688 -0.0435254 0)
(-0.271149 -0.0508719 0)
(-0.259993 -0.058368 0)
(-0.247162 -0.0658902 0)
(-0.232623 -0.0732671 0)
(-0.216385 -0.080276 0)
(-0.198505 -0.0866416 0)
(-0.179112 -0.0920374 0)
(-0.158417 -0.0960924 0)
(-0.136728 -0.0984025 0)
(-0.114461 -0.0985477 0)
(-0.0921514 -0.0961151 0)
(-0.0704492 -0.0907275 0)
(-0.0501177 -0.0820749 0)
(-0.0319956 -0.0699465 0)
(-0.0169412 -0.054258 0)
(-0.00602895 -0.0350696 0)
(-0.000885117 -0.0126227 0)
(-0.000906446 0.0153224 0)
(-0.00604283 0.0419693 0)
(-0.0167995 0.0642811 0)
(-0.031474 0.0821712 0)
(-0.0489572 0.0957503 0)
(-0.0683972 0.105274 0)
(-0.0889937 0.11111 0)
(-0.110044 0.1137 0)
(-0.13097 0.113528 0)
(-0.151314 0.111082 0)
(-0.170729 0.106833 0)
(-0.188968 0.101217 0)
(-0.20587 0.0946177 0)
(-0.221342 0.0873654 0)
(-0.235349 0.0797315 0)
(-0.247895 0.0719309 0)
(-0.259015 0.0641249 0)
(-0.268762 0.056427 0)
(-0.2772 0.0489081 0)
(-0.284396 0.041603 0)
(-0.290416 0.0345159 0)
(-0.295319 0.0276263 0)
(-0.299154 0.0208937 0)
(-0.301958 0.0142629 0)
(-0.303754 0.00766767 0)
(-0.304549 0.00103528 0)
(-0.304334 -0.00570967 0)
(-0.303084 -0.0126412 0)
(-0.300756 -0.0198274 0)
(-0.297293 -0.0273258 0)
(-0.292623 -0.035178 0)
(-0.286661 -0.0434031 0)
(-0.279313 -0.0519915 0)
(-0.270485 -0.060897 0)
(-0.26008 -0.070029 0)
(-0.248015 -0.0792449 0)
(-0.234229 -0.0883427 0)
(-0.218694 -0.0970556 0)
(-0.201432 -0.105048 0)
(-0.182531 -0.111918 0)
(-0.162166 -0.117203 0)
(-0.140615 -0.120389 0)
(-0.118276 -0.120938 0)
(-0.0956798 -0.118313 0)
(-0.0734963 -0.112013 0)
(-0.0525311 -0.101618 0)
(-0.03369 -0.0868334 0)
(-0.0179187 -0.0675234 0)
(-0.00640899 -0.0437426 0)
(-0.000949345 -0.0157824 0)
(-0.000967446 0.0184956 0)
(-0.00639954 0.0505518 0)
(-0.0177069 0.0772565 0)
(-0.0330262 0.0985147 0)
(-0.0511331 0.114485 0)
(-0.0710935 0.12551 0)
(-0.0920473 0.132071 0)
(-0.113258 0.134736 0)
(-0.134134 0.134119 0)
(-0.154227 0.130831 0)
(-0.173211 0.125454 0)
(-0.190869 0.118519 0)
(-0.207075 0.11049 0)
(-0.221772 0.10176 0)
(-0.234959 0.0926467 0)
(-0.246672 0.0834 0)
(-0.256973 0.0742039 0)
(-0.265939 0.0651846 0)
(-0.273653 0.0564185 0)
(-0.280199 0.0479394 0)
(-0.285655 0.0397462 0)
(-0.29009 0.0318089 0)
(-0.29356 0.0240753 0)
(-0.29611 0.016476 0)
(-0.297766 0.00892951 0)
(-0.29854 0.00134661 0)
(-0.298425 -0.00636517 0)
(-0.297398 -0.014297 0)
(-0.295417 -0.0225341 0)
(-0.292423 -0.0311501 0)
(-0.288339 -0.0402009 0)
(-0.283074 -0.049718 0)
(-0.276524 -0.0597001 0)
(-0.268576 -0.0701042 0)
(-0.259113 -0.0808357 0)
(-0.248025 -0.0917389 0)
(-0.235214 -0.102587 0)
(-0.220611 -0.113072 0)
(-0.204192 -0.122804 0)
(-0.185997 -0.131303 0)
(-0.166151 -0.138009 0)
(-0.144889 -0.142294 0)
(-0.122581 -0.143485 0)
(-0.0997448 -0.140899 0)
(-0.0770668 -0.133886 0)
(-0.0553991 -0.12189 0)
(-0.0357273 -0.104501 0)
(-0.0191056 -0.0815102 0)
(-0.00687454 -0.0529512 0)
(-0.00102894 -0.0191611 0)
(-0.00104209 0.0218728 0)
(-0.00683056 0.0596264 0)
(-0.018792 0.0908805 0)
(-0.03486 0.115538 0)
(-0.0536662 0.133824 0)
(-0.074176 0.146195 0)
(-0.0954604 0.153274 0)
(-0.116747 0.155787 0)
(-0.137438 0.154497 0)
(-0.157102 0.150157 0)
(-0.175444 0.143473 0)
(-0.192291 0.135079 0)
(-0.20756 0.125519 0)
(-0.221242 0.115248 0)
(-0.233374 0.10463 0)
(-0.244032 0.0939432 0)
(-0.253309 0.0833903 0)
(-0.261307 0.073106 0)
(-0.268132 0.0631674 0)
(-0.273883 0.0536038 0)
(-0.27865 0.0444053 0)
(-0.282514 0.0355303 0)
(-0.285538 0.0269127 0)
(-0.287771 0.0184677 0)
(-0.289247 0.0100971 0)
(-0.28998 0.00169424 0)
(-0.289967 -0.00685125 0)
(-0.289187 -0.015649 0)
(-0.287599 -0.0248026 0)
(-0.285144 -0.034404 0)
(-0.281742 -0.0445265 0)
(-0.277297 -0.0552175 0)
(-0.271695 -0.0664886 0)
(-0.264807 -0.0783059 0)
(-0.256495 -0.0905777 0)
(-0.246616 -0.103142 0)
(-0.235036 -0.115754 0)
(-0.221637 -0.128075 0)
(-0.206341 -0.139661 0)
(-0.189126 -0.149959 0)
(-0.170055 -0.15831 0)
(-0.149306 -0.16396 0)
(-0.127202 -0.166085 0)
(-0.104237 -0.163831 0)
(-0.0811046 -0.15637 0)
(-0.0587037 -0.142968 0)
(-0.0381113 -0.123065 0)
(-0.0205122 -0.0963466 0)
(-0.0074325 -0.0628009 0)
(-0.00112569 -0.0228052 0)
(-0.00113281 0.0254952 0)
(-0.00734635 0.0692847 0)
(-0.0200736 0.105258 0)
(-0.036993 0.133326 0)
(-0.0565566 0.153808 0)
(-0.0776101 0.167311 0)
(-0.099148 0.174641 0)
(-0.120364 0.176713 0)
(-0.140666 0.174472 0)
(-0.159651 0.168835 0)
(-0.177073 0.160641 0)
(-0.192815 0.150632 0)
(-0.206852 0.139438 0)
(-0.219228 0.127571 0)
(-0.230034 0.115435 0)
(-0.239384 0.103332 0)
(-0.247406 0.091477 0)
(-0.254232 0.080006 0)
(-0.259987 0.0689924 0)
(-0.264788 0.0584564 0)
(-0.268736 0.0483759 0)
(-0.27192 0.038695 0)
(-0.27441 0.0293316 0)
(-0.276262 0.0201843 0)
(-0.277512 0.0111373 0)
(-0.278179 0.00206611 0)
(-0.278263 -0.00715847 0)
(-0.277746 -0.0166651 0)
(-0.276591 -0.0265772 0)
(-0.274739 -0.0370064 0)
(-0.272111 -0.0480464 0)
(-0.268606 -0.059764 0)
(-0.264104 -0.0721891 0)
(-0.25846 -0.0853032 0)
(-0.251518 -0.099025 0)
(-0.243104 -0.113196 0)
(-0.233042 -0.127563 0)
(-0.221163 -0.141765 0)
(-0.207326 -0.155313 0)
(-0.191436 -0.167587 0)
(-0.173478 -0.177827 0)
(-0.153552 -0.185148 0)
(-0.131914 -0.188556 0)
(-0.109013 -0.187 0)
(-0.0855354 -0.179432 0)
(-0.0624218 -0.164895 0)
(-0.0408478 -0.142627 0)
(-0.0221533 -0.112159 0)
(-0.00809282 -0.0734031 0)
(-0.00124221 -0.0267656 0)
(-0.00124325 0.0294111 0)
(-0.00796241 0.0796291 0)
(-0.0215794 0.120499 0)
(-0.0394504 0.151954 0)
(-0.0598056 0.174449 0)
(-0.0813498 0.188794 0)
(-0.102997 0.196028 0)
(-0.123917 0.197303 0)
(-0.143537 0.19378 0)
(-0.161507 0.186561 0)
(-0.17765 0.176634 0)
(-0.19192 0.164854 0)
(-0.204368 0.151929 0)
(-0.215101 0.138427 0)
(-0.224267 0.124782 0)
(-0.232027 0.111313 0)
(-0.238545 0.0982367 0)
(-0.24398 0.0856853 0)
(-0.248477 0.0737213 0)
(-0.252167 0.0623509 0)
(-0.255162 0.0515359 0)
(-0.257556 0.0412035 0)
(-0.259425 0.0312541 0)
(-0.260827 0.0215683 0)
(-0.261803 0.0120127 0)
(-0.262374 0.0024445 0)
(-0.262544 -0.00728411 0)
(-0.2623 -0.0173211 0)
(-0.261608 -0.02781 0)
(-0.260413 -0.0388838 0)
(-0.25864 -0.0506585 0)
(-0.256187 -0.0632239 0)
(-0.25293 -0.0766332 0)
(-0.248716 -0.09089 0)
(-0.243369 -0.105932 0)
(-0.23669 -0.121616 0)
(-0.228463 -0.137692 0)
(-0.218464 -0.153787 0)
(-0.206482 -0.169385 0)
(-0.192337 -0.183804 0)
(-0.175919 -0.196192 0)
(-0.157228 -0.205524 0)
(-0.136423 -0.210624 0)
(-0.113884 -0.210212 0)
(-0.0902606 -0.202974 0)
(-0.0665226 -0.187669 0)
(-0.0439466 -0.163264 0)
(-0.0240509 -0.129071 0)
(-0.00887004 -0.0848777 0)
(-0.00138229 -0.0310998 0)
(-0.00137898 0.0336788 0)
(-0.00870181 0.0907785 0)
(-0.0233495 0.136719 0)
(-0.0422687 0.171481 0)
(-0.0634145 0.195716 0)
(-0.0853308 0.21051 0)
(-0.106854 0.217207 0)
(-0.127147 0.21725 0)
(-0.145688 0.212059 0)
(-0.162204 0.202942 0)
(-0.176614 0.191049 0)
(-0.188968 0.177345 0)
(-0.199405 0.162615 0)
(-0.208109 0.147467 0)
(-0.215288 0.132357 0)
(-0.221152 0.117607 0)
(-0.225901 0.103428 0)
(-0.229719 0.089936 0)
(-0.232769 0.0771777 0)
(-0.23519 0.0651396 0)
(-0.237101 0.0537635 0)
(-0.238599 0.0429572 0)
(-0.239762 0.0326022 0)
(-0.240649 0.0225611 0)
(-0.241301 0.0126828 0)
(-0.241744 0.00280674 0)
(-0.241984 -0.00723249 0)
(-0.242013 -0.0176016 0)
(-0.241803 -0.0284639 0)
(-0.241308 -0.0399743 0)
(-0.240455 -0.0522722 0)
(-0.239151 -0.0654735 0)
(-0.237271 -0.0796591 0)
(-0.234662 -0.0948616 0)
(-0.231134 -0.111048 0)
(-0.226468 -0.128099 0)
(-0.220411 -0.145786 0)
(-0.212686 -0.163742 0)
(-0.203008 -0.181436 0)
(-0.191105 -0.198145 0)
(-0.176752 -0.212933 0)
(-0.159823 -0.224641 0)
(-0.14035 -0.231899 0)
(-0.118597 -0.233165 0)
(-0.0951463 -0.226806 0)
(-0.0709643 -0.211224 0)
(-0.0474216 -0.185023 0)
(-0.0262368 -0.147205 0)
(-0.00978568 -0.0973571 0)
(-0.00155163 -0.035875 0)
(-0.00154858 0.0383719 0)
(-0.00959913 0.102875 0)
(-0.0254426 0.154041 0)
(-0.0454976 0.191942 0)
(-0.0673806 0.21752 0)
(-0.0894581 0.23224 0)
(-0.110503 0.237841 0)
(-0.129708 0.23613 0)
(-0.146637 0.22883 0)
(-0.16114 0.21748 0)
(-0.173262 0.203391 0)
(-0.183174 0.187638 0)
(-0.191117 0.171064 0)
(-0.197362 0.154305 0)
(-0.202181 0.137821 0)
(-0.205832 0.121923 0)
(-0.208546 0.106802 0)
(-0.210527 0.0925507 0)
(-0.211948 0.0791899 0)
(-0.212953 0.0666815 0)
(-0.213662 0.054944 0)
(-0.21417 0.0438638 0)
(-0.214552 0.0333031 0)
(-0.214864 0.0231066 0)
(-0.215147 0.0131066 0)
(-0.215428 0.00312659 0)
(-0.215717 -0.00701498 0)
(-0.216011 -0.0175017 0)
(-0.216291 -0.0285155 0)
(-0.216517 -0.040232 0)
(-0.216632 -0.0528147 0)
(-0.216551 -0.0664068 0)
(-0.216159 -0.081121 0)
(-0.215307 -0.0970249 0)
(-0.213805 -0.114123 0)
(-0.21142 -0.132336 0)
(-0.207871 -0.15147 0)
(-0.202836 -0.171185 0)
(-0.195958 -0.19096 0)
(-0.186865 -0.210053 0)
(-0.175204 -0.227467 0)
(-0.160693 -0.241921 0)
(-0.143197 -0.251847 0)
(-0.122817 -0.255416 0)
(-0.100007 -0.25062 0)
(-0.075686 -0.23541 0)
(-0.0512918 -0.207909 0)
(-0.0287574 -0.166679 0)
(-0.010872 -0.110992 0)
(-0.00175896 -0.041173 0)
(-0.00176574 0.0435874 0)
(-0.0107067 0.116094 0)
(-0.0279424 0.172595 0)
(-0.049202 0.213336 0)
(-0.0716875 0.239686 0)
(-0.0935831 0.253638 0)
(-0.113635 0.257449 0)
(-0.131118 0.253374 0)
(-0.145747 0.243481 0)
(-0.157541 0.229557 0)
(-0.166711 0.213073 0)
(-0.173575 0.195193 0)
(-0.178492 0.176797 0)
(-0.181822 0.158526 0)
(-0.1839 0.140823 0)
(-0.185025 0.123969 0)
(-0.185452 0.10812 0)
(-0.185395 0.0933356 0)
(-0.185031 0.0796024 0)
(-0.184498 0.0668528 0)
(-0.18391 0.0549792 0)
(-0.183354 0.0438457 0)
(-0.182896 0.0332952 0)
(-0.182587 0.0231563 0)
(-0.182464 0.0132465 0)
(-0.182552 0.00337621 0)
(-0.182866 -0.00664953 0)
(-0.183408 -0.0170283 0)
(-0.184167 -0.0279577 0)
(-0.18512 -0.0396323 0)
(-0.186222 -0.052238 0)
(-0.187407 -0.0659458 0)
(-0.188577 -0.0809018 0)
(-0.189599 -0.0972136 0)
(-0.190294 -0.114932 0)
(-0.190429 -0.134029 0)
(-0.189711 -0.154363 0)
(-0.187782 -0.175648 0)
(-0.184222 -0.197399 0)
(-0.178562 -0.218891 0)
(-0.170312 -0.239096 0)
(-0.15901 -0.256639 0)
(-0.144307 -0.269768 0)
(-0.126079 -0.276352 0)
(-0.104577 -0.273949 0)
(-0.0805933 -0.259956 0)
(-0.0555797 -0.231862 0)
(-0.0316799 -0.1876 0)
(-0.0121779 -0.12596 0)
(-0.00201815 -0.0470975 0)
(-0.0020529 0.0494583 0)
(-0.0121048 0.130659 0)
(-0.0309676 0.192518 0)
(-0.0534588 0.235595 0)
(-0.0762827 0.261909 0)
(-0.0974619 0.274189 0)
(-0.115786 0.275363 0)
(-0.130704 0.268228 0)
(-0.142157 0.255238 0)
(-0.150399 0.238431 0)
(-0.155852 0.219415 0)
(-0.159 0.19941 0)
(-0.160328 0.179303 0)
(-0.160284 0.159707 0)
(-0.159256 0.141019 0)
(-0.157572 0.123472 0)
(-0.155498 0.10717 0)
(-0.153246 0.0921277 0)
(-0.150981 0.0782917 0)
(-0.148829 0.0655603 0)
(-0.146886 0.0537986 0)
(-0.145222 0.0428485 0)
(-0.143892 0.0325358 0)
(-0.142936 0.0226748 0)
(-0.142383 0.0130723 0)
(-0.142255 0.00352878 0)
(-0.142568 -0.0061597 0)
(-0.143331 -0.0162005 0)
(-0.144545 -0.0268032 0)
(-0.146202 -0.0381768 0)
(-0.148278 -0.0505272 0)
(-0.150731 -0.0640508 0)
(-0.153491 -0.078927 0)
(-0.156451 -0.0953057 0)
(-0.159457 -0.113291 0)
(-0.162296 -0.132915 0)
(-0.164681 -0.15411 0)
(-0.16624 -0.176665 0)
(-0.16651 -0.200169 0)
(-0.164935 -0.223952 0)
(-0.160888 -0.247007 0)
(-0.153713 -0.267912 0)
(-0.142804 -0.284764 0)
(-0.127739 -0.295137 0)
(-0.108464 -0.296115 0)
(-0.0855293 -0.284424 0)
(-0.0603031 -0.256723 0)
(-0.0350989 -0.210061 0)
(-0.013779 -0.142476 0)
(-0.00235194 -0.0537871 0)
(-0.00244823 0.0561747 0)
(-0.0139176 0.146861 0)
(-0.0346821 0.213939 0)
(-0.0583433 0.258544 0)
(-0.0810319 0.283692 0)
(-0.100681 0.293136 0)
(-0.116254 0.29067 0)
(-0.127499 0.279722 0)
(-0.134695 0.263156 0)
(-0.138402 0.243235 0)
(-0.139288 0.22166 0)
(-0.13802 0.199658 0)
(-0.135206 0.178072 0)
(-0.131365 0.157447 0)
(-0.126922 0.138107 0)
(-0.122212 0.120208 0)
(-0.117492 0.103792 0)
(-0.112954 0.0888173 0)
(-0.108738 0.0751845 0)
(-0.104942 0.0627568 0)
(-0.101636 0.0513722 0)
(-0.0988666 0.0408524 0)
(-0.0966683 0.031009 0)
(-0.095065 0.0216468 0)
(-0.0940758 0.0125657 0)
(-0.0937176 0.00356164 0)
(-0.0940062 -0.00557319 0)
(-0.0949569 -0.0150506 0)
(-0.0965831 -0.0250862 0)
(-0.0988947 -0.0358987 0)
(-0.101893 -0.0477081 0)
(-0.105566 -0.0607323 0)
(-0.109881 -0.0751807 0)
(-0.11477 -0.0912449 0)
(-0.120121 -0.109083 0)
(-0.125762 -0.1288 0)
(-0.131437 -0.150412 0)
(-0.136788 -0.17381 0)
(-0.14134 -0.198692 0)
(-0.144481 -0.224497 0)
(-0.145464 -0.250299 0)
(-0.143437 -0.274702 0)
(-0.137507 -0.295719 0)
(-0.126877 -0.310674 0)
(-0.111065 -0.316161 0)
(-0.0902204 -0.308129 0)
(-0.0654547 -0.282177 0)
(-0.0391441 -0.234114 0)
(-0.0157931 -0.160808 0)
(-0.00279917 -0.0614351 0)
(-0.00301889 0.0640199 0)
(-0.0163402 0.165077 0)
(-0.0393019 0.236944 0)
(-0.0638887 0.281813 0)
(-0.0856265 0.304239 0)
(-0.10253 0.309392 0)
(-0.113945 0.302147 0)
(-0.120108 0.286635 0)
(-0.121757 0.266113 0)
(-0.11983 0.243001 0)
(-0.115267 0.219016 0)
(-0.108912 0.195316 0)
(-0.10147 0.172639 0)
(-0.0935041 0.151417 0)
(-0.0854415 0.131862 0)
(-0.0775966 0.11404 0)
(-0.070191 0.0979114 0)
(-0.0633748 0.0833734 0)
(-0.0572445 0.0702796 0)
(-0.0518583 0.0584586 0)
(-0.0472485 0.0477241 0)
(-0.0434307 0.0378821 0)
(-0.0404124 0.0287349 0)
(-0.0381975 0.0200831 0)
(-0.0367915 0.0117256 0)
(-0.0362033 0.00345974 0)
(-0.0364479 -0.00491994 0)
(-0.0375458 -0.0136232 0)
(-0.0395234 -0.0228649 0)
(-0.04241 -0.0328663 0)
(-0.0462352 -0.0438548 0)
(-0.0510227 -0.0560623 0)
(-0.0567828 -0.0697222 0)
(-0.0635014 -0.0850625 0)
(-0.0711254 -0.102294 0)
(-0.0795432 -0.121594 0)
(-0.0885617 -0.143076 0)
(-0.0978767 -0.16675 0)
(-0.107041 -0.192462 0)
(-0.115434 -0.219809 0)
(-0.122235 -0.248026 0)
(-0.126421 -0.275839 0)
(-0.126808 -0.301289 0)
(-0.122163 -0.321546 0)
(-0.111442 -0.33276 0)
(-0.0941739 -0.330035 0)
(-0.070951 -0.307658 0)
(-0.0439811 -0.259723 0)
(-0.0184066 -0.181288 0)
(-0.00342848 -0.0703254 0)
(-0.00388667 0.0734315 0)
(-0.0196791 0.185789 0)
(-0.0450844 0.261494 0)
(-0.0699863 0.304693 0)
(-0.0894043 0.322301 0)
(-0.101774 0.321415 0)
(-0.107156 0.308194 0)
(-0.106504 0.287486 0)
(-0.10115 0.262842 0)
(-0.092453 0.236717 0)
(-0.0816163 0.210722 0)
(-0.0696214 0.185848 0)
(-0.0572232 0.162657 0)
(-0.0449739 0.141415 0)
(-0.0332586 0.122197 0)
(-0.022331 0.104957 0)
(-0.0123465 0.0895712 0)
(-0.00338959 0.0758721 0)
(0.00450417 0.0636697 0)
(0.0113307 0.0527624 0)
(0.0171045 0.0429462 0)
(0.0218482 0.0340178 0)
(0.0255857 0.0257772 0)
(0.0283364 0.0180271 0)
(0.0301114 0.0105725 0)
(0.0309112 0.00321895 0)
(0.0307235 -0.00422995 0)
(0.0295232 -0.0119745 0)
(0.0272722 -0.0202215 0)
(0.0239207 -0.0291863 0)
(0.0194105 -0.0390948 0)
(0.0136789 -0.0501838 0)
(0.00666596 -0.0627006 0)
(-0.00167556 -0.0769002 0)
(-0.0113659 -0.0930382 0)
(-0.0223782 -0.111358 0)
(-0.0346125 -0.132071 0)
(-0.0478599 -0.155318 0)
(-0.0617597 -0.181118 0)
(-0.0757481 -0.20928 0)
(-0.0890043 -0.23928 0)
(-0.100406 -0.270088 0)
(-0.108519 -0.299926 0)
(-0.111658 -0.325985 0)
(-0.108097 -0.344114 0)
(-0.096489 -0.348595 0)
(-0.0765165 -0.332183 0)
(-0.0497899 -0.286667 0)
(-0.0219133 -0.204327 0)
(-0.00436472 -0.0808938 0)
(-0.00527568 0.0851124 0)
(-0.0244084 0.209578 0)
(-0.052258 0.287247 0)
(-0.0761534 0.325874 0)
(-0.091009 0.335949 0)
(-0.0962897 0.327067 0)
(-0.0932299 0.306793 0)
(-0.0837602 0.280564 0)
(-0.0698971 0.252016 0)
(-0.0534054 0.223437 0)
(-0.0356812 0.196165 0)
(-0.0177556 0.170912 0)
(-0.000346432 0.147986 0)
(0.0160773 0.127451 0)
(0.0312331 0.10922 0)
(0.0449724 0.0931298 0)
(0.0572392 0.0789728 0)
(0.068038 0.0665257 0)
(0.0774098 0.0555623 0)
(0.0854154 0.0458611 0)
(0.0921223 0.0372092 0)
(0.097596 0.0294032 0)
(0.101894 0.0222488 0)
(0.105061 0.0155591 0)
(0.107125 0.00915219 0)
(0.108098 0.00284876 0)
(0.107971 -0.00353112 0)
(0.106717 -0.0101711 0)
(0.104285 -0.0172619 0)
(0.100609 -0.0250043 0)
(0.0956015 -0.0336126 0)
(0.0891623 -0.0433173 0)
(0.0811799 -0.054367 0)
(0.0715412 -0.0670293 0)
(0.0601427 -0.0815893 0)
(0.0469095 -0.0983436 0)
(0.0318204 -0.117588 0)
(0.0149456 -0.139592 0)
(-0.00350286 -0.164556 0)
(-0.0231037 -0.192538 0)
(-0.0431437 -0.22333 0)
(-0.0625241 -0.256271 0)
(-0.0796772 -0.289965 0)
(-0.0925342 -0.321881 0)
(-0.098636 -0.347853 0)
(-0.0955156 -0.361541 0)
(-0.0814316 -0.354082 0)
(-0.0566741 -0.314324 0)
(-0.0267643 -0.230375 0)
(-0.00583747 -0.0938379 0)
(-0.00759337 0.100214 0)
(-0.0312156 0.237015 0)
(-0.0607812 0.313168 0)
(-0.0810215 0.343021 0)
(-0.0877599 0.342269 0)
(-0.0824582 0.323498 0)
(-0.0680771 0.295542 0)
(-0.0477161 0.264066 0)
(-0.024046 0.232432 0)
(0.000895847 0.202468 0)
(0.0256812 0.175055 0)
(0.0493789 0.150506 0)
(0.0714308 0.128822 0)
(0.0915432 0.109837 0)
(0.109602 0.0933063 0)
(0.125608 0.0789559 0)
(0.139634 0.0665105 0)
(0.15179 0.0557063 0)
(0.162205 0.0462966 0)
(0.171008 0.0380538 0)
(0.178322 0.030769 0)
(0.184254 0.0242491 0)
(0.188896 0.018315 0)
(0.192315 0.0127979 0)
(0.194558 0.00753673 0)
(0.195645 0.0023739 0)
(0.195574 -0.00284748 0)
(0.194313 -0.00828756 0)
(0.191807 -0.0141134 0)
(0.187973 -0.0205028 0)
(0.1827 -0.0276485 0)
(0.175853 -0.0357623 0)
(0.167274 -0.0450795 0)
(0.156786 -0.0558628 0)
(0.144202 -0.0684056 0)
(0.129336 -0.0830335 0)
(0.112028 -0.100102 0)
(0.0921746 -0.119986 0)
(0.0697807 -0.143052 0)
(0.0450322 -0.169612 0)
(0.0184014 -0.199817 0)
(-0.00921592 -0.233488 0)
(-0.0363318 -0.269818 0)
(-0.0607007 -0.306893 0)
(-0.0792465 -0.340988 0)
(-0.0882522 -0.365628 0)
(-0.0840018 -0.370577 0)
(-0.064385 -0.341259 0)
(-0.033598 -0.259795 0)
(-0.00826049 -0.110296 0)
(-0.0115199 0.120585 0)
(-0.0408968 0.268286 0)
(-0.069644 0.336793 0)
(-0.0812486 0.352154 0)
(-0.0745378 0.337077 0)
(-0.0542634 0.307167 0)
(-0.0255572 0.271886 0)
(0.00737218 0.23643 0)
(0.0414739 0.203348 0)
(0.0747511 0.173682 0)
(0.106016 0.147672 0)
(0.134646 0.125163 0)
(0.160387 0.105828 0)
(0.183216 0.089288 0)
(0.203245 0.0751644 0)
(0.220658 0.0631062 0)
(0.235671 0.0527982 0)
(0.248506 0.0439614 0)
(0.259377 0.0363504 0)
(0.268478 0.0297493 0)
(0.275982 0.0239669 0)
(0.282034 0.0188323 0)
(0.28675 0.0141907 0)
(0.29022 0.00989929 0)
(0.292502 0.00582367 0)
(0.293627 0.00183403 0)
(0.293596 -0.00219827 0)
(0.292378 -0.00640433 0)
(0.289913 -0.0109215 0)
(0.286108 -0.0158973 0)
(0.280837 -0.021494 0)
(0.273939 -0.0278933 0)
(0.265218 -0.0353021 0)
(0.254445 -0.0439588 0)
(0.241357 -0.0541406 0)
(0.225667 -0.0661708 0)
(0.207075 -0.080426 0)
(0.185289 -0.0973406 0)
(0.160066 -0.117403 0)
(0.13128 -0.141137 0)
(0.0990244 -0.169041 0)
(0.063776 -0.201467 0)
(0.0266317 -0.238361 0)
(-0.0103785 -0.278785 0)
(-0.0439564 -0.32007 0)
(-0.0693361 -0.356466 0)
(-0.080485 -0.377217 0)
(-0.0715682 -0.364459 0)
(-0.0430835 -0.292412 0)
(-0.0123065 -0.132074 0)
(-0.0179041 0.149122 0)
(-0.0535522 0.302072 0)
(-0.0749784 0.35283 0)
(-0.069315 0.34686 0)
(-0.0419504 0.314852 0)
(-0.00207052 0.274263 0)
(0.0431629 0.233748 0)
(0.0890433 0.196962 0)
(0.132792 0.165033 0)
(0.172977 0.137934 0)
(0.209013 0.11518 0)
(0.240813 0.0961596 0)
(0.268561 0.0802767 0)
(0.292571 0.0670017 0)
(0.313208 0.0558842 0)
(0.330842 0.0465471 0)
(0.345826 0.0386769 0)
(0.358479 0.0320122 0)
(0.369085 0.0263337 0)
(0.377887 0.0214558 0)
(0.385092 0.0172194 0)
(0.390869 0.0134859 0)
(0.395353 0.0101327 0)
(0.398643 0.0070488 0)
(0.400807 0.00413103 0)
(0.401881 0.00128098 0)
(0.401868 -0.0015984 0)
(0.400742 -0.00460591 0)
(0.39844 -0.00784535 0)
(0.394867 -0.0114292 0)
(0.389891 -0.0154826 0)
(0.383338 -0.0201481 0)
(0.374993 -0.0255917 0)
(0.364593 -0.0320097 0)
(0.351826 -0.0396378 0)
(0.336325 -0.0487627 0)
(0.317674 -0.0597357 0)
(0.295411 -0.0729892 0)
(0.26905 -0.0890543 0)
(0.238115 -0.108574 0)
(0.202226 -0.132302 0)
(0.161241 -0.161055 0)
(0.115507 -0.195567 0)
(0.0662689 -0.236122 0)
(0.0162748 -0.281752 0)
(-0.0294742 -0.328643 0)
(-0.0630187 -0.367246 0)
(-0.0738334 -0.37795 0)
(-0.0549986 -0.3263 0)
(-0.0187481 -0.161949 0)
(-0.0267862 0.190735 0)
(-0.065663 0.332704 0)
(-0.0653963 0.350436 0)
(-0.0293507 0.317276 0)
(0.0263593 0.269093 0)
(0.0886693 0.22169 0)
(0.149934 0.180596 0)
(0.206402 0.146747 0)
(0.256619 0.119424 0)
(0.300357 0.0974967 0)
(0.337982 0.0798769 0)
(0.370099 0.0656537 0)
(0.397378 0.0541049 0)
(0.420463 0.0446703 0)
(0.439942 0.0369164 0)
(0.45633 0.0305065 0)
(0.470074 0.025176 0)
(0.48155 0.0207144 0)
(0.491078 0.0169519 0)
(0.498921 0.0137492 0)
(0.505298 0.01099 0)
(0.510382 0.00857561 0)
(0.51431 0.00642019 0)
(0.517181 0.00444732 0)
(0.519063 0.00258696 0)
(0.519994 0.000772852 0)
(0.519978 -0.00105996 0)
(0.518992 -0.00297752 0)
(0.516978 -0.00504942 0)
(0.513847 -0.00735157 0)
(0.509472 -0.00996934 0)
(0.503684 -0.0130014 0)
(0.49627 -0.0165647 0)
(0.486963 -0.0208007 0)
(0.475436 -0.0258841 0)
(0.461291 -0.0320343 0)
(0.444048 -0.0395314 0)
(0.423135 -0.0487385 0)
(0.397881 -0.060131 0)
(0.367513 -0.0743361 0)
(0.331184 -0.0921796 0)
(0.288045 -0.114729 0)
(0.237418 -0.143301 0)
(0.179165 -0.179335 0)
(0.114394 -0.223911 0)
(0.0467122 -0.276358 0)
(-0.0158925 -0.330928 0)
(-0.0592519 -0.370314 0)
(-0.0651744 -0.354912 0)
(-0.0273587 -0.204585 0)
(-0.0328953 0.250557 0)
(-0.0616309 0.344054 0)
(-0.0118622 0.310193 0)
(0.0697925 0.250611 0)
(0.156894 0.194541 0)
(0.238064 0.149469 0)
(0.308981 0.115335 0)
(0.369001 0.0898903 0)
(0.419079 0.0708438 0)
(0.460624 0.0564151 0)
(0.495034 0.0453248 0)
(0.523538 0.0366761 0)
(0.547169 0.0298417 0)
(0.566777 0.0243782 0)
(0.583053 0.0199668 0)
(0.596559 0.0163733 0)
(0.607753 0.0134222 0)
(0.617007 0.0109788 0)
(0.624624 0.0089378 0)
(0.630848 0.00721515 0)
(0.635874 0.00574219 0)
(0.639859 0.00446169 0)
(0.642921 0.00332474 0)
(0.645148 0.0022884 0)
(0.646598 0.00131374 0)
(0.647303 0.000364243 0)
(0.64727 -0.00059574 0)
(0.646476 -0.00160238 0)
(0.644877 -0.00269392 0)
(0.642396 -0.00391229 0)
(0.638925 -0.00530507 0)
(0.63432 -0.00692793 0)
(0.628397 -0.00884781 0)
(0.620921 -0.0111472 0)
(0.611594 -0.0139301 0)
(0.600049 -0.0173309 0)
(0.585824 -0.0215266 0)
(0.568339 -0.0267562 0)
(0.546871 -0.0333492 0)
(0.52051 -0.0417698 0)
(0.488119 -0.0526839 0)
(0.4483 -0.0670592 0)
(0.399396 -0.0863023 0)
(0.339611 -0.112415 0)
(0.267469 -0.148048 0)
(0.183052 -0.195969 0)
(0.0903427 -0.256713 0)
(0.000913836 -0.322421 0)
(-0.0572191 -0.361137 0)
(-0.0321982 -0.263971 0)
(0.00113427 0.295013 0)
(0.0169596 0.298715 0)
(0.152331 0.212959 0)
(0.282537 0.145053 0)
(0.387113 0.0991469 0)
(0.469484 0.0691219 0)
(0.533832 0.0496051 0)
(0.584049 0.0366781 0)
(0.62352 0.0278296 0)
(0.65485 0.0215551 0)
(0.679945 0.0169608 0)
(0.700201 0.0135042 0)
(0.716651 0.0108456 0)
(0.730074 0.00876448 0)
(0.741062 0.00711229 0)
(0.750073 0.00578525 0)
(0.757467 0.00470849 0)
(0.763525 0.0038264 0)
(0.768473 0.00309652 0)
(0.772488 0.00248566 0)
(0.775711 0.00196723 0)
(0.77825 0.00151941 0)
(0.78019 0.00112381 0)
(0.78159 0.000764461 0)
(0.78249 0.000427041 0)
(0.782914 9.81953e-05 0)
(0.782863 -0.000235052 0)
(0.782324 -0.000585872 0)
(0.781265 -0.000968215 0)
(0.779634 -0.00139746 0)
(0.777356 -0.00189122 0)
(0.774332 -0.00247026 0)
(0.770432 -0.00315991 0)
(0.765489 -0.00399182 0)
(0.759291 -0.00500661 0)
(0.751567 -0.00625783 0)
(0.741972 -0.00781798 0)
(0.730057 -0.00978822 0)
(0.715236 -0.0123143 0)
(0.696732 -0.0156136 0)
(0.673494 -0.0200232 0)
(0.644081 -0.0260861 0)
(0.60649 -0.0347088 0)
(0.557922 -0.0474448 0)
(0.494614 -0.0669557 0)
(0.412071 -0.0975477 0)
(0.305358 -0.145334 0)
(0.170118 -0.21704 0)
(0.02683 -0.307129 0)
(0.00520235 -0.303073 0)
(0.290294 0.152452 0)
(0.389659 0.128283 0)
(0.56558 0.0747513 0)
(0.683338 0.0422075 0)
(0.752741 0.024463 0)
(0.797452 0.014785 0)
(0.828222 0.0094482 0)
(0.850222 0.00640352 0)
(0.866502 0.00456559 0)
(0.878905 0.00338349 0)
(0.888555 0.00257795 0)
(0.896178 0.00200252 0)
(0.902266 0.00157642 0)
(0.907164 0.00125239 0)
(0.911127 0.00100106 0)
(0.914343 0.000803159 0)
(0.916957 0.000645381 0)
(0.919082 0.000518181 0)
(0.920803 0.000414474 0)
(0.92219 0.000328842 0)
(0.923294 0.000257037 0)
(0.924158 0.000195631 0)
(0.924812 0.000141783 0)
(0.925278 9.30624e-05 0)
(0.925571 4.73135e-05 0)
(0.925697 2.54302e-06 0)
(0.925658 -4.31754e-05 0)
(0.925449 -9.1814e-05 0)
(0.925056 -0.000145457 0)
(0.92446 -0.000206426 0)
(0.923632 -0.000277408 0)
(0.922535 -0.000361616 0)
(0.92112 -0.000463024 0)
(0.919321 -0.000586679 0)
(0.917059 -0.000739188 0)
(0.914226 -0.000929459 0)
(0.910686 -0.00116991 0)
(0.906259 -0.00147852 0)
(0.900703 -0.00188255 0)
(0.893683 -0.00242563 0)
(0.884725 -0.00318193 0)
(0.873126 -0.00428593 0)
(0.857789 -0.00599648 0)
(0.836901 -0.00883463 0)
(0.807397 -0.0138609 0)
(0.763994 -0.0231681 0)
(0.695745 -0.0407194 0)
(0.577947 -0.0737279 0)
(0.398119 -0.128763 0)
(0.293908 -0.153822 0)
)
;

boundaryField
{
    movingWallTop
    {
        type            fixedValue;
        value           uniform (1 0 0);
    }
    movingWallBottom
    {
        type            fixedValue;
        value           uniform (1 0 0);
    }
    fixedWalls
    {
        type            noSlip;
    }
    frontAndBack
    {
        type            empty;
    }
}


// ************************************************************************* //
