/*--------------------------------*- C++ -*----------------------------------*\
  =========                 |
  \\      /  F ield         | OpenFOAM: The Open Source CFD Toolbox
   \\    /   O peration     | Website:  https://openfoam.org
    \\  /    A nd           | Version:  7
     \\/     M anipulation  |
\*---------------------------------------------------------------------------*/
FoamFile
{
    version     2.0;
    format      ascii;
    class       surfaceScalarField;
    location    "0.0004";
    object      phi;
}
// * * * * * * * * * * * * * * * * * * * * * * * * * * * * * * * * * * * * * //

dimensions      [0 3 -1 0 0 0 0];

internalField   nonuniform List<scalar> 
4900
(
5.08441e-06
-5.08441e-06
8.62031e-06
-3.5359e-06
1.04023e-05
-1.78203e-06
1.13277e-05
-9.2533e-07
1.18443e-05
-5.16665e-07
1.21546e-05
-3.1031e-07
1.23558e-05
-2.01148e-07
1.2495e-05
-1.39238e-07
1.25963e-05
-1.013e-07
1.26728e-05
-7.64344e-08
1.2732e-05
-5.92365e-08
1.27788e-05
-4.68262e-08
1.28164e-05
-3.75644e-08
1.28468e-05
-3.04587e-08
1.28717e-05
-2.48778e-08
1.28921e-05
-2.04019e-08
1.29089e-05
-1.67511e-08
1.29226e-05
-1.37178e-08
1.29337e-05
-1.11526e-08
1.29427e-05
-8.94528e-09
1.29497e-05
-7.01073e-09
1.2955e-05
-5.28123e-09
1.29587e-05
-3.70091e-09
1.29609e-05
-2.22219e-09
1.29617e-05
-8.0334e-10
1.29611e-05
5.94229e-10
1.29591e-05
2.00833e-09
1.29556e-05
3.47747e-09
1.29506e-05
5.04198e-09
1.29438e-05
6.74747e-09
1.29352e-05
8.64926e-09
1.29244e-05
1.08149e-08
1.29111e-05
1.33275e-08
1.28948e-05
1.62934e-08
1.28749e-05
1.98559e-08
1.28507e-05
2.42136e-08
1.2821e-05
2.96395e-08
1.27845e-05
3.65393e-08
1.2739e-05
4.5522e-08
1.26814e-05
5.7543e-08
1.26073e-05
7.41849e-08
1.2509e-05
9.82403e-08
1.2374e-05
1.34978e-07
1.2179e-05
1.95087e-07
1.18773e-05
3.01613e-07
1.13723e-05
5.04994e-07
1.04583e-05
9.14052e-07
8.67618e-06
1.78211e-06
5.11723e-06
3.55895e-06
5.11723e-06
-7.63121e-07
-4.32129e-06
-2.72493e-08
-4.27178e-06
1.01979e-06
-2.82907e-06
1.85472e-06
-1.76026e-06
2.44917e-06
-1.11112e-06
2.86848e-06
-7.29619e-07
3.16907e-06
-5.01743e-07
3.38992e-06
-3.60085e-07
3.5563e-06
-2.67682e-07
3.6845e-06
-2.04632e-07
3.78517e-06
-1.59901e-07
3.86543e-06
-1.27089e-07
3.9302e-06
-1.02335e-07
3.98294e-06
-8.32042e-08
4.02617e-06
-6.81012e-08
4.0617e-06
-5.59301e-08
4.09092e-06
-4.59781e-08
4.11489e-06
-3.76851e-08
4.1344e-06
-3.0658e-08
4.15005e-06
-2.46006e-08
4.16232e-06
-1.92832e-08
4.17157e-06
-1.45221e-08
4.17803e-06
-1.0166e-08
4.18189e-06
-6.08602e-09
4.18326e-06
-2.16836e-09
4.18216e-06
1.69244e-09
4.17857e-06
5.5995e-09
4.17239e-06
9.65778e-09
4.16345e-06
1.39788e-08
4.15151e-06
1.86885e-08
4.13622e-06
2.39361e-08
4.11714e-06
2.99034e-08
4.09365e-06
3.68156e-08
4.06498e-06
4.49618e-08
4.03011e-06
5.47254e-08
3.98768e-06
6.66431e-08
3.9359e-06
8.14236e-08
3.87231e-06
1.00129e-07
3.79351e-06
1.24317e-07
3.69469e-06
1.56363e-07
3.56883e-06
2.00048e-07
3.4054e-06
2.61665e-07
3.18826e-06
3.52124e-07
2.8921e-06
4.91241e-07
2.47755e-06
7.1617e-07
1.88692e-06
1.09562e-06
1.05333e-06
1.74764e-06
4.66916e-09
2.83077e-06
-7.3654e-07
4.30016e-06
4.38069e-06
-1.30111e-06
-3.02018e-06
-1.80411e-06
-3.76877e-06
-1.67461e-06
-2.95858e-06
-1.33986e-06
-2.095e-06
-9.90255e-07
-1.46073e-06
-6.86306e-07
-1.03357e-06
-4.38237e-07
-7.49812e-07
-2.40027e-07
-5.58295e-07
-8.2104e-08
-4.25605e-07
4.43229e-08
-3.31059e-07
1.46287e-07
-2.61865e-07
2.29165e-07
-2.09968e-07
2.96996e-07
-1.70166e-07
3.52806e-07
-1.39015e-07
3.98891e-07
-1.14186e-07
4.37039e-07
-9.40777e-08
4.68558e-07
-7.74969e-08
4.94495e-07
-6.36226e-08
5.15662e-07
-5.18247e-08
5.32684e-07
-4.16231e-08
5.46045e-07
-3.26436e-08
5.56108e-07
-2.45852e-08
5.63141e-07
-1.7199e-08
5.67327e-07
-1.02716e-08
5.68772e-07
-3.6135e-09
5.67513e-07
2.9514e-09
5.63517e-07
9.59508e-09
5.56682e-07
1.6493e-08
5.46829e-07
2.38321e-08
5.33695e-07
3.18224e-08
5.1692e-07
4.07109e-08
4.96028e-07
5.07952e-08
4.70401e-07
6.24434e-08
4.39236e-07
7.61265e-08
4.01499e-07
9.24627e-08
3.55876e-07
1.12266e-07
3.00604e-07
1.36695e-07
2.33398e-07
1.67335e-07
1.51234e-07
2.06481e-07
5.00717e-08
2.57525e-07
-7.55004e-08
3.2562e-07
-2.32607e-07
4.18772e-07
-4.30251e-07
5.49768e-07
-6.78441e-07
7.39432e-07
-9.83992e-07
1.02172e-06
-1.33771e-06
1.44933e-06
-1.67925e-06
2.08919e-06
-1.81587e-06
2.96739e-06
-1.31634e-06
3.80063e-06
3.06435e-06
-9.07144e-07
-2.11304e-06
-1.62248e-06
-3.05344e-06
-1.88142e-06
-2.69964e-06
-1.87141e-06
-2.10501e-06
-1.74523e-06
-1.5869e-06
-1.58441e-06
-1.19439e-06
-1.42595e-06
-9.08272e-07
-1.28376e-06
-7.00489e-07
-1.16125e-06
-5.48113e-07
-1.05762e-06
-4.34692e-07
-9.70626e-07
-3.48855e-07
-8.97804e-07
-2.8279e-07
-8.36867e-07
-2.31102e-07
-7.85862e-07
-1.9002e-07
-7.43174e-07
-1.56874e-07
-7.07507e-07
-1.29745e-07
-6.77788e-07
-1.07215e-07
-6.53175e-07
-8.82365e-08
-6.32989e-07
-7.20104e-08
-6.16695e-07
-5.79174e-08
-6.03872e-07
-4.54665e-08
-5.94198e-07
-3.42587e-08
-5.87436e-07
-2.3961e-08
-5.83422e-07
-1.4286e-08
-5.82059e-07
-4.97601e-09
-5.83317e-07
4.20888e-09
-5.87224e-07
1.35029e-08
-5.93877e-07
2.31454e-08
-6.03436e-07
3.33914e-08
-6.16139e-07
4.45256e-08
-6.32308e-07
5.68791e-08
-6.5236e-07
7.08478e-08
-6.76833e-07
8.69166e-08
-7.06404e-07
1.05697e-07
-7.4192e-07
1.27979e-07
-7.84454e-07
1.548e-07
-8.35319e-07
1.87561e-07
-8.96149e-07
2.28165e-07
-9.68931e-07
2.79263e-07
-1.05601e-06
3.44606e-07
-1.15998e-06
4.29583e-07
-1.28323e-06
5.4203e-07
-1.42688e-06
6.93418e-07
-1.58792e-06
9.0047e-07
-1.75293e-06
1.18673e-06
-1.88508e-06
1.58148e-06
-1.90168e-06
2.10578e-06
-1.64612e-06
2.71183e-06
-9.24844e-07
3.07936e-06
2.13951e-06
-5.60039e-07
-1.553e-06
-1.1602e-06
-2.45327e-06
-1.50984e-06
-2.35e-06
-1.64815e-06
-1.9667e-06
-1.65966e-06
-1.5754e-06
-1.60708e-06
-1.24696e-06
-1.52789e-06
-9.87464e-07
-1.44204e-06
-7.86342e-07
-1.35923e-06
-6.30918e-07
-1.28367e-06
-5.10262e-07
-1.2167e-06
-4.15823e-07
-1.15834e-06
-3.41149e-07
-1.10799e-06
-2.81446e-07
-1.06486e-06
-2.33159e-07
-1.02809e-06
-1.93643e-07
-9.96911e-07
-1.6092e-07
-9.70639e-07
-1.33487e-07
-9.48682e-07
-1.10194e-07
-9.30545e-07
-9.0147e-08
-9.15823e-07
-7.26394e-08
-9.04189e-07
-5.71007e-08
-8.95387e-07
-4.30612e-08
-8.89224e-07
-3.01237e-08
-8.85568e-07
-1.79422e-08
-8.84339e-07
-6.20416e-09
-8.85514e-07
5.38304e-09
-8.89116e-07
1.7105e-08
-8.95224e-07
2.92538e-08
-9.03973e-07
4.21402e-08
-9.15555e-07
5.61081e-08
-9.30229e-07
7.15526e-08
-9.48322e-07
8.89411e-08
-9.70245e-07
1.08839e-07
-9.96496e-07
1.31949e-07
-1.02768e-06
1.59157e-07
-1.06448e-06
1.91609e-07
-1.10772e-06
2.30797e-07
-1.15825e-06
2.78696e-07
-1.21694e-06
3.37947e-07
-1.28444e-06
4.12109e-07
-1.36086e-06
5.06005e-07
-1.44498e-06
6.26155e-07
-1.53282e-06
7.81251e-07
-1.61485e-06
9.82501e-07
-1.67119e-06
1.24307e-06
-1.66399e-06
1.57429e-06
-1.52906e-06
1.97085e-06
-1.17896e-06
2.36173e-06
-5.71407e-07
2.4718e-06
1.5681e-06
-3.48438e-07
-1.20456e-06
-8.00979e-07
-2.00073e-06
-1.13154e-06
-2.01943e-06
-1.3195e-06
-1.77874e-06
-1.40196e-06
-1.49294e-06
-1.41824e-06
-1.23068e-06
-1.39719e-06
-1.00851e-06
-1.35739e-06
-8.26139e-07
-1.30997e-06
-6.78343e-07
-1.26122e-06
-5.59008e-07
-1.21452e-06
-4.6252e-07
-1.17152e-06
-3.84153e-07
-1.13287e-06
-3.20095e-07
-1.0987e-06
-2.67326e-07
-1.06887e-06
-2.23482e-07
-1.04308e-06
-1.86708e-07
-1.02101e-06
-1.55551e-07
-1.00235e-06
-1.28858e-07
-9.86784e-07
-1.05712e-07
-9.74053e-07
-8.53699e-08
-9.63934e-07
-6.72196e-08
-9.56246e-07
-5.07496e-08
-9.50848e-07
-3.55209e-08
-9.47644e-07
-2.11466e-08
-9.46574e-07
-7.27403e-09
-9.4762e-07
6.42866e-09
-9.50801e-07
2.02858e-08
-9.56176e-07
3.46291e-08
-9.63846e-07
4.981e-08
-9.73952e-07
6.62144e-08
-9.86679e-07
8.42792e-08
-1.00225e-06
1.04515e-07
-1.02094e-06
1.27529e-07
-1.04306e-06
1.54063e-07
-1.06893e-06
1.85032e-07
-1.09891e-06
2.21584e-07
-1.13329e-06
2.65176e-07
-1.17225e-06
3.1766e-07
-1.21571e-06
3.81412e-07
-1.26308e-06
4.59471e-07
-1.31277e-06
5.55695e-07
-1.3615e-06
6.74887e-07
-1.40304e-06
8.22797e-07
-1.4263e-06
1.00576e-06
-1.41254e-06
1.22932e-06
-1.33239e-06
1.49413e-06
-1.14539e-06
1.78385e-06
-8.12869e-07
2.02921e-06
-3.54597e-07
2.01353e-06
1.21351e-06
-2.29922e-07
-9.74636e-07
-5.67409e-07
-1.66324e-06
-8.50403e-07
-1.73644e-06
-1.04262e-06
-1.58653e-06
-1.15568e-06
-1.37987e-06
-1.21133e-06
-1.17504e-06
-1.22906e-06
-9.90779e-07
-1.22347e-06
-8.31735e-07
-1.20457e-06
-6.97237e-07
-1.17893e-06
-5.84648e-07
-1.15066e-06
-4.9079e-07
-1.12225e-06
-4.12567e-07
-1.09513e-06
-3.47214e-07
-1.07008e-06
-2.92378e-07
-1.04746e-06
-2.46099e-07
-1.0274e-06
-2.06765e-07
-1.00989e-06
-1.73061e-07
-9.94841e-07
-1.4391e-07
-9.82129e-07
-1.18424e-07
-9.71628e-07
-9.58704e-08
-9.63217e-07
-7.56302e-08
-9.56791e-07
-5.71764e-08
-9.52262e-07
-4.00496e-08
-9.49569e-07
-2.38397e-08
-9.48674e-07
-8.16919e-09
-9.49564e-07
7.31914e-09
-9.52254e-07
2.29755e-08
-9.56782e-07
3.91572e-08
-9.63213e-07
5.62413e-08
-9.71636e-07
7.46375e-08
-9.82161e-07
9.48035e-08
-9.94912e-07
1.17266e-07
-1.01002e-06
1.42641e-07
-1.02762e-06
1.71663e-07
-1.04781e-06
2.05218e-07
-1.07061e-06
2.44384e-07
-1.09592e-06
2.90483e-07
-1.12339e-06
3.45132e-07
-1.15228e-06
4.10305e-07
-1.18119e-06
4.88385e-07
-1.20768e-06
5.82182e-07
-1.22766e-06
6.94863e-07
-1.23458e-06
8.29714e-07
-1.21833e-06
9.89517e-07
-1.16414e-06
1.17512e-06
-1.05204e-06
1.38203e-06
-8.59621e-07
1.59143e-06
-5.74541e-07
1.74413e-06
-2.33171e-07
1.67216e-06
9.80336e-07
-1.62521e-07
-8.12115e-07
-4.19269e-07
-1.4065e-06
-6.5474e-07
-1.50097e-06
-8.33506e-07
-1.40776e-06
-9.55426e-07
-1.25795e-06
-1.03123e-06
-1.09923e-06
-1.07304e-06
-9.48967e-07
-1.09129e-06
-8.1348e-07
-1.09404e-06
-6.94494e-07
-1.0871e-06
-5.9158e-07
-1.07456e-06
-5.03331e-07
-1.05916e-06
-4.27969e-07
-1.0427e-06
-3.63674e-07
-1.02634e-06
-3.08742e-07
-1.01078e-06
-2.61656e-07
-9.96447e-07
-2.21099e-07
-9.83564e-07
-1.85945e-07
-9.72239e-07
-1.55235e-07
-9.62505e-07
-1.28158e-07
-9.54354e-07
-1.04021e-07
-9.47757e-07
-8.22271e-08
-9.42677e-07
-6.22562e-08
-9.39079e-07
-4.36477e-08
-9.36934e-07
-2.59845e-08
-9.36225e-07
-8.87887e-09
-9.36945e-07
8.03889e-09
-9.39101e-07
2.51321e-08
-9.42715e-07
4.27708e-08
-9.47816e-07
6.13427e-08
-9.54443e-07
8.12647e-08
-9.62637e-07
1.02997e-07
-9.7243e-07
1.27059e-07
-9.83836e-07
1.54048e-07
-9.9683e-07
1.84656e-07
-1.01131e-06
2.197e-07
-1.02707e-06
2.6014e-07
-1.0437e-06
3.07109e-07
-1.0605e-06
3.61934e-07
-1.07634e-06
4.2615e-07
-1.08945e-06
5.01489e-07
-1.09707e-06
5.8981e-07
-1.09516e-06
6.92946e-07
-1.07782e-06
8.12381e-07
-1.03694e-06
9.4863e-07
-9.6188e-07
1.10006e-06
-8.40215e-07
1.26037e-06
-6.60833e-07
1.41205e-06
-4.23619e-07
1.50692e-06
-1.64325e-07
1.41287e-06
8.16011e-07
-1.21907e-07
-6.90207e-07
-3.22907e-07
-1.2055e-06
-5.18557e-07
-1.30532e-06
-6.7879e-07
-1.24753e-06
-7.98823e-07
-1.13792e-06
-8.83143e-07
-1.01491e-06
-9.38814e-07
-8.93297e-07
-9.7285e-07
-7.79444e-07
-9.91259e-07
-6.76084e-07
-9.98811e-07
-5.84028e-07
-9.99113e-07
-5.03029e-07
-9.94806e-07
-4.32276e-07
-9.87773e-07
-3.70707e-07
-9.79329e-07
-3.17186e-07
-9.70372e-07
-2.70613e-07
-9.61506e-07
-2.29965e-07
-9.53125e-07
-1.94326e-07
-9.4548e-07
-1.6288e-07
-9.38724e-07
-1.34914e-07
-9.32947e-07
-1.09798e-07
-9.28197e-07
-8.6977e-08
-9.24497e-07
-6.59561e-08
-9.21856e-07
-4.62886e-08
-9.20276e-07
-2.75644e-08
-9.19757e-07
-9.39814e-09
-9.20298e-07
8.58033e-09
-9.21902e-07
2.67361e-08
-9.24571e-07
4.54399e-08
-9.28306e-07
6.50772e-08
-9.33099e-07
8.60583e-08
-9.38932e-07
1.0883e-07
-9.45761e-07
1.33888e-07
-9.535e-07
1.61787e-07
-9.62002e-07
1.93158e-07
-9.71023e-07
2.28722e-07
-9.80178e-07
2.69295e-07
-9.88873e-07
3.15804e-07
-9.9622e-07
3.69281e-07
-1.00091e-06
4.30843e-07
-1.00107e-06
5.01651e-07
-9.94064e-07
5.82799e-07
-9.76253e-07
6.75135e-07
-9.42829e-07
7.78957e-07
-8.87697e-07
8.93499e-07
-8.03701e-07
1.01606e-06
-6.83585e-07
1.14025e-06
-5.22669e-07
1.25113e-06
-3.25676e-07
1.30993e-06
-1.2299e-07
1.21018e-06
6.93021e-07
-9.57999e-08
-5.94407e-07
-2.57758e-07
-1.04354e-06
-4.21873e-07
-1.1412e-06
-5.63681e-07
-1.10572e-06
-6.7708e-07
-1.02452e-06
-7.63263e-07
-9.28731e-07
-8.26064e-07
-8.30496e-07
-8.69979e-07
-7.35529e-07
-8.9928e-07
-6.46783e-07
-9.17648e-07
-5.6566e-07
-9.28079e-07
-4.92598e-07
-9.32914e-07
-4.27441e-07
-9.33934e-07
-3.69687e-07
-9.32463e-07
-3.18658e-07
-9.29469e-07
-2.73607e-07
-9.2565e-07
-2.33784e-07
-9.21501e-07
-1.98475e-07
-9.17368e-07
-1.67013e-07
-9.13491e-07
-1.38791e-07
-9.10033e-07
-1.13256e-07
-9.07102e-07
-8.99076e-08
-9.0477e-07
-6.82879e-08
-9.03083e-07
-4.79763e-08
-9.02067e-07
-2.85804e-08
-9.01737e-07
-9.72786e-09
-9.02099e-07
8.94212e-09
-9.03149e-07
2.77863e-08
-9.04875e-07
4.71659e-08
-9.07251e-07
6.74536e-08
-9.10235e-07
8.90422e-08
-9.13759e-07
1.12353e-07
-9.17716e-07
1.37845e-07
-9.21948e-07
1.66019e-07
-9.26221e-07
1.97431e-07
-9.30192e-07
2.32693e-07
-9.33374e-07
2.72477e-07
-9.35074e-07
3.17504e-07
-9.34328e-07
3.68535e-07
-9.29816e-07
4.26331e-07
-9.19754e-07
4.9159e-07
-9.01792e-07
5.64837e-07
-8.72911e-07
6.46254e-07
-8.29385e-07
7.35431e-07
-7.66873e-07
8.30987e-07
-6.80781e-07
9.29973e-07
-5.67162e-07
1.02663e-06
-4.24732e-07
1.1087e-06
-2.59608e-07
1.1448e-06
-9.65016e-08
1.04708e-06
5.96519e-07
-7.80429e-08
-5.16365e-07
-2.11999e-07
-9.09585e-07
-3.51547e-07
-1.00165e-06
-4.76894e-07
-9.80372e-07
-5.82014e-07
-9.194e-07
-6.6648e-07
-8.44265e-07
-7.32168e-07
-7.64808e-07
-7.81831e-07
-6.85866e-07
-8.18392e-07
-6.10222e-07
-8.44581e-07
-5.39471e-07
-8.6277e-07
-4.74409e-07
-8.74929e-07
-4.15282e-07
-8.8264e-07
-3.61976e-07
-8.8714e-07
-3.14157e-07
-8.89385e-07
-2.71362e-07
-8.90097e-07
-2.33073e-07
-8.89817e-07
-1.98756e-07
-8.88944e-07
-1.67886e-07
-8.87774e-07
-1.39961e-07
-8.86519e-07
-1.14511e-07
-8.85331e-07
-9.10949e-08
-8.84319e-07
-6.93003e-08
-8.83555e-07
-4.87403e-08
-8.83087e-07
-2.90487e-08
-8.82941e-07
-9.87366e-09
-8.83127e-07
9.12808e-09
-8.83637e-07
2.82968e-08
-8.84448e-07
4.7976e-08
-8.85512e-07
6.85179e-08
-8.86759e-07
9.02896e-08
-8.88085e-07
1.13679e-07
-8.89338e-07
1.39099e-07
-8.90311e-07
1.66992e-07
-8.90712e-07
1.97833e-07
-8.90145e-07
2.32126e-07
-8.88072e-07
2.70403e-07
-8.83772e-07
3.13204e-07
-8.76294e-07
3.61057e-07
-8.64397e-07
4.14434e-07
-8.46495e-07
4.73688e-07
-8.20604e-07
5.38946e-07
-7.84328e-07
6.09978e-07
-7.349e-07
6.86003e-07
-6.69347e-07
7.65433e-07
-5.8485e-07
8.45476e-07
-4.7947e-07
9.21252e-07
-3.53595e-07
9.82826e-07
-2.13288e-07
1.00449e-06
-7.85252e-08
9.12313e-07
5.17994e-07
-6.54073e-08
-4.50957e-07
-1.78768e-07
-7.96224e-07
-2.99186e-07
-8.81236e-07
-4.10479e-07
-8.69079e-07
-5.07197e-07
-8.22683e-07
-5.88194e-07
-7.63268e-07
-6.54204e-07
-6.98797e-07
-7.06824e-07
-6.33246e-07
-7.47985e-07
-5.69062e-07
-7.79645e-07
-5.07811e-07
-8.03623e-07
-4.50432e-07
-8.2151e-07
-3.97394e-07
-8.34652e-07
-3.48835e-07
-8.44151e-07
-3.04658e-07
-8.50893e-07
-2.6462e-07
-8.55578e-07
-2.28388e-07
-8.58751e-07
-1.95581e-07
-8.60836e-07
-1.65801e-07
-8.62151e-07
-1.38646e-07
-8.62941e-07
-1.13722e-07
-8.63385e-07
-9.06509e-08
-8.63615e-07
-6.90699e-08
-8.63725e-07
-4.86303e-08
-8.63777e-07
-2.89971e-08
-8.63805e-07
-9.84503e-09
-8.63823e-07
9.14597e-09
-8.6382e-07
2.82936e-08
-8.63762e-07
4.79177e-08
-8.63588e-07
6.83442e-08
-8.63208e-07
8.99094e-08
-8.62491e-07
1.12962e-07
-8.6126e-07
1.37867e-07
-8.59274e-07
1.65006e-07
-8.56214e-07
1.94773e-07
-8.51662e-07
2.27574e-07
-8.45072e-07
2.63814e-07
-8.35746e-07
3.03878e-07
-8.22798e-07
3.48108e-07
-8.05119e-07
3.96756e-07
-7.8136e-07
4.49928e-07
-7.49912e-07
5.07498e-07
-7.08938e-07
5.69004e-07
-6.56451e-07
6.33516e-07
-5.90482e-07
6.99465e-07
-5.09396e-07
7.6439e-07
-4.12422e-07
8.24278e-07
-3.00693e-07
8.71097e-07
-1.797e-07
8.83502e-07
-6.57533e-08
7.98366e-07
4.52241e-07
-5.60966e-08
-3.94861e-07
-1.53959e-07
-6.98361e-07
-2.59386e-07
-7.75809e-07
-3.58926e-07
-7.69538e-07
-4.47807e-07
-7.33801e-07
-5.24634e-07
-6.86441e-07
-5.89498e-07
-6.33933e-07
-6.43251e-07
-5.79493e-07
-6.87119e-07
-5.25193e-07
-7.2247e-07
-4.7246e-07
-7.50655e-07
-4.22246e-07
-7.72926e-07
-3.75124e-07
-7.90388e-07
-3.31373e-07
-8.03988e-07
-2.91058e-07
-8.14515e-07
-2.54093e-07
-8.22616e-07
-2.20286e-07
-8.28814e-07
-1.89384e-07
-8.33525e-07
-1.6109e-07
-8.37077e-07
-1.35094e-07
-8.39726e-07
-1.11074e-07
-8.41665e-07
-8.87114e-08
-8.43042e-07
-6.76929e-08
-8.43962e-07
-4.77102e-08
-8.44497e-07
-2.84625e-08
-8.44687e-07
-9.65448e-09
-8.44548e-07
9.00646e-09
-8.44066e-07
2.78116e-08
-8.43201e-07
4.7053e-08
-8.41884e-07
6.7027e-08
-8.4001e-07
8.80357e-08
-8.37435e-07
1.10387e-07
-8.33966e-07
1.34397e-07
-8.29348e-07
1.60388e-07
-8.23256e-07
1.88681e-07
-8.15274e-07
2.19593e-07
-8.04881e-07
2.5342e-07
-7.91428e-07
2.90425e-07
-7.74122e-07
3.30803e-07
-7.52015e-07
3.74649e-07
-7.23992e-07
4.21905e-07
-6.88789e-07
4.72295e-07
-6.45038e-07
5.25253e-07
-5.9135e-07
5.79829e-07
-5.26475e-07
6.34589e-07
-4.49535e-07
6.8745e-07
-3.60418e-07
7.35162e-07
-2.60522e-07
7.712e-07
-1.54654e-07
7.77633e-07
-5.63535e-08
7.00066e-07
3.95887e-07
-4.90498e-08
-3.45811e-07
-1.35019e-07
-6.12392e-07
-2.28598e-07
-6.8223e-07
-3.18397e-07
-6.7974e-07
-4.00278e-07
-6.5192e-07
-4.72815e-07
-6.13904e-07
-5.35762e-07
-5.70986e-07
-5.89499e-07
-5.25756e-07
-6.34768e-07
-4.79924e-07
-6.72493e-07
-4.34736e-07
-7.03654e-07
-3.91085e-07
-7.2921e-07
-3.49568e-07
-7.50047e-07
-3.10536e-07
-7.66953e-07
-2.74152e-07
-7.80611e-07
-2.40435e-07
-7.91599e-07
-2.09299e-07
-8.00398e-07
-1.80585e-07
-8.07402e-07
-1.54086e-07
-8.12931e-07
-1.29565e-07
-8.17239e-07
-1.06766e-07
-8.20524e-07
-8.5426e-08
-8.22939e-07
-6.52776e-08
-8.24596e-07
-4.60532e-08
-8.25571e-07
-2.74873e-08
-8.25909e-07
-9.31645e-09
-8.25625e-07
8.72235e-09
-8.24705e-07
2.68914e-08
-8.23106e-07
4.54535e-08
-8.20752e-07
6.46729e-08
-8.17533e-07
8.48165e-08
-8.13297e-07
1.06152e-07
-8.07848e-07
1.28948e-07
-8.00932e-07
1.53472e-07
-7.9223e-07
1.79979e-07
-7.81349e-07
2.08711e-07
-7.67805e-07
2.39877e-07
-7.51021e-07
2.73641e-07
-7.3031e-07
3.10092e-07
-7.0488e-07
3.49219e-07
-6.73837e-07
3.90861e-07
-6.36212e-07
4.3467e-07
-5.91012e-07
4.80052e-07
-5.37297e-07
5.26114e-07
-4.7431e-07
5.71603e-07
-4.01653e-07
6.14793e-07
-3.19565e-07
6.53074e-07
-2.29476e-07
6.81111e-07
-1.35551e-07
6.83708e-07
-4.92466e-08
6.13762e-07
3.46641e-07
-4.36065e-08
-3.02204e-07
-1.20301e-07
-5.35698e-07
-2.04441e-07
-5.98089e-07
-2.86195e-07
-5.97987e-07
-3.6197e-07
-5.76145e-07
-4.30412e-07
-5.45461e-07
-4.91104e-07
-5.10294e-07
-5.44141e-07
-4.7272e-07
-5.89934e-07
-4.34131e-07
-6.29083e-07
-3.95586e-07
-6.62283e-07
-3.57886e-07
-6.90249e-07
-3.21601e-07
-7.13676e-07
-2.87108e-07
-7.33207e-07
-2.54621e-07
-7.49416e-07
-2.24225e-07
-7.62806e-07
-1.95909e-07
-7.73807e-07
-1.69584e-07
-7.82781e-07
-1.45112e-07
-7.90028e-07
-1.22318e-07
-7.95793e-07
-1.01002e-07
-8.00269e-07
-8.09497e-08
-8.03609e-07
-6.19377e-08
-8.05925e-07
-4.37371e-08
-8.07295e-07
-2.61172e-08
-8.07765e-07
-8.84625e-09
-8.07351e-07
8.30783e-09
-8.06037e-07
2.55776e-08
-8.0378e-07
4.31959e-08
-8.00501e-07
6.13947e-08
-7.9609e-07
8.04055e-08
-7.90396e-07
1.00458e-07
-7.83225e-07
1.21777e-07
-7.74332e-07
1.44579e-07
-7.63419e-07
1.69065e-07
-7.50121e-07
1.95414e-07
-7.34011e-07
2.23766e-07
-7.1458e-07
2.54211e-07
-6.91254e-07
2.86765e-07
-6.63383e-07
3.21348e-07
-6.30268e-07
3.57747e-07
-5.91184e-07
3.95586e-07
-5.45427e-07
4.34295e-07
-4.92386e-07
4.73073e-07
-4.31638e-07
5.10855e-07
-3.6308e-07
5.46234e-07
-2.87124e-07
5.77118e-07
-2.05133e-07
5.9912e-07
-1.20718e-07
5.99294e-07
-4.37617e-08
5.36806e-07
3.02879e-07
-3.93386e-08
-2.62866e-07
-1.08712e-07
-4.66325e-07
-1.85279e-07
-5.21521e-07
-2.60399e-07
-5.22868e-07
-3.30928e-07
-5.05615e-07
-3.95622e-07
-4.80768e-07
-4.53989e-07
-4.51927e-07
-5.05953e-07
-4.20756e-07
-5.51704e-07
-3.88379e-07
-5.91612e-07
-3.55678e-07
-6.26151e-07
-3.23347e-07
-6.55846e-07
-2.91907e-07
-6.81228e-07
-2.61726e-07
-7.0281e-07
-2.33039e-07
-7.21068e-07
-2.05968e-07
-7.36428e-07
-1.80548e-07
-7.49267e-07
-1.56745e-07
-7.59909e-07
-1.3447e-07
-7.68628e-07
-1.13599e-07
-7.75652e-07
-9.39778e-08
-7.81166e-07
-7.54355e-08
-7.85316e-07
-5.77873e-08
-7.88212e-07
-4.08408e-08
-7.89931e-07
-2.43984e-08
-7.90518e-07
-8.25944e-09
-7.89988e-07
7.77778e-09
-7.88327e-07
2.3916e-08
-7.85489e-07
4.03585e-08
-7.814e-07
5.73056e-08
-7.7595e-07
7.49551e-08
-7.68993e-07
9.3501e-08
-7.60345e-07
1.13129e-07
-7.49777e-07
1.34011e-07
-7.37017e-07
1.56305e-07
-7.21737e-07
1.80134e-07
-7.03562e-07
2.05591e-07
-6.82062e-07
2.3271e-07
-6.56759e-07
2.61463e-07
-6.27137e-07
2.91726e-07
-5.92657e-07
3.23267e-07
-5.5279e-07
3.55718e-07
-5.07052e-07
3.88558e-07
-4.55068e-07
4.21089e-07
-3.96639e-07
4.52425e-07
-3.31837e-07
4.81432e-07
-2.61151e-07
5.06433e-07
-1.85835e-07
5.23803e-07
-1.09046e-07
5.22505e-07
-3.94641e-08
4.67224e-07
2.63415e-07
-3.59585e-08
-2.26907e-07
-9.95032e-08
-4.0278e-07
-1.69966e-07
-4.51058e-07
-2.39624e-07
-4.5321e-07
-3.05698e-07
-4.39542e-07
-3.67054e-07
-4.19412e-07
-4.23183e-07
-3.95797e-07
-4.73908e-07
-3.70031e-07
-5.19275e-07
-3.43012e-07
-5.59489e-07
-3.15465e-07
-5.9486e-07
-2.87976e-07
-6.25761e-07
-2.61006e-07
-6.52592e-07
-2.34895e-07
-6.75756e-07
-2.09875e-07
-6.95636e-07
-1.86087e-07
-7.12591e-07
-1.63593e-07
-7.26943e-07
-1.42393e-07
-7.38977e-07
-1.22436e-07
-7.48939e-07
-1.03637e-07
-7.57036e-07
-8.58803e-08
-7.63442e-07
-6.90304e-08
-7.68291e-07
-5.29374e-08
-7.71691e-07
-3.74418e-08
-7.73712e-07
-2.23768e-08
-7.744e-07
-7.57153e-09
-7.73769e-07
7.14668e-09
-7.71805e-07
2.19517e-08
-7.68464e-07
3.70177e-08
-7.63674e-07
5.25157e-08
-7.57331e-07
6.86118e-08
-7.49297e-07
8.54673e-08
-7.39401e-07
1.03233e-07
-7.27436e-07
1.22046e-07
-7.13153e-07
1.42022e-07
-6.96268e-07
1.6325e-07
-6.76457e-07
1.8578e-07
-6.53361e-07
2.09615e-07
-6.26592e-07
2.34693e-07
-5.95745e-07
2.60878e-07
-5.60414e-07
2.87937e-07
-5.20223e-07
3.15528e-07
-4.74856e-07
3.4319e-07
-4.24101e-07
3.70335e-07
-3.67908e-07
3.96232e-07
-3.06452e-07
4.19976e-07
-2.40243e-07
4.40224e-07
-1.70421e-07
4.53981e-07
-9.97767e-08
4.51861e-07
-3.60624e-08
4.0351e-07
2.27353e-07
-3.32668e-08
-1.9364e-07
-9.21513e-08
-3.43896e-07
-1.57686e-07
-3.85523e-07
-2.22861e-07
-3.88034e-07
-2.85187e-07
-3.77216e-07
-3.43636e-07
-3.60963e-07
-3.97705e-07
-3.41728e-07
-4.47162e-07
-3.20574e-07
-4.91957e-07
-2.98217e-07
-5.32182e-07
-2.7524e-07
-5.68025e-07
-2.52133e-07
-5.99743e-07
-2.29288e-07
-6.2763e-07
-2.07008e-07
-6.51994e-07
-1.85511e-07
-6.73143e-07
-1.64938e-07
-6.91372e-07
-1.45364e-07
-7.06954e-07
-1.26812e-07
-7.20133e-07
-1.09256e-07
-7.31129e-07
-9.26413e-08
-7.40128e-07
-7.68816e-08
-7.47286e-07
-6.18723e-08
-7.5273e-07
-4.74931e-08
-7.56558e-07
-3.3614e-08
-7.58838e-07
-2.00965e-08
-7.59612e-07
-6.79744e-09
-7.58894e-07
6.42847e-09
-7.5667e-07
1.9728e-08
-7.529e-07
3.32474e-08
-7.47514e-07
4.71296e-08
-7.40415e-07
6.15131e-08
-7.31477e-07
7.65294e-08
-7.20543e-07
9.22987e-08
-7.07425e-07
1.08928e-07
-6.91906e-07
1.26503e-07
-6.73739e-07
1.45083e-07
-6.52648e-07
1.64689e-07
-6.2834e-07
1.85306e-07
-6.00502e-07
2.06856e-07
-5.68823e-07
2.292e-07
-5.33006e-07
2.52119e-07
-4.92791e-07
2.75313e-07
-4.47985e-07
2.98384e-07
-3.98493e-07
3.20843e-07
-3.44362e-07
3.42101e-07
-2.85823e-07
3.61437e-07
-2.23379e-07
3.7778e-07
-1.58064e-07
3.88666e-07
-9.23792e-08
3.86176e-07
-3.33543e-08
3.44485e-07
1.93998e-07
-3.11221e-08
-1.62518e-07
-8.62818e-08
-2.88736e-07
-1.47848e-07
-3.23957e-07
-2.09367e-07
-3.26515e-07
-2.68577e-07
-3.18007e-07
-3.24541e-07
-3.04998e-07
-3.76777e-07
-2.89491e-07
-4.25023e-07
-2.72328e-07
-4.69171e-07
-2.5407e-07
-5.09229e-07
-2.35182e-07
-5.453e-07
-2.16061e-07
-5.7755e-07
-1.97037e-07
-6.0619e-07
-1.78368e-07
-6.31452e-07
-1.60249e-07
-6.5358e-07
-1.42811e-07
-6.72812e-07
-1.26132e-07
-6.89377e-07
-1.10247e-07
-7.03486e-07
-9.51473e-08
-7.15329e-07
-8.07984e-08
-7.25072e-07
-6.71388e-08
-7.32856e-07
-5.40883e-08
-7.38796e-07
-4.15524e-08
-7.42983e-07
-2.94269e-08
-7.45481e-07
-1.75988e-08
-7.46328e-07
-5.95075e-09
-7.45536e-07
5.63688e-09
-7.43094e-07
1.72859e-08
-7.38963e-07
2.91164e-08
-7.33079e-07
4.12453e-08
-7.25352e-07
5.37859e-08
-7.15666e-07
6.68439e-08
-7.0388e-07
8.05132e-08
-6.89828e-07
9.48764e-08
-6.73319e-07
1.09994e-07
-6.54141e-07
1.25904e-07
-6.32064e-07
1.42613e-07
-6.06847e-07
1.60089e-07
-5.78246e-07
1.78254e-07
-5.46024e-07
1.96977e-07
-5.09968e-07
2.16064e-07
-4.6991e-07
2.35255e-07
-4.25746e-07
2.5422e-07
-3.77462e-07
2.72559e-07
-3.25166e-07
2.89805e-07
-2.69119e-07
3.0539e-07
-2.09806e-07
3.18468e-07
-1.48167e-07
3.27027e-07
-8.64741e-08
3.24483e-07
-3.11965e-08
2.89207e-07
1.62802e-07
-2.9423e-08
-1.33095e-07
-8.16249e-08
-2.36534e-07
-1.40021e-07
-2.65562e-07
-1.98589e-07
-2.67947e-07
-2.55246e-07
-2.6135e-07
-3.09132e-07
-2.51112e-07
-3.59788e-07
-2.38836e-07
-4.06938e-07
-2.25178e-07
-4.50436e-07
-2.10572e-07
-4.90237e-07
-1.95381e-07
-5.26378e-07
-1.7992e-07
-5.58959e-07
-1.64456e-07
-5.88124e-07
-1.49203e-07
-6.14047e-07
-1.34326e-07
-6.36916e-07
-1.19942e-07
-6.56925e-07
-1.06123e-07
-6.74264e-07
-9.29071e-08
-6.89114e-07
-8.02979e-08
-7.01638e-07
-6.82741e-08
-7.11984e-07
-5.67928e-08
-7.20278e-07
-4.57938e-08
-7.26626e-07
-3.5205e-08
-7.31109e-07
-2.49442e-08
-7.33785e-07
-1.49219e-08
-7.34692e-07
-5.04414e-09
-7.3384e-07
4.78479e-09
-7.31218e-07
1.46636e-08
-7.2679e-07
2.46884e-08
-7.20497e-07
3.49524e-08
-7.12257e-07
4.55459e-08
-7.01965e-07
5.65518e-08
-6.89494e-07
6.80426e-08
-6.74697e-07
8.00789e-08
-6.57408e-07
9.27052e-08
-6.37446e-07
1.05942e-07
-6.1462e-07
1.19787e-07
-5.88735e-07
1.34204e-07
-5.596e-07
1.49119e-07
-5.27039e-07
1.64417e-07
-4.90907e-07
1.79931e-07
-4.511e-07
1.95448e-07
-4.07581e-07
2.107e-07
-3.60392e-07
2.2537e-07
-3.09679e-07
2.39092e-07
-2.55717e-07
2.51428e-07
-1.98968e-07
2.61719e-07
-1.40295e-07
2.68353e-07
-8.17891e-08
2.65977e-07
-2.94866e-08
2.36905e-07
1.33315e-07
-2.80962e-08
-1.04999e-07
-7.79837e-08
-1.86647e-07
-1.33888e-07
-2.09658e-07
-1.90119e-07
-2.11716e-07
-2.4473e-07
-2.06739e-07
-2.96923e-07
-1.98918e-07
-3.46262e-07
-1.89497e-07
-3.92467e-07
-1.78973e-07
-4.35368e-07
-1.67671e-07
-4.74882e-07
-1.55867e-07
-5.11e-07
-1.43802e-07
-5.43772e-07
-1.31684e-07
-5.73294e-07
-1.19681e-07
-5.99692e-07
-1.07928e-07
-6.23112e-07
-9.65214e-08
-6.43711e-07
-8.55242e-08
-6.61647e-07
-7.49712e-08
-6.77073e-07
-6.48718e-08
-6.90133e-07
-5.52142e-08
-7.00957e-07
-4.59692e-08
-7.09658e-07
-3.70931e-08
-7.1633e-07
-2.85325e-08
-7.21049e-07
-2.02248e-08
-7.2387e-07
-1.21013e-08
-7.24824e-07
-4.08974e-09
-7.23924e-07
3.88396e-09
-7.21156e-07
1.18965e-08
-7.1649e-07
2.00221e-08
-7.0987e-07
2.83327e-08
-7.01222e-07
3.68978e-08
-6.9045e-07
4.57796e-08
-6.77441e-07
5.50334e-08
-6.62063e-07
6.47011e-08
-6.44173e-07
7.48152e-08
-6.23616e-07
8.5385e-08
-6.00233e-07
9.6404e-08
-5.73866e-07
1.07837e-07
-5.44368e-07
1.19621e-07
-5.11609e-07
1.31658e-07
-4.75495e-07
1.43817e-07
-4.35972e-07
1.55925e-07
-3.93048e-07
1.67776e-07
-3.46804e-07
1.79126e-07
-2.9741e-07
1.89698e-07
-2.45147e-07
1.99165e-07
-1.90452e-07
2.07024e-07
-1.34128e-07
2.12029e-07
-7.81272e-08
2.09976e-07
-2.81515e-08
1.86929e-07
1.05164e-07
-2.70882e-08
-7.79109e-08
-7.52152e-08
-1.38519e-07
-1.29218e-07
-1.55655e-07
-1.83654e-07
-1.5728e-07
-2.36681e-07
-1.53712e-07
-2.87547e-07
-1.48052e-07
-3.35836e-07
-1.41209e-07
-3.81268e-07
-1.33541e-07
-4.23658e-07
-1.25281e-07
-4.62898e-07
-1.16627e-07
-4.98948e-07
-1.07752e-07
-5.31823e-07
-9.88095e-08
-5.6158e-07
-8.99245e-08
-5.8831e-07
-8.11976e-08
-6.12129e-07
-7.2703e-08
-6.33162e-07
-6.44908e-08
-6.51544e-07
-5.65899e-08
-6.67405e-07
-4.90108e-08
-6.80872e-07
-4.17473e-08
-6.9206e-07
-3.47808e-08
-7.01073e-07
-2.80806e-08
-7.07995e-07
-2.16096e-08
-7.12898e-07
-1.53226e-08
-7.15829e-07
-9.1697e-09
-7.1682e-07
-3.09863e-09
-7.15882e-07
2.94505e-09
-7.13002e-07
9.01727e-09
-7.08152e-07
1.51718e-08
-7.01281e-07
2.14611e-08
-6.92319e-07
2.79361e-08
-6.8118e-07
3.46405e-08
-6.67761e-07
4.16142e-08
-6.51945e-07
4.88858e-08
-6.33606e-07
5.64761e-08
-6.12611e-07
6.43899e-08
-5.88825e-07
7.26182e-08
-5.62121e-07
8.11326e-08
-5.32383e-07
8.98829e-08
-4.99518e-07
9.8794e-08
-4.63468e-07
1.07766e-07
-4.24215e-07
1.16672e-07
-3.818e-07
1.25361e-07
-3.3633e-07
1.33656e-07
-2.8799e-07
1.41358e-07
-2.37058e-07
1.48233e-07
-1.83955e-07
1.53921e-07
-1.29434e-07
1.57508e-07
-7.53444e-08
1.55886e-07
-2.71378e-08
1.38722e-07
7.80259e-08
-2.63606e-08
-5.15502e-08
-7.32174e-08
-9.16626e-08
-1.25845e-07
-1.03028e-07
-1.78978e-07
-1.04147e-07
-2.30846e-07
-1.01844e-07
-2.80734e-07
-9.81641e-08
-3.28238e-07
-9.37046e-08
-3.73082e-07
-8.86972e-08
-4.15071e-07
-8.32915e-08
-4.54083e-07
-7.76147e-08
-4.90055e-07
-7.17803e-08
-5.22977e-07
-6.58874e-08
-5.52882e-07
-6.00196e-08
-5.79836e-07
-5.42438e-08
-6.03929e-07
-4.86102e-08
-6.25266e-07
-4.31532e-08
-6.43963e-07
-3.78934e-08
-6.60134e-07
-3.28393e-08
-6.73894e-07
-2.79881e-08
-6.85346e-07
-2.3329e-08
-6.94584e-07
-1.88424e-08
-7.01689e-07
-1.45049e-08
-7.06724e-07
-1.02873e-08
-7.09737e-07
-6.15696e-09
-7.10755e-07
-2.08048e-09
-7.09788e-07
1.97841e-09
-7.06827e-07
6.05614e-09
-7.01842e-07
1.01874e-08
-6.94788e-07
1.44065e-08
-6.85599e-07
1.8747e-08
-6.74195e-07
2.32366e-08
-6.60481e-07
2.79004e-08
-6.44353e-07
3.27578e-08
-6.25696e-07
3.78191e-08
-6.04394e-07
4.30878e-08
-5.80331e-07
4.85552e-08
-5.53401e-07
5.42021e-08
-5.23511e-07
5.99935e-08
-4.90596e-07
6.58788e-08
-4.54621e-07
7.17909e-08
-4.15595e-07
7.76464e-08
-3.7358e-07
8.33459e-08
-3.28698e-07
8.87745e-08
-2.81144e-07
9.38038e-08
-2.31196e-07
9.82841e-08
-1.79256e-07
1.01982e-07
-1.26045e-07
1.04297e-07
-7.33371e-08
1.03178e-07
-2.64069e-08
9.17919e-08
5.1619e-08
-2.58886e-08
-2.56616e-08
-7.19217e-08
-4.56296e-08
-1.23656e-07
-5.12934e-08
-1.7594e-07
-5.18632e-08
-2.2705e-07
-5.07336e-08
-2.76292e-07
-4.89215e-08
-3.23275e-07
-4.67221e-08
-3.67723e-07
-4.42492e-08
-4.09438e-07
-4.15762e-08
-4.48287e-07
-3.87654e-08
-4.84195e-07
-3.58723e-08
-5.17136e-07
-3.29464e-08
-5.47127e-07
-3.00291e-08
-5.74217e-07
-2.71541e-08
-5.9848e-07
-2.43464e-08
-6.2001e-07
-2.16232e-08
-6.38908e-07
-1.89957e-08
-6.55279e-07
-1.64683e-08
-6.69227e-07
-1.40403e-08
-6.80849e-07
-1.17063e-08
-6.90234e-07
-9.45737e-09
-6.97458e-07
-7.28154e-09
-7.0258e-07
-5.16506e-09
-7.05645e-07
-3.09134e-09
-7.06681e-07
-1.04464e-09
-7.05697e-07
9.93708e-10
-7.02682e-07
3.04157e-09
-6.9761e-07
5.11544e-09
-6.90436e-07
7.23281e-09
-6.81099e-07
9.4099e-09
-6.69524e-07
1.1661e-08
-6.5562e-07
1.39968e-08
-6.39291e-07
1.64284e-08
-6.20431e-07
1.89591e-08
-5.98934e-07
2.15912e-08
-5.74698e-07
2.43192e-08
-5.4763e-07
2.71339e-08
-5.17653e-07
3.0017e-08
-4.84717e-07
3.29431e-08
-4.48805e-07
3.58786e-08
-4.09941e-07
3.8782e-08
-3.68199e-07
4.16041e-08
-3.23713e-07
4.42886e-08
-2.76682e-07
4.67724e-08
-2.2738e-07
4.89824e-08
-1.76202e-07
5.08039e-08
-1.23845e-07
5.19395e-08
-7.20348e-08
5.13686e-08
-2.59326e-08
4.56898e-08
2.56864e-08
-2.56571e-08
-4.50815e-12
-7.12853e-08
-1.50487e-12
-1.2258e-07
8.20252e-13
-1.74444e-07
1.38612e-12
-2.25179e-07
1.1346e-12
-2.74101e-07
5.51024e-13
-3.20823e-07
1.83408e-13
-3.65072e-07
1.21451e-13
-4.06649e-07
6.01318e-14
-4.45414e-07
-3.49474e-14
-4.81287e-07
-1.87164e-14
-5.14233e-07
5.76193e-14
-5.44262e-07
-8.46939e-14
-5.71416e-07
-4.09826e-13
-5.95761e-07
-6.30334e-13
-6.17384e-07
-2.03926e-13
-6.3638e-07
4.50269e-14
-6.52849e-07
2.873e-13
-6.66889e-07
4.01541e-14
-6.78596e-07
3.57254e-13
-6.88053e-07
-6.03536e-14
-6.95335e-07
1.0674e-13
-7.00499e-07
-1.05756e-14
-7.03591e-07
2.67198e-13
-7.04636e-07
-2.29526e-14
-7.03642e-07
1.57537e-13
-7.00601e-07
6.53071e-13
-6.95486e-07
4.49262e-13
-6.88254e-07
3.78608e-13
-6.78844e-07
7.18181e-14
-6.67184e-07
4.99236e-13
-6.53187e-07
2.56912e-13
-6.36759e-07
6.34996e-13
-6.17801e-07
4.81141e-13
-5.9621e-07
4.78284e-13
-5.71891e-07
2.05086e-13
-5.44757e-07
4.14903e-13
-5.14741e-07
6.23183e-13
-4.81799e-07
7.92623e-13
-4.45921e-07
1.00843e-12
-4.0714e-07
1.02401e-12
-3.65537e-07
1.19831e-12
-3.2125e-07
1.57828e-12
-2.7448e-07
1.79385e-12
-2.255e-07
2.12611e-12
-1.74698e-07
2.67845e-12
-1.22762e-07
2.68305e-12
-7.13939e-08
7.95542e-13
-2.56992e-08
-4.84828e-12
-1.27759e-11
-2.56583e-08
2.56538e-08
-7.12865e-08
4.56266e-08
-1.2258e-07
5.12946e-08
-1.74444e-07
5.18655e-08
-2.25179e-07
5.07354e-08
-2.74101e-07
4.89226e-08
-3.20823e-07
4.67226e-08
-3.65073e-07
4.42497e-08
-4.06649e-07
4.15765e-08
-4.45415e-07
3.87653e-08
-4.81287e-07
3.58722e-08
-5.14233e-07
3.29463e-08
-5.44262e-07
3.00288e-08
-5.71416e-07
2.71532e-08
-5.95761e-07
2.43452e-08
-6.17384e-07
2.16228e-08
-6.3638e-07
1.89957e-08
-6.52849e-07
1.64689e-08
-6.66889e-07
1.40403e-08
-6.78595e-07
1.17069e-08
-6.88053e-07
9.45751e-09
-6.95334e-07
7.28167e-09
-7.005e-07
5.16515e-09
-7.03591e-07
3.09187e-09
-7.04636e-07
1.04449e-09
-7.03642e-07
-9.93568e-10
-7.00601e-07
-3.0404e-09
-6.95486e-07
-5.11465e-09
-6.88253e-07
-7.2321e-09
-6.78844e-07
-9.40935e-09
-6.67184e-07
-1.166e-08
-6.53187e-07
-1.39963e-08
-6.36759e-07
-1.64272e-08
-6.17801e-07
-1.89583e-08
-5.9621e-07
-2.15903e-08
-5.71891e-07
-2.43189e-08
-5.44757e-07
-2.7133e-08
-5.14741e-07
-3.00156e-08
-4.81799e-07
-3.29415e-08
-4.45921e-07
-3.58768e-08
-4.0714e-07
-3.87799e-08
-3.65537e-07
-4.16016e-08
-3.2125e-07
-4.42853e-08
-2.7448e-07
-4.67688e-08
-2.255e-07
-4.89782e-08
-1.74698e-07
-5.07987e-08
-1.22761e-07
-5.19343e-08
-7.13933e-08
-5.13671e-08
-2.56986e-08
-4.56995e-08
-2.57114e-08
-2.58913e-08
5.1545e-08
-7.19245e-08
9.16597e-08
-1.23658e-07
1.03028e-07
-1.75941e-07
1.04148e-07
-2.2705e-07
1.01845e-07
-2.76293e-07
9.8165e-08
-3.23275e-07
9.37053e-08
-3.67724e-07
8.86979e-08
-4.09439e-07
8.32919e-08
-4.48288e-07
7.76145e-08
-4.84196e-07
7.17797e-08
-5.17136e-07
6.58868e-08
-5.47126e-07
6.00189e-08
-5.74216e-07
5.42428e-08
-5.9848e-07
4.86091e-08
-6.2001e-07
4.31529e-08
-6.38908e-07
3.78935e-08
-6.55279e-07
3.28398e-08
-6.69227e-07
2.79883e-08
-6.80849e-07
2.33291e-08
-6.90234e-07
1.88428e-08
-6.97457e-07
1.45049e-08
-7.0258e-07
1.02875e-08
-7.05645e-07
6.15744e-09
-7.06681e-07
2.08043e-09
-7.05697e-07
-1.97822e-09
-7.02682e-07
-6.05515e-09
-6.9761e-07
-1.01865e-08
-6.90436e-07
-1.44059e-08
-6.811e-07
-1.8746e-08
-6.69524e-07
-2.3236e-08
-6.5562e-07
-2.78997e-08
-6.39291e-07
-3.27567e-08
-6.20431e-07
-3.78181e-08
-5.98934e-07
-4.3087e-08
-5.74698e-07
-4.8555e-08
-5.4763e-07
-5.42015e-08
-5.17653e-07
-5.99924e-08
-4.84717e-07
-6.58776e-08
-4.48804e-07
-7.17895e-08
-4.0994e-07
-7.76445e-08
-3.68198e-07
-8.33432e-08
-3.23712e-07
-8.87711e-08
-2.76681e-07
-9.38002e-08
-2.27379e-07
-9.828e-08
-1.76201e-07
-1.01977e-07
-1.23843e-07
-1.04292e-07
-7.20326e-08
-1.03177e-07
-2.59309e-08
-9.18012e-08
-5.16423e-08
-2.63635e-08
7.79085e-08
-7.32207e-08
1.38517e-07
-1.25848e-07
1.55655e-07
-1.7898e-07
1.57281e-07
-2.30848e-07
1.53713e-07
-2.80735e-07
1.48052e-07
-3.28239e-07
1.41209e-07
-3.73082e-07
1.33541e-07
-4.15072e-07
1.25281e-07
-4.54083e-07
1.16626e-07
-4.90055e-07
1.07751e-07
-5.22977e-07
9.88087e-08
-5.52882e-07
8.99239e-08
-5.79836e-07
8.11967e-08
-6.03929e-07
7.27021e-08
-6.25266e-07
6.44903e-08
-6.43963e-07
5.65901e-08
-6.60134e-07
4.90108e-08
-6.73893e-07
4.17478e-08
-6.85345e-07
3.47807e-08
-6.94583e-07
2.80812e-08
-7.01688e-07
2.16098e-08
-7.06724e-07
1.53231e-08
-7.09736e-07
9.17013e-09
-7.10755e-07
3.09876e-09
-7.09788e-07
-2.94474e-09
-7.06827e-07
-9.01647e-09
-7.01843e-07
-1.51709e-08
-6.94788e-07
-2.14604e-08
-6.85599e-07
-2.7935e-08
-6.74195e-07
-3.46401e-08
-6.60481e-07
-4.16132e-08
-6.44353e-07
-4.88852e-08
-6.25696e-07
-5.6475e-08
-6.04394e-07
-6.43893e-08
-5.80331e-07
-7.26179e-08
-5.534e-07
-8.1132e-08
-5.23511e-07
-8.98817e-08
-4.90596e-07
-9.87929e-08
-4.5462e-07
-1.07765e-07
-4.15594e-07
-1.16671e-07
-3.73579e-07
-1.25359e-07
-3.28697e-07
-1.33653e-07
-2.81143e-07
-1.41355e-07
-2.31193e-07
-1.48229e-07
-1.79253e-07
-1.53917e-07
-1.26041e-07
-1.57504e-07
-7.33333e-08
-1.55885e-07
-2.64038e-08
-1.38731e-07
-7.8046e-08
-2.70912e-08
1.05e-07
-7.52187e-08
1.86644e-07
-1.29221e-07
2.09657e-07
-1.83657e-07
2.11717e-07
-2.36683e-07
2.06739e-07
-2.87549e-07
1.98918e-07
-3.35837e-07
1.89497e-07
-3.81269e-07
1.78973e-07
-4.23658e-07
1.67671e-07
-4.62898e-07
1.55866e-07
-4.98948e-07
1.43802e-07
-5.31823e-07
1.31683e-07
-5.6158e-07
1.19681e-07
-5.88311e-07
1.07928e-07
-6.12129e-07
9.65209e-08
-6.33163e-07
8.55236e-08
-6.51544e-07
7.49714e-08
-6.67405e-07
6.48713e-08
-6.80872e-07
5.52146e-08
-6.9206e-07
4.59692e-08
-7.01072e-07
3.70935e-08
-7.07995e-07
2.85328e-08
-7.12897e-07
2.02253e-08
-7.15829e-07
1.21017e-08
-7.1682e-07
4.09016e-09
-7.15882e-07
-3.88348e-09
-7.13002e-07
-1.18959e-08
-7.08152e-07
-2.00212e-08
-7.0128e-07
-2.83319e-08
-6.92319e-07
-3.68969e-08
-6.81179e-07
-4.57792e-08
-6.6776e-07
-5.50325e-08
-6.51944e-07
-6.47009e-08
-6.33605e-07
-7.48141e-08
-6.1261e-07
-8.53846e-08
-5.88824e-07
-9.64034e-08
-5.6212e-07
-1.07836e-07
-5.32382e-07
-1.1962e-07
-4.99518e-07
-1.31657e-07
-4.63467e-07
-1.43815e-07
-4.24214e-07
-1.55924e-07
-3.81799e-07
-1.67774e-07
-3.36329e-07
-1.79124e-07
-2.87988e-07
-1.89695e-07
-2.37056e-07
-1.99161e-07
-1.83952e-07
-2.07021e-07
-1.2943e-07
-2.12026e-07
-7.53396e-08
-2.09976e-07
-2.71338e-08
-1.86937e-07
-1.0518e-07
-2.80997e-08
1.33099e-07
-7.79873e-08
2.36532e-07
-1.3389e-07
2.6556e-07
-1.90121e-07
2.67947e-07
-2.44731e-07
2.6135e-07
-2.96925e-07
2.51112e-07
-3.46263e-07
2.38836e-07
-3.92468e-07
2.25177e-07
-4.35368e-07
2.10571e-07
-4.74882e-07
1.9538e-07
-5.11e-07
1.7992e-07
-5.43772e-07
1.64456e-07
-5.73294e-07
1.49203e-07
-5.99692e-07
1.34326e-07
-6.23113e-07
1.19941e-07
-6.43712e-07
1.06123e-07
-6.61648e-07
9.29072e-08
-6.77074e-07
8.02975e-08
-6.90133e-07
6.8274e-08
-7.00957e-07
5.67928e-08
-7.09657e-07
4.5794e-08
-7.1633e-07
3.52055e-08
-7.21049e-07
2.49448e-08
-7.2387e-07
1.4922e-08
-7.24824e-07
5.0444e-09
-7.23923e-07
-4.78448e-09
-7.21156e-07
-1.46632e-08
-7.1649e-07
-2.46875e-08
-7.0987e-07
-3.49515e-08
-7.01221e-07
-4.55452e-08
-6.90449e-07
-5.65512e-08
-6.7744e-07
-6.80421e-08
-6.62062e-07
-8.00787e-08
-6.44172e-07
-9.27043e-08
-6.23615e-07
-1.05941e-07
-6.00232e-07
-1.19786e-07
-5.73865e-07
-1.34203e-07
-5.44367e-07
-1.49118e-07
-5.11609e-07
-1.64416e-07
-4.75494e-07
-1.7993e-07
-4.3597e-07
-1.95447e-07
-3.93046e-07
-2.10698e-07
-3.46801e-07
-2.25368e-07
-2.97408e-07
-2.39089e-07
-2.45144e-07
-2.51425e-07
-1.90449e-07
-2.61716e-07
-1.34124e-07
-2.68351e-07
-7.81223e-08
-2.65978e-07
-2.81473e-08
-2.36912e-07
-1.33327e-07
-2.94264e-08
1.62526e-07
-8.16281e-08
2.88734e-07
-1.40023e-07
3.23955e-07
-1.9859e-07
3.26514e-07
-2.55247e-07
3.18006e-07
-3.09133e-07
3.04998e-07
-3.59788e-07
2.89491e-07
-4.06939e-07
2.72328e-07
-4.50437e-07
2.54069e-07
-4.90238e-07
2.35181e-07
-5.26379e-07
2.16061e-07
-5.5896e-07
1.97036e-07
-5.88125e-07
1.78368e-07
-6.14048e-07
1.60248e-07
-6.36916e-07
1.4281e-07
-6.56926e-07
1.26132e-07
-6.74264e-07
1.10246e-07
-6.89114e-07
9.51471e-08
-7.01638e-07
8.0798e-08
-7.11984e-07
6.71391e-08
-7.20279e-07
5.40884e-08
-7.26626e-07
4.15529e-08
-7.31108e-07
2.94273e-08
-7.33785e-07
1.75987e-08
-7.34692e-07
5.95082e-09
-7.33839e-07
-5.63668e-09
-7.31217e-07
-1.72856e-08
-7.26789e-07
-2.91157e-08
-7.20496e-07
-4.12445e-08
-7.12256e-07
-5.37854e-08
-7.01964e-07
-6.68432e-08
-6.89493e-07
-8.05129e-08
-6.74696e-07
-9.48757e-08
-6.57407e-07
-1.09993e-07
-6.37445e-07
-1.25903e-07
-6.14619e-07
-1.42612e-07
-5.88734e-07
-1.60088e-07
-5.59599e-07
-1.78253e-07
-5.27038e-07
-1.96976e-07
-4.90905e-07
-2.16063e-07
-4.51099e-07
-2.35254e-07
-4.07579e-07
-2.54218e-07
-3.6039e-07
-2.72557e-07
-3.09676e-07
-2.89802e-07
-2.55714e-07
-3.05388e-07
-1.98964e-07
-3.18465e-07
-1.4029e-07
-3.27025e-07
-8.17842e-08
-3.24484e-07
-2.94823e-08
-2.89213e-07
-1.62809e-07
-3.11246e-08
1.9365e-07
-8.62845e-08
3.43893e-07
-1.4785e-07
3.85521e-07
-2.09368e-07
3.88032e-07
-2.68577e-07
3.77215e-07
-3.24542e-07
3.60962e-07
-3.76778e-07
3.41727e-07
-4.25024e-07
3.20574e-07
-4.69171e-07
2.98216e-07
-5.0923e-07
2.7524e-07
-5.45301e-07
2.52132e-07
-5.77551e-07
2.29287e-07
-6.06191e-07
2.07007e-07
-6.31453e-07
1.85511e-07
-6.5358e-07
1.64937e-07
-6.72812e-07
1.45364e-07
-6.89377e-07
1.2681e-07
-7.03486e-07
1.09256e-07
-7.15329e-07
9.26408e-08
-7.25071e-07
7.68817e-08
-7.32855e-07
6.18725e-08
-7.38796e-07
4.74935e-08
-7.42983e-07
3.36141e-08
-7.4548e-07
2.00963e-08
-7.46327e-07
6.79768e-09
-7.45536e-07
-6.42808e-09
-7.43094e-07
-1.97278e-08
-7.38962e-07
-3.3247e-08
-7.33078e-07
-4.71289e-08
-7.25351e-07
-6.15127e-08
-7.15665e-07
-7.65289e-08
-7.0388e-07
-9.22985e-08
-6.89827e-07
-1.08928e-07
-6.73318e-07
-1.26503e-07
-6.5414e-07
-1.45082e-07
-6.32063e-07
-1.64689e-07
-6.06846e-07
-1.85305e-07
-5.78244e-07
-2.06855e-07
-5.46022e-07
-2.29198e-07
-5.09966e-07
-2.52118e-07
-4.69909e-07
-2.75312e-07
-4.25744e-07
-2.98383e-07
-3.7746e-07
-3.20841e-07
-3.25163e-07
-3.42099e-07
-2.69116e-07
-3.61435e-07
-2.09802e-07
-3.77779e-07
-1.48162e-07
-3.88665e-07
-8.64687e-08
-3.86177e-07
-3.11922e-08
-3.4449e-07
-1.94002e-07
-3.32685e-08
2.26919e-07
-9.21536e-08
4.02779e-07
-1.57688e-07
4.51055e-07
-2.22864e-07
4.53207e-07
-2.85189e-07
4.3954e-07
-3.43637e-07
4.1941e-07
-3.97706e-07
3.95796e-07
-4.47162e-07
3.7003e-07
-4.91958e-07
3.43012e-07
-5.32182e-07
3.15464e-07
-5.68026e-07
2.87975e-07
-5.99744e-07
2.61005e-07
-6.2763e-07
2.34894e-07
-6.51994e-07
2.09874e-07
-6.73144e-07
1.86087e-07
-6.91373e-07
1.63593e-07
-7.06954e-07
1.42392e-07
-7.20134e-07
1.22435e-07
-7.3113e-07
1.03637e-07
-7.40128e-07
8.588e-08
-7.47286e-07
6.90303e-08
-7.5273e-07
5.29376e-08
-7.56557e-07
3.74416e-08
-7.58838e-07
2.23766e-08
-7.59612e-07
7.57203e-09
-7.58894e-07
-7.1461e-09
-7.5667e-07
-2.19516e-08
-7.52899e-07
-3.70176e-08
-7.47513e-07
-5.25151e-08
-7.40414e-07
-6.86116e-08
-7.31476e-07
-8.54672e-08
-7.20542e-07
-1.03233e-07
-7.07424e-07
-1.22045e-07
-6.91905e-07
-1.42022e-07
-6.73738e-07
-1.63249e-07
-6.52648e-07
-1.85779e-07
-6.28339e-07
-2.09614e-07
-6.005e-07
-2.34693e-07
-5.68821e-07
-2.60878e-07
-5.33004e-07
-2.87936e-07
-4.92789e-07
-3.15527e-07
-4.47983e-07
-3.43189e-07
-3.98491e-07
-3.70333e-07
-3.44359e-07
-3.96231e-07
-2.85819e-07
-4.19975e-07
-2.23375e-07
-4.40223e-07
-1.58059e-07
-4.5398e-07
-9.23739e-08
-4.51863e-07
-3.33506e-08
-4.03513e-07
-2.27352e-07
-3.59596e-08
2.62878e-07
-9.95051e-08
4.66324e-07
-1.69968e-07
5.21518e-07
-2.39626e-07
5.22865e-07
-3.05699e-07
5.05613e-07
-3.67055e-07
4.80766e-07
-4.23185e-07
4.51925e-07
-4.73909e-07
4.20754e-07
-5.19275e-07
3.88378e-07
-5.59489e-07
3.55677e-07
-5.9486e-07
3.23346e-07
-6.2576e-07
2.91906e-07
-6.52592e-07
2.61725e-07
-6.75755e-07
2.33037e-07
-6.95636e-07
2.05968e-07
-7.12591e-07
1.80548e-07
-7.26944e-07
1.56745e-07
-7.38978e-07
1.34469e-07
-7.48939e-07
1.13598e-07
-7.57037e-07
9.39775e-08
-7.63442e-07
7.54351e-08
-7.68291e-07
5.77871e-08
-7.7169e-07
4.08405e-08
-7.73712e-07
2.43982e-08
-7.744e-07
8.25984e-09
-7.73768e-07
-7.77745e-09
-7.71804e-07
-2.39162e-08
-7.68463e-07
-4.03585e-08
-7.63673e-07
-5.73054e-08
-7.57329e-07
-7.49551e-08
-7.49295e-07
-9.35009e-08
-7.394e-07
-1.13128e-07
-7.27434e-07
-1.34011e-07
-7.13152e-07
-1.56304e-07
-6.96267e-07
-1.80134e-07
-6.76457e-07
-2.0559e-07
-6.53361e-07
-2.3271e-07
-6.26591e-07
-2.61463e-07
-5.95743e-07
-2.91725e-07
-5.60413e-07
-3.23266e-07
-5.20222e-07
-3.55718e-07
-4.74853e-07
-3.88558e-07
-4.24098e-07
-4.21089e-07
-3.67904e-07
-4.52425e-07
-3.06448e-07
-4.81431e-07
-2.40239e-07
-5.06432e-07
-1.70416e-07
-5.23804e-07
-9.97721e-08
-5.22506e-07
-3.60595e-08
-4.67226e-07
-2.63412e-07
-3.93387e-08
3.02217e-07
-1.08712e-07
5.35698e-07
-1.8528e-07
5.98086e-07
-2.60399e-07
5.97984e-07
-3.30929e-07
5.76143e-07
-3.95622e-07
5.4546e-07
-4.5399e-07
5.10293e-07
-5.05953e-07
4.72718e-07
-5.51704e-07
4.34129e-07
-5.91612e-07
3.95585e-07
-6.26151e-07
3.57885e-07
-6.55845e-07
3.216e-07
-6.81227e-07
2.87107e-07
-7.0281e-07
2.5462e-07
-7.21068e-07
2.24226e-07
-7.36428e-07
1.95908e-07
-7.49267e-07
1.69583e-07
-7.59909e-07
1.45111e-07
-7.68628e-07
1.22317e-07
-7.75652e-07
1.01001e-07
-7.81166e-07
8.09493e-08
-7.85316e-07
6.19371e-08
-7.88212e-07
4.37366e-08
-7.89931e-07
2.61171e-08
-7.90518e-07
8.84652e-09
-7.89987e-07
-8.30769e-09
-7.88326e-07
-2.55778e-08
-7.85488e-07
-4.31961e-08
-7.81399e-07
-6.13949e-08
-7.75948e-07
-8.04056e-08
-7.68991e-07
-1.00458e-07
-7.60343e-07
-1.21777e-07
-7.49776e-07
-1.44578e-07
-7.37015e-07
-1.69065e-07
-7.21736e-07
-1.95413e-07
-7.03561e-07
-2.23765e-07
-6.82061e-07
-2.5421e-07
-6.56759e-07
-2.86766e-07
-6.27136e-07
-3.21348e-07
-5.92656e-07
-3.57746e-07
-5.52788e-07
-3.95586e-07
-5.0705e-07
-4.34296e-07
-4.55066e-07
-4.73074e-07
-3.96636e-07
-5.10855e-07
-3.31833e-07
-5.46234e-07
-2.61147e-07
-5.77119e-07
-1.8583e-07
-5.99121e-07
-1.09042e-07
-5.99294e-07
-3.94617e-08
-5.36806e-07
-3.02873e-07
-4.3605e-08
3.45822e-07
-1.20299e-07
6.12392e-07
-2.04441e-07
6.82227e-07
-2.86194e-07
6.79737e-07
-3.61969e-07
6.51918e-07
-4.30411e-07
6.13902e-07
-4.91104e-07
5.70985e-07
-5.44141e-07
5.25755e-07
-5.89934e-07
4.79922e-07
-6.29084e-07
4.34735e-07
-6.62283e-07
3.91085e-07
-6.9025e-07
3.49567e-07
-7.13677e-07
3.10534e-07
-7.33208e-07
2.74151e-07
-7.49416e-07
2.40434e-07
-7.62806e-07
2.09298e-07
-7.73807e-07
1.80584e-07
-7.82781e-07
1.54085e-07
-7.90028e-07
1.29564e-07
-7.95792e-07
1.06766e-07
-8.00268e-07
8.54255e-08
-8.03608e-07
6.52769e-08
-8.05924e-07
4.60529e-08
-8.07294e-07
2.74875e-08
-8.07765e-07
9.31671e-09
-8.0735e-07
-8.72216e-09
-8.06037e-07
-2.68913e-08
-8.03779e-07
-4.54535e-08
-8.00501e-07
-6.46732e-08
-7.9609e-07
-8.48165e-08
-7.90396e-07
-1.06152e-07
-7.83224e-07
-1.28949e-07
-7.74331e-07
-1.53471e-07
-7.63417e-07
-1.79978e-07
-7.5012e-07
-2.0871e-07
-7.34009e-07
-2.39876e-07
-7.14579e-07
-2.7364e-07
-6.91252e-07
-3.10092e-07
-6.63381e-07
-3.49219e-07
-6.30267e-07
-3.90861e-07
-5.91182e-07
-4.3467e-07
-5.45425e-07
-4.80053e-07
-4.92384e-07
-5.26115e-07
-4.31635e-07
-5.71603e-07
-3.63076e-07
-6.14793e-07
-2.8712e-07
-6.53075e-07
-2.05128e-07
-6.81113e-07
-1.20713e-07
-6.83709e-07
-4.37591e-08
-6.1376e-07
-3.46633e-07
-4.90472e-08
3.94869e-07
-1.35016e-07
6.98361e-07
-2.28596e-07
7.75808e-07
-3.18396e-07
7.69537e-07
-4.00277e-07
7.33799e-07
-4.72815e-07
6.8644e-07
-5.35761e-07
6.33932e-07
-5.89498e-07
5.79492e-07
-6.34768e-07
5.25192e-07
-6.72493e-07
4.7246e-07
-7.03655e-07
4.22246e-07
-7.29211e-07
3.75123e-07
-7.50047e-07
3.31371e-07
-7.66954e-07
2.91058e-07
-7.80612e-07
2.54092e-07
-7.91599e-07
2.20286e-07
-8.00398e-07
1.89383e-07
-8.07402e-07
1.61089e-07
-8.1293e-07
1.35093e-07
-8.17238e-07
1.11073e-07
-8.20523e-07
8.87109e-08
-8.22938e-07
6.76923e-08
-8.24596e-07
4.77101e-08
-8.25571e-07
2.84628e-08
-8.25909e-07
9.65462e-09
-8.25624e-07
-9.00631e-09
-8.24705e-07
-2.78112e-08
-8.23105e-07
-4.7053e-08
-8.20751e-07
-6.70272e-08
-8.17532e-07
-8.80355e-08
-8.13297e-07
-1.10387e-07
-8.07848e-07
-1.34398e-07
-8.00931e-07
-1.60388e-07
-7.92229e-07
-1.8868e-07
-7.81347e-07
-2.19592e-07
-7.67803e-07
-2.5342e-07
-7.51019e-07
-2.90425e-07
-7.30308e-07
-3.30803e-07
-7.04878e-07
-3.74649e-07
-6.73835e-07
-4.21904e-07
-6.3621e-07
-4.72295e-07
-5.9101e-07
-5.25253e-07
-5.37295e-07
-5.7983e-07
-4.74308e-07
-6.34591e-07
-4.0165e-07
-6.87452e-07
-3.1956e-07
-7.35164e-07
-2.29471e-07
-7.71202e-07
-1.35545e-07
-7.77634e-07
-4.92438e-08
-7.00062e-07
-3.95876e-07
-5.60948e-08
4.50964e-07
-1.53957e-07
7.96223e-07
-2.59383e-07
8.81234e-07
-3.58924e-07
8.69078e-07
-4.47807e-07
8.22682e-07
-5.24633e-07
7.63267e-07
-5.89497e-07
6.98796e-07
-6.43251e-07
6.33245e-07
-6.8712e-07
5.69061e-07
-7.2247e-07
5.07811e-07
-7.50655e-07
4.50431e-07
-7.72926e-07
3.97393e-07
-7.90389e-07
3.48834e-07
-8.03988e-07
3.04657e-07
-8.14515e-07
2.64619e-07
-8.22615e-07
2.28387e-07
-8.28813e-07
1.95581e-07
-8.33525e-07
1.65801e-07
-8.37077e-07
1.38645e-07
-8.39725e-07
1.13721e-07
-8.41664e-07
9.06503e-08
-8.43041e-07
6.90693e-08
-8.43962e-07
4.86301e-08
-8.44496e-07
2.89972e-08
-8.44686e-07
9.8449e-09
-8.44547e-07
-9.146e-09
-8.44064e-07
-2.82934e-08
-8.432e-07
-4.79177e-08
-8.41882e-07
-6.83445e-08
-8.40009e-07
-8.99093e-08
-8.37434e-07
-1.12962e-07
-8.33965e-07
-1.37867e-07
-8.29347e-07
-1.65006e-07
-8.23255e-07
-1.94772e-07
-8.15273e-07
-2.27574e-07
-8.0488e-07
-2.63813e-07
-7.91426e-07
-3.03878e-07
-7.74121e-07
-3.48108e-07
-7.52014e-07
-3.96756e-07
-7.2399e-07
-4.49928e-07
-6.88787e-07
-5.07498e-07
-6.45036e-07
-5.69005e-07
-5.91348e-07
-6.33517e-07
-5.26473e-07
-6.99467e-07
-4.49532e-07
-7.64392e-07
-3.60415e-07
-8.24281e-07
-2.60518e-07
-8.71099e-07
-1.54649e-07
-8.83502e-07
-5.63505e-08
-7.9836e-07
-4.52227e-07
-6.54069e-08
5.16371e-07
-1.78767e-07
9.09583e-07
-2.99185e-07
1.00165e-06
-4.10478e-07
9.80372e-07
-5.07196e-07
9.19399e-07
-5.88193e-07
8.44264e-07
-6.54205e-07
7.64807e-07
-7.06825e-07
6.85866e-07
-7.47985e-07
6.10222e-07
-7.79646e-07
5.39471e-07
-8.03623e-07
4.74408e-07
-8.2151e-07
4.1528e-07
-8.34651e-07
3.61975e-07
-8.4415e-07
3.14155e-07
-8.50892e-07
2.71361e-07
-8.55577e-07
2.33072e-07
-8.58751e-07
1.98755e-07
-8.60835e-07
1.67885e-07
-8.62151e-07
1.39961e-07
-8.6294e-07
1.14511e-07
-8.63384e-07
9.10942e-08
-8.63615e-07
6.92995e-08
-8.63724e-07
4.87399e-08
-8.63776e-07
2.90485e-08
-8.63804e-07
9.87339e-09
-8.63822e-07
-9.12823e-09
-8.63819e-07
-2.82968e-08
-8.6376e-07
-4.79761e-08
-8.63586e-07
-6.85181e-08
-8.63206e-07
-9.02895e-08
-8.6249e-07
-1.13678e-07
-8.61259e-07
-1.39098e-07
-8.59273e-07
-1.66992e-07
-8.56213e-07
-1.97832e-07
-8.51661e-07
-2.32126e-07
-8.45071e-07
-2.70403e-07
-8.35746e-07
-3.13204e-07
-8.22797e-07
-3.61057e-07
-8.05119e-07
-4.14435e-07
-7.81358e-07
-4.73688e-07
-7.4991e-07
-5.38946e-07
-7.08937e-07
-6.09978e-07
-6.56449e-07
-6.86005e-07
-5.9048e-07
-7.65435e-07
-5.09393e-07
-8.45479e-07
-4.12419e-07
-9.21256e-07
-3.00689e-07
-9.8283e-07
-1.79696e-07
-1.0045e-06
-6.57499e-08
-9.12306e-07
-5.17977e-07
-7.80434e-08
5.94414e-07
-2.11998e-07
1.04354e-06
-3.51547e-07
1.1412e-06
-4.76893e-07
1.10572e-06
-5.82013e-07
1.02452e-06
-6.6648e-07
9.28731e-07
-7.32168e-07
8.30495e-07
-7.81832e-07
7.35529e-07
-8.18393e-07
6.46783e-07
-8.44581e-07
5.65659e-07
-8.6277e-07
4.92596e-07
-8.74929e-07
4.2744e-07
-8.8264e-07
3.69686e-07
-8.87141e-07
3.18657e-07
-8.89385e-07
2.73605e-07
-8.90097e-07
2.33783e-07
-8.89816e-07
1.98474e-07
-8.88944e-07
1.67013e-07
-8.87774e-07
1.38791e-07
-8.86518e-07
1.13256e-07
-8.85331e-07
8.99066e-08
-8.84318e-07
6.82869e-08
-8.83554e-07
4.79755e-08
-8.83085e-07
2.858e-08
-8.8294e-07
9.72765e-09
-8.83126e-07
-8.94221e-09
-8.83636e-07
-2.77864e-08
-8.84446e-07
-4.71661e-08
-8.8551e-07
-6.74539e-08
-8.86758e-07
-8.90423e-08
-8.88083e-07
-1.12353e-07
-8.89337e-07
-1.37844e-07
-8.9031e-07
-1.66019e-07
-8.90711e-07
-1.97431e-07
-8.90144e-07
-2.32693e-07
-8.8807e-07
-2.72476e-07
-8.83771e-07
-3.17503e-07
-8.76293e-07
-3.68535e-07
-8.64397e-07
-4.26331e-07
-8.46494e-07
-4.9159e-07
-8.20603e-07
-5.64837e-07
-7.84327e-07
-6.46254e-07
-7.34899e-07
-7.35432e-07
-6.69345e-07
-8.30989e-07
-5.84848e-07
-9.29976e-07
-4.79467e-07
-1.02664e-06
-3.53592e-07
-1.10871e-06
-2.13285e-07
-1.1448e-06
-7.85219e-08
-1.04707e-06
-5.96499e-07
-9.58001e-08
6.90214e-07
-2.57757e-07
1.2055e-06
-4.21872e-07
1.30532e-06
-5.6368e-07
1.24753e-06
-6.77079e-07
1.13792e-06
-7.63263e-07
1.01491e-06
-8.26064e-07
8.93297e-07
-8.6998e-07
7.79444e-07
-8.9928e-07
6.76084e-07
-9.17649e-07
5.84028e-07
-9.2808e-07
5.03028e-07
-9.32915e-07
4.32275e-07
-9.33935e-07
3.70705e-07
-9.32463e-07
3.17185e-07
-9.29469e-07
2.70611e-07
-9.2565e-07
2.29964e-07
-9.21501e-07
1.94324e-07
-9.17368e-07
1.6288e-07
-9.1349e-07
1.34914e-07
-9.10032e-07
1.09797e-07
-9.07101e-07
8.69759e-08
-9.04769e-07
6.59549e-08
-9.03081e-07
4.62876e-08
-9.02065e-07
2.75639e-08
-9.01736e-07
9.39815e-09
-9.02098e-07
-8.58018e-09
-9.03148e-07
-2.67362e-08
-9.04874e-07
-4.54402e-08
-9.0725e-07
-6.50776e-08
-9.10234e-07
-8.60584e-08
-9.13757e-07
-1.0883e-07
-9.17714e-07
-1.33887e-07
-9.21947e-07
-1.61786e-07
-9.26219e-07
-1.93158e-07
-9.30191e-07
-2.28722e-07
-9.33373e-07
-2.69295e-07
-9.35072e-07
-3.15803e-07
-9.34327e-07
-3.6928e-07
-9.29815e-07
-4.30843e-07
-9.19754e-07
-5.01651e-07
-9.01792e-07
-5.82799e-07
-8.72911e-07
-6.75136e-07
-8.29385e-07
-7.78958e-07
-7.66873e-07
-8.93501e-07
-6.80781e-07
-1.01607e-06
-5.67162e-07
-1.14026e-06
-4.24731e-07
-1.25114e-06
-2.59606e-07
-1.30993e-06
-9.65e-08
-1.21018e-06
-6.92999e-07
-1.21905e-07
8.1212e-07
-3.22904e-07
1.40649e-06
-5.18555e-07
1.50097e-06
-6.78789e-07
1.40776e-06
-7.98822e-07
1.25795e-06
-8.83143e-07
1.09924e-06
-9.38814e-07
9.48967e-07
-9.7285e-07
8.1348e-07
-9.9126e-07
6.94494e-07
-9.98811e-07
5.91579e-07
-9.99113e-07
5.0333e-07
-9.94806e-07
4.27968e-07
-9.87774e-07
3.63673e-07
-9.79329e-07
3.08741e-07
-9.70373e-07
2.61654e-07
-9.61506e-07
2.21097e-07
-9.53125e-07
1.85943e-07
-9.45479e-07
1.55234e-07
-9.38723e-07
1.28157e-07
-9.32946e-07
1.0402e-07
-9.28196e-07
8.22259e-08
-9.24496e-07
6.22549e-08
-9.21855e-07
4.36465e-08
-9.20275e-07
2.59838e-08
-9.19755e-07
8.8789e-09
-9.20297e-07
-8.03866e-09
-9.21901e-07
-2.51322e-08
-9.2457e-07
-4.27711e-08
-9.28304e-07
-6.13431e-08
-9.33098e-07
-8.12647e-08
-9.38931e-07
-1.02997e-07
-9.45759e-07
-1.27059e-07
-9.53498e-07
-1.54047e-07
-9.62e-07
-1.84656e-07
-9.71022e-07
-2.197e-07
-9.80177e-07
-2.6014e-07
-9.88872e-07
-3.07108e-07
-9.96219e-07
-3.61933e-07
-1.00091e-06
-4.2615e-07
-1.00108e-06
-5.01489e-07
-9.94064e-07
-5.8981e-07
-9.76253e-07
-6.92946e-07
-9.4283e-07
-8.12382e-07
-8.87698e-07
-9.48633e-07
-8.03702e-07
-1.10006e-06
-6.83587e-07
-1.26037e-06
-5.22671e-07
-1.41205e-06
-3.25678e-07
-1.50692e-06
-1.22992e-07
-1.41286e-06
-8.1599e-07
-1.62517e-07
9.74637e-07
-4.19265e-07
1.66324e-06
-6.54737e-07
1.73644e-06
-8.33505e-07
1.58653e-06
-9.55426e-07
1.37987e-06
-1.03123e-06
1.17504e-06
-1.07304e-06
9.90778e-07
-1.09129e-06
8.31735e-07
-1.09404e-06
6.97236e-07
-1.0871e-06
5.84647e-07
-1.07456e-06
4.90789e-07
-1.05916e-06
4.12566e-07
-1.0427e-06
3.47214e-07
-1.02634e-06
2.92377e-07
-1.01078e-06
2.46097e-07
-9.96447e-07
2.06763e-07
-9.83564e-07
1.7306e-07
-9.72238e-07
1.43909e-07
-9.62504e-07
1.18423e-07
-9.54353e-07
9.58691e-08
-9.47756e-07
7.5629e-08
-9.42676e-07
5.71751e-08
-9.39078e-07
4.00482e-08
-9.36933e-07
2.38388e-08
-9.36223e-07
8.16903e-09
-9.36943e-07
-7.31904e-09
-9.39099e-07
-2.29756e-08
-9.42713e-07
-3.91575e-08
-9.47815e-07
-5.62415e-08
-9.54442e-07
-7.46374e-08
-9.62635e-07
-9.48034e-08
-9.72428e-07
-1.17266e-07
-9.83835e-07
-1.42641e-07
-9.96829e-07
-1.71662e-07
-1.01131e-06
-2.05217e-07
-1.02707e-06
-2.44383e-07
-1.04369e-06
-2.90481e-07
-1.0605e-06
-3.4513e-07
-1.07634e-06
-4.10303e-07
-1.08945e-06
-4.88385e-07
-1.09708e-06
-5.82182e-07
-1.09516e-06
-6.94864e-07
-1.07783e-06
-8.29715e-07
-1.03694e-06
-9.89519e-07
-9.61881e-07
-1.17512e-06
-8.40217e-07
-1.38204e-06
-6.60836e-07
-1.59143e-06
-4.23622e-07
-1.74413e-06
-1.64328e-07
-1.67216e-06
-9.80318e-07
-2.29918e-07
1.20455e-06
-5.67406e-07
2.00073e-06
-8.50402e-07
2.01943e-06
-1.04262e-06
1.77874e-06
-1.15568e-06
1.49294e-06
-1.21133e-06
1.23069e-06
-1.22906e-06
1.00851e-06
-1.22347e-06
8.26139e-07
-1.20457e-06
6.78342e-07
-1.17893e-06
5.59007e-07
-1.15066e-06
4.62518e-07
-1.12225e-06
3.84152e-07
-1.09513e-06
3.20094e-07
-1.07008e-06
2.67325e-07
-1.04746e-06
2.23479e-07
-1.0274e-06
1.86706e-07
-1.00989e-06
1.55549e-07
-9.9484e-07
1.28857e-07
-9.82128e-07
1.05711e-07
-9.71627e-07
8.53684e-08
-9.63216e-07
6.72183e-08
-9.5679e-07
5.07484e-08
-9.52261e-07
3.55196e-08
-9.49568e-07
2.11456e-08
-9.48672e-07
7.27349e-09
-9.49562e-07
-6.42891e-09
-9.52252e-07
-2.02861e-08
-9.5678e-07
-3.46291e-08
-9.63212e-07
-4.98098e-08
-9.71635e-07
-6.62143e-08
-9.82159e-07
-8.42793e-08
-9.9491e-07
-1.04515e-07
-1.01002e-06
-1.27529e-07
-1.02762e-06
-1.54062e-07
-1.04781e-06
-1.85031e-07
-1.07061e-06
-2.21583e-07
-1.09592e-06
-2.65174e-07
-1.12339e-06
-3.17657e-07
-1.15228e-06
-3.8141e-07
-1.1812e-06
-4.5947e-07
-1.20768e-06
-5.55694e-07
-1.22766e-06
-6.74887e-07
-1.23458e-06
-8.22798e-07
-1.21834e-06
-1.00576e-06
-1.16414e-06
-1.22932e-06
-1.05204e-06
-1.49413e-06
-8.59625e-07
-1.78385e-06
-5.74546e-07
-2.02921e-06
-2.33175e-07
-2.01353e-06
-1.21349e-06
-3.48437e-07
1.55299e-06
-8.00978e-07
2.45327e-06
-1.13154e-06
2.35e-06
-1.3195e-06
1.9667e-06
-1.40196e-06
1.5754e-06
-1.41824e-06
1.24696e-06
-1.39719e-06
9.87464e-07
-1.35739e-06
7.86342e-07
-1.30997e-06
6.30917e-07
-1.26122e-06
5.10261e-07
-1.21453e-06
4.15821e-07
-1.17152e-06
3.41148e-07
-1.13287e-06
2.81445e-07
-1.0987e-06
2.33157e-07
-1.06887e-06
1.93641e-07
-1.04308e-06
1.60918e-07
-1.02101e-06
1.33485e-07
-1.00235e-06
1.10192e-07
-9.86782e-07
9.01453e-08
-9.74052e-07
7.26377e-08
-9.63933e-07
5.70994e-08
-9.56245e-07
4.30602e-08
-9.50847e-07
3.01226e-08
-9.47643e-07
1.79409e-08
-9.46573e-07
6.20317e-09
-9.47618e-07
-5.38369e-09
-9.50799e-07
-1.71053e-08
-9.56174e-07
-2.92534e-08
-9.63845e-07
-4.21394e-08
-9.73951e-07
-5.61078e-08
-9.86677e-07
-7.15529e-08
-1.00225e-06
-8.89409e-08
-1.02094e-06
-1.08838e-07
-1.04306e-06
-1.31947e-07
-1.06893e-06
-1.59156e-07
-1.09891e-06
-1.91607e-07
-1.13329e-06
-2.30795e-07
-1.17225e-06
-2.78694e-07
-1.21571e-06
-3.37944e-07
-1.26308e-06
-4.12106e-07
-1.31277e-06
-5.06004e-07
-1.3615e-06
-6.26154e-07
-1.40305e-06
-7.81252e-07
-1.42631e-06
-9.82503e-07
-1.41255e-06
-1.24308e-06
-1.33239e-06
-1.57429e-06
-1.14539e-06
-1.97085e-06
-8.12873e-07
-2.36173e-06
-3.54599e-07
-2.4718e-06
-1.56809e-06
-5.6004e-07
2.11303e-06
-1.1602e-06
3.05343e-06
-1.50985e-06
2.69964e-06
-1.64815e-06
2.10501e-06
-1.65966e-06
1.5869e-06
-1.60709e-06
1.19439e-06
-1.52789e-06
9.08273e-07
-1.44204e-06
7.00489e-07
-1.35924e-06
5.48112e-07
-1.28367e-06
4.34691e-07
-1.2167e-06
3.48854e-07
-1.15834e-06
2.82789e-07
-1.10799e-06
2.311e-07
-1.06486e-06
1.90017e-07
-1.02809e-06
1.56872e-07
-9.96911e-07
1.29743e-07
-9.70639e-07
1.07213e-07
-9.48681e-07
8.82348e-08
-9.30545e-07
7.20087e-08
-9.15823e-07
5.79156e-08
-9.04188e-07
4.54651e-08
-8.95386e-07
3.42578e-08
-8.89223e-07
2.396e-08
-8.85567e-07
1.42845e-08
-8.84338e-07
4.97464e-09
-8.85512e-07
-4.20984e-09
-8.89114e-07
-1.35032e-08
-8.95223e-07
-2.31446e-08
-9.03972e-07
-3.33903e-08
-9.15555e-07
-4.45253e-08
-9.30228e-07
-5.68795e-08
-9.48321e-07
-7.08476e-08
-9.70244e-07
-8.69153e-08
-9.96496e-07
-1.05696e-07
-1.02767e-06
-1.27977e-07
-1.06448e-06
-1.54798e-07
-1.10772e-06
-1.87559e-07
-1.15825e-06
-2.28163e-07
-1.21694e-06
-2.7926e-07
-1.28444e-06
-3.44603e-07
-1.36086e-06
-4.29581e-07
-1.44499e-06
-5.42028e-07
-1.53282e-06
-6.93418e-07
-1.61485e-06
-9.00472e-07
-1.6712e-06
-1.18673e-06
-1.664e-06
-1.58149e-06
-1.52907e-06
-2.10579e-06
-1.17896e-06
-2.71183e-06
-5.71411e-07
-3.07936e-06
-2.1395e-06
-9.07145e-07
3.02018e-06
-1.62248e-06
3.76877e-06
-1.88142e-06
2.95858e-06
-1.87141e-06
2.095e-06
-1.74524e-06
1.46073e-06
-1.58442e-06
1.03357e-06
-1.42596e-06
7.49813e-07
-1.28376e-06
5.58294e-07
-1.16125e-06
4.25604e-07
-1.05762e-06
3.31058e-07
-9.70628e-07
2.61863e-07
-8.97805e-07
2.09966e-07
-8.36868e-07
1.70162e-07
-7.85862e-07
1.39012e-07
-7.43175e-07
1.14184e-07
-7.07507e-07
9.40754e-08
-6.77789e-07
7.74945e-08
-6.53175e-07
6.36206e-08
-6.32989e-07
5.18228e-08
-6.16694e-07
4.16212e-08
-6.03872e-07
3.26422e-08
-5.94198e-07
2.45844e-08
-5.87436e-07
1.71979e-08
-5.83422e-07
1.027e-08
-5.82059e-07
3.61208e-09
-5.83317e-07
-2.95229e-09
-5.87224e-07
-9.59518e-09
-5.93877e-07
-1.6492e-08
-6.03437e-07
-2.38306e-08
-6.1614e-07
-3.18218e-08
-6.32308e-07
-4.07112e-08
-6.52361e-07
-5.07951e-08
-6.76834e-07
-6.24425e-08
-7.06404e-07
-7.61249e-08
-7.41921e-07
-9.24606e-08
-7.84455e-07
-1.12264e-07
-8.3532e-07
-1.36694e-07
-8.9615e-07
-1.67333e-07
-9.68933e-07
-2.06477e-07
-1.05602e-06
-2.5752e-07
-1.15998e-06
-3.25615e-07
-1.28324e-06
-4.18769e-07
-1.42689e-06
-5.49768e-07
-1.58793e-06
-7.39433e-07
-1.75294e-06
-1.02172e-06
-1.88509e-06
-1.44934e-06
-1.90168e-06
-2.08919e-06
-1.64612e-06
-2.96739e-06
-9.24848e-07
-3.80063e-06
-3.06435e-06
-1.3011e-06
4.32128e-06
-1.80411e-06
4.27178e-06
-1.67461e-06
2.82907e-06
-1.33987e-06
1.76026e-06
-9.90256e-07
1.11112e-06
-6.86308e-07
7.29622e-07
-4.38238e-07
5.01743e-07
-2.40027e-07
3.60083e-07
-8.21036e-08
2.6768e-07
4.43236e-08
2.04631e-07
1.46288e-07
1.59899e-07
2.29167e-07
1.27087e-07
2.96997e-07
1.02332e-07
3.52807e-07
8.32016e-08
3.98892e-07
6.80994e-08
4.37039e-07
5.59281e-08
4.68558e-07
4.59759e-08
4.94495e-07
3.76831e-08
5.15662e-07
3.06562e-08
5.32684e-07
2.45989e-08
5.46044e-07
1.92821e-08
5.56107e-07
1.45216e-08
5.6314e-07
1.01653e-08
5.67325e-07
6.08488e-09
5.68769e-07
2.16744e-09
5.6751e-07
-1.69271e-09
5.63514e-07
-5.59893e-09
5.56678e-07
-9.65626e-09
5.46824e-07
-1.3977e-08
5.3369e-07
-1.86877e-08
5.16916e-07
-2.39366e-08
4.96025e-07
-2.9904e-08
4.70397e-07
-3.68152e-08
4.39232e-07
-4.496e-08
4.01494e-07
-5.47226e-08
3.55871e-07
-6.66406e-08
3.00599e-07
-8.14221e-08
2.33393e-07
-1.00127e-07
1.51228e-07
-1.24312e-07
5.00657e-08
-1.56357e-07
-7.55068e-08
-2.00043e-07
-2.32614e-07
-2.61662e-07
-4.30258e-07
-3.52124e-07
-6.78447e-07
-4.91243e-07
-9.83997e-07
-7.16173e-07
-1.33771e-06
-1.09562e-06
-1.67926e-06
-1.74764e-06
-1.81587e-06
-2.83078e-06
-1.31634e-06
-4.30016e-06
-4.38069e-06
-7.63124e-07
5.0844e-06
-2.72524e-08
3.53591e-06
1.01979e-06
1.78203e-06
1.85472e-06
9.25332e-07
2.44917e-06
5.16667e-07
2.86848e-06
3.10312e-07
3.16908e-06
2.01147e-07
3.38993e-06
1.39235e-07
3.55631e-06
1.01298e-07
3.68451e-06
7.64338e-08
3.78517e-06
5.92359e-08
3.86543e-06
4.68245e-08
3.9302e-06
3.75619e-08
3.98295e-06
3.04571e-08
4.02617e-06
2.48771e-08
4.0617e-06
2.04009e-08
4.09092e-06
1.67496e-08
4.11489e-06
1.37165e-08
4.13439e-06
1.11516e-08
4.15005e-06
8.9443e-09
4.16232e-06
7.01026e-09
4.17156e-06
5.28139e-09
4.17803e-06
3.70113e-09
4.18189e-06
2.22232e-09
4.18325e-06
8.03807e-10
4.18215e-06
-5.93218e-10
4.17856e-06
-2.00683e-09
4.17238e-06
-3.47549e-09
4.16344e-06
-5.04011e-09
4.1515e-06
-6.7468e-09
4.13622e-06
-8.64993e-09
4.11713e-06
-1.08158e-08
4.09364e-06
-1.33272e-08
4.06497e-06
-1.62916e-08
4.0301e-06
-1.98532e-08
3.98767e-06
-2.42112e-08
3.93589e-06
-2.9638e-08
3.8723e-06
-3.65373e-08
3.7935e-06
-4.55186e-08
3.69469e-06
-5.75385e-08
3.56882e-06
-7.41808e-08
3.4054e-06
-9.82393e-08
3.18826e-06
-1.34979e-07
2.8921e-06
-1.9509e-07
2.47754e-06
-3.01615e-07
1.88692e-06
-5.04998e-07
1.05333e-06
-9.14055e-07
4.6681e-09
-1.78212e-06
-7.36541e-07
-3.55895e-06
-5.11723e-06
5.0844e-06
8.62031e-06
1.04023e-05
1.13277e-05
1.18443e-05
1.21546e-05
1.23558e-05
1.2495e-05
1.25963e-05
1.26728e-05
1.2732e-05
1.27788e-05
1.28164e-05
1.28468e-05
1.28717e-05
1.28921e-05
1.29089e-05
1.29226e-05
1.29337e-05
1.29427e-05
1.29497e-05
1.2955e-05
1.29587e-05
1.29609e-05
1.29617e-05
1.29611e-05
1.29591e-05
1.29556e-05
1.29506e-05
1.29438e-05
1.29352e-05
1.29244e-05
1.2911e-05
1.28948e-05
1.28749e-05
1.28507e-05
1.28211e-05
1.27845e-05
1.2739e-05
1.26815e-05
1.26073e-05
1.2509e-05
1.23741e-05
1.2179e-05
1.18774e-05
1.13724e-05
1.04583e-05
8.67618e-06
5.11723e-06
)
;

boundaryField
{
    movingWallTop
    {
        type            calculated;
        value           uniform 0;
    }
    movingWallBottom
    {
        type            calculated;
        value           uniform 0;
    }
    fixedWalls
    {
        type            calculated;
        value           uniform 0;
    }
    frontAndBack
    {
        type            empty;
        value           nonuniform 0();
    }
}


// ************************************************************************* //
