/*--------------------------------*- C++ -*----------------------------------*\
  =========                 |
  \\      /  F ield         | OpenFOAM: The Open Source CFD Toolbox
   \\    /   O peration     | Website:  https://openfoam.org
    \\  /    A nd           | Version:  7
     \\/     M anipulation  |
\*---------------------------------------------------------------------------*/
FoamFile
{
    version     2.0;
    format      ascii;
    class       volVectorField;
    location    "0.0382";
    object      U;
}
// * * * * * * * * * * * * * * * * * * * * * * * * * * * * * * * * * * * * * //

dimensions      [0 1 -1 0 0 0 0];

internalField   nonuniform List<vector> 
2500
(
(0.290252 -0.152412 0)
(0.389536 -0.128235 0)
(0.565421 -0.0747322 0)
(0.683242 -0.0422289 0)
(0.752823 -0.0245248 0)
(0.797818 -0.0148817 0)
(0.828961 -0.00957226 0)
(0.851406 -0.00654742 0)
(0.868182 -0.00472229 0)
(0.881113 -0.00354684 0)
(0.891309 -0.00274276 0)
(0.899479 -0.00216452 0)
(0.906102 -0.00173218 0)
(0.911516 -0.00139921 0)
(0.915965 -0.00113692 0)
(0.919632 -0.000926576 0)
(0.922657 -0.000755331 0)
(0.925149 -0.000614016 0)
(0.92719 -0.000495839 0)
(0.92885 -0.000395607 0)
(0.930179 -0.000309227 0)
(0.931218 -0.000233382 0)
(0.931998 -0.000165293 0)
(0.932541 -0.000102561 0)
(0.932863 -4.30248e-05 0)
(0.93297 1.53155e-05 0)
(0.932866 7.41909e-05 0)
(0.932544 0.000135741 0)
(0.931994 0.000202003 0)
(0.931196 0.000275216 0)
(0.930123 0.000357963 0)
(0.92874 0.000453333 0)
(0.927 0.000565137 0)
(0.924841 0.000698237 0)
(0.922185 0.00085903 0)
(0.918931 0.0010562 0)
(0.914947 0.00130195 0)
(0.910058 0.00161404 0)
(0.904028 0.00201953 0)
(0.896532 0.00256188 0)
(0.887102 0.00331509 0)
(0.875043 0.00441347 0)
(0.859267 0.00611569 0)
(0.837972 0.00894249 0)
(0.808103 0.0139538 0)
(0.76439 0.0232416 0)
(0.695899 0.0407683 0)
(0.577942 0.0737459 0)
(0.398051 0.128745 0)
(0.29387 0.153787 0)
(0.00108607 -0.294892 0)
(0.0168564 -0.298614 0)
(0.152312 -0.213009 0)
(0.282821 -0.145302 0)
(0.387946 -0.0996008 0)
(0.471101 -0.0697597 0)
(0.536443 -0.0503954 0)
(0.587826 -0.0375859 0)
(0.628594 -0.0288193 0)
(0.66131 -0.0225938 0)
(0.68784 -0.0180188 0)
(0.709546 -0.0145557 0)
(0.727429 -0.0118689 0)
(0.74224 -0.00974145 0)
(0.754548 -0.00802848 0)
(0.764795 -0.00662935 0)
(0.773325 -0.00547197 0)
(0.780408 -0.00450308 0)
(0.786261 -0.00368218 0)
(0.791055 -0.00297764 0)
(0.794928 -0.00236408 0)
(0.797987 -0.00182057 0)
(0.800312 -0.00132936 0)
(0.801964 -0.000874925 0)
(0.802985 -0.00044324 0)
(0.803395 -2.11795e-05 0)
(0.8032 0.000403847 0)
(0.802389 0.000844902 0)
(0.80093 0.00131557 0)
(0.798775 0.0018307 0)
(0.795852 0.00240721 0)
(0.792067 0.00306504 0)
(0.787297 0.00382845 0)
(0.781382 0.00472789 0)
(0.77412 0.00580265 0)
(0.765251 0.00710483 0)
(0.754443 0.00870549 0)
(0.741262 0.0107043 0)
(0.725141 0.0132457 0)
(0.705321 0.0165457 0)
(0.680773 0.0209403 0)
(0.650078 0.0269711 0)
(0.611257 0.0355433 0)
(0.561538 0.0482089 0)
(0.497185 0.0676272 0)
(0.413736 0.098101 0)
(0.306286 0.145743 0)
(0.170506 0.217281 0)
(0.026899 0.30719 0)
(0.00518625 0.303011 0)
(-0.0329176 -0.250391 0)
(-0.0615928 -0.344035 0)
(-0.0115174 -0.310557 0)
(0.0707439 -0.251453 0)
(0.158775 -0.195879 0)
(0.241189 -0.151258 0)
(0.31363 -0.11751 0)
(0.375409 -0.0923686 0)
(0.427428 -0.0735418 0)
(0.471045 -0.0592511 0)
(0.507602 -0.0482232 0)
(0.53828 -0.0395692 0)
(0.564068 -0.0326709 0)
(0.585773 -0.0270939 0)
(0.604056 -0.0225281 0)
(0.619448 -0.0187474 0)
(0.632386 -0.0155834 0)
(0.643223 -0.0129078 0)
(0.652247 -0.0106207 0)
(0.659692 -0.0086422 0)
(0.665748 -0.0069073 0)
(0.670562 -0.00536143 0)
(0.674253 -0.00395769 0)
(0.676905 -0.00265463 0)
(0.678576 -0.00141446 0)
(0.679299 -0.000201561 0)
(0.67908 0.0010189 0)
(0.677902 0.0022821 0)
(0.67572 0.00362511 0)
(0.672463 0.00508836 0)
(0.668028 0.00671746 0)
(0.66228 0.00856568 0)
(0.655041 0.0106971 0)
(0.646088 0.0131908 0)
(0.635141 0.0161472 0)
(0.621845 0.0196967 0)
(0.605761 0.0240122 0)
(0.586332 0.0293289 0)
(0.562859 0.0359722 0)
(0.534464 0.0444026 0)
(0.500039 0.0552827 0)
(0.458222 0.0695766 0)
(0.407392 0.0886873 0)
(0.345793 0.114613 0)
(0.271989 0.150001 0)
(0.186109 0.197609 0)
(0.0921809 0.257981 0)
(0.00181248 0.32326 0)
(-0.0569396 0.361523 0)
(-0.0321702 0.263989 0)
(-0.0267701 -0.190621 0)
(-0.0654366 -0.332974 0)
(-0.0645997 -0.351404 0)
(-0.0276229 -0.31907 0)
(0.0293893 -0.271728 0)
(0.0933581 -0.225103 0)
(0.156593 -0.184678 0)
(0.215299 -0.151365 0)
(0.267965 -0.124436 0)
(0.314305 -0.102763 0)
(0.354622 -0.0852641 0)
(0.389466 -0.071042 0)
(0.419453 -0.0593884 0)
(0.445181 -0.0497576 0)
(0.467196 -0.0417311 0)
(0.485978 -0.034986 0)
(0.501942 -0.0292704 0)
(0.515443 -0.0243852 0)
(0.526781 -0.0201702 0)
(0.536205 -0.0164943 0)
(0.543921 -0.0132479 0)
(0.550095 -0.0103373 0)
(0.554859 -0.00768085 0)
(0.558308 -0.00520516 0)
(0.560508 -0.00284262 0)
(0.561496 -0.000528962 0)
(0.561279 0.00179891 0)
(0.559833 0.00420498 0)
(0.557105 0.00675642 0)
(0.553009 0.00952613 0)
(0.547426 0.0125957 0)
(0.540195 0.0160592 0)
(0.531116 0.0200282 0)
(0.519935 0.024638 0)
(0.506344 0.0300563 0)
(0.489964 0.0364953 0)
(0.470342 0.0442275 0)
(0.446935 0.0536085 0)
(0.419103 0.0651064 0)
(0.386111 0.0793414 0)
(0.347152 0.0971326 0)
(0.30142 0.119541 0)
(0.248284 0.147878 0)
(0.187654 0.183577 0)
(0.120686 0.22771 0)
(0.051054 0.279589 0)
(-0.013201 0.33349 0)
(-0.0578698 0.372105 0)
(-0.064694 0.355878 0)
(-0.027288 0.204798 0)
(-0.0178496 -0.149167 0)
(-0.0531352 -0.30286 0)
(-0.0737291 -0.3547 0)
(-0.0668185 -0.349946 0)
(-0.0378147 -0.319152 0)
(0.00407204 -0.279689 0)
(0.0516367 -0.240145 0)
(0.100124 -0.204143 0)
(0.146698 -0.172797 0)
(0.189865 -0.146078 0)
(0.228979 -0.123512 0)
(0.263894 -0.104502 0)
(0.294736 -0.0884697 0)
(0.321769 -0.0749074 0)
(0.345313 -0.0633847 0)
(0.365698 -0.0535448 0)
(0.383243 -0.0450927 0)
(0.398239 -0.0377836 0)
(0.410947 -0.0314131 0)
(0.421593 -0.0258076 0)
(0.430369 -0.0208184 0)
(0.437434 -0.0163152 0)
(0.442913 -0.0121819 0)
(0.446903 -0.00831244 0)
(0.449466 -0.00460792 0)
(0.450636 -0.000973336 0)
(0.450419 0.00268507 0)
(0.448786 0.00646258 0)
(0.445681 0.010459 0)
(0.441012 0.0147817 0)
(0.434654 0.01955 0)
(0.426443 0.0248992 0)
(0.416178 0.0309867 0)
(0.403611 0.0379992 0)
(0.38845 0.0461618 0)
(0.370354 0.0557499 0)
(0.348935 0.0671031 0)
(0.323764 0.0806421 0)
(0.29439 0.0968865 0)
(0.260382 0.116469 0)
(0.221405 0.140131 0)
(0.177366 0.168681 0)
(0.128668 0.202843 0)
(0.0766124 0.242891 0)
(0.023993 0.287847 0)
(-0.0240967 0.333891 0)
(-0.0596335 0.371473 0)
(-0.0720596 0.380999 0)
(-0.054362 0.328068 0)
(-0.0186482 0.162452 0)
(-0.011432 -0.12089 0)
(-0.0403126 -0.269805 0)
(-0.0679974 -0.339836 0)
(-0.0780865 -0.356832 0)
(-0.0694604 -0.343357 0)
(-0.0469076 -0.314919 0)
(-0.015606 -0.28091 0)
(0.0201839 -0.246483 0)
(0.0573553 -0.214171 0)
(0.0938523 -0.185012 0)
(0.128428 -0.159255 0)
(0.1604 -0.136762 0)
(0.18946 -0.117231 0)
(0.215534 -0.100307 0)
(0.238686 -0.0856376 0)
(0.259059 -0.0728981 0)
(0.276835 -0.0617972 0)
(0.292204 -0.0520782 0)
(0.305356 -0.0435152 0)
(0.316465 -0.0359092 0)
(0.325686 -0.029083 0)
(0.333152 -0.0228774 0)
(0.33897 -0.0171466 0)
(0.343221 -0.0117554 0)
(0.34596 -0.0065754 0)
(0.347213 -0.0014821 0)
(0.346981 0.00364815 0)
(0.345235 0.00894116 0)
(0.341915 0.0145283 0)
(0.336934 0.0205498 0)
(0.330174 0.0271594 0)
(0.321483 0.0345285 0)
(0.310679 0.0428522 0)
(0.297551 0.0523552 0)
(0.281858 0.0633 0)
(0.263338 0.0759942 0)
(0.241721 0.0907982 0)
(0.216751 0.10813 0)
(0.188227 0.128462 0)
(0.156066 0.152301 0)
(0.120412 0.180133 0)
(0.0817969 0.212295 0)
(0.0413764 0.248718 0)
(0.00124307 0.288449 0)
(-0.0352426 0.328809 0)
(-0.0632331 0.36405 0)
(-0.0766253 0.38339 0)
(-0.0695277 0.368996 0)
(-0.0423433 0.295143 0)
(-0.012189 0.132938 0)
(-0.00747989 -0.100859 0)
(-0.0305032 -0.239439 0)
(-0.0588321 -0.317607 0)
(-0.0773598 -0.349529 0)
(-0.0819892 -0.350763 0)
(-0.0742313 -0.333798 0)
(-0.057098 -0.307396 0)
(-0.0337422 -0.277179 0)
(-0.00688849 -0.246486 0)
(0.0213704 -0.217144 0)
(0.0495508 -0.190041 0)
(0.0766673 -0.165511 0)
(0.102109 -0.14358 0)
(0.125535 -0.124111 0)
(0.146784 -0.106891 0)
(0.165818 -0.0916772 0)
(0.182674 -0.0782237 0)
(0.197432 -0.0662935 0)
(0.210194 -0.0556645 0)
(0.221068 -0.0461302 0)
(0.230158 -0.0374994 0)
(0.23756 -0.029594 0)
(0.243351 -0.022247 0)
(0.247592 -0.0152996 0)
(0.250322 -0.00859886 0)
(0.251558 -0.00199451 0)
(0.251295 0.0046634 0)
(0.249502 0.0115277 0)
(0.246124 0.0187572 0)
(0.241084 0.0265201 0)
(0.234277 0.0349976 0)
(0.225581 0.0443881 0)
(0.214848 0.0549111 0)
(0.201921 0.0668119 0)
(0.186633 0.0803646 0)
(0.168827 0.0958746 0)
(0.148373 0.113676 0)
(0.125205 0.134122 0)
(0.0993682 0.157559 0)
(0.0710965 0.184277 0)
(0.0409135 0.214408 0)
(0.00977231 0.247755 0)
(-0.0207773 0.28349 0)
(-0.0484238 0.319683 0)
(-0.0700212 0.352593 0)
(-0.0817755 0.375736 0)
(-0.0798967 0.378864 0)
(-0.0622072 0.347426 0)
(-0.0328056 0.263591 0)
(-0.00813482 0.111563 0)
(-0.00514578 -0.0861553 0)
(-0.0236153 -0.213029 0)
(-0.0501232 -0.293231 0)
(-0.0721953 -0.334363 0)
(-0.084846 -0.346793 0)
(-0.0875996 -0.340028 0)
(-0.0817466 -0.321565 0)
(-0.0692712 -0.296796 0)
(-0.0522412 -0.269341 0)
(-0.0324715 -0.241479 0)
(-0.0114083 -0.214562 0)
(0.00986868 -0.189321 0)
(0.0305949 -0.166093 0)
(0.0502571 -0.144974 0)
(0.0685316 -0.125913 0)
(0.0852325 -0.10878 0)
(0.10027 -0.0934039 0)
(0.11362 -0.0795915 0)
(0.125298 -0.0671454 0)
(0.135342 -0.0558693 0)
(0.143802 -0.0455715 0)
(0.150729 -0.0360669 0)
(0.156168 -0.0271759 0)
(0.160155 -0.0187241 0)
(0.16271 -0.01054 0)
(0.163839 -0.0024538 0)
(0.163531 0.0057055 0)
(0.161757 0.0141121 0)
(0.15847 0.022946 0)
(0.153604 0.0323958 0)
(0.147081 0.0426614 0)
(0.138809 0.0539563 0)
(0.128691 0.0665098 0)
(0.11663 0.0805679 0)
(0.102544 0.0963917 0)
(0.0863851 0.114253 0)
(0.0681628 0.134421 0)
(0.0479834 0.157138 0)
(0.0261005 0.18258 0)
(0.0029822 0.210777 0)
(-0.0206062 0.241497 0)
(-0.0435086 0.274055 0)
(-0.0640951 0.307032 0)
(-0.08023 0.337873 0)
(-0.0893837 0.362394 0)
(-0.0890145 0.374241 0)
(-0.0773074 0.364546 0)
(-0.0544841 0.322171 0)
(-0.0259675 0.23527 0)
(-0.00571169 0.0955209 0)
(-0.00374967 -0.074902 0)
(-0.0188556 -0.190328 0)
(-0.0428892 -0.26909 0)
(-0.0659513 -0.315217 0)
(-0.0831743 -0.335525 0)
(-0.0930602 -0.337035 0)
(-0.0957274 -0.325847 0)
(-0.0921825 -0.306772 0)
(-0.0838062 -0.283342 0)
(-0.0720017 -0.258011 0)
(-0.058015 -0.232399 0)
(-0.0428696 -0.207522 0)
(-0.0273606 -0.18397 0)
(-0.0120783 -0.162046 0)
(0.00255636 -0.141863 0)
(0.0162566 -0.123411 0)
(0.0288371 -0.106606 0)
(0.0401865 -0.0913161 0)
(0.0502456 -0.0773818 0)
(0.0589898 -0.0646309 0)
(0.0664161 -0.0528835 0)
(0.0725323 -0.0419573 0)
(0.0773497 -0.0316699 0)
(0.0808781 -0.0218386 0)
(0.0831207 -0.0122813 0)
(0.084072 -0.0028148 0)
(0.0837162 0.00674607 0)
(0.0820264 0.01659 0)
(0.0789649 0.0269107 0)
(0.0744854 0.0379087 0)
(0.0685351 0.0497924 0)
(0.0610605 0.0627783 0)
(0.0520138 0.0770909 0)
(0.0413642 0.0929591 0)
(0.0291117 0.11061 0)
(0.0153079 0.130259 0)
(8.27622e-05 0.152083 0)
(-0.0163205 0.176193 0)
(-0.0335012 0.202576 0)
(-0.0508504 0.23101 0)
(-0.0674971 0.260942 0)
(-0.0822637 0.29131 0)
(-0.0936555 0.32031 0)
(-0.0999238 0.345105 0)
(-0.0992733 0.361523 0)
(-0.0902894 0.36383 0)
(-0.0725837 0.344774 0)
(-0.0477019 0.296158 0)
(-0.0211548 0.210298 0)
(-0.00424566 0.0829829 0)
(-0.00288359 -0.0659212 0)
(-0.0155349 -0.1707 0)
(-0.0371701 -0.246131 0)
(-0.0599957 -0.294325 0)
(-0.0796545 -0.319761 0)
(-0.0942302 -0.327551 0)
(-0.103128 -0.322524 0)
(-0.106632 -0.308782 0)
(-0.105526 -0.289567 0)
(-0.100784 -0.267301 0)
(-0.0933824 -0.243713 0)
(-0.0841993 -0.219986 0)
(-0.0739734 -0.19689 0)
(-0.0632974 -0.174892 0)
(-0.0526287 -0.154247 0)
(-0.042309 -0.135059 0)
(-0.0325855 -0.117331 0)
(-0.0236314 -0.100997 0)
(-0.0155641 -0.0859456 0)
(-0.00846018 -0.0720367 0)
(-0.00236786 -0.059111 0)
(0.00268272 -0.046998 0)
(0.00667253 -0.0355196 0)
(0.00958787 -0.0244931 0)
(0.0114154 -0.0137323 0)
(0.0121398 -0.00304794 0)
(0.0117422 0.0077523 0)
(0.0101996 0.0188643 0)
(0.00748593 0.0304878 0)
(0.00357388 0.0428263 0)
(-0.00156105 0.056087 0)
(-0.00793482 0.0704784 0)
(-0.0155466 0.0862072 0)
(-0.0243677 0.103472 0)
(-0.0343264 0.122451 0)
(-0.0452884 0.143286 0)
(-0.0570334 0.166056 0)
(-0.0692253 0.190734 0)
(-0.0813806 0.217128 0)
(-0.092836 0.244799 0)
(-0.102725 0.272949 0)
(-0.109973 0.300267 0)
(-0.11334 0.324764 0)
(-0.111537 0.343579 0)
(-0.103456 0.352837 0)
(-0.0885657 0.347626 0)
(-0.0673953 0.322227 0)
(-0.0420949 0.270742 0)
(-0.0177228 0.188259 0)
(-0.00332176 0.0727905 0)
(-0.00232247 -0.0584855 0)
(-0.0131754 -0.153508 0)
(-0.0327288 -0.224615 0)
(-0.0547965 -0.272896 0)
(-0.075623 -0.301321 0)
(-0.0932085 -0.313601 0)
(-0.106571 -0.313498 0)
(-0.115504 -0.304421 0)
(-0.120323 -0.289226 0)
(-0.121619 -0.27018 0)
(-0.120088 -0.249002 0)
(-0.116424 -0.226943 0)
(-0.111257 -0.204879 0)
(-0.105132 -0.183394 0)
(-0.0984939 -0.162852 0)
(-0.091701 -0.143454 0)
(-0.08503 -0.125283 0)
(-0.0786913 -0.108336 0)
(-0.0728416 -0.092551 0)
(-0.0675957 -0.0778248 0)
(-0.0630364 -0.0640241 0)
(-0.0592243 -0.050996 0)
(-0.0562033 -0.0385734 0)
(-0.0540069 -0.0265799 0)
(-0.0526618 -0.0148318 0)
(-0.0521909 -0.00314031 0)
(-0.0526143 0.00868736 0)
(-0.0539497 0.0208472 0)
(-0.0562114 0.0335374 0)
(-0.0594074 0.0469567 0)
(-0.0635353 0.0613022 0)
(-0.0685767 0.0767654 0)
(-0.0744881 0.0935257 0)
(-0.0811907 0.111742 0)
(-0.0885565 0.131535 0)
(-0.0963917 0.152971 0)
(-0.104417 0.176028 0)
(-0.112249 0.200553 0)
(-0.119377 0.226204 0)
(-0.125154 0.252378 0)
(-0.128792 0.278111 0)
(-0.129394 0.301967 0)
(-0.12602 0.321925 0)
(-0.117822 0.335276 0)
(-0.104266 0.338589 0)
(-0.0854493 0.327794 0)
(-0.0624321 0.298484 0)
(-0.0375424 0.246474 0)
(-0.0152136 0.168655 0)
(-0.00270918 0.064229 0)
(-0.00194332 -0.0521349 0)
(-0.0114643 -0.138215 0)
(-0.0292934 -0.204504 0)
(-0.0504382 -0.251552 0)
(-0.0717064 -0.281356 0)
(-0.0911812 -0.296621 0)
(-0.107701 -0.300262 0)
(-0.120752 -0.295063 0)
(-0.130306 -0.283479 0)
(-0.136638 -0.267557 0)
(-0.14019 -0.248925 0)
(-0.141464 -0.228829 0)
(-0.140961 -0.20819 0)
(-0.139142 -0.18766 0)
(-0.136413 -0.16768 0)
(-0.133116 -0.148524 0)
(-0.129531 -0.130341 0)
(-0.125883 -0.113185 0)
(-0.12235 -0.0970403 0)
(-0.119071 -0.0818406 0)
(-0.116152 -0.0674811 0)
(-0.113676 -0.0538299 0)
(-0.111705 -0.0407358 0)
(-0.110287 -0.0280334 0)
(-0.109458 -0.0155472 0)
(-0.109247 -0.0030944 0)
(-0.109673 0.00951217 0)
(-0.110747 0.0224624 0)
(-0.112472 0.0359464 0)
(-0.114838 0.0501514 0)
(-0.117819 0.0652577 0)
(-0.121368 0.0814329 0)
(-0.125407 0.0988236 0)
(-0.129818 0.117543 0)
(-0.134437 0.137656 0)
(-0.139031 0.159154 0)
(-0.143296 0.181922 0)
(-0.146836 0.205705 0)
(-0.14916 0.230048 0)
(-0.149685 0.254234 0)
(-0.14775 0.277214 0)
(-0.142661 0.297525 0)
(-0.133776 0.313226 0)
(-0.120631 0.321858 0)
(-0.103132 0.320477 0)
(-0.081792 0.305792 0)
(-0.0579376 0.274455 0)
(-0.0338466 0.22352 0)
(-0.0133265 0.15104 0)
(-0.00228195 0.0568491 0)
(-0.00167761 -0.046568 0)
(-0.0101994 -0.124397 0)
(-0.0266299 -0.185646 0)
(-0.0468562 -0.230582 0)
(-0.0681674 -0.260574 0)
(-0.0887983 -0.277611 0)
(-0.107534 -0.283947 0)
(-0.123679 -0.281838 0)
(-0.136967 -0.27336 0)
(-0.14743 -0.260313 0)
(-0.155293 -0.24419 0)
(-0.160878 -0.226183 0)
(-0.164555 -0.207208 0)
(-0.166689 -0.187947 0)
(-0.167623 -0.168882 0)
(-0.167665 -0.150339 0)
(-0.167076 -0.132517 0)
(-0.166081 -0.115517 0)
(-0.164862 -0.0993627 0)
(-0.163568 -0.0840219 0)
(-0.16232 -0.0694182 0)
(-0.161213 -0.0554425 0)
(-0.16032 -0.041962 0)
(-0.159698 -0.0288259 0)
(-0.159391 -0.015871 0)
(-0.159429 -0.0029254 0)
(-0.159828 0.0101878 0)
(-0.160594 0.0236472 0)
(-0.161718 0.0376295 0)
(-0.163176 0.0523055 0)
(-0.164922 0.0678338 0)
(-0.166885 0.0843546 0)
(-0.168963 0.101979 0)
(-0.171015 0.120775 0)
(-0.172852 0.140752 0)
(-0.17423 0.161837 0)
(-0.17484 0.183841 0)
(-0.174309 0.206428 0)
(-0.172197 0.229067 0)
(-0.168013 0.250984 0)
(-0.161241 0.271106 0)
(-0.151395 0.288014 0)
(-0.138098 0.299917 0)
(-0.1212 0.304651 0)
(-0.100924 0.299749 0)
(-0.0780356 0.282588 0)
(-0.0539622 0.25065 0)
(-0.030824 0.201871 0)
(-0.0118688 0.135053 0)
(-0.00197033 0.0503573 0)
(-0.00148578 -0.0415802 0)
(-0.0092486 -0.111727 0)
(-0.0245545 -0.167861 0)
(-0.0439401 -0.210101 0)
(-0.065088 -0.239405 0)
(-0.0864024 -0.257252 0)
(-0.106683 -0.265393 0)
(-0.12514 -0.265645 0)
(-0.141349 -0.259742 0)
(-0.155161 -0.249244 0)
(-0.166623 -0.235488 0)
(-0.175907 -0.219575 0)
(-0.183252 -0.202386 0)
(-0.188928 -0.184597 0)
(-0.193207 -0.166708 0)
(-0.196346 -0.149074 0)
(-0.198581 -0.131926 0)
(-0.200117 -0.1154 0)
(-0.20113 -0.0995532 0)
(-0.20177 -0.0843822 0)
(-0.202159 -0.0698368 0)
(-0.202399 -0.0558305 0)
(-0.202569 -0.04225 0)
(-0.202729 -0.0289613 0)
(-0.202926 -0.0158164 0)
(-0.203189 -0.00265753 0)
(-0.203531 0.010678 0)
(-0.203952 0.0243537 0)
(-0.204434 0.0385294 0)
(-0.204938 0.0533558 0)
(-0.205405 0.0689678 0)
(-0.205749 0.0854759 0)
(-0.205853 0.102956 0)
(-0.205562 0.121436 0)
(-0.204681 0.140875 0)
(-0.20297 0.161147 0)
(-0.20014 0.182009 0)
(-0.195858 0.203071 0)
(-0.189755 0.223762 0)
(-0.181447 0.24329 0)
(-0.170567 0.26061 0)
(-0.156819 0.274397 0)
(-0.140053 0.283045 0)
(-0.120357 0.284692 0)
(-0.0981709 0.277304 0)
(-0.0744031 0.258814 0)
(-0.0504807 0.22734 0)
(-0.0283274 0.181444 0)
(-0.0107159 0.120408 0)
(-0.00173454 0.0445534 0)
(-0.00134402 -0.0370283 0)
(-0.00852382 -0.0999565 0)
(-0.022928 -0.150975 0)
(-0.0415763 -0.190128 0)
(-0.0624656 -0.218102 0)
(-0.0841623 -0.23601 0)
(-0.105516 -0.245216 0)
(-0.125695 -0.247183 0)
(-0.144174 -0.24335 0)
(-0.160677 -0.235048 0)
(-0.175113 -0.223452 0)
(-0.187523 -0.209561 0)
(-0.198034 -0.194193 0)
(-0.206824 -0.177997 0)
(-0.214093 -0.161467 0)
(-0.220044 -0.144967 0)
(-0.224873 -0.128749 0)
(-0.22876 -0.11297 0)
(-0.231868 -0.0977108 0)
(-0.234335 -0.0829932 0)
(-0.236281 -0.0687893 0)
(-0.237806 -0.0550336 0)
(-0.238989 -0.041632 0)
(-0.239891 -0.0284684 0)
(-0.240556 -0.0154116 0)
(-0.241012 -0.00232035 0)
(-0.241269 0.0109516 0)
(-0.241319 0.0245502 0)
(-0.241136 0.038616 0)
(-0.240673 0.0532782 0)
(-0.239861 0.0686467 0)
(-0.238605 0.084804 0)
(-0.23678 0.101793 0)
(-0.234232 0.119606 0)
(-0.23077 0.138164 0)
(-0.226172 0.1573 0)
(-0.220183 0.176735 0)
(-0.212525 0.196051 0)
(-0.20291 0.214665 0)
(-0.191061 0.231805 0)
(-0.176753 0.246487 0)
(-0.159856 0.257509 0)
(-0.140401 0.263462 0)
(-0.118654 0.262772 0)
(-0.0951978 0.253783 0)
(-0.0710029 0.23488 0)
(-0.0474444 0.204662 0)
(-0.0262459 0.162131 0)
(-0.0097867 0.106878 0)
(-0.00155093 0.0392959 0)
(-0.00123735 -0.0328094 0)
(-0.00796503 -0.0888934 0)
(-0.0216465 -0.134833 0)
(-0.0396636 -0.170637 0)
(-0.0602617 -0.196809 0)
(-0.0821515 -0.214196 0)
(-0.104245 -0.223865 0)
(-0.125704 -0.226993 0)
(-0.145943 -0.224767 0)
(-0.164594 -0.218313 0)
(-0.181462 -0.208648 0)
(-0.196484 -0.196659 0)
(-0.209691 -0.183089 0)
(-0.221177 -0.168542 0)
(-0.23107 -0.153492 0)
(-0.239522 -0.138297 0)
(-0.246685 -0.123212 0)
(-0.252709 -0.108407 0)
(-0.257735 -0.0939799 0)
(-0.261887 -0.0799693 0)
(-0.265276 -0.0663662 0)
(-0.267994 -0.0531237 0)
(-0.270116 -0.0401657 0)
(-0.2717 -0.0273942 0)
(-0.272787 -0.0146952 0)
(-0.273401 -0.00194508 0)
(-0.273546 0.0109845 0)
(-0.273211 0.0242209 0)
(-0.272362 0.0378844 0)
(-0.270947 0.0520823 0)
(-0.268891 0.066901 0)
(-0.266095 0.0823966 0)
(-0.262437 0.0985849 0)
(-0.257768 0.115428 0)
(-0.251914 0.132819 0)
(-0.24468 0.150565 0)
(-0.235854 0.168368 0)
(-0.225218 0.185804 0)
(-0.212567 0.202305 0)
(-0.197729 0.21714 0)
(-0.180604 0.229411 0)
(-0.1612 0.238051 0)
(-0.139692 0.241847 0)
(-0.116471 0.239488 0)
(-0.0922065 0.229639 0)
(-0.0678849 0.211044 0)
(-0.0448028 0.182665 0)
(-0.0244976 0.143815 0)
(-0.00902683 0.0942841 0)
(-0.00140488 0.0344804 0)
(-0.00115599 -0.0288477 0)
(-0.00753051 -0.0783896 0)
(-0.0206327 -0.119303 0)
(-0.0381177 -0.151584 0)
(-0.0584264 -0.175605 0)
(-0.0803929 -0.192019 0)
(-0.102994 -0.201666 0)
(-0.125402 -0.205489 0)
(-0.146999 -0.204465 0)
(-0.167355 -0.199533 0)
(-0.186197 -0.191567 0)
(-0.20338 -0.181337 0)
(-0.218853 -0.169505 0)
(-0.232637 -0.156621 0)
(-0.2448 -0.143125 0)
(-0.255437 -0.129356 0)
(-0.26466 -0.115564 0)
(-0.272588 -0.101921 0)
(-0.279334 -0.0885342 0)
(-0.285005 -0.0754533 0)
(-0.289699 -0.0626839 0)
(-0.293497 -0.0501948 0)
(-0.296469 -0.0379263 0)
(-0.298664 -0.0257973 0)
(-0.300121 -0.0137111 0)
(-0.300856 -0.00156157 0)
(-0.30087 0.0107612 0)
(-0.300147 0.0233657 0)
(-0.298649 0.0363524 0)
(-0.29632 0.0498078 0)
(-0.293085 0.0637964 0)
(-0.288845 0.0783522 0)
(-0.283486 0.0934683 0)
(-0.276871 0.109086 0)
(-0.268848 0.125079 0)
(-0.259256 0.141243 0)
(-0.24793 0.157277 0)
(-0.234715 0.172768 0)
(-0.219483 0.187181 0)
(-0.20216 0.199847 0)
(-0.182751 0.209962 0)
(-0.161379 0.2166 0)
(-0.138325 0.218734 0)
(-0.114068 0.215284 0)
(-0.0893252 0.205183 0)
(-0.06507 0.187462 0)
(-0.042512 0.161352 0)
(-0.0230231 0.126386 0)
(-0.00839954 0.0824787 0)
(-0.001287 0.0300271 0)
(-0.00109337 -0.0250861 0)
(-0.0071908 -0.0683291 0)
(-0.0198289 -0.104275 0)
(-0.0368708 -0.132912 0)
(-0.0569102 -0.154527 0)
(-0.078884 -0.169621 0)
(-0.10183 -0.178856 0)
(-0.12494 -0.182991 0)
(-0.147581 -0.182818 0)
(-0.169282 -0.179118 0)
(-0.189713 -0.172627 0)
(-0.208664 -0.164007 0)
(-0.22602 -0.153835 0)
(-0.241738 -0.142599 0)
(-0.255831 -0.130696 0)
(-0.268346 -0.118439 0)
(-0.279356 -0.106063 0)
(-0.288945 -0.0937354 0)
(-0.297203 -0.0815638 0)
(-0.304215 -0.0696052 0)
(-0.310064 -0.0578752 0)
(-0.314819 -0.0463551 0)
(-0.31854 -0.0349995 0)
(-0.321271 -0.0237427 0)
(-0.323041 -0.0125044 0)
(-0.323863 -0.00119582 0)
(-0.323734 0.0102754 0)
(-0.322633 0.0219994 0)
(-0.320519 0.034058 0)
(-0.317336 0.0465187 0)
(-0.31301 0.0594272 0)
(-0.307449 0.0727994 0)
(-0.300546 0.086612 0)
(-0.292184 0.100792 0)
(-0.282236 0.115207 0)
(-0.270577 0.129649 0)
(-0.257089 0.143829 0)
(-0.241677 0.157361 0)
(-0.224287 0.169754 0)
(-0.204927 0.180411 0)
(-0.183691 0.188632 0)
(-0.160793 0.193625 0)
(-0.136593 0.194536 0)
(-0.111629 0.190485 0)
(-0.0866378 0.180627 0)
(-0.0625656 0.164218 0)
(-0.0405362 0.140692 0)
(-0.0217793 0.109735 0)
(-0.0078795 0.0713398 0)
(-0.00119107 0.025873 0)
(-0.00104497 -0.0214809 0)
(-0.00692482 -0.0586204 0)
(-0.0191923 -0.0896533 0)
(-0.0358694 -0.114569 0)
(-0.0556687 -0.133586 0)
(-0.0776113 -0.147092 0)
(-0.100789 -0.15561 0)
(-0.124417 -0.15974 0)
(-0.147856 -0.160125 0)
(-0.17061 -0.157404 0)
(-0.192307 -0.152187 0)
(-0.212689 -0.145033 0)
(-0.231587 -0.136434 0)
(-0.248909 -0.126813 0)
(-0.264617 -0.116519 0)
(-0.278718 -0.105832 0)
(-0.291248 -0.0949662 0)
(-0.30226 -0.0840762 0)
(-0.311818 -0.0732657 0)
(-0.319988 -0.0625934 0)
(-0.326836 -0.0520811 0)
(-0.332419 -0.0417197 0)
(-0.336786 -0.0314756 0)
(-0.339974 -0.0212971 0)
(-0.342004 -0.0111189 0)
(-0.342884 -0.000868264 0)
(-0.342607 0.00953045 0)
(-0.341148 0.0201503 0)
(-0.338467 0.0310563 0)
(-0.334506 0.0422992 0)
(-0.329197 0.0539095 0)
(-0.322454 0.0658894 0)
(-0.314184 0.078205 0)
(-0.304289 0.0907776 0)
(-0.292669 0.103474 0)
(-0.279234 0.116098 0)
(-0.263912 0.12838 0)
(-0.246663 0.139969 0)
(-0.227498 0.150433 0)
(-0.206492 0.159252 0)
(-0.183816 0.165829 0)
(-0.159751 0.169501 0)
(-0.134717 0.169568 0)
(-0.109286 0.165324 0)
(-0.0842011 0.156107 0)
(-0.0603737 0.141348 0)
(-0.0388485 0.120636 0)
(-0.0207353 0.0937622 0)
(-0.00744909 0.0607628 0)
(-0.00111287 0.0219665 0)
(-0.0010076 -0.017998 0)
(-0.00671742 -0.0491899 0)
(-0.0186914 -0.0753605 0)
(-0.0350723 -0.0965015 0)
(-0.054665 -0.112779 0)
(-0.0765576 -0.124494 0)
(-0.0998884 -0.132051 0)
(-0.123894 -0.135925 0)
(-0.147939 -0.136626 0)
(-0.171508 -0.134669 0)
(-0.194203 -0.13055 0)
(-0.215726 -0.124729 0)
(-0.235868 -0.117618 0)
(-0.254494 -0.109571 0)
(-0.271529 -0.100888 0)
(-0.286943 -0.0918092 0)
(-0.300738 -0.0825229 0)
(-0.31294 -0.0731672 0)
(-0.323591 -0.0638367 0)
(-0.332738 -0.0545879 0)
(-0.340429 -0.045445 0)
(-0.346711 -0.0364056 0)
(-0.351621 -0.027446 0)
(-0.355188 -0.018526 0)
(-0.357427 -0.00959433 0)
(-0.358342 -0.000592738 0)
(-0.35792 0.00853908 0)
(-0.356135 0.0178588 0)
(-0.352945 0.0274165 0)
(-0.348298 0.0372493 0)
(-0.342126 0.0473754 0)
(-0.334356 0.0577882 0)
(-0.324908 0.0684487 0)
(-0.313701 0.0792788 0)
(-0.300664 0.0901537 0)
(-0.285738 0.100894 0)
(-0.268894 0.111261 0)
(-0.250139 0.120948 0)
(-0.229539 0.129584 0)
(-0.207229 0.13673 0)
(-0.183435 0.141891 0)
(-0.158493 0.144524 0)
(-0.132861 0.144068 0)
(-0.107136 0.139965 0)
(-0.0820551 0.131703 0)
(-0.0584941 0.118854 0)
(-0.0374284 0.101121 0)
(-0.0198692 0.0783693 0)
(-0.00709598 0.0506555 0)
(-0.00104951 0.0182639 0)
(-0.00097906 -0.0146098 0)
(-0.00655764 -0.0399771 0)
(-0.0183027 -0.0613291 0)
(-0.034448 -0.07866 0)
(-0.0538688 -0.092095 0)
(-0.0757062 -0.101863 0)
(-0.0991358 -0.108273 0)
(-0.123416 -0.111691 0)
(-0.147913 -0.112512 0)
(-0.172104 -0.111142 0)
(-0.195568 -0.107972 0)
(-0.217982 -0.10337 0)
(-0.239106 -0.0976668 0)
(-0.25877 -0.0911526 0)
(-0.276868 -0.084072 0)
(-0.293339 -0.0766255 0)
(-0.308159 -0.0689703 0)
(-0.32133 -0.0612243 0)
(-0.332873 -0.0534694 0)
(-0.342819 -0.0457562 0)
(-0.351202 -0.0381087 0)
(-0.358055 -0.0305285 0)
(-0.363408 -0.0229993 0)
(-0.367281 -0.0154914 0)
(-0.369684 -0.00796537 0)
(-0.370615 -0.000376108 0)
(-0.370059 0.0073229 0)
(-0.367987 0.0151757 0)
(-0.36436 0.0232197 0)
(-0.359126 0.0314808 0)
(-0.352225 0.0399687 0)
(-0.343591 0.0486717 0)
(-0.333158 0.057551 0)
(-0.320863 0.0665348 0)
(-0.306659 0.0755125 0)
(-0.290518 0.0843294 0)
(-0.272443 0.0927823 0)
(-0.252486 0.100616 0)
(-0.230755 0.107524 0)
(-0.207433 0.113148 0)
(-0.182789 0.117092 0)
(-0.157199 0.118925 0)
(-0.131151 0.118209 0)
(-0.105251 0.114514 0)
(-0.0802291 0.107454 0)
(-0.0569266 0.096712 0)
(-0.0362614 0.0820762 0)
(-0.0191653 0.063463 0)
(-0.00681154 0.0409347 0)
(-0.000998987 0.0147272 0)
(-0.00095776 -0.0112938 0)
(-0.00643765 -0.0309314 0)
(-0.018009 -0.0475009 0)
(-0.033973 -0.0609986 0)
(-0.0532571 -0.0715161 0)
(-0.0750424 -0.0792213 0)
(-0.0985341 -0.084342 0)
(-0.123007 -0.0871495 0)
(-0.147834 -0.0879391 0)
(-0.172486 -0.0870144 0)
(-0.196529 -0.0846726 0)
(-0.219618 -0.0811934 0)
(-0.241489 -0.0768312 0)
(-0.261951 -0.0718099 0)
(-0.28087 -0.0663204 0)
(-0.298162 -0.0605198 0)
(-0.313781 -0.0545329 0)
(-0.327711 -0.0484538 0)
(-0.339955 -0.042349 0)
(-0.350528 -0.0362605 0)
(-0.359455 -0.0302097 0)
(-0.366757 -0.0241999 0)
(-0.372457 -0.0182207 0)
(-0.376567 -0.0122507 0)
(-0.379093 -0.00626101 0)
(-0.380028 -0.000218446 0)
(-0.379355 0.00591138 0)
(-0.377046 0.0121607 0)
(-0.37306 0.018556 0)
(-0.367348 0.0251147 0)
(-0.359857 0.0318409 0)
(-0.350528 0.0387216 0)
(-0.339306 0.045722 0)
(-0.326147 0.0527815 0)
(-0.311021 0.0598091 0)
(-0.293926 0.0666796 0)
(-0.274895 0.0732306 0)
(-0.254012 0.0792608 0)
(-0.231419 0.0845304 0)
(-0.207336 0.0887638 0)
(-0.182066 0.0916563 0)
(-0.156012 0.0928835 0)
(-0.129681 0.0921164 0)
(-0.103686 0.0890386 0)
(-0.0787447 0.0833677 0)
(-0.0556716 0.074878 0)
(-0.0353373 0.063423 0)
(-0.0186125 0.0489523 0)
(-0.00658974 0.0315236 0)
(-0.000959901 0.0113221 0)
(-0.000942612 -0.00803092 0)
(-0.00635191 -0.0220093 0)
(-0.0177983 -0.0338246 0)
(-0.0336302 -0.0434743 0)
(-0.0528124 -0.0510214 0)
(-0.0745545 -0.0565805 0)
(-0.0980835 -0.0603082 0)
(-0.122688 -0.0623913 0)
(-0.147745 -0.0630343 0)
(-0.172721 -0.0624484 0)
(-0.197176 -0.0608415 0)
(-0.220749 -0.0584102 0)
(-0.243161 -0.0553343 0)
(-0.264201 -0.0517728 0)
(-0.283719 -0.0478622 0)
(-0.301611 -0.0437154 0)
(-0.317817 -0.0394225 0)
(-0.332305 -0.0350521 0)
(-0.345065 -0.0306531 0)
(-0.356103 -0.0262571 0)
(-0.365431 -0.0218804 0)
(-0.373065 -0.0175269 0)
(-0.379019 -0.0131902 0)
(-0.383303 -0.00885599 0)
(-0.385915 -0.00450474 0)
(-0.386849 -0.000113672 0)
(-0.386083 0.0043407 0)
(-0.38359 0.00888019 0)
(-0.379329 0.0135224 0)
(-0.373255 0.0182782 0)
(-0.365317 0.0231485 0)
(-0.355465 0.028122 0)
(-0.343653 0.0331715 0)
(-0.329849 0.0382509 0)
(-0.31404 0.0432926 0)
(-0.296242 0.0482047 0)
(-0.27651 0.0528691 0)
(-0.254954 0.0571406 0)
(-0.231741 0.0608477 0)
(-0.207116 0.0637947 0)
(-0.181407 0.0657668 0)
(-0.155036 0.0665376 0)
(-0.128522 0.0658788 0)
(-0.102479 0.0635734 0)
(-0.0776181 0.0594296 0)
(-0.0547293 0.0532965 0)
(-0.0346492 0.0450788 0)
(-0.0182035 0.0347479 0)
(-0.00642646 0.0223497 0)
(-0.000931299 0.00801708 0)
(-0.000932885 -0.00480438 0)
(-0.00629666 -0.0131723 0)
(-0.0176621 -0.0202534 0)
(-0.0334078 -0.0260464 0)
(-0.0525224 -0.0305879 0)
(-0.0742339 -0.0339449 0)
(-0.0977837 -0.0362089 0)
(-0.122469 -0.0374892 0)
(-0.147671 -0.0379061 0)
(-0.172855 -0.0375842 0)
(-0.197573 -0.0366462 0)
(-0.221459 -0.035209 0)
(-0.244221 -0.0333796 0)
(-0.265638 -0.031253 0)
(-0.285546 -0.0289112 0)
(-0.303832 -0.026422 0)
(-0.320423 -0.0238399 0)
(-0.335277 -0.0212067 0)
(-0.348377 -0.0185522 0)
(-0.35972 -0.0158959 0)
(-0.369313 -0.0132482 0)
(-0.377165 -0.0106119 0)
(-0.383287 -0.00798355 0)
(-0.387683 -0.00535511 0)
(-0.390351 -0.00271519 0)
(-0.391281 -5.05683e-05 0)
(-0.390451 0.00265242 0)
(-0.387832 0.00540636 0)
(-0.383386 0.00822127 0)
(-0.377068 0.011103 0)
(-0.368831 0.0140513 0)
(-0.358629 0.0170586 0)
(-0.346425 0.0201075 0)
(-0.332193 0.0231694 0)
(-0.315932 0.0262026 0)
(-0.297671 0.0291511 0)
(-0.277482 0.0319432 0)
(-0.255486 0.0344912 0)
(-0.231872 0.0366922 0)
(-0.2069 0.0384293 0)
(-0.180913 0.039575 0)
(-0.154345 0.0399953 0)
(-0.127722 0.0395562 0)
(-0.10166 0.0381309 0)
(-0.0768608 0.0356082 0)
(-0.0541007 0.0319016 0)
(-0.0341927 0.0269575 0)
(-0.0179333 0.0207617 0)
(-0.00631897 0.0133433 0)
(-0.000912548 0.00478243 0)
(-0.000928129 -0.00159908 0)
(-0.00626959 -0.00438518 0)
(-0.0175952 -0.00674414 0)
(-0.0332984 -0.00867559 0)
(-0.0523792 -0.0101916 0)
(-0.074075 -0.0113141 0)
(-0.097634 -0.0120732 0)
(-0.122358 -0.012505 0)
(-0.14763 -0.0126492 0)
(-0.172915 -0.0125468 0)
(-0.197762 -0.0122385 0)
(-0.221801 -0.011763 0)
(-0.244735 -0.011156 0)
(-0.266337 -0.0104489 0)
(-0.286438 -0.0096691 0)
(-0.304918 -0.00883924 0)
(-0.3217 -0.00797757 0)
(-0.336736 -0.00709806 0)
(-0.350005 -0.00621077 0)
(-0.3615 -0.00532227 0)
(-0.371223 -0.00443613 0)
(-0.379184 -0.00355334 0)
(-0.385389 -0.00267287 0)
(-0.38984 -0.00179208 0)
(-0.392535 -0.000907258 0)
(-0.393462 -1.40578e-05 0)
(-0.3926 0.000891995 0)
(-0.389917 0.00181502 0)
(-0.385377 0.00275824 0)
(-0.378937 0.00372351 0)
(-0.37055 0.00471064 0)
(-0.360173 0.00571691 0)
(-0.347773 0.00673639 0)
(-0.333328 0.00775937 0)
(-0.316843 0.0087718 0)
(-0.298352 0.0097548 0)
(-0.277936 0.0106844 0)
(-0.255724 0.0115312 0)
(-0.231913 0.012261 0)
(-0.206772 0.0128348 0)
(-0.18065 0.0132105 0)
(-0.153988 0.0133436 0)
(-0.127315 0.01319 0)
(-0.101246 0.012708 0)
(-0.0764803 0.0118611 0)
(-0.0537861 0.0106212 0)
(-0.033965 0.00897098 0)
(-0.0177989 0.00690619 0)
(-0.00626561 0.0044368 0)
(-0.000903264 0.00158956 0)
(-0.000928128 0.00159924 0)
(-0.00626959 0.00438558 0)
(-0.0175952 0.00674471 0)
(-0.0332984 0.00867627 0)
(-0.0523792 0.0101923 0)
(-0.074075 0.0113149 0)
(-0.0976339 0.012074 0)
(-0.122358 0.0125058 0)
(-0.14763 0.0126498 0)
(-0.172915 0.0125474 0)
(-0.197762 0.012239 0)
(-0.2218 0.0117634 0)
(-0.244735 0.0111563 0)
(-0.266337 0.0104491 0)
(-0.286438 0.00966916 0)
(-0.304918 0.0088392 0)
(-0.3217 0.00797742 0)
(-0.336736 0.0070978 0)
(-0.350005 0.00621041 0)
(-0.361499 0.00532183 0)
(-0.371223 0.00443561 0)
(-0.379184 0.00355276 0)
(-0.385389 0.00267223 0)
(-0.38984 0.0017914 0)
(-0.392535 0.000906542 0)
(-0.393462 1.33237e-05 0)
(-0.392599 -0.000892734 0)
(-0.389917 -0.00181575 0)
(-0.385377 -0.00275895 0)
(-0.378937 -0.00372418 0)
(-0.37055 -0.00471127 0)
(-0.360173 -0.00571748 0)
(-0.347773 -0.00673689 0)
(-0.333328 -0.00775979 0)
(-0.316843 -0.00877212 0)
(-0.298352 -0.00975503 0)
(-0.277936 -0.0106845 0)
(-0.255724 -0.0115312 0)
(-0.231913 -0.0122609 0)
(-0.206772 -0.0128347 0)
(-0.18065 -0.0132102 0)
(-0.153988 -0.0133432 0)
(-0.127315 -0.0131896 0)
(-0.101246 -0.0127075 0)
(-0.0764803 -0.0118606 0)
(-0.0537862 -0.0106207 0)
(-0.033965 -0.00897053 0)
(-0.0177989 -0.00690581 0)
(-0.00626562 -0.00443654 0)
(-0.000903264 -0.00158945 0)
(-0.000932884 0.00480454 0)
(-0.00629665 0.0131727 0)
(-0.0176621 0.020254 0)
(-0.0334078 0.026047 0)
(-0.0525223 0.0305886 0)
(-0.0742338 0.0339457 0)
(-0.0977836 0.0362096 0)
(-0.122469 0.0374899 0)
(-0.14767 0.0379068 0)
(-0.172855 0.0375847 0)
(-0.197573 0.0366467 0)
(-0.221458 0.0352094 0)
(-0.244221 0.0333798 0)
(-0.265637 0.0312532 0)
(-0.285545 0.0289112 0)
(-0.303831 0.0264219 0)
(-0.320422 0.0238398 0)
(-0.335277 0.0212064 0)
(-0.348377 0.0185519 0)
(-0.35972 0.0158955 0)
(-0.369313 0.0132477 0)
(-0.377165 0.0106113 0)
(-0.383287 0.00798292 0)
(-0.387683 0.00535444 0)
(-0.390351 0.00271449 0)
(-0.391281 4.98479e-05 0)
(-0.390451 -0.00265314 0)
(-0.387832 -0.00540708 0)
(-0.383386 -0.00822196 0)
(-0.377068 -0.0111036 0)
(-0.368831 -0.0140519 0)
(-0.358629 -0.0170591 0)
(-0.346425 -0.020108 0)
(-0.332193 -0.0231698 0)
(-0.315932 -0.026203 0)
(-0.297672 -0.0291514 0)
(-0.277482 -0.0319433 0)
(-0.255486 -0.0344913 0)
(-0.231872 -0.0366921 0)
(-0.2069 -0.0384292 0)
(-0.180913 -0.0395747 0)
(-0.154346 -0.039995 0)
(-0.127722 -0.0395558 0)
(-0.10166 -0.0381304 0)
(-0.0768608 -0.0356078 0)
(-0.0541007 -0.0319012 0)
(-0.0341927 -0.0269571 0)
(-0.0179333 -0.0207613 0)
(-0.00631897 -0.0133431 0)
(-0.000912549 -0.00478233 0)
(-0.00094261 0.00803107 0)
(-0.00635189 0.0220097 0)
(-0.0177982 0.0338251 0)
(-0.0336301 0.043475 0)
(-0.0528123 0.0510221 0)
(-0.0745544 0.0565812 0)
(-0.0980834 0.0603089 0)
(-0.122688 0.062392 0)
(-0.147744 0.0630349 0)
(-0.172721 0.062449 0)
(-0.197175 0.060842 0)
(-0.220748 0.0584106 0)
(-0.243161 0.0553345 0)
(-0.264201 0.051773 0)
(-0.283718 0.0478623 0)
(-0.301611 0.0437154 0)
(-0.317817 0.0394223 0)
(-0.332305 0.0350518 0)
(-0.345065 0.0306528 0)
(-0.356103 0.0262567 0)
(-0.36543 0.0218799 0)
(-0.373065 0.0175264 0)
(-0.379019 0.0131896 0)
(-0.383302 0.00885534 0)
(-0.385915 0.00450406 0)
(-0.386849 0.000112978 0)
(-0.386083 -0.0043414 0)
(-0.38359 -0.00888088 0)
(-0.379329 -0.0135231 0)
(-0.373255 -0.0182788 0)
(-0.365317 -0.0231491 0)
(-0.355465 -0.0281226 0)
(-0.343653 -0.0331719 0)
(-0.329849 -0.0382512 0)
(-0.31404 -0.0432929 0)
(-0.296242 -0.0482049 0)
(-0.276511 -0.0528692 0)
(-0.254954 -0.0571407 0)
(-0.231741 -0.0608476 0)
(-0.207116 -0.0637945 0)
(-0.181407 -0.0657666 0)
(-0.155036 -0.0665372 0)
(-0.128522 -0.0658784 0)
(-0.102479 -0.063573 0)
(-0.0776182 -0.0594292 0)
(-0.0547294 -0.0532961 0)
(-0.0346493 -0.0450783 0)
(-0.0182036 -0.0347475 0)
(-0.00642647 -0.0223494 0)
(-0.0009313 -0.00801698 0)
(-0.000957756 0.011294 0)
(-0.00643763 0.0309317 0)
(-0.018009 0.0475014 0)
(-0.0339729 0.0609992 0)
(-0.053257 0.0715168 0)
(-0.0750422 0.0792219 0)
(-0.0985338 0.0843427 0)
(-0.123007 0.0871501 0)
(-0.147834 0.0879397 0)
(-0.172486 0.0870149 0)
(-0.196528 0.084673 0)
(-0.219617 0.0811937 0)
(-0.241489 0.0768314 0)
(-0.261951 0.0718101 0)
(-0.28087 0.0663204 0)
(-0.298162 0.0605198 0)
(-0.313781 0.0545328 0)
(-0.327711 0.0484536 0)
(-0.339954 0.0423486 0)
(-0.350528 0.0362602 0)
(-0.359454 0.0302092 0)
(-0.366757 0.0241994 0)
(-0.372457 0.0182201 0)
(-0.376567 0.0122501 0)
(-0.379093 0.00626037 0)
(-0.380028 0.000217791 0)
(-0.379355 -0.00591204 0)
(-0.377046 -0.0121613 0)
(-0.37306 -0.0185566 0)
(-0.367348 -0.0251152 0)
(-0.359857 -0.0318414 0)
(-0.350528 -0.0387221 0)
(-0.339306 -0.0457225 0)
(-0.326147 -0.0527819 0)
(-0.311021 -0.0598094 0)
(-0.293926 -0.0666798 0)
(-0.274896 -0.0732307 0)
(-0.254012 -0.0792608 0)
(-0.231419 -0.0845303 0)
(-0.207336 -0.0887637 0)
(-0.182066 -0.091656 0)
(-0.156013 -0.0928832 0)
(-0.129681 -0.092116 0)
(-0.103686 -0.0890382 0)
(-0.0787448 -0.0833672 0)
(-0.0556717 -0.0748776 0)
(-0.0353374 -0.0634226 0)
(-0.0186126 -0.0489519 0)
(-0.00658975 -0.0315234 0)
(-0.000959903 -0.011322 0)
(-0.000979056 0.01461 0)
(-0.00655762 0.0399774 0)
(-0.0183026 0.0613296 0)
(-0.0344478 0.0786605 0)
(-0.0538687 0.0920956 0)
(-0.075706 0.101863 0)
(-0.0991355 0.108274 0)
(-0.123415 0.111691 0)
(-0.147912 0.112513 0)
(-0.172103 0.111142 0)
(-0.195568 0.107972 0)
(-0.217982 0.10337 0)
(-0.239105 0.0976671 0)
(-0.25877 0.0911527 0)
(-0.276867 0.0840721 0)
(-0.293338 0.0766254 0)
(-0.308158 0.0689702 0)
(-0.321329 0.0612241 0)
(-0.332873 0.0534691 0)
(-0.342818 0.0457558 0)
(-0.351201 0.0381083 0)
(-0.358055 0.030528 0)
(-0.363408 0.0229988 0)
(-0.367281 0.0154909 0)
(-0.369684 0.00796478 0)
(-0.370615 0.000375503 0)
(-0.370058 -0.00732351 0)
(-0.367987 -0.0151763 0)
(-0.36436 -0.0232203 0)
(-0.359126 -0.0314813 0)
(-0.352225 -0.0399692 0)
(-0.343591 -0.0486722 0)
(-0.333158 -0.0575514 0)
(-0.320864 -0.0665351 0)
(-0.306659 -0.0755127 0)
(-0.290518 -0.0843296 0)
(-0.272444 -0.0927824 0)
(-0.252487 -0.100616 0)
(-0.230756 -0.107524 0)
(-0.207433 -0.113148 0)
(-0.18279 -0.117092 0)
(-0.1572 -0.118925 0)
(-0.131151 -0.118208 0)
(-0.105251 -0.114514 0)
(-0.0802292 -0.107453 0)
(-0.0569268 -0.0967116 0)
(-0.0362614 -0.0820758 0)
(-0.0191653 -0.0634627 0)
(-0.00681155 -0.0409345 0)
(-0.00099899 -0.0147271 0)
(-0.0010076 0.0179981 0)
(-0.00671739 0.0491902 0)
(-0.0186913 0.0753609 0)
(-0.0350721 0.096502 0)
(-0.0546647 0.11278 0)
(-0.0765574 0.124494 0)
(-0.0998881 0.132052 0)
(-0.123894 0.135926 0)
(-0.147939 0.136627 0)
(-0.171508 0.134669 0)
(-0.194202 0.13055 0)
(-0.215725 0.12473 0)
(-0.235867 0.117618 0)
(-0.254494 0.109571 0)
(-0.271529 0.100888 0)
(-0.286942 0.0918092 0)
(-0.300737 0.0825228 0)
(-0.31294 0.0731671 0)
(-0.32359 0.0638365 0)
(-0.332737 0.0545876 0)
(-0.340429 0.0454447 0)
(-0.346711 0.0364052 0)
(-0.351621 0.0274455 0)
(-0.355188 0.0185255 0)
(-0.357427 0.0095938 0)
(-0.358342 0.000592191 0)
(-0.35792 -0.00853963 0)
(-0.356135 -0.0178594 0)
(-0.352945 -0.027417 0)
(-0.348298 -0.0372498 0)
(-0.342127 -0.0473759 0)
(-0.334357 -0.0577886 0)
(-0.324908 -0.0684491 0)
(-0.313701 -0.0792791 0)
(-0.300664 -0.0901539 0)
(-0.285738 -0.100894 0)
(-0.268894 -0.111261 0)
(-0.25014 -0.120948 0)
(-0.229539 -0.129584 0)
(-0.207229 -0.13673 0)
(-0.183435 -0.14189 0)
(-0.158493 -0.144524 0)
(-0.132861 -0.144067 0)
(-0.107136 -0.139964 0)
(-0.0820553 -0.131702 0)
(-0.0584942 -0.118854 0)
(-0.0374284 -0.101121 0)
(-0.0198693 -0.078369 0)
(-0.007096 -0.0506553 0)
(-0.00104951 -0.0182638 0)
(-0.00104496 0.021481 0)
(-0.00692479 0.0586207 0)
(-0.0191923 0.0896537 0)
(-0.0358692 0.11457 0)
(-0.0556685 0.133586 0)
(-0.077611 0.147093 0)
(-0.100789 0.15561 0)
(-0.124416 0.159741 0)
(-0.147855 0.160126 0)
(-0.170609 0.157405 0)
(-0.192307 0.152188 0)
(-0.212688 0.145033 0)
(-0.231586 0.136434 0)
(-0.248908 0.126813 0)
(-0.264616 0.116519 0)
(-0.278718 0.105832 0)
(-0.291247 0.0949661 0)
(-0.302259 0.0840761 0)
(-0.311817 0.0732654 0)
(-0.319988 0.0625931 0)
(-0.326836 0.0520808 0)
(-0.332419 0.0417193 0)
(-0.336786 0.0314752 0)
(-0.339973 0.0212966 0)
(-0.342003 0.0111184 0)
(-0.342884 0.000867782 0)
(-0.342607 -0.00953094 0)
(-0.341148 -0.0201508 0)
(-0.338467 -0.0310567 0)
(-0.334506 -0.0422997 0)
(-0.329197 -0.0539099 0)
(-0.322454 -0.0658897 0)
(-0.314185 -0.0782053 0)
(-0.30429 -0.0907778 0)
(-0.29267 -0.103474 0)
(-0.279235 -0.116098 0)
(-0.263913 -0.12838 0)
(-0.246664 -0.139969 0)
(-0.227498 -0.150433 0)
(-0.206493 -0.159252 0)
(-0.183817 -0.165829 0)
(-0.159752 -0.169501 0)
(-0.134717 -0.169568 0)
(-0.109286 -0.165324 0)
(-0.0842013 -0.156106 0)
(-0.0603738 -0.141348 0)
(-0.0388486 -0.120636 0)
(-0.0207354 -0.093762 0)
(-0.00744911 -0.0607626 0)
(-0.00111287 -0.0219664 0)
(-0.00109337 0.0250862 0)
(-0.00719076 0.0683293 0)
(-0.0198288 0.104275 0)
(-0.0368706 0.132913 0)
(-0.0569099 0.154527 0)
(-0.0788837 0.169621 0)
(-0.10183 0.178857 0)
(-0.12494 0.182991 0)
(-0.147581 0.182818 0)
(-0.169281 0.179119 0)
(-0.189712 0.172627 0)
(-0.208663 0.164007 0)
(-0.226019 0.153835 0)
(-0.241737 0.142599 0)
(-0.25583 0.130696 0)
(-0.268345 0.118439 0)
(-0.279355 0.106063 0)
(-0.288945 0.0937352 0)
(-0.297202 0.0815636 0)
(-0.304215 0.069605 0)
(-0.310063 0.0578749 0)
(-0.314819 0.0463547 0)
(-0.318539 0.0349991 0)
(-0.32127 0.0237423 0)
(-0.32304 0.012504 0)
(-0.323863 0.00119541 0)
(-0.323734 -0.0102758 0)
(-0.322633 -0.0219998 0)
(-0.320519 -0.0340584 0)
(-0.317336 -0.0465191 0)
(-0.31301 -0.0594276 0)
(-0.307449 -0.0727997 0)
(-0.300546 -0.0866122 0)
(-0.292184 -0.100792 0)
(-0.282237 -0.115207 0)
(-0.270577 -0.129649 0)
(-0.257089 -0.143829 0)
(-0.241677 -0.157361 0)
(-0.224288 -0.169754 0)
(-0.204927 -0.180411 0)
(-0.183691 -0.188632 0)
(-0.160793 -0.193625 0)
(-0.136593 -0.194535 0)
(-0.111629 -0.190485 0)
(-0.086638 -0.180627 0)
(-0.0625658 -0.164217 0)
(-0.0405363 -0.140692 0)
(-0.0217793 -0.109735 0)
(-0.00787952 -0.0713397 0)
(-0.00119107 -0.0258729 0)
(-0.00115598 0.0288477 0)
(-0.00753047 0.0783897 0)
(-0.0206326 0.119304 0)
(-0.0381176 0.151584 0)
(-0.0584261 0.175606 0)
(-0.0803925 0.19202 0)
(-0.102994 0.201666 0)
(-0.125402 0.20549 0)
(-0.146998 0.204465 0)
(-0.167354 0.199534 0)
(-0.186196 0.191567 0)
(-0.203379 0.181337 0)
(-0.218852 0.169505 0)
(-0.232637 0.156621 0)
(-0.244799 0.143125 0)
(-0.255436 0.129356 0)
(-0.26466 0.115564 0)
(-0.272587 0.101921 0)
(-0.279333 0.088534 0)
(-0.285005 0.0754531 0)
(-0.289698 0.0626836 0)
(-0.293497 0.0501945 0)
(-0.296468 0.0379261 0)
(-0.298664 0.025797 0)
(-0.30012 0.0137107 0)
(-0.300855 0.00156123 0)
(-0.30087 -0.0107616 0)
(-0.300147 -0.023366 0)
(-0.298649 -0.0363527 0)
(-0.29632 -0.0498081 0)
(-0.293085 -0.0637967 0)
(-0.288846 -0.0783524 0)
(-0.283486 -0.0934685 0)
(-0.276871 -0.109086 0)
(-0.268849 -0.125079 0)
(-0.259257 -0.141243 0)
(-0.24793 -0.157277 0)
(-0.234715 -0.172768 0)
(-0.219484 -0.187181 0)
(-0.20216 -0.199847 0)
(-0.182751 -0.209962 0)
(-0.161379 -0.2166 0)
(-0.138325 -0.218733 0)
(-0.114069 -0.215284 0)
(-0.0893254 -0.205183 0)
(-0.0650702 -0.187461 0)
(-0.0425121 -0.161352 0)
(-0.0230231 -0.126386 0)
(-0.00839956 -0.0824786 0)
(-0.001287 -0.030027 0)
(-0.00123734 0.0328095 0)
(-0.00796499 0.0888935 0)
(-0.0216465 0.134833 0)
(-0.0396635 0.170638 0)
(-0.0602614 0.19681 0)
(-0.0821512 0.214196 0)
(-0.104245 0.223865 0)
(-0.125703 0.226993 0)
(-0.145942 0.224767 0)
(-0.164593 0.218313 0)
(-0.181461 0.208649 0)
(-0.196484 0.19666 0)
(-0.209691 0.18309 0)
(-0.221176 0.168542 0)
(-0.23107 0.153492 0)
(-0.239521 0.138297 0)
(-0.246684 0.123212 0)
(-0.252709 0.108407 0)
(-0.257734 0.0939798 0)
(-0.261887 0.0799692 0)
(-0.265276 0.066366 0)
(-0.267993 0.0531235 0)
(-0.270115 0.0401655 0)
(-0.2717 0.027394 0)
(-0.272787 0.014695 0)
(-0.273401 0.00194482 0)
(-0.273546 -0.0109848 0)
(-0.273211 -0.0242211 0)
(-0.272362 -0.0378846 0)
(-0.270947 -0.0520826 0)
(-0.268891 -0.0669012 0)
(-0.266096 -0.0823968 0)
(-0.262438 -0.0985851 0)
(-0.257769 -0.115428 0)
(-0.251915 -0.132819 0)
(-0.24468 -0.150565 0)
(-0.235854 -0.168368 0)
(-0.225218 -0.185804 0)
(-0.212567 -0.202305 0)
(-0.19773 -0.21714 0)
(-0.180604 -0.229411 0)
(-0.161201 -0.238051 0)
(-0.139692 -0.241847 0)
(-0.116472 -0.239488 0)
(-0.0922067 -0.229638 0)
(-0.0678851 -0.211044 0)
(-0.0448029 -0.182665 0)
(-0.0244977 -0.143815 0)
(-0.00902686 -0.0942841 0)
(-0.00140489 -0.0344804 0)
(-0.00134401 0.0370284 0)
(-0.00852379 0.0999566 0)
(-0.0229279 0.150975 0)
(-0.0415762 0.190128 0)
(-0.0624654 0.218102 0)
(-0.084162 0.23601 0)
(-0.105515 0.245216 0)
(-0.125694 0.247183 0)
(-0.144174 0.24335 0)
(-0.160676 0.235048 0)
(-0.175112 0.223452 0)
(-0.187522 0.209562 0)
(-0.198034 0.194194 0)
(-0.206824 0.177997 0)
(-0.214092 0.161467 0)
(-0.220043 0.144967 0)
(-0.224872 0.128749 0)
(-0.22876 0.11297 0)
(-0.231867 0.0977108 0)
(-0.234334 0.0829931 0)
(-0.236281 0.0687892 0)
(-0.237806 0.0550335 0)
(-0.238989 0.0416318 0)
(-0.239891 0.0284682 0)
(-0.240556 0.0154114 0)
(-0.241012 0.00232016 0)
(-0.241269 -0.0109518 0)
(-0.241319 -0.0245504 0)
(-0.241136 -0.0386162 0)
(-0.240673 -0.0532783 0)
(-0.239862 -0.0686468 0)
(-0.238605 -0.0848041 0)
(-0.236781 -0.101794 0)
(-0.234232 -0.119606 0)
(-0.23077 -0.138164 0)
(-0.226172 -0.1573 0)
(-0.220184 -0.176735 0)
(-0.212526 -0.196051 0)
(-0.20291 -0.214665 0)
(-0.191062 -0.231805 0)
(-0.176753 -0.246487 0)
(-0.159856 -0.257509 0)
(-0.140401 -0.263462 0)
(-0.118655 -0.262772 0)
(-0.095198 -0.253783 0)
(-0.071003 -0.23488 0)
(-0.0474445 -0.204662 0)
(-0.026246 -0.16213 0)
(-0.00978672 -0.106878 0)
(-0.00155094 -0.0392959 0)
(-0.00148578 0.0415802 0)
(-0.00924857 0.111727 0)
(-0.0245544 0.167861 0)
(-0.04394 0.210101 0)
(-0.0650878 0.239405 0)
(-0.0864022 0.257253 0)
(-0.106683 0.265393 0)
(-0.12514 0.265645 0)
(-0.141348 0.259743 0)
(-0.15516 0.249244 0)
(-0.166623 0.235488 0)
(-0.175906 0.219575 0)
(-0.183251 0.202386 0)
(-0.188927 0.184597 0)
(-0.193206 0.166708 0)
(-0.196346 0.149074 0)
(-0.198581 0.131926 0)
(-0.200116 0.1154 0)
(-0.201129 0.0995532 0)
(-0.201769 0.0843821 0)
(-0.202159 0.0698367 0)
(-0.202399 0.0558305 0)
(-0.202568 0.0422499 0)
(-0.202729 0.0289612 0)
(-0.202926 0.0158162 0)
(-0.203188 0.00265741 0)
(-0.203531 -0.0106781 0)
(-0.203952 -0.0243538 0)
(-0.204434 -0.0385296 0)
(-0.204938 -0.0533559 0)
(-0.205405 -0.0689678 0)
(-0.20575 -0.085476 0)
(-0.205853 -0.102956 0)
(-0.205562 -0.121436 0)
(-0.204681 -0.140875 0)
(-0.20297 -0.161147 0)
(-0.20014 -0.182009 0)
(-0.195858 -0.203071 0)
(-0.189756 -0.223762 0)
(-0.181447 -0.24329 0)
(-0.170567 -0.26061 0)
(-0.156819 -0.274397 0)
(-0.140053 -0.283045 0)
(-0.120357 -0.284692 0)
(-0.0981711 -0.277304 0)
(-0.0744032 -0.258814 0)
(-0.0504808 -0.22734 0)
(-0.0283275 -0.181444 0)
(-0.010716 -0.120408 0)
(-0.00173454 -0.0445534 0)
(-0.0016776 0.046568 0)
(-0.0101994 0.124397 0)
(-0.0266298 0.185646 0)
(-0.0468561 0.230582 0)
(-0.0681672 0.260574 0)
(-0.0887981 0.277611 0)
(-0.107534 0.283947 0)
(-0.123679 0.281838 0)
(-0.136966 0.27336 0)
(-0.14743 0.260313 0)
(-0.155292 0.24419 0)
(-0.160878 0.226183 0)
(-0.164554 0.207208 0)
(-0.166688 0.187947 0)
(-0.167623 0.168882 0)
(-0.167664 0.150339 0)
(-0.167076 0.132517 0)
(-0.16608 0.115517 0)
(-0.164861 0.0993627 0)
(-0.163568 0.0840219 0)
(-0.16232 0.0694181 0)
(-0.161212 0.0554425 0)
(-0.160319 0.041962 0)
(-0.159698 0.0288259 0)
(-0.159391 0.0158709 0)
(-0.159429 0.00292534 0)
(-0.159828 -0.0101878 0)
(-0.160594 -0.0236472 0)
(-0.161718 -0.0376296 0)
(-0.163176 -0.0523055 0)
(-0.164922 -0.0678339 0)
(-0.166885 -0.0843546 0)
(-0.168963 -0.101979 0)
(-0.171015 -0.120775 0)
(-0.172852 -0.140752 0)
(-0.17423 -0.161837 0)
(-0.174841 -0.183841 0)
(-0.17431 -0.206428 0)
(-0.172198 -0.229067 0)
(-0.168013 -0.250984 0)
(-0.161241 -0.271106 0)
(-0.151395 -0.288014 0)
(-0.138099 -0.299917 0)
(-0.121201 -0.304651 0)
(-0.100924 -0.299749 0)
(-0.0780357 -0.282588 0)
(-0.0539623 -0.25065 0)
(-0.030824 -0.201871 0)
(-0.0118688 -0.135053 0)
(-0.00197033 -0.0503573 0)
(-0.00194331 0.0521348 0)
(-0.0114642 0.138215 0)
(-0.0292934 0.204504 0)
(-0.0504381 0.251552 0)
(-0.0717063 0.281356 0)
(-0.091181 0.296621 0)
(-0.107701 0.300262 0)
(-0.120752 0.295063 0)
(-0.130305 0.28348 0)
(-0.136638 0.267557 0)
(-0.14019 0.248925 0)
(-0.141464 0.228829 0)
(-0.14096 0.20819 0)
(-0.139142 0.18766 0)
(-0.136413 0.16768 0)
(-0.133116 0.148524 0)
(-0.12953 0.130341 0)
(-0.125882 0.113185 0)
(-0.12235 0.0970403 0)
(-0.119071 0.0818406 0)
(-0.116152 0.0674811 0)
(-0.113676 0.0538299 0)
(-0.111705 0.0407358 0)
(-0.110287 0.0280334 0)
(-0.109458 0.0155471 0)
(-0.109247 0.0030944 0)
(-0.109672 -0.00951218 0)
(-0.110747 -0.0224624 0)
(-0.112472 -0.0359464 0)
(-0.114838 -0.0501514 0)
(-0.117819 -0.0652577 0)
(-0.121368 -0.0814329 0)
(-0.125407 -0.0988236 0)
(-0.129819 -0.117543 0)
(-0.134437 -0.137656 0)
(-0.139031 -0.159154 0)
(-0.143296 -0.181922 0)
(-0.146836 -0.205705 0)
(-0.149161 -0.230048 0)
(-0.149686 -0.254234 0)
(-0.14775 -0.277214 0)
(-0.142661 -0.297525 0)
(-0.133776 -0.313226 0)
(-0.120631 -0.321858 0)
(-0.103132 -0.320477 0)
(-0.0817921 -0.305792 0)
(-0.0579377 -0.274455 0)
(-0.0338467 -0.22352 0)
(-0.0133266 -0.15104 0)
(-0.00228195 -0.0568491 0)
(-0.00232247 0.0584855 0)
(-0.0131754 0.153508 0)
(-0.0327288 0.224615 0)
(-0.0547965 0.272896 0)
(-0.0756229 0.301321 0)
(-0.0932084 0.313601 0)
(-0.10657 0.313498 0)
(-0.115504 0.304421 0)
(-0.120322 0.289226 0)
(-0.121619 0.27018 0)
(-0.120088 0.249002 0)
(-0.116423 0.226943 0)
(-0.111257 0.204879 0)
(-0.105131 0.183394 0)
(-0.0984936 0.162852 0)
(-0.0917006 0.143454 0)
(-0.0850296 0.125283 0)
(-0.078691 0.108336 0)
(-0.0728413 0.0925511 0)
(-0.0675954 0.0778248 0)
(-0.0630362 0.0640241 0)
(-0.0592241 0.0509961 0)
(-0.0562032 0.0385735 0)
(-0.0540067 0.0265799 0)
(-0.0526617 0.0148318 0)
(-0.0521908 0.00314034 0)
(-0.0526143 -0.00868733 0)
(-0.0539498 -0.0208472 0)
(-0.0562115 -0.0335374 0)
(-0.0594075 -0.0469567 0)
(-0.0635354 -0.0613022 0)
(-0.0685768 -0.0767653 0)
(-0.0744882 -0.0935257 0)
(-0.0811909 -0.111741 0)
(-0.0885567 -0.131535 0)
(-0.0963919 -0.152971 0)
(-0.104418 -0.176028 0)
(-0.112249 -0.200553 0)
(-0.119378 -0.226204 0)
(-0.125154 -0.252378 0)
(-0.128793 -0.278111 0)
(-0.129395 -0.301967 0)
(-0.12602 -0.321925 0)
(-0.117822 -0.335277 0)
(-0.104266 -0.338589 0)
(-0.0854494 -0.327794 0)
(-0.0624322 -0.298484 0)
(-0.0375424 -0.246474 0)
(-0.0152136 -0.168655 0)
(-0.00270918 -0.064229 0)
(-0.00288359 0.0659212 0)
(-0.0155349 0.1707 0)
(-0.0371701 0.246131 0)
(-0.0599957 0.294324 0)
(-0.0796545 0.319761 0)
(-0.0942301 0.327551 0)
(-0.103128 0.322524 0)
(-0.106632 0.308782 0)
(-0.105526 0.289567 0)
(-0.100784 0.267301 0)
(-0.0933823 0.243713 0)
(-0.0841991 0.219986 0)
(-0.0739732 0.19689 0)
(-0.0632972 0.174892 0)
(-0.0526285 0.154247 0)
(-0.0423088 0.135059 0)
(-0.0325852 0.117331 0)
(-0.0236312 0.100997 0)
(-0.0155639 0.0859456 0)
(-0.00846 0.0720367 0)
(-0.0023677 0.0591111 0)
(0.00268286 0.0469981 0)
(0.00667264 0.0355196 0)
(0.00958795 0.0244931 0)
(0.0114154 0.0137323 0)
(0.0121398 0.003048 0)
(0.0117422 -0.00775224 0)
(0.0101996 -0.0188642 0)
(0.00748588 -0.0304877 0)
(0.00357381 -0.0428263 0)
(-0.00156114 -0.0560869 0)
(-0.00793493 -0.0704783 0)
(-0.0155468 -0.0862072 0)
(-0.0243679 -0.103472 0)
(-0.0343265 -0.122451 0)
(-0.0452886 -0.143286 0)
(-0.0570335 -0.166056 0)
(-0.0692254 -0.190734 0)
(-0.0813807 -0.217128 0)
(-0.0928361 -0.244799 0)
(-0.102725 -0.272949 0)
(-0.109973 -0.300267 0)
(-0.11334 -0.324764 0)
(-0.111537 -0.343579 0)
(-0.103456 -0.352837 0)
(-0.0885657 -0.347626 0)
(-0.0673953 -0.322227 0)
(-0.0420949 -0.270742 0)
(-0.0177228 -0.188259 0)
(-0.00332176 -0.0727905 0)
(-0.00374967 0.074902 0)
(-0.0188556 0.190328 0)
(-0.0428892 0.26909 0)
(-0.0659513 0.315217 0)
(-0.0831743 0.335525 0)
(-0.0930602 0.337035 0)
(-0.0957274 0.325847 0)
(-0.0921825 0.306772 0)
(-0.0838062 0.283342 0)
(-0.0720016 0.258011 0)
(-0.0580149 0.232399 0)
(-0.0428696 0.207522 0)
(-0.0273605 0.18397 0)
(-0.0120782 0.162046 0)
(0.00255647 0.141863 0)
(0.0162567 0.123411 0)
(0.0288372 0.106606 0)
(0.0401866 0.0913162 0)
(0.0502457 0.0773819 0)
(0.0589899 0.064631 0)
(0.0664162 0.0528836 0)
(0.0725323 0.0419574 0)
(0.0773498 0.0316699 0)
(0.0808781 0.0218387 0)
(0.0831207 0.0122814 0)
(0.084072 0.00281489 0)
(0.0837162 -0.00674598 0)
(0.0820263 -0.0165899 0)
(0.0789649 -0.0269106 0)
(0.0744853 -0.0379086 0)
(0.068535 -0.0497923 0)
(0.0610604 -0.0627783 0)
(0.0520137 -0.0770908 0)
(0.0413641 -0.092959 0)
(0.0291116 -0.11061 0)
(0.0153078 -0.130259 0)
(8.26714e-05 -0.152083 0)
(-0.0163205 -0.176193 0)
(-0.0335013 -0.202576 0)
(-0.0508505 -0.23101 0)
(-0.0674972 -0.260942 0)
(-0.0822638 -0.29131 0)
(-0.0936555 -0.32031 0)
(-0.0999239 -0.345105 0)
(-0.0992734 -0.361523 0)
(-0.0902894 -0.36383 0)
(-0.0725837 -0.344774 0)
(-0.0477019 -0.296158 0)
(-0.0211548 -0.210298 0)
(-0.00424566 -0.082983 0)
(-0.00514579 0.0861553 0)
(-0.0236154 0.213029 0)
(-0.0501232 0.293231 0)
(-0.0721953 0.334363 0)
(-0.084846 0.346793 0)
(-0.0875997 0.340028 0)
(-0.0817467 0.321565 0)
(-0.0692713 0.296796 0)
(-0.0522412 0.269341 0)
(-0.0324716 0.241479 0)
(-0.0114083 0.214562 0)
(0.00986867 0.189321 0)
(0.0305949 0.166093 0)
(0.0502571 0.144974 0)
(0.0685316 0.125913 0)
(0.0852325 0.10878 0)
(0.10027 0.093404 0)
(0.11362 0.0795916 0)
(0.125298 0.0671455 0)
(0.135342 0.0558694 0)
(0.143802 0.0455716 0)
(0.150729 0.036067 0)
(0.156168 0.027176 0)
(0.160155 0.0187242 0)
(0.16271 0.0105401 0)
(0.163839 0.0024539 0)
(0.163531 -0.0057054 0)
(0.161757 -0.014112 0)
(0.15847 -0.0229459 0)
(0.153604 -0.0323957 0)
(0.147081 -0.0426613 0)
(0.138809 -0.0539562 0)
(0.128691 -0.0665097 0)
(0.11663 -0.0805678 0)
(0.102544 -0.0963917 0)
(0.0863851 -0.114253 0)
(0.0681627 -0.13442 0)
(0.0479833 -0.157138 0)
(0.0261005 -0.18258 0)
(0.00298219 -0.210777 0)
(-0.0206062 -0.241497 0)
(-0.0435087 -0.274055 0)
(-0.0640951 -0.307032 0)
(-0.08023 -0.337873 0)
(-0.0893837 -0.362394 0)
(-0.0890145 -0.374241 0)
(-0.0773074 -0.364546 0)
(-0.0544841 -0.322171 0)
(-0.0259675 -0.23527 0)
(-0.00571169 -0.0955209 0)
(-0.00747989 0.100859 0)
(-0.0305033 0.239439 0)
(-0.0588322 0.317607 0)
(-0.0773598 0.349528 0)
(-0.0819893 0.350763 0)
(-0.0742313 0.333798 0)
(-0.0570981 0.307396 0)
(-0.0337423 0.277179 0)
(-0.00688859 0.246486 0)
(0.0213703 0.217144 0)
(0.0495507 0.190041 0)
(0.0766672 0.165511 0)
(0.102109 0.14358 0)
(0.125534 0.124111 0)
(0.146783 0.106891 0)
(0.165818 0.0916773 0)
(0.182674 0.0782237 0)
(0.197432 0.0662936 0)
(0.210193 0.0556645 0)
(0.221068 0.0461303 0)
(0.230158 0.0374995 0)
(0.23756 0.0295941 0)
(0.243351 0.0222471 0)
(0.247592 0.0152997 0)
(0.250322 0.00859896 0)
(0.251558 0.00199461 0)
(0.251295 -0.0046633 0)
(0.249501 -0.0115276 0)
(0.246124 -0.0187571 0)
(0.241084 -0.02652 0)
(0.234277 -0.0349975 0)
(0.225581 -0.044388 0)
(0.214848 -0.0549111 0)
(0.201921 -0.0668118 0)
(0.186633 -0.0803646 0)
(0.168827 -0.0958746 0)
(0.148373 -0.113676 0)
(0.125205 -0.134122 0)
(0.0993683 -0.157559 0)
(0.0710966 -0.184277 0)
(0.0409136 -0.214408 0)
(0.00977236 -0.247755 0)
(-0.0207773 -0.28349 0)
(-0.0484238 -0.319683 0)
(-0.0700212 -0.352593 0)
(-0.0817754 -0.375736 0)
(-0.0798967 -0.378865 0)
(-0.0622072 -0.347426 0)
(-0.0328056 -0.263591 0)
(-0.00813482 -0.111563 0)
(-0.011432 0.12089 0)
(-0.0403126 0.269805 0)
(-0.0679975 0.339836 0)
(-0.0780866 0.356832 0)
(-0.0694605 0.343357 0)
(-0.0469078 0.314919 0)
(-0.0156062 0.28091 0)
(0.0201838 0.246483 0)
(0.0573552 0.214171 0)
(0.0938521 0.185012 0)
(0.128428 0.159255 0)
(0.1604 0.136762 0)
(0.18946 0.117231 0)
(0.215534 0.100307 0)
(0.238686 0.0856377 0)
(0.259059 0.0728981 0)
(0.276835 0.0617973 0)
(0.292204 0.0520782 0)
(0.305356 0.0435153 0)
(0.316465 0.0359093 0)
(0.325686 0.0290831 0)
(0.333152 0.0228775 0)
(0.33897 0.0171467 0)
(0.343221 0.0117555 0)
(0.34596 0.00657549 0)
(0.347213 0.00148218 0)
(0.346981 -0.00364806 0)
(0.345235 -0.00894108 0)
(0.341915 -0.0145282 0)
(0.336934 -0.0205498 0)
(0.330174 -0.0271594 0)
(0.321483 -0.0345285 0)
(0.310679 -0.0428521 0)
(0.297551 -0.0523552 0)
(0.281858 -0.0633 0)
(0.263338 -0.0759942 0)
(0.241721 -0.0907981 0)
(0.216751 -0.10813 0)
(0.188227 -0.128462 0)
(0.156066 -0.152301 0)
(0.120412 -0.180133 0)
(0.0817969 -0.212295 0)
(0.0413765 -0.248718 0)
(0.00124314 -0.288449 0)
(-0.0352425 -0.328809 0)
(-0.0632331 -0.36405 0)
(-0.0766252 -0.38339 0)
(-0.0695277 -0.368996 0)
(-0.0423433 -0.295143 0)
(-0.012189 -0.132938 0)
(-0.0178496 0.149167 0)
(-0.0531352 0.30286 0)
(-0.0737291 0.3547 0)
(-0.0668186 0.349946 0)
(-0.0378149 0.319152 0)
(0.00407189 0.279688 0)
(0.0516365 0.240145 0)
(0.100123 0.204143 0)
(0.146698 0.172797 0)
(0.189864 0.146078 0)
(0.228978 0.123512 0)
(0.263893 0.104502 0)
(0.294736 0.0884698 0)
(0.321769 0.0749074 0)
(0.345313 0.0633848 0)
(0.365698 0.0535449 0)
(0.383243 0.0450927 0)
(0.398239 0.0377837 0)
(0.410947 0.0314131 0)
(0.421593 0.0258077 0)
(0.430369 0.0208185 0)
(0.437434 0.0163153 0)
(0.442913 0.012182 0)
(0.446903 0.00831252 0)
(0.449466 0.00460799 0)
(0.450636 0.000973408 0)
(0.450419 -0.002685 0)
(0.448786 -0.00646251 0)
(0.445681 -0.0104589 0)
(0.441012 -0.0147817 0)
(0.434654 -0.01955 0)
(0.426443 -0.0248992 0)
(0.416178 -0.0309867 0)
(0.403611 -0.0379991 0)
(0.38845 -0.0461618 0)
(0.370354 -0.0557499 0)
(0.348935 -0.0671031 0)
(0.323764 -0.0806421 0)
(0.29439 -0.0968865 0)
(0.260382 -0.116469 0)
(0.221405 -0.140131 0)
(0.177367 -0.168681 0)
(0.128668 -0.202843 0)
(0.0766125 -0.242891 0)
(0.0239931 -0.287848 0)
(-0.0240967 -0.333891 0)
(-0.0596335 -0.371473 0)
(-0.0720596 -0.381 0)
(-0.0543619 -0.328068 0)
(-0.0186482 -0.162452 0)
(-0.0267701 0.190621 0)
(-0.0654366 0.332974 0)
(-0.0645998 0.351404 0)
(-0.027623 0.31907 0)
(0.0293892 0.271728 0)
(0.0933579 0.225103 0)
(0.156593 0.184678 0)
(0.215299 0.151365 0)
(0.267965 0.124436 0)
(0.314305 0.102763 0)
(0.354622 0.0852641 0)
(0.389466 0.071042 0)
(0.419453 0.0593884 0)
(0.445181 0.0497576 0)
(0.467196 0.0417311 0)
(0.485977 0.034986 0)
(0.501942 0.0292704 0)
(0.515443 0.0243852 0)
(0.526781 0.0201703 0)
(0.536205 0.0164944 0)
(0.543921 0.0132479 0)
(0.550095 0.0103374 0)
(0.554859 0.0076809 0)
(0.558308 0.00520522 0)
(0.560508 0.00284268 0)
(0.561496 0.000529016 0)
(0.561279 -0.00179886 0)
(0.559833 -0.00420493 0)
(0.557105 -0.00675638 0)
(0.553009 -0.00952609 0)
(0.547426 -0.0125957 0)
(0.540195 -0.0160592 0)
(0.531116 -0.0200282 0)
(0.519936 -0.024638 0)
(0.506344 -0.0300563 0)
(0.489964 -0.0364952 0)
(0.470342 -0.0442275 0)
(0.446935 -0.0536085 0)
(0.419103 -0.0651064 0)
(0.386111 -0.0793414 0)
(0.347152 -0.0971326 0)
(0.30142 -0.119541 0)
(0.248284 -0.147878 0)
(0.187654 -0.183577 0)
(0.120686 -0.22771 0)
(0.0510541 -0.279589 0)
(-0.013201 -0.33349 0)
(-0.0578698 -0.372105 0)
(-0.064694 -0.355878 0)
(-0.027288 -0.204798 0)
(-0.0329176 0.250391 0)
(-0.0615929 0.344035 0)
(-0.0115175 0.310557 0)
(0.0707437 0.251453 0)
(0.158775 0.195879 0)
(0.241189 0.151258 0)
(0.31363 0.11751 0)
(0.375408 0.0923685 0)
(0.427428 0.0735418 0)
(0.471045 0.0592511 0)
(0.507602 0.0482232 0)
(0.53828 0.0395692 0)
(0.564067 0.0326709 0)
(0.585773 0.027094 0)
(0.604055 0.0225281 0)
(0.619448 0.0187474 0)
(0.632386 0.0155834 0)
(0.643223 0.0129078 0)
(0.652247 0.0106207 0)
(0.659692 0.00864223 0)
(0.665747 0.00690733 0)
(0.670562 0.00536146 0)
(0.674253 0.00395772 0)
(0.676905 0.00265466 0)
(0.678576 0.00141449 0)
(0.679299 0.000201592 0)
(0.67908 -0.00101887 0)
(0.677902 -0.00228207 0)
(0.67572 -0.00362509 0)
(0.672463 -0.00508833 0)
(0.668028 -0.00671744 0)
(0.66228 -0.00856566 0)
(0.655041 -0.010697 0)
(0.646089 -0.0131908 0)
(0.635141 -0.0161472 0)
(0.621846 -0.0196967 0)
(0.605761 -0.0240122 0)
(0.586332 -0.0293289 0)
(0.56286 -0.0359722 0)
(0.534464 -0.0444026 0)
(0.500039 -0.0552827 0)
(0.458222 -0.0695766 0)
(0.407392 -0.0886873 0)
(0.345793 -0.114613 0)
(0.271989 -0.150001 0)
(0.186109 -0.197609 0)
(0.092181 -0.257981 0)
(0.00181251 -0.32326 0)
(-0.0569396 -0.361523 0)
(-0.0321702 -0.263989 0)
(0.001086 0.294892 0)
(0.0168563 0.298614 0)
(0.152312 0.213009 0)
(0.282821 0.145302 0)
(0.387945 0.0996008 0)
(0.471101 0.0697597 0)
(0.536443 0.0503954 0)
(0.587826 0.0375859 0)
(0.628594 0.0288193 0)
(0.66131 0.0225938 0)
(0.68784 0.0180188 0)
(0.709546 0.0145557 0)
(0.727429 0.0118689 0)
(0.742239 0.00974146 0)
(0.754548 0.00802849 0)
(0.764795 0.00662936 0)
(0.773324 0.00547198 0)
(0.780407 0.00450309 0)
(0.78626 0.00368219 0)
(0.791055 0.00297765 0)
(0.794928 0.00236409 0)
(0.797987 0.00182058 0)
(0.800312 0.00132937 0)
(0.801964 0.000874938 0)
(0.802984 0.000443253 0)
(0.803395 2.1192e-05 0)
(0.8032 -0.000403835 0)
(0.802389 -0.000844891 0)
(0.80093 -0.00131556 0)
(0.798775 -0.00183069 0)
(0.795852 -0.0024072 0)
(0.792067 -0.00306503 0)
(0.787297 -0.00382844 0)
(0.781382 -0.00472789 0)
(0.77412 -0.00580264 0)
(0.765251 -0.00710483 0)
(0.754443 -0.00870549 0)
(0.741262 -0.0107043 0)
(0.725141 -0.0132457 0)
(0.705321 -0.0165457 0)
(0.680773 -0.0209403 0)
(0.650078 -0.0269711 0)
(0.611257 -0.0355433 0)
(0.561538 -0.0482089 0)
(0.497185 -0.0676272 0)
(0.413736 -0.098101 0)
(0.306286 -0.145743 0)
(0.170506 -0.217281 0)
(0.026899 -0.30719 0)
(0.00518626 -0.303011 0)
(0.290251 0.152413 0)
(0.389536 0.128235 0)
(0.565421 0.0747322 0)
(0.683242 0.0422289 0)
(0.752823 0.0245248 0)
(0.797817 0.0148817 0)
(0.828961 0.00957226 0)
(0.851406 0.00654742 0)
(0.868182 0.00472229 0)
(0.881113 0.00354684 0)
(0.891309 0.00274276 0)
(0.899479 0.00216452 0)
(0.906102 0.00173218 0)
(0.911516 0.00139922 0)
(0.915965 0.00113693 0)
(0.919632 0.000926579 0)
(0.922657 0.000755334 0)
(0.925148 0.000614019 0)
(0.92719 0.000495842 0)
(0.92885 0.00039561 0)
(0.930179 0.00030923 0)
(0.931218 0.000233384 0)
(0.931998 0.000165296 0)
(0.932541 0.000102564 0)
(0.932863 4.30273e-05 0)
(0.93297 -1.53128e-05 0)
(0.932866 -7.41884e-05 0)
(0.932544 -0.000135738 0)
(0.931994 -0.000202001 0)
(0.931196 -0.000275214 0)
(0.930123 -0.000357962 0)
(0.92874 -0.000453332 0)
(0.927 -0.000565136 0)
(0.924841 -0.000698236 0)
(0.922185 -0.000859029 0)
(0.918931 -0.0010562 0)
(0.914947 -0.00130195 0)
(0.910058 -0.00161404 0)
(0.904028 -0.00201953 0)
(0.896532 -0.00256188 0)
(0.887102 -0.00331509 0)
(0.875043 -0.00441347 0)
(0.859267 -0.00611569 0)
(0.837972 -0.00894249 0)
(0.808103 -0.0139538 0)
(0.76439 -0.0232416 0)
(0.695899 -0.0407683 0)
(0.577942 -0.0737459 0)
(0.398051 -0.128745 0)
(0.29387 -0.153787 0)
)
;

boundaryField
{
    movingWallTop
    {
        type            fixedValue;
        value           uniform (1 0 0);
    }
    movingWallBottom
    {
        type            fixedValue;
        value           uniform (1 0 0);
    }
    fixedWalls
    {
        type            noSlip;
    }
    frontAndBack
    {
        type            empty;
    }
}


// ************************************************************************* //
