/*--------------------------------*- C++ -*----------------------------------*\
  =========                 |
  \\      /  F ield         | OpenFOAM: The Open Source CFD Toolbox
   \\    /   O peration     | Website:  https://openfoam.org
    \\  /    A nd           | Version:  7
     \\/     M anipulation  |
\*---------------------------------------------------------------------------*/
FoamFile
{
    version     2.0;
    format      ascii;
    class       surfaceScalarField;
    location    "0.0146";
    object      phi;
}
// * * * * * * * * * * * * * * * * * * * * * * * * * * * * * * * * * * * * * //

dimensions      [0 3 -1 0 0 0 0];

internalField   nonuniform List<scalar> 
4900
(
5.45719e-06
-5.45719e-06
9.95794e-06
-4.50075e-06
1.26981e-05
-2.74014e-06
1.4412e-05
-1.7139e-06
1.55201e-05
-1.10814e-06
1.6262e-05
-7.41825e-07
1.67791e-05
-5.17117e-07
1.71537e-05
-3.74632e-07
1.74337e-05
-2.80032e-07
1.7648e-05
-2.14316e-07
1.78149e-05
-1.66882e-07
1.79465e-05
-1.31587e-07
1.80512e-05
-1.04703e-07
1.81351e-05
-8.38567e-08
1.82025e-05
-6.74679e-08
1.8257e-05
-5.44393e-08
1.8301e-05
-4.3981e-08
1.83365e-05
-3.55079e-08
1.8365e-05
-2.85748e-08
1.83879e-05
-2.28355e-08
1.84059e-05
-1.80152e-08
1.84198e-05
-1.38907e-08
1.84301e-05
-1.02765e-08
1.84371e-05
-7.01375e-09
1.8441e-05
-3.96163e-09
1.8442e-05
-9.90096e-10
1.844e-05
2.02738e-09
1.84348e-05
5.21909e-09
1.84261e-05
8.72286e-09
1.84134e-05
1.26924e-08
1.83961e-05
1.73062e-08
1.83733e-05
2.27779e-08
1.83439e-05
2.93697e-08
1.83065e-05
3.74122e-08
1.82592e-05
4.73305e-08
1.81995e-05
5.96856e-08
1.81243e-05
7.52368e-08
1.80292e-05
9.50437e-08
1.79086e-05
1.20637e-07
1.77543e-05
1.5432e-07
1.75545e-05
1.99724e-07
1.72917e-05
2.62869e-07
1.69374e-05
3.54246e-07
1.64444e-05
4.92969e-07
1.573e-05
7.14454e-07
1.46477e-05
1.08231e-06
1.29424e-05
1.70531e-06
1.01632e-05
2.77923e-06
5.55899e-06
4.60416e-06
5.55899e-06
-1.16935e-07
-5.34026e-06
1.8336e-06
-6.45129e-06
4.40815e-06
-5.31469e-06
6.70944e-06
-4.01519e-06
8.56696e-06
-2.96566e-06
1.00199e-05
-2.19472e-06
1.1149e-05
-1.64623e-06
1.20298e-05
-1.25542e-06
1.27221e-05
-9.72382e-07
1.32709e-05
-7.63148e-07
1.37094e-05
-6.05336e-07
1.4062e-05
-4.84157e-07
1.4347e-05
-3.89688e-07
1.45782e-05
-3.15116e-07
1.47664e-05
-2.55638e-07
1.49197e-05
-2.07775e-07
1.50447e-05
-1.68946e-07
1.51464e-05
-1.3719e-07
1.52288e-05
-1.10985e-07
1.52951e-05
-8.91283e-08
1.53477e-05
-7.065e-08
1.53886e-05
-5.47528e-08
1.54191e-05
-4.07656e-08
1.54401e-05
-2.8108e-08
1.54524e-05
-1.62612e-08
1.54562e-05
-4.7426e-09
1.54513e-05
6.91663e-09
1.54373e-05
1.91949e-08
1.54135e-05
3.26011e-08
1.53784e-05
4.77013e-08
1.53306e-05
6.51473e-08
1.52677e-05
8.5712e-08
1.51867e-05
1.10336e-07
1.50839e-05
1.40189e-07
1.49545e-05
1.76759e-07
1.47922e-05
2.21976e-07
1.4589e-05
2.78399e-07
1.43346e-05
3.4951e-07
1.40151e-05
4.40163e-07
1.36121e-05
5.5731e-07
1.31006e-05
7.11193e-07
1.24462e-05
9.17273e-07
1.16011e-05
1.19932e-06
1.05001e-05
1.59403e-06
9.05787e-06
2.15665e-06
7.17896e-06
2.96121e-06
4.80825e-06
4.07602e-06
2.11272e-06
5.47475e-06
9.80678e-09
6.70708e-06
5.5688e-06
-1.08281e-06
-4.25745e-06
-7.61058e-07
-6.77304e-06
5.66688e-07
-6.64244e-06
2.25272e-06
-5.70122e-06
3.92714e-06
-4.64008e-06
5.43225e-06
-3.69983e-06
6.72216e-06
-2.93614e-06
7.80213e-06
-2.33539e-06
8.69654e-06
-1.86679e-06
9.43393e-06
-1.50054e-06
1.0041e-05
-1.21245e-06
1.05409e-05
-9.84052e-07
1.09528e-05
-8.01524e-07
1.12922e-05
-6.54579e-07
1.15721e-05
-5.35487e-07
1.18027e-05
-4.38366e-07
1.19924e-05
-3.58672e-07
1.21481e-05
-2.92843e-07
1.22751e-05
-2.38044e-07
1.2378e-05
-1.91981e-07
1.24601e-05
-1.52771e-07
1.25242e-05
-1.18841e-07
1.25723e-05
-8.88446e-08
1.26058e-05
-6.16066e-08
1.26256e-05
-3.6064e-08
1.2632e-05
-1.12216e-08
1.26251e-05
1.38923e-08
1.2604e-05
4.0268e-08
1.25676e-05
6.89579e-08
1.25142e-05
1.01125e-07
1.24413e-05
1.38097e-07
1.23455e-05
1.81432e-07
1.22229e-05
2.33003e-07
1.2068e-05
2.95105e-07
1.18741e-05
3.70601e-07
1.1633e-05
4.63125e-07
1.1334e-05
5.77371e-07
1.0964e-05
7.19499e-07
1.05064e-05
8.9773e-07
9.94057e-06
1.12318e-06
9.24072e-06
1.41104e-06
8.37599e-06
1.78201e-06
7.31147e-06
2.26383e-06
6.01386e-06
2.89164e-06
4.46691e-06
3.7036e-06
2.70668e-06
4.72144e-06
8.90349e-07
5.89235e-06
-5.9141e-07
6.95651e-06
-1.04316e-06
7.15883e-06
4.52564e-06
-9.16802e-07
-3.34065e-06
-1.35931e-06
-6.33053e-06
-9.80252e-07
-7.0215e-06
-6.00921e-08
-6.62138e-06
1.108e-06
-5.80817e-06
2.32518e-06
-4.91702e-06
3.48026e-06
-4.09122e-06
4.52238e-06
-3.37751e-06
5.43568e-06
-2.78009e-06
6.22234e-06
-2.2872e-06
6.89272e-06
-1.88284e-06
7.46013e-06
-1.55147e-06
7.93818e-06
-1.27957e-06
8.33957e-06
-1.05596e-06
8.67561e-06
-8.71529e-07
8.95613e-06
-7.18885e-07
9.1895e-06
-5.92044e-07
9.38278e-06
-4.8612e-07
9.54182e-06
-3.97089e-07
9.67146e-06
-3.21612e-07
9.77556e-06
-2.56877e-07
9.85721e-06
-2.00488e-07
9.91873e-06
-1.50362e-07
9.96177e-06
-1.04651e-07
9.98737e-06
-6.1663e-08
9.99595e-06
-1.98025e-08
9.98735e-06
2.24971e-08
9.96078e-06
6.68336e-08
9.91484e-06
1.14901e-07
9.84741e-06
1.68557e-07
9.7556e-06
2.29906e-07
9.63565e-06
3.01382e-07
9.48278e-06
3.85866e-07
9.29107e-06
4.86821e-07
9.0532e-06
6.08469e-07
8.7603e-06
7.56019e-07
8.40171e-06
9.35962e-07
7.96476e-06
1.15645e-06
7.4347e-06
1.42779e-06
6.79497e-06
1.76291e-06
6.02814e-06
2.17787e-06
5.11835e-06
2.69179e-06
4.05671e-06
3.32548e-06
2.85196e-06
4.0964e-06
1.5498e-06
5.00576e-06
2.62959e-07
6.00829e-06
-7.94692e-07
6.95e-06
-1.29798e-06
7.45979e-06
-9.24247e-07
6.7851e-06
3.60139e-06
-6.72013e-07
-2.66863e-06
-1.32571e-06
-5.67684e-06
-1.48157e-06
-6.86563e-06
-1.1543e-06
-6.94866e-06
-4.97671e-07
-6.4648e-06
3.32153e-07
-5.74684e-06
1.2185e-06
-4.97757e-06
2.08733e-06
-4.24634e-06
2.89747e-06
-3.59023e-06
3.62959e-06
-3.01932e-06
4.27771e-06
-2.53096e-06
4.84338e-06
-2.11714e-06
5.3321e-06
-1.76829e-06
5.75109e-06
-1.47495e-06
6.10804e-06
-1.22848e-06
6.41044e-06
-1.02128e-06
6.66516e-06
-8.46773e-07
6.87837e-06
-6.99325e-07
7.05539e-06
-5.74108e-07
7.20075e-06
-4.66971e-07
7.3182e-06
-3.74328e-07
7.41076e-06
-2.93046e-07
7.48074e-06
-2.20347e-07
7.52981e-06
-1.53724e-07
7.55901e-06
-9.08538e-08
7.56872e-06
-2.95201e-08
7.55876e-06
3.24627e-08
7.52826e-06
9.73268e-08
7.47573e-06
1.67431e-07
7.39895e-06
2.45344e-07
7.29491e-06
3.33939e-07
7.1598e-06
4.36495e-07
6.98885e-06
5.56816e-07
6.7763e-06
6.99374e-07
6.51531e-06
8.69462e-07
6.19793e-06
1.07339e-06
5.81521e-06
1.31869e-06
5.35737e-06
1.61429e-06
4.81444e-06
1.97072e-06
4.17743e-06
2.39992e-06
3.44053e-06
2.91476e-06
2.6051e-06
3.52722e-06
1.6862e-06
4.24438e-06
7.2275e-07
5.05985e-06
-2.08802e-07
5.93731e-06
-9.81191e-07
6.78068e-06
-1.41714e-06
7.38595e-06
-1.33418e-06
7.37684e-06
-6.96175e-07
6.14709e-06
2.90521e-06
-4.8094e-07
-2.18769e-06
-1.13726e-06
-5.02051e-06
-1.54847e-06
-6.45443e-06
-1.60647e-06
-6.89066e-06
-1.35561e-06
-6.71565e-06
-8.89314e-07
-6.21314e-06
-2.99527e-07
-5.56735e-06
3.41745e-07
-4.88761e-06
9.84835e-07
-4.23331e-06
1.59868e-06
-3.63317e-06
2.16586e-06
-3.09814e-06
2.67821e-06
-2.62949e-06
3.13347e-06
-2.22356e-06
3.53298e-06
-1.87446e-06
3.88004e-06
-1.57554e-06
4.17893e-06
-1.32016e-06
4.43422e-06
-1.10206e-06
4.65041e-06
-9.15521e-07
4.83169e-06
-7.55378e-07
4.98174e-06
-6.17028e-07
5.10377e-06
-4.96356e-07
5.20039e-06
-3.89667e-07
5.27366e-06
-2.93613e-07
5.32505e-06
-2.05114e-07
5.35547e-06
-1.21272e-07
5.36524e-06
-3.92975e-08
5.35413e-06
4.35803e-08
5.32126e-06
1.30193e-07
5.26517e-06
2.2352e-07
5.18373e-06
3.26781e-07
5.07414e-06
4.43529e-07
4.93289e-06
5.7775e-07
4.75573e-06
7.3397e-07
4.53775e-06
9.17362e-07
4.27336e-06
1.13385e-06
3.95655e-06
1.39019e-06
3.5812e-06
1.69404e-06
3.14167e-06
2.05383e-06
2.63387e-06
2.47851e-06
2.05698e-06
2.97681e-06
1.4161e-06
3.55564e-06
7.26249e-07
4.21708e-06
1.78073e-08
4.95282e-06
-6.56931e-07
5.73458e-06
-1.21813e-06
6.49851e-06
-1.55956e-06
7.12211e-06
-1.56849e-06
7.39488e-06
-1.18306e-06
6.9914e-06
-5.09451e-07
5.47349e-06
2.39576e-06
-3.52112e-07
-1.83558e-06
-9.46079e-07
-4.42655e-06
-1.45651e-06
-5.94399e-06
-1.73964e-06
-6.60753e-06
-1.77502e-06
-6.68027e-06
-1.60285e-06
-6.38531e-06
-1.28265e-06
-5.88755e-06
-8.71671e-07
-5.29859e-06
-4.16327e-07
-4.68866e-06
4.93987e-08
-4.0989e-06
5.02527e-07
-3.55126e-06
9.28712e-07
-3.05567e-06
1.31992e-06
-2.61476e-06
1.67248e-06
-2.22702e-06
1.98562e-06
-1.88868e-06
2.26034e-06
-1.59488e-06
2.49867e-06
-1.3404e-06
2.70317e-06
-1.12001e-06
2.87649e-06
-9.28705e-07
3.02124e-06
-7.61778e-07
3.13976e-06
-6.14871e-07
3.23404e-06
-4.8395e-07
3.30569e-06
-3.65265e-07
3.35587e-06
-2.55294e-07
3.38527e-06
-1.50674e-07
3.39411e-06
-4.813e-08
3.38208e-06
5.56092e-08
3.34838e-06
1.63889e-07
3.29169e-06
2.80214e-07
3.21013e-06
4.08337e-07
3.10132e-06
5.52338e-07
2.96236e-06
7.16707e-07
2.78992e-06
9.06416e-07
2.58031e-06
1.12697e-06
2.32974e-06
1.38442e-06
2.0346e-06
1.68533e-06
1.69203e-06
2.0366e-06
1.30074e-06
2.44512e-06
8.6224e-07
2.91702e-06
3.82598e-07
3.45645e-06
-1.25107e-07
4.06335e-06
-6.37757e-07
4.72973e-06
-1.11886e-06
5.43393e-06
-1.51609e-06
6.13181e-06
-1.76219e-06
6.74461e-06
-1.78426e-06
7.14417e-06
-1.52862e-06
7.13924e-06
-1.0093e-06
6.47208e-06
-3.80212e-07
4.8444e-06
2.01555e-06
-2.68428e-07
-1.56715e-06
-7.8889e-07
-3.90608e-06
-1.32049e-06
-5.4124e-06
-1.72349e-06
-6.20453e-06
-1.94643e-06
-6.45733e-06
-1.99314e-06
-6.3386e-06
-1.89443e-06
-5.98627e-06
-1.6894e-06
-5.50362e-06
-1.41532e-06
-4.96273e-06
-1.10325e-06
-4.41097e-06
-7.76936e-07
-3.87758e-06
-4.53395e-07
-3.37921e-06
-1.44068e-07
-2.92409e-06
1.43899e-07
-2.51499e-06
4.06514e-07
-2.15129e-06
6.41988e-07
-1.83036e-06
8.50009e-07
-1.54842e-06
1.03119e-06
-1.30119e-06
1.18665e-06
-1.08417e-06
1.31777e-06
-8.92892e-07
1.42592e-06
-7.23018e-07
1.51236e-06
-5.70398e-07
1.57816e-06
-4.31064e-07
1.62408e-06
-3.0121e-07
1.65054e-06
-1.77139e-07
1.65763e-06
-5.52122e-08
1.64501e-06
6.82247e-08
1.61199e-06
1.96912e-07
1.55745e-06
3.34749e-07
1.47993e-06
4.85863e-07
1.37759e-06
6.54677e-07
1.24835e-06
8.45947e-07
1.08997e-06
1.0648e-06
9.00242e-07
1.31669e-06
6.773e-07
1.60736e-06
4.20025e-07
1.94261e-06
1.28683e-07
2.32795e-06
-1.94213e-07
2.76801e-06
-5.42726e-07
3.26553e-06
-9.06001e-07
3.81973e-06
-1.2665e-06
4.42385e-06
-1.59825e-06
5.06147e-06
-1.86564e-06
5.70132e-06
-2.0242e-06
6.29036e-06
-2.02527e-06
6.74568e-06
-1.82792e-06
6.94682e-06
-1.42131e-06
6.73264e-06
-8.58541e-07
5.90931e-06
-2.94676e-07
4.28053e-06
1.72087e-06
-2.13173e-07
-1.35398e-06
-6.66841e-07
-3.45242e-06
-1.18402e-06
-4.89522e-06
-1.64297e-06
-5.74558e-06
-1.98155e-06
-6.11875e-06
-2.1821e-06
-6.13804e-06
-2.25406e-06
-5.91431e-06
-2.21999e-06
-5.53769e-06
-2.10637e-06
-5.07635e-06
-1.93837e-06
-4.57896e-06
-1.73743e-06
-4.07852e-06
-1.52052e-06
-3.59612e-06
-1.30036e-06
-3.14425e-06
-1.086e-06
-2.72935e-06
-8.83571e-07
-2.35373e-06
-6.96921e-07
-2.01701e-06
-5.28264e-07
-1.71708e-06
-3.7865e-07
-1.45081e-06
-2.48361e-07
-1.21446e-06
-1.37204e-07
-1.00405e-06
-4.47425e-08
-8.1548e-07
2.95435e-08
-6.44684e-07
8.61318e-08
-4.87653e-07
1.25372e-07
-3.40449e-07
1.47424e-07
-1.99191e-07
1.5222e-07
-6.00087e-08
1.39442e-07
8.10032e-08
1.08513e-07
2.27841e-07
5.86146e-08
3.84647e-07
-1.12791e-08
5.55757e-07
-1.02336e-07
7.45734e-07
-2.15761e-07
9.59372e-07
-3.52632e-07
1.20167e-06
-5.13672e-07
1.47773e-06
-6.9891e-07
1.7926e-06
-9.07233e-07
2.15093e-06
-1.13577e-06
2.55649e-06
-1.37913e-06
3.01137e-06
-1.62844e-06
3.51484e-06
-1.8703e-06
4.06159e-06
-2.08583e-06
4.63938e-06
-2.25008e-06
5.22572e-06
-2.33255e-06
5.78378e-06
-2.29979e-06
6.2576e-06
-2.12162e-06
6.56751e-06
-1.78236e-06
6.60756e-06
-1.29794e-06
6.24822e-06
-7.36849e-07
5.34822e-06
-2.37139e-07
3.78082e-06
1.48373e-06
-1.75309e-07
-1.17867e-06
-5.72833e-07
-3.05489e-06
-1.06117e-06
-4.40689e-06
-1.53893e-06
-5.26781e-06
-1.9439e-06
-5.71378e-06
-2.24746e-06
-5.83448e-06
-2.44482e-06
-5.71695e-06
-2.54548e-06
-5.43703e-06
-2.5659e-06
-5.05594e-06
-2.52448e-06
-4.62038e-06
-2.43876e-06
-4.16424e-06
-2.32394e-06
-3.71094e-06
-2.19243e-06
-3.27576e-06
-2.05388e-06
-2.8679e-06
-1.91548e-06
-2.49213e-06
-1.7824e-06
-2.15009e-06
-1.65819e-06
-1.84129e-06
-1.54517e-06
-1.56382e-06
-1.4448e-06
-1.31484e-06
-1.35786e-06
-1.09098e-06
-1.28478e-06
-8.8856e-07
-1.22572e-06
-7.03746e-07
-1.18074e-06
-5.32639e-07
-1.14987e-06
-3.71318e-07
-1.13321e-06
-2.15851e-07
-1.13094e-06
-6.22738e-08
-1.14337e-06
9.34333e-08
-1.17091e-06
2.55381e-07
-1.21407e-06
4.27804e-07
-1.27339e-06
6.15077e-07
-1.34938e-06
8.2172e-07
-1.44236e-06
1.05236e-06
-1.55232e-06
1.31163e-06
-1.67864e-06
1.60406e-06
-1.81978e-06
1.93374e-06
-1.97284e-06
2.30399e-06
-2.13304e-06
2.71669e-06
-2.29317e-06
3.1715e-06
-2.44287e-06
3.66454e-06
-2.56814e-06
4.18686e-06
-2.65101e-06
4.72225e-06
-2.66994e-06
5.24466e-06
-2.60136e-06
5.7152e-06
-2.42305e-06
6.0793e-06
-2.12032e-06
6.26478e-06
-1.69517e-06
6.18241e-06
-1.17809e-06
5.73114e-06
-6.39793e-07
4.80992e-06
-1.96856e-07
3.33789e-06
1.28688e-06
-1.48213e-07
-1.03046e-06
-4.9953e-07
-2.70358e-06
-9.5454e-07
-3.95188e-06
-1.43021e-06
-4.79214e-06
-1.86899e-06
-5.27501e-06
-2.23792e-06
-5.46555e-06
-2.52361e-06
-5.43126e-06
-2.72618e-06
-5.23446e-06
-2.85377e-06
-4.92835e-06
-2.91843e-06
-4.55573e-06
-2.93329e-06
-4.14938e-06
-2.91091e-06
-3.73333e-06
-2.86235e-06
-3.32432e-06
-2.79687e-06
-2.93338e-06
-2.72191e-06
-2.56708e-06
-2.64324e-06
-2.22875e-06
-2.56522e-06
-1.91931e-06
-2.49104e-06
-1.638e-06
-2.42298e-06
-1.3829e-06
-2.36263e-06
-1.15133e-06
-2.31109e-06
-9.40106e-07
-2.26908e-06
-7.45747e-07
-2.23714e-06
-5.64582e-07
-2.21563e-06
-3.92827e-07
-2.20486e-06
-2.26621e-07
-2.20511e-06
-6.20315e-08
-2.21662e-06
1.04948e-07
-2.23965e-06
2.7841e-07
-2.27438e-06
4.62538e-07
-2.32091e-06
6.616e-07
-2.3791e-06
8.79911e-07
-2.4485e-06
1.12176e-06
-2.52815e-06
1.39128e-06
-2.61633e-06
1.69223e-06
-2.71026e-06
2.02768e-06
-2.80581e-06
2.39954e-06
-2.89705e-06
2.80793e-06
-2.97588e-06
3.25033e-06
-3.03171e-06
3.72036e-06
-3.0513e-06
4.20645e-06
-3.01905e-06
4.69001e-06
-2.91795e-06
5.14355e-06
-2.73154e-06
5.5288e-06
-2.4475e-06
5.79526e-06
-2.0628e-06
5.88008e-06
-1.59067e-06
5.71028e-06
-1.06808e-06
5.20855e-06
-5.61537e-07
4.30338e-06
-1.67319e-07
2.94367e-06
1.11956e-06
-1.27979e-07
-9.0248e-07
-4.41204e-07
-2.39035e-06
-8.62838e-07
-3.53024e-06
-1.32503e-06
-4.32995e-06
-1.77654e-06
-4.82349e-06
-2.18388e-06
-5.05821e-06
-2.52904e-06
-5.0861e-06
-2.8058e-06
-4.95769e-06
-3.01601e-06
-4.71814e-06
-3.16627e-06
-4.40546e-06
-3.26553e-06
-4.05012e-06
-3.32337e-06
-3.67548e-06
-3.349e-06
-3.29869e-06
-3.35068e-06
-2.9317e-06
-3.33546e-06
-2.5823e-06
-3.30918e-06
-2.25504e-06
-3.27651e-06
-1.95198e-06
-3.24112e-06
-1.67339e-06
-3.20584e-06
-1.41818e-06
-3.17279e-06
-1.18437e-06
-3.14358e-06
-9.69318e-07
-3.11938e-06
-7.69945e-07
-3.10107e-06
-5.82896e-07
-3.08927e-06
-4.04621e-07
-3.08446e-06
-2.31429e-07
-3.08697e-06
-5.95277e-08
-3.09699e-06
1.14966e-07
-3.11459e-06
2.9601e-07
-3.13966e-06
4.87618e-07
-3.17189e-06
6.93824e-07
-3.2106e-06
9.1862e-07
-3.25468e-06
1.16585e-06
-3.30242e-06
1.43902e-06
-3.35127e-06
1.74108e-06
-3.39765e-06
2.07406e-06
-3.43668e-06
2.43857e-06
-3.46195e-06
2.8332e-06
-3.46528e-06
3.25366e-06
-3.43673e-06
3.69181e-06
-3.36474e-06
4.13446e-06
-3.23676e-06
4.56203e-06
-3.0405e-06
4.94728e-06
-2.76598e-06
5.25428e-06
-2.40874e-06
5.43802e-06
-1.97395e-06
5.44529e-06
-1.48123e-06
5.21756e-06
-9.69082e-07
4.6964e-06
-4.97257e-07
3.83156e-06
-1.4469e-07
2.5911e-06
9.74868e-07
-1.12288e-07
-7.90191e-07
-3.93787e-07
-2.10885e-06
-7.83826e-07
-3.14021e-06
-1.22669e-06
-3.88709e-06
-1.67759e-06
-4.37259e-06
-2.10447e-06
-4.63132e-06
-2.48729e-06
-4.70329e-06
-2.81591e-06
-4.62907e-06
-3.08764e-06
-4.44641e-06
-3.30475e-06
-4.18835e-06
-3.4725e-06
-3.88237e-06
-3.59764e-06
-3.55034e-06
-3.68733e-06
-3.20901e-06
-3.74847e-06
-2.87056e-06
-3.78736e-06
-2.54341e-06
-3.80948e-06
-2.23292e-06
-3.81946e-06
-1.942e-06
-3.82112e-06
-1.67172e-06
-3.81757e-06
-1.42174e-06
-3.81124e-06
-1.1907e-06
-3.80405e-06
-9.765e-07
-3.7975e-06
-7.76501e-07
-3.79268e-06
-5.87711e-07
-3.79043e-06
-4.06873e-07
-3.79131e-06
-2.30549e-07
-3.79567e-06
-5.51681e-08
-3.80364e-06
1.22937e-07
-3.81513e-06
3.07495e-07
-3.82976e-06
5.02255e-07
-3.84687e-06
7.10929e-07
-3.86535e-06
9.371e-07
-3.88359e-06
1.18409e-06
-3.89934e-06
1.45476e-06
-3.90953e-06
1.75127e-06
-3.91012e-06
2.07465e-06
-3.89597e-06
2.42442e-06
-3.86069e-06
2.79792e-06
-3.79665e-06
3.18962e-06
-3.69512e-06
3.59029e-06
-3.54668e-06
3.98601e-06
-3.34198e-06
4.35734e-06
-3.07314e-06
4.67843e-06
-2.73558e-06
4.91673e-06
-2.33072e-06
5.03316e-06
-1.86903e-06
4.9836e-06
-1.37319e-06
4.72173e-06
-8.80536e-07
4.20374e-06
-4.43455e-07
3.39447e-06
-1.26704e-07
2.27435e-06
8.48165e-07
-9.97432e-08
-6.90448e-07
-3.54496e-07
-1.8541e-06
-7.15401e-07
-2.7793e-06
-1.13632e-06
-3.46617e-06
-1.57839e-06
-3.93052e-06
-2.01189e-06
-4.19782e-06
-2.41635e-06
-4.29884e-06
-2.77941e-06
-4.26601e-06
-3.09528e-06
-4.13054e-06
-3.36296e-06
-3.92067e-06
-3.58469e-06
-3.66064e-06
-3.76465e-06
-3.37038e-06
-3.90801e-06
-3.06565e-06
-4.02021e-06
-2.75835e-06
-4.10657e-06
-2.45706e-06
-4.17195e-06
-2.16753e-06
-4.2207e-06
-1.89326e-06
-4.25652e-06
-1.63589e-06
-4.28257e-06
-1.3957e-06
-4.3014e-06
-1.17187e-06
-4.3151e-06
-9.62793e-07
-4.32533e-06
-7.66276e-07
-4.33334e-06
-5.79703e-07
-4.34005e-06
-4.00157e-07
-4.3461e-06
-2.24502e-07
-4.35182e-06
-4.94512e-08
-4.35726e-06
1.28378e-07
-4.36218e-06
3.12417e-07
-4.36601e-06
5.06084e-07
-4.36779e-06
7.12707e-07
-4.36611e-06
9.35416e-07
-4.35901e-06
1.17699e-06
-4.34391e-06
1.43966e-06
-4.31747e-06
1.72483e-06
-4.27555e-06
2.03272e-06
-4.21307e-06
2.36194e-06
-4.1241e-06
2.70895e-06
-4.00191e-06
3.06744e-06
-3.83931e-06
3.42768e-06
-3.62912e-06
3.77583e-06
-3.36509e-06
4.0933e-06
-3.04307e-06
4.35642e-06
-2.66277e-06
4.53643e-06
-2.22974e-06
4.60012e-06
-1.75757e-06
4.51143e-06
-1.2699e-06
4.23406e-06
-8.01483e-07
3.73532e-06
-3.97731e-07
2.99072e-06
-1.12001e-07
1.98862e-06
7.36164e-07
-8.94792e-08
-6.00969e-07
-3.21454e-07
-1.62212e-06
-6.55881e-07
-2.44487e-06
-1.05416e-06
-3.06789e-06
-1.4826e-06
-3.50208e-06
-1.91413e-06
-3.76629e-06
-2.32874e-06
-3.88423e-06
-2.71303e-06
-3.88171e-06
-3.05922e-06
-3.78436e-06
-3.36391e-06
-3.61598e-06
-3.62696e-06
-3.39759e-06
-3.85039e-06
-3.14695e-06
-4.03754e-06
-2.8785e-06
-4.19245e-06
-2.60345e-06
-4.31933e-06
-2.33017e-06
-4.42234e-06
-2.06453e-06
-4.50532e-06
-1.81028e-06
-4.57172e-06
-1.56949e-06
-4.62454e-06
-1.34288e-06
-4.66633e-06
-1.13008e-06
-4.69921e-06
-9.29917e-07
-4.72487e-06
-7.40615e-07
-4.74464e-06
-5.59937e-07
-4.75947e-06
-3.8532e-07
-4.77001e-06
-2.13963e-07
-4.77656e-06
-4.29052e-08
-4.77909e-06
1.30909e-07
-4.77724e-06
3.10568e-07
-4.77027e-06
4.99117e-07
-4.75704e-06
6.99471e-07
-4.73591e-06
9.14292e-07
-4.70476e-06
1.14584e-06
-4.66084e-06
1.39574e-06
-4.60078e-06
1.66478e-06
-4.52055e-06
1.95249e-06
-4.41545e-06
2.25684e-06
-4.28023e-06
2.57373e-06
-4.10931e-06
2.89652e-06
-3.8971e-06
3.21548e-06
-3.63862e-06
3.51735e-06
-3.33031e-06
3.78499e-06
-2.97114e-06
3.99725e-06
-2.56398e-06
4.12926e-06
-2.11711e-06
4.15326e-06
-1.64575e-06
4.04008e-06
-1.17318e-06
3.76148e-06
-7.3103e-07
3.29318e-06
-3.58468e-07
2.61816e-06
-9.9747e-08
1.7299e-06
6.36417e-07
-8.09499e-08
-5.20019e-07
-2.93404e-07
-1.40967e-06
-6.0401e-07
-2.13427e-06
-9.80124e-07
-2.69178e-06
-1.39246e-06
-3.08975e-06
-1.81654e-06
-3.3422e-06
-2.23335e-06
-3.46743e-06
-2.62914e-06
-3.48592e-06
-2.99494e-06
-3.41856e-06
-3.32571e-06
-3.28521e-06
-3.61947e-06
-3.10382e-06
-3.87649e-06
-2.88994e-06
-4.09852e-06
-2.65646e-06
-4.28828e-06
-2.41369e-06
-4.44896e-06
-2.1695e-06
-4.58389e-06
-1.92959e-06
-4.69636e-06
-1.69781e-06
-4.78943e-06
-1.47643e-06
-4.86584e-06
-1.26646e-06
-4.92802e-06
-1.0679e-06
-4.978e-06
-8.79937e-07
-5.01745e-06
-7.01165e-07
-5.04768e-06
-5.29713e-07
-5.06963e-06
-3.63369e-07
-5.08391e-06
-1.99681e-07
-5.09078e-06
-3.6035e-08
-5.09015e-06
1.30273e-07
-5.08154e-06
3.01962e-07
-5.06411e-06
4.8169e-07
-5.03659e-06
6.71951e-07
-4.99726e-06
8.74956e-07
-4.94389e-06
1.09247e-06
-4.87377e-06
1.32563e-06
-4.78366e-06
1.57466e-06
-4.66982e-06
1.83865e-06
-4.5281e-06
2.11512e-06
-4.35409e-06
2.39973e-06
-4.1434e-06
2.68583e-06
-3.89203e-06
2.96411e-06
-3.59698e-06
3.22229e-06
-3.25696e-06
3.44497e-06
-2.87337e-06
3.61366e-06
-2.45134e-06
3.70723e-06
-2.00085e-06
3.70277e-06
-1.53771e-06
3.57694e-06
-1.0841e-06
3.30786e-06
-6.68469e-07
2.87755e-06
-3.24579e-07
2.27427e-06
-8.94141e-08
1.49473e-06
5.47003e-07
-7.38015e-08
-4.46217e-07
-2.69493e-07
-1.21398e-06
-5.58883e-07
-1.84488e-06
-9.14049e-07
-2.33661e-06
-1.30938e-06
-2.69441e-06
-1.72284e-06
-2.92875e-06
-2.13654e-06
-3.05372e-06
-2.5369e-06
-3.08557e-06
-2.9143e-06
-3.04116e-06
-3.2626e-06
-2.93691e-06
-3.57846e-06
-2.78796e-06
-3.86076e-06
-2.60764e-06
-4.10993e-06
-2.40729e-06
-4.32753e-06
-2.19609e-06
-4.51576e-06
-1.98127e-06
-4.67719e-06
-1.76816e-06
-4.81449e-06
-1.56051e-06
-4.93029e-06
-1.36064e-06
-5.02701e-06
-1.16974e-06
-5.10685e-06
-9.88055e-07
-5.17171e-06
-8.15078e-07
-5.22316e-06
-6.49717e-07
-5.26243e-06
-4.90437e-07
-5.29043e-06
-3.35369e-07
-5.30771e-06
-1.82404e-07
-5.31446e-06
-2.92814e-08
-5.31053e-06
1.26342e-07
-5.29539e-06
2.86815e-07
-5.2681e-06
4.54404e-07
-5.22735e-06
6.312e-07
-5.17138e-06
8.1899e-07
-5.09803e-06
1.01911e-06
-5.00468e-06
1.23228e-06
-4.88835e-06
1.45833e-06
-4.74572e-06
1.69602e-06
-4.57327e-06
1.94267e-06
-4.3675e-06
2.19395e-06
-4.12516e-06
2.44349e-06
-3.84374e-06
2.68269e-06
-3.52192e-06
2.90047e-06
-3.16028e-06
3.08333e-06
-2.76204e-06
3.21541e-06
-2.33388e-06
3.27908e-06
-1.88672e-06
3.25561e-06
-1.43628e-06
3.12649e-06
-1.00331e-06
2.87489e-06
-6.13271e-07
2.48751e-06
-2.95328e-07
1.95633e-06
-8.06589e-08
1.28006e-06
4.66344e-07
-6.7799e-08
-3.78418e-07
-2.49141e-07
-1.03264e-06
-5.19854e-07
-1.57417e-06
-8.55767e-07
-2.0007e-06
-1.23432e-06
-2.31586e-06
-1.63561e-06
-2.52746e-06
-2.04297e-06
-2.64636e-06
-2.44319e-06
-2.68534e-06
-2.82641e-06
-2.65794e-06
-3.18576e-06
-2.57756e-06
-3.51694e-06
-2.45677e-06
-3.81774e-06
-2.30684e-06
-4.08755e-06
-2.13748e-06
-4.3269e-06
-1.95674e-06
-4.53714e-06
-1.77103e-06
-4.7201e-06
-1.5852e-06
-4.87788e-06
-1.40273e-06
-5.01263e-06
-1.22589e-06
-5.12643e-06
-1.05593e-06
-5.22123e-06
-8.93255e-07
-5.29873e-06
-7.37577e-07
-5.36037e-06
-5.8808e-07
-5.40728e-06
-4.43528e-07
-5.44028e-06
-3.02369e-07
-5.45985e-06
-1.6283e-07
-5.46614e-06
-2.29945e-08
-5.45893e-06
1.19127e-07
-5.43763e-06
2.65516e-07
-5.40129e-06
4.18069e-07
-5.34859e-06
5.78495e-07
-5.2778e-06
7.48209e-07
-5.18688e-06
9.28185e-07
-5.0734e-06
1.1188e-06
-4.9347e-06
1.31964e-06
-4.76795e-06
1.52927e-06
-4.57031e-06
1.74502e-06
-4.33911e-06
1.96276e-06
-4.07222e-06
2.17661e-06
-3.7684e-06
2.37886e-06
-3.42774e-06
2.55982e-06
-3.05229e-06
2.70787e-06
-2.6466e-06
2.80972e-06
-2.21835e-06
2.85082e-06
-1.77886e-06
2.81612e-06
-1.34341e-06
2.69104e-06
-9.3122e-07
2.46271e-06
-5.6504e-07
2.12133e-06
-2.70204e-07
1.66149e-06
-7.32499e-08
1.08311e-06
3.93094e-07
-6.27819e-08
-3.15636e-07
-2.31944e-07
-8.63474e-07
-4.86457e-07
-1.31965e-06
-8.0513e-07
-1.68202e-06
-1.1679e-06
-1.95309e-06
-1.5567e-06
-2.13865e-06
-1.95603e-06
-2.24704e-06
-2.35316e-06
-2.28821e-06
-2.73821e-06
-2.27289e-06
-3.10389e-06
-2.21188e-06
-3.44522e-06
-2.11544e-06
-3.75918e-06
-1.99288e-06
-4.04429e-06
-1.85237e-06
-4.30027e-06
-1.70076e-06
-4.52773e-06
-1.54357e-06
-4.72784e-06
-1.38509e-06
-4.90215e-06
-1.22842e-06
-5.05237e-06
-1.07567e-06
-5.18024e-06
-9.28061e-07
-5.28742e-06
-7.8607e-07
-5.37542e-06
-6.49581e-07
-5.44551e-06
-5.17995e-07
-5.4987e-06
-3.90336e-07
-5.53572e-06
-2.65349e-07
-5.55698e-06
-1.41572e-07
-5.56255e-06
-1.74187e-08
-5.55218e-06
1.0876e-07
-5.52527e-06
2.38598e-07
-5.48084e-06
3.73643e-07
-5.41761e-06
5.15263e-07
-5.33394e-06
6.64545e-07
-5.22793e-06
8.2217e-07
-5.09741e-06
9.88277e-07
-4.94006e-06
1.16229e-06
-4.75356e-06
1.34276e-06
-4.53568e-06
1.52715e-06
-4.2846e-06
1.71168e-06
-3.99914e-06
1.89114e-06
-3.67912e-06
2.05884e-06
-3.3258e-06
2.2065e-06
-2.94234e-06
2.32441e-06
-2.53422e-06
2.40161e-06
-2.10974e-06
2.42634e-06
-1.68028e-06
2.38666e-06
-1.26047e-06
2.27124e-06
-8.6808e-07
2.07031e-06
-5.23474e-07
1.77673e-06
-2.4884e-07
1.38686e-06
-6.70253e-08
9.01295e-07
3.26069e-07
-5.8638e-08
-2.56998e-07
-2.17615e-07
-7.04497e-07
-4.58352e-07
-1.07892e-06
-7.62009e-07
-1.37837e-06
-1.11054e-06
-1.60456e-06
-1.48743e-06
-1.76177e-06
-1.87818e-06
-1.85628e-06
-2.27064e-06
-1.89576e-06
-2.65499e-06
-1.88854e-06
-3.02372e-06
-1.84315e-06
-3.3714e-06
-1.76775e-06
-3.6944e-06
-1.66989e-06
-3.99058e-06
-1.55619e-06
-4.259e-06
-1.43234e-06
-4.49963e-06
-1.30294e-06
-4.7131e-06
-1.17162e-06
-4.90047e-06
-1.04106e-06
-5.06304e-06
-9.13104e-07
-5.20222e-06
-7.88877e-07
-5.31942e-06
-6.68873e-07
-5.41592e-06
-5.53081e-07
-5.49284e-06
-4.41076e-07
-5.55106e-06
-3.32108e-07
-5.59123e-06
-2.25185e-07
-5.61366e-06
-1.19139e-07
-5.61839e-06
-1.26899e-08
-5.60512e-06
9.54884e-08
-5.57323e-06
2.06707e-07
-5.52178e-06
3.22193e-07
-5.44952e-06
4.43011e-07
-5.35495e-06
5.69972e-07
-5.23631e-06
7.03533e-07
-5.09171e-06
8.43674e-07
-4.91918e-06
9.89768e-07
-4.71686e-06
1.14044e-06
-4.48313e-06
1.29342e-06
-4.21686e-06
1.44541e-06
-3.9177e-06
1.59198e-06
-3.58636e-06
1.7275e-06
-3.22501e-06
1.84515e-06
-2.83761e-06
1.93701e-06
-2.43032e-06
1.99431e-06
-2.01173e-06
2.00775e-06
-1.59311e-06
1.96804e-06
-1.1884e-06
1.86653e-06
-8.14014e-07
1.69592e-06
-4.88323e-07
1.45104e-06
-2.30965e-07
1.1295e-06
-6.18676e-08
7.32197e-07
2.64201e-07
-5.52862e-08
-2.01712e-07
-2.05942e-07
-5.53841e-07
-4.3528e-07
-8.49577e-07
-7.26287e-07
-1.08736e-06
-1.06251e-06
-1.26833e-06
-1.4287e-06
-1.39558e-06
-1.81123e-06
-1.47375e-06
-2.19844e-06
-1.50854e-06
-2.5807e-06
-1.50629e-06
-2.95038e-06
-1.47347e-06
-3.30175e-06
-1.41639e-06
-3.63073e-06
-1.3409e-06
-3.93469e-06
-1.25223e-06
-4.21217e-06
-1.15486e-06
-4.46264e-06
-1.05247e-06
-4.68626e-06
-9.47999e-07
-4.88367e-06
-8.43642e-07
-5.05584e-06
-7.40936e-07
-5.20388e-06
-6.40837e-07
-5.32895e-06
-5.43804e-07
-5.43215e-06
-4.49884e-07
-5.51444e-06
-3.58787e-07
-5.57659e-06
-2.69957e-07
-5.61913e-06
-1.82638e-07
-5.64234e-06
-9.59295e-08
-5.64619e-06
-8.84043e-09
-5.63036e-06
7.96569e-08
-5.59423e-06
1.70574e-07
-5.53688e-06
2.64848e-07
-5.45715e-06
3.63278e-07
-5.35363e-06
4.66448e-07
-5.22474e-06
5.74647e-07
-5.06884e-06
6.87772e-07
-4.88429e-06
8.05223e-07
-4.66965e-06
9.25797e-07
-4.42381e-06
1.04758e-06
-4.14625e-06
1.16785e-06
-3.83728e-06
1.28301e-06
-3.49833e-06
1.38855e-06
-3.13223e-06
1.47905e-06
-2.74357e-06
1.54835e-06
-2.3389e-06
1.58964e-06
-1.92698e-06
1.59583e-06
-1.51886e-06
1.55993e-06
-1.12781e-06
1.47548e-06
-7.69063e-07
1.33717e-06
-4.59379e-07
1.14135e-06
-2.16368e-07
8.8649e-07
-5.76888e-08
5.73517e-07
2.06512e-07
-5.26673e-08
-1.49045e-07
-1.96772e-07
-4.09737e-07
-4.17046e-07
-6.29303e-07
-6.97858e-07
-8.06549e-07
-1.02398e-06
-9.4221e-07
-1.38114e-06
-1.03842e-06
-1.75644e-06
-1.09845e-06
-2.13864e-06
-1.12634e-06
-2.51829e-06
-1.12664e-06
-2.88772e-06
-1.10403e-06
-3.24101e-06
-1.0631e-06
-3.57378e-06
-1.00814e-06
-3.88302e-06
-9.42986e-07
-4.1669e-06
-8.70983e-07
-4.42447e-06
-7.94895e-07
-4.65554e-06
-7.16928e-07
-4.86043e-06
-6.38757e-07
-5.03979e-06
-5.61567e-07
-5.19452e-06
-4.86111e-07
-5.32556e-06
-4.12767e-07
-5.43384e-06
-3.41603e-07
-5.52019e-06
-2.72432e-07
-5.58529e-06
-2.04862e-07
-5.62958e-06
-1.38349e-07
-5.65327e-06
-7.22398e-08
-5.6563e-06
-5.81059e-09
-5.63833e-06
6.16879e-08
-5.59874e-06
1.30991e-07
-5.53667e-06
2.02774e-07
-5.451e-06
2.77603e-07
-5.34043e-06
3.55879e-07
-5.20355e-06
4.37771e-07
-5.03893e-06
5.23151e-07
-4.84522e-06
6.11513e-07
-4.62132e-06
7.01897e-07
-4.36655e-06
7.92813e-07
-4.08087e-06
8.82174e-07
-3.76512e-06
9.67256e-07
-3.42125e-06
1.04468e-06
-3.05262e-06
1.11042e-06
-2.66422e-06
1.15995e-06
-2.26288e-06
1.1883e-06
-1.85739e-06
1.19035e-06
-1.45856e-06
1.1611e-06
-1.07907e-06
1.09599e-06
-7.3321e-07
9.91316e-07
-4.36462e-07
8.44604e-07
-2.04885e-07
6.54912e-07
-5.44215e-08
4.23054e-07
1.52091e-07
-5.07384e-08
-9.83066e-08
-1.89989e-07
-2.70487e-07
-4.03499e-07
-4.15792e-07
-6.7663e-07
-5.33418e-07
-9.95041e-07
-6.23799e-07
-1.34518e-06
-6.88278e-07
-1.7147e-06
-7.2893e-07
-2.09268e-06
-7.48359e-07
-2.46984e-06
-7.49488e-07
-2.83852e-06
-7.35357e-07
-3.19266e-06
-7.08957e-07
-3.5277e-06
-6.73099e-07
-3.84037e-06
-6.30318e-07
-4.12853e-06
-5.82818e-07
-4.39099e-06
-5.3244e-07
-4.62726e-06
-4.80662e-07
-4.8374e-06
-4.28609e-07
-5.02188e-06
-3.77087e-07
-5.18138e-06
-3.26613e-07
-5.31669e-06
-2.77458e-07
-5.42861e-06
-2.29681e-07
-5.51787e-06
-1.8317e-07
-5.58506e-06
-1.37679e-07
-5.63055e-06
-9.28561e-08
-5.65452e-06
-4.82748e-08
-5.65686e-06
-3.46409e-09
-5.63724e-06
4.20652e-08
-5.59504e-06
8.87914e-08
-5.52942e-06
1.37151e-07
-5.43932e-06
1.87506e-07
-5.32355e-06
2.40104e-07
-5.18081e-06
2.95037e-07
-5.00985e-06
3.52193e-07
-4.80955e-06
4.11209e-07
-4.57907e-06
4.71419e-07
-4.31806e-06
5.31803e-07
-4.02684e-06
5.90952e-07
-3.70662e-06
6.47038e-07
-3.35976e-06
6.97811e-07
-2.98995e-06
7.40619e-07
-2.60247e-06
7.7247e-07
-2.20431e-06
7.90135e-07
-1.80425e-06
7.90292e-07
-1.41288e-06
7.69718e-07
-1.0424e-06
7.25507e-07
-7.06401e-07
6.5532e-07
-4.19419e-07
5.57622e-07
-1.96386e-07
4.31879e-07
-5.20147e-08
2.78683e-07
1.00076e-07
-4.94687e-08
-4.88378e-08
-1.85511e-07
-1.34445e-07
-3.94528e-07
-2.06775e-07
-6.62524e-07
-2.65422e-07
-9.75734e-07
-3.10589e-07
-1.32109e-06
-3.42924e-07
-1.68658e-06
-3.63435e-07
-2.06155e-06
-3.73393e-07
-2.4368e-06
-3.74233e-07
-2.80471e-06
-3.67447e-07
-3.15916e-06
-3.54513e-07
-3.49544e-06
-3.3682e-07
-3.81013e-06
-3.15626e-07
-4.10092e-06
-2.92029e-07
-4.36641e-06
-2.66947e-07
-4.60595e-06
-2.41121e-07
-4.81944e-06
-2.15116e-07
-5.00719e-06
-1.89339e-07
-5.16975e-06
-1.64055e-07
-5.30781e-06
-1.39401e-07
-5.42207e-06
-1.15414e-07
-5.5132e-06
-9.2042e-08
-5.58172e-06
-6.91646e-08
-5.62796e-06
-4.66097e-08
-5.65207e-06
-2.41677e-08
-5.65393e-06
-1.60607e-09
-5.63318e-06
2.13164e-08
-5.58922e-06
4.48354e-08
-5.52124e-06
6.91649e-08
-5.42821e-06
9.44808e-08
-5.30901e-06
1.20901e-07
-5.16244e-06
1.48466e-07
-4.98736e-06
1.77111e-07
-4.78279e-06
2.06647e-07
-4.54811e-06
2.36733e-07
-4.28316e-06
2.66852e-07
-3.9885e-06
2.96295e-07
-3.6656e-06
3.24144e-07
-3.31707e-06
3.49275e-07
-2.94682e-06
3.7037e-07
-2.5603e-06
3.85947e-07
-2.16457e-06
3.94412e-07
-1.76841e-06
3.94132e-07
-1.38223e-06
3.8353e-07
-1.01791e-06
3.61191e-07
-6.88576e-07
3.25984e-07
-4.08129e-07
2.77175e-07
-1.90773e-07
2.14523e-07
-5.04307e-08
1.3834e-07
4.96454e-08
-4.88387e-08
9.03986e-13
-1.83285e-07
1.53592e-12
-3.90062e-07
2.08572e-12
-6.55486e-07
2.44233e-12
-9.66078e-07
2.59481e-12
-1.309e-06
2.58733e-12
-1.67244e-06
2.42399e-12
-2.04584e-06
2.14469e-12
-2.42007e-06
1.79851e-12
-2.78752e-06
1.40825e-12
-3.14203e-06
9.85868e-13
-3.47885e-06
5.50917e-13
-3.79448e-06
1.31992e-13
-4.08651e-06
-2.52947e-13
-4.35346e-06
-5.98321e-13
-4.59458e-06
-9.02001e-13
-4.80969e-06
-1.16793e-12
-4.99903e-06
-1.39333e-12
-5.16308e-06
-1.5799e-12
-5.30248e-06
-1.72711e-12
-5.41789e-06
-1.84376e-12
-5.50993e-06
-1.93751e-12
-5.5791e-06
-2.01181e-12
-5.6257e-06
-2.07517e-12
-5.64987e-06
-2.13642e-12
-5.65147e-06
-2.19192e-12
-5.63015e-06
-2.234e-12
-5.58532e-06
-2.26212e-12
-5.51615e-06
-2.27213e-12
-5.42167e-06
-2.25368e-12
-5.30076e-06
-2.19961e-12
-5.1523e-06
-2.09941e-12
-4.97518e-06
-1.94585e-12
-4.76853e-06
-1.74449e-12
-4.5318e-06
-1.48152e-12
-4.26495e-06
-1.15345e-12
-3.96865e-06
-7.5426e-13
-3.64451e-06
-3.03586e-13
-3.29523e-06
1.87943e-13
-2.92486e-06
6.90023e-13
-2.53892e-06
1.18211e-12
-2.14451e-06
1.64815e-12
-1.75038e-06
2.07196e-12
-1.36685e-06
2.41043e-12
-1.00566e-06
2.60173e-12
-6.79678e-07
2.62398e-12
-4.02505e-07
2.46075e-12
-1.87984e-07
2.05245e-12
-4.96449e-08
1.4032e-12
5.07447e-13
-4.88387e-08
4.88396e-08
-1.83285e-07
1.34448e-07
-3.90062e-07
2.06779e-07
-6.55486e-07
2.65427e-07
-9.66078e-07
3.10595e-07
-1.309e-06
3.42929e-07
-1.67244e-06
3.6344e-07
-2.04584e-06
3.73398e-07
-2.42007e-06
3.74236e-07
-2.78752e-06
3.6745e-07
-3.14203e-06
3.54515e-07
-3.47885e-06
3.36821e-07
-3.79448e-06
3.15626e-07
-4.08651e-06
2.92029e-07
-4.35346e-06
2.66946e-07
-4.59458e-06
2.41119e-07
-4.80969e-06
2.15114e-07
-4.99903e-06
1.89337e-07
-5.16308e-06
1.64051e-07
-5.30248e-06
1.39398e-07
-5.41789e-06
1.15411e-07
-5.50993e-06
9.20381e-08
-5.5791e-06
6.91606e-08
-5.6257e-06
4.66055e-08
-5.64987e-06
2.41634e-08
-5.65147e-06
1.60171e-09
-5.63015e-06
-2.13209e-08
-5.58532e-06
-4.48399e-08
-5.51615e-06
-6.91694e-08
-5.42167e-06
-9.44853e-08
-5.30076e-06
-1.20906e-07
-5.1523e-06
-1.4847e-07
-4.97518e-06
-1.77115e-07
-4.76853e-06
-2.0665e-07
-4.5318e-06
-2.36736e-07
-4.26495e-06
-2.66855e-07
-3.96865e-06
-2.96296e-07
-3.64451e-06
-3.24144e-07
-3.29523e-06
-3.49274e-07
-2.92486e-06
-3.70369e-07
-2.53892e-06
-3.85945e-07
-2.14451e-06
-3.94409e-07
-1.75038e-06
-3.94128e-07
-1.36685e-06
-3.83526e-07
-1.00566e-06
-3.61186e-07
-6.79678e-07
-3.25979e-07
-4.02505e-07
-2.7717e-07
-1.87984e-07
-2.14519e-07
-4.96449e-08
-1.38338e-07
-4.96444e-08
-4.94687e-08
9.83083e-08
-1.85511e-07
2.7049e-07
-3.94528e-07
4.15796e-07
-6.62524e-07
5.33422e-07
-9.75734e-07
6.23804e-07
-1.32109e-06
6.88283e-07
-1.68658e-06
7.28934e-07
-2.06155e-06
7.48363e-07
-2.4368e-06
7.49492e-07
-2.80471e-06
7.3536e-07
-3.15916e-06
7.08959e-07
-3.49544e-06
6.731e-07
-3.81013e-06
6.30318e-07
-4.10092e-06
5.82817e-07
-4.36641e-06
5.32439e-07
-4.60595e-06
4.8066e-07
-4.81944e-06
4.28606e-07
-5.00719e-06
3.77084e-07
-5.16975e-06
3.2661e-07
-5.30781e-06
2.77454e-07
-5.42207e-06
2.29677e-07
-5.5132e-06
1.83166e-07
-5.58172e-06
1.37675e-07
-5.62796e-06
9.2852e-08
-5.65207e-06
4.82706e-08
-5.65393e-06
3.45979e-09
-5.63318e-06
-4.20695e-08
-5.58922e-06
-8.87958e-08
-5.52124e-06
-1.37156e-07
-5.42821e-06
-1.87511e-07
-5.30901e-06
-2.40108e-07
-5.16244e-06
-2.95041e-07
-4.98736e-06
-3.52197e-07
-4.78279e-06
-4.11213e-07
-4.54811e-06
-4.71422e-07
-4.28316e-06
-5.31805e-07
-3.9885e-06
-5.90953e-07
-3.66561e-06
-6.47039e-07
-3.31707e-06
-6.97811e-07
-2.94682e-06
-7.40617e-07
-2.5603e-06
-7.72468e-07
-2.16457e-06
-7.90132e-07
-1.76841e-06
-7.90288e-07
-1.38223e-06
-7.69713e-07
-1.01791e-06
-7.25502e-07
-6.88576e-07
-6.55315e-07
-4.08129e-07
-5.57617e-07
-1.90773e-07
-4.31875e-07
-5.04307e-08
-2.7868e-07
-1.00075e-07
-5.07384e-08
1.49047e-07
-1.89988e-07
4.0974e-07
-4.03499e-07
6.29307e-07
-6.7663e-07
8.06553e-07
-9.9504e-07
9.42215e-07
-1.34518e-06
1.03843e-06
-1.7147e-06
1.09845e-06
-2.09268e-06
1.12635e-06
-2.46984e-06
1.12665e-06
-2.83852e-06
1.10404e-06
-3.19266e-06
1.0631e-06
-3.5277e-06
1.00814e-06
-3.84037e-06
9.42987e-07
-4.12853e-06
8.70983e-07
-4.39099e-06
7.94894e-07
-4.62725e-06
7.16927e-07
-4.8374e-06
6.38755e-07
-5.02188e-06
5.61565e-07
-5.18138e-06
4.86108e-07
-5.31669e-06
4.12763e-07
-5.42861e-06
3.416e-07
-5.51787e-06
2.72428e-07
-5.58506e-06
2.04858e-07
-5.63055e-06
1.38346e-07
-5.65452e-06
7.22357e-08
-5.65686e-06
5.8064e-09
-5.63724e-06
-6.16922e-08
-5.59504e-06
-1.30995e-07
-5.52942e-06
-2.02778e-07
-5.43932e-06
-2.77607e-07
-5.32355e-06
-3.55883e-07
-5.18081e-06
-4.37775e-07
-5.00985e-06
-5.23155e-07
-4.80955e-06
-6.11517e-07
-4.57907e-06
-7.019e-07
-4.31806e-06
-7.92815e-07
-4.02684e-06
-8.82176e-07
-3.70662e-06
-9.67257e-07
-3.35976e-06
-1.04468e-06
-2.98995e-06
-1.11042e-06
-2.60247e-06
-1.15994e-06
-2.20431e-06
-1.18829e-06
-1.80425e-06
-1.19034e-06
-1.41288e-06
-1.16109e-06
-1.0424e-06
-1.09598e-06
-7.06402e-07
-9.91311e-07
-4.19419e-07
-8.446e-07
-1.96386e-07
-6.54908e-07
-5.20147e-08
-4.23051e-07
-1.5209e-07
-5.26673e-08
2.01714e-07
-1.96772e-07
5.53844e-07
-4.17046e-07
8.49581e-07
-6.97858e-07
1.08737e-06
-1.02398e-06
1.26834e-06
-1.38114e-06
1.39559e-06
-1.75644e-06
1.47375e-06
-2.13864e-06
1.50855e-06
-2.51828e-06
1.50629e-06
-2.88772e-06
1.47347e-06
-3.241e-06
1.41639e-06
-3.57377e-06
1.34091e-06
-3.88302e-06
1.25223e-06
-4.16689e-06
1.15486e-06
-4.42447e-06
1.05247e-06
-4.65554e-06
9.47997e-07
-4.86042e-06
8.4364e-07
-5.03979e-06
7.40934e-07
-5.19452e-06
6.40834e-07
-5.32556e-06
5.43801e-07
-5.43384e-06
4.4988e-07
-5.52019e-06
3.58783e-07
-5.58529e-06
2.69953e-07
-5.62958e-06
1.82634e-07
-5.65327e-06
9.59256e-08
-5.6563e-06
8.83643e-09
-5.63833e-06
-7.9661e-08
-5.59874e-06
-1.70578e-07
-5.53667e-06
-2.64852e-07
-5.451e-06
-3.63282e-07
-5.34043e-06
-4.66452e-07
-5.20355e-06
-5.74651e-07
-5.03893e-06
-6.87776e-07
-4.84522e-06
-8.05226e-07
-4.62132e-06
-9.258e-07
-4.36655e-06
-1.04758e-06
-4.08088e-06
-1.16785e-06
-3.76512e-06
-1.28301e-06
-3.42125e-06
-1.38855e-06
-3.05262e-06
-1.47905e-06
-2.66422e-06
-1.54835e-06
-2.26288e-06
-1.58964e-06
-1.85739e-06
-1.59583e-06
-1.45856e-06
-1.55992e-06
-1.07907e-06
-1.47548e-06
-7.3321e-07
-1.33717e-06
-4.36462e-07
-1.14135e-06
-2.04885e-07
-8.86486e-07
-5.44216e-08
-5.73515e-07
-2.06511e-07
-5.52862e-08
2.57e-07
-2.05942e-07
7.045e-07
-4.3528e-07
1.07892e-06
-7.26286e-07
1.37837e-06
-1.06251e-06
1.60456e-06
-1.42869e-06
1.76177e-06
-1.81123e-06
1.85629e-06
-2.19844e-06
1.89576e-06
-2.5807e-06
1.88855e-06
-2.95038e-06
1.84315e-06
-3.30175e-06
1.76776e-06
-3.63073e-06
1.66989e-06
-3.93469e-06
1.5562e-06
-4.21217e-06
1.43234e-06
-4.46264e-06
1.30294e-06
-4.68626e-06
1.17161e-06
-4.88367e-06
1.04105e-06
-5.05584e-06
9.13101e-07
-5.20388e-06
7.88874e-07
-5.32895e-06
6.6887e-07
-5.43214e-06
5.53078e-07
-5.51443e-06
4.41072e-07
-5.57658e-06
3.32105e-07
-5.61913e-06
2.25182e-07
-5.64234e-06
1.19135e-07
-5.64619e-06
1.26861e-08
-5.63036e-06
-9.54922e-08
-5.59423e-06
-2.06711e-07
-5.53688e-06
-3.22197e-07
-5.45715e-06
-4.43015e-07
-5.35363e-06
-5.69976e-07
-5.22474e-06
-7.03536e-07
-5.06884e-06
-8.43677e-07
-4.88429e-06
-9.89771e-07
-4.66965e-06
-1.14044e-06
-4.42381e-06
-1.29342e-06
-4.14626e-06
-1.44541e-06
-3.83728e-06
-1.59198e-06
-3.49833e-06
-1.7275e-06
-3.13223e-06
-1.84515e-06
-2.74357e-06
-1.93701e-06
-2.3389e-06
-1.9943e-06
-1.92698e-06
-2.00775e-06
-1.51886e-06
-1.96804e-06
-1.12781e-06
-1.86653e-06
-7.69063e-07
-1.69592e-06
-4.59379e-07
-1.45103e-06
-2.16369e-07
-1.1295e-06
-5.76888e-08
-7.32195e-07
-2.642e-07
-5.8638e-08
3.15638e-07
-2.17614e-07
8.63476e-07
-4.58351e-07
1.31966e-06
-7.62008e-07
1.68203e-06
-1.11054e-06
1.95309e-06
-1.48742e-06
2.13866e-06
-1.87818e-06
2.24704e-06
-2.27063e-06
2.28821e-06
-2.65498e-06
2.2729e-06
-3.02372e-06
2.21189e-06
-3.3714e-06
2.11544e-06
-3.6944e-06
1.99288e-06
-3.99058e-06
1.85237e-06
-4.259e-06
1.70076e-06
-4.49963e-06
1.54357e-06
-4.7131e-06
1.38508e-06
-4.90046e-06
1.22842e-06
-5.06303e-06
1.07567e-06
-5.20222e-06
9.28059e-07
-5.31941e-06
7.86067e-07
-5.41591e-06
6.49578e-07
-5.49283e-06
5.17991e-07
-5.55106e-06
3.90333e-07
-5.59123e-06
2.65345e-07
-5.61366e-06
1.41569e-07
-5.61839e-06
1.74152e-08
-5.60512e-06
-1.08763e-07
-5.57323e-06
-2.38602e-07
-5.52178e-06
-3.73647e-07
-5.44952e-06
-5.15267e-07
-5.35495e-06
-6.64548e-07
-5.23632e-06
-8.22174e-07
-5.09171e-06
-9.88281e-07
-4.91919e-06
-1.1623e-06
-4.71686e-06
-1.34276e-06
-4.48313e-06
-1.52715e-06
-4.21687e-06
-1.71168e-06
-3.9177e-06
-1.89114e-06
-3.58637e-06
-2.05884e-06
-3.22501e-06
-2.2065e-06
-2.83762e-06
-2.32441e-06
-2.43032e-06
-2.4016e-06
-2.01173e-06
-2.42634e-06
-1.59311e-06
-2.38666e-06
-1.18841e-06
-2.27123e-06
-8.14014e-07
-2.07031e-06
-4.88323e-07
-1.77672e-06
-2.30965e-07
-1.38685e-06
-6.18676e-08
-9.01292e-07
-3.26068e-07
-6.27819e-08
3.7842e-07
-2.31944e-07
1.03264e-06
-4.86457e-07
1.57417e-06
-8.05129e-07
2.0007e-06
-1.1679e-06
2.31586e-06
-1.5567e-06
2.52746e-06
-1.95602e-06
2.64637e-06
-2.35316e-06
2.68535e-06
-2.73821e-06
2.65795e-06
-3.10388e-06
2.57756e-06
-3.44522e-06
2.45677e-06
-3.75917e-06
2.30684e-06
-4.04428e-06
2.13748e-06
-4.30027e-06
1.95674e-06
-4.52772e-06
1.77103e-06
-4.72784e-06
1.5852e-06
-4.90215e-06
1.40273e-06
-5.05236e-06
1.22589e-06
-5.18024e-06
1.05593e-06
-5.28742e-06
8.93252e-07
-5.37542e-06
7.37574e-07
-5.4455e-06
5.88078e-07
-5.4987e-06
4.43525e-07
-5.53572e-06
3.02366e-07
-5.55697e-06
1.62827e-07
-5.56255e-06
2.29914e-08
-5.55218e-06
-1.1913e-07
-5.52527e-06
-2.65519e-07
-5.48084e-06
-4.18072e-07
-5.41761e-06
-5.78498e-07
-5.33395e-06
-7.48212e-07
-5.22793e-06
-9.28188e-07
-5.09741e-06
-1.1188e-06
-4.94007e-06
-1.31964e-06
-4.75356e-06
-1.52927e-06
-4.53568e-06
-1.74503e-06
-4.28461e-06
-1.96276e-06
-3.99914e-06
-2.17661e-06
-3.67912e-06
-2.37886e-06
-3.32581e-06
-2.55982e-06
-2.94234e-06
-2.70787e-06
-2.53422e-06
-2.80972e-06
-2.10974e-06
-2.85082e-06
-1.68028e-06
-2.81612e-06
-1.26048e-06
-2.69104e-06
-8.68081e-07
-2.4627e-06
-5.23474e-07
-2.12133e-06
-2.48841e-07
-1.66149e-06
-6.70253e-08
-1.08311e-06
-3.93093e-07
-6.77989e-08
4.46219e-07
-2.49141e-07
1.21398e-06
-5.19853e-07
1.84488e-06
-8.55766e-07
2.33661e-06
-1.23432e-06
2.69442e-06
-1.63561e-06
2.92875e-06
-2.04297e-06
3.05373e-06
-2.44319e-06
3.08557e-06
-2.82641e-06
3.04116e-06
-3.18575e-06
2.93691e-06
-3.51694e-06
2.78796e-06
-3.81774e-06
2.60764e-06
-4.08754e-06
2.40729e-06
-4.32689e-06
2.19609e-06
-4.53713e-06
1.98127e-06
-4.7201e-06
1.76816e-06
-4.87788e-06
1.5605e-06
-5.01262e-06
1.36064e-06
-5.12643e-06
1.16974e-06
-5.22123e-06
9.88053e-07
-5.29873e-06
8.15075e-07
-5.36037e-06
6.49715e-07
-5.40728e-06
4.90435e-07
-5.44028e-06
3.35366e-07
-5.45985e-06
1.82401e-07
-5.46614e-06
2.92787e-08
-5.45892e-06
-1.26345e-07
-5.43763e-06
-2.86818e-07
-5.40129e-06
-4.54407e-07
-5.34859e-06
-6.31202e-07
-5.27781e-06
-8.18993e-07
-5.18688e-06
-1.01912e-06
-5.0734e-06
-1.23228e-06
-4.9347e-06
-1.45833e-06
-4.76796e-06
-1.69602e-06
-4.57031e-06
-1.94268e-06
-4.33911e-06
-2.19395e-06
-4.07223e-06
-2.44349e-06
-3.7684e-06
-2.68269e-06
-3.42775e-06
-2.90047e-06
-3.05229e-06
-3.08332e-06
-2.6466e-06
-3.21541e-06
-2.21835e-06
-3.27907e-06
-1.77886e-06
-3.25561e-06
-1.34341e-06
-3.12649e-06
-9.31221e-07
-2.87489e-06
-5.65041e-07
-2.48751e-06
-2.70204e-07
-1.95632e-06
-7.32499e-08
-1.28006e-06
-4.66343e-07
-7.38014e-08
5.2002e-07
-2.69493e-07
1.40967e-06
-5.58882e-07
2.13427e-06
-9.14048e-07
2.69178e-06
-1.30938e-06
3.08975e-06
-1.72284e-06
3.3422e-06
-2.13654e-06
3.46743e-06
-2.5369e-06
3.48593e-06
-2.9143e-06
3.41856e-06
-3.26259e-06
3.28521e-06
-3.57846e-06
3.10382e-06
-3.86075e-06
2.88994e-06
-4.10993e-06
2.65646e-06
-4.32753e-06
2.41369e-06
-4.51576e-06
2.1695e-06
-4.67719e-06
1.92959e-06
-4.81449e-06
1.69781e-06
-4.93028e-06
1.47643e-06
-5.027e-06
1.26646e-06
-5.10685e-06
1.0679e-06
-5.17171e-06
8.79935e-07
-5.22315e-06
7.01163e-07
-5.26243e-06
5.29711e-07
-5.29043e-06
3.63367e-07
-5.30771e-06
1.99679e-07
-5.31446e-06
3.60326e-08
-5.31053e-06
-1.30275e-07
-5.29539e-06
-3.01965e-07
-5.2681e-06
-4.81692e-07
-5.22735e-06
-6.71953e-07
-5.17138e-06
-8.74958e-07
-5.09803e-06
-1.09247e-06
-5.00468e-06
-1.32563e-06
-4.88835e-06
-1.57467e-06
-4.74572e-06
-1.83865e-06
-4.57327e-06
-2.11512e-06
-4.3675e-06
-2.39973e-06
-4.12517e-06
-2.68583e-06
-3.84375e-06
-2.96411e-06
-3.52193e-06
-3.22229e-06
-3.16029e-06
-3.44497e-06
-2.76204e-06
-3.61365e-06
-2.33389e-06
-3.70723e-06
-1.88672e-06
-3.70277e-06
-1.43628e-06
-3.57693e-06
-1.00331e-06
-3.30786e-06
-6.13271e-07
-2.87755e-06
-2.95328e-07
-2.27427e-06
-8.0659e-08
-1.49473e-06
-5.47002e-07
-8.09497e-08
6.0097e-07
-2.93403e-07
1.62213e-06
-6.04009e-07
2.44488e-06
-9.80122e-07
3.06789e-06
-1.39245e-06
3.50208e-06
-1.81654e-06
3.76629e-06
-2.23334e-06
3.88423e-06
-2.62913e-06
3.88171e-06
-2.99493e-06
3.78436e-06
-3.3257e-06
3.61598e-06
-3.61947e-06
3.39759e-06
-3.87648e-06
3.14695e-06
-4.09852e-06
2.8785e-06
-4.28828e-06
2.60345e-06
-4.44895e-06
2.33017e-06
-4.58389e-06
2.06452e-06
-4.69636e-06
1.81028e-06
-4.78942e-06
1.56949e-06
-4.86584e-06
1.34288e-06
-4.92802e-06
1.13008e-06
-4.978e-06
9.29915e-07
-5.01745e-06
7.40613e-07
-5.04768e-06
5.59935e-07
-5.06963e-06
3.85318e-07
-5.08391e-06
2.13961e-07
-5.09078e-06
4.29033e-08
-5.09014e-06
-1.30911e-07
-5.08154e-06
-3.1057e-07
-5.06411e-06
-4.99119e-07
-5.03659e-06
-6.99473e-07
-4.99726e-06
-9.14294e-07
-4.94389e-06
-1.14584e-06
-4.87378e-06
-1.39575e-06
-4.78366e-06
-1.66478e-06
-4.66982e-06
-1.95249e-06
-4.5281e-06
-2.25684e-06
-4.3541e-06
-2.57373e-06
-4.14341e-06
-2.89652e-06
-3.89204e-06
-3.21548e-06
-3.59698e-06
-3.51735e-06
-3.25696e-06
-3.78499e-06
-2.87337e-06
-3.99725e-06
-2.45134e-06
-4.12926e-06
-2.00086e-06
-4.15325e-06
-1.53772e-06
-4.04007e-06
-1.0841e-06
-3.76148e-06
-6.6847e-07
-3.29317e-06
-3.2458e-07
-2.61816e-06
-8.94143e-08
-1.7299e-06
-6.36416e-07
-8.9479e-08
6.90449e-07
-3.21454e-07
1.8541e-06
-6.5588e-07
2.7793e-06
-1.05416e-06
3.46617e-06
-1.4826e-06
3.93052e-06
-1.91413e-06
4.19782e-06
-2.32874e-06
4.29884e-06
-2.71303e-06
4.26601e-06
-3.05921e-06
4.13054e-06
-3.36391e-06
3.92067e-06
-3.62696e-06
3.66064e-06
-3.85039e-06
3.37038e-06
-4.03754e-06
3.06565e-06
-4.19244e-06
2.75835e-06
-4.31933e-06
2.45706e-06
-4.42234e-06
2.16753e-06
-4.50532e-06
1.89326e-06
-4.57171e-06
1.63589e-06
-4.62454e-06
1.3957e-06
-4.66633e-06
1.17187e-06
-4.69921e-06
9.62792e-07
-4.72487e-06
7.66274e-07
-4.74463e-06
5.79702e-07
-4.75947e-06
4.00155e-07
-4.77001e-06
2.245e-07
-4.77656e-06
4.94497e-08
-4.77909e-06
-1.2838e-07
-4.77724e-06
-3.12419e-07
-4.77027e-06
-5.06086e-07
-4.75704e-06
-7.12709e-07
-4.73591e-06
-9.35418e-07
-4.70476e-06
-1.17699e-06
-4.66084e-06
-1.43967e-06
-4.60078e-06
-1.72483e-06
-4.52055e-06
-2.03272e-06
-4.41545e-06
-2.36194e-06
-4.28024e-06
-2.70895e-06
-4.10931e-06
-3.06744e-06
-3.89711e-06
-3.42768e-06
-3.63863e-06
-3.77583e-06
-3.33032e-06
-4.0933e-06
-2.97115e-06
-4.35642e-06
-2.56398e-06
-4.53643e-06
-2.11711e-06
-4.60012e-06
-1.64576e-06
-4.51143e-06
-1.17318e-06
-4.23406e-06
-7.31031e-07
-3.73532e-06
-3.58468e-07
-2.99072e-06
-9.97471e-08
-1.98862e-06
-7.36163e-07
-9.97432e-08
7.90192e-07
-3.54495e-07
2.10885e-06
-7.154e-07
3.14021e-06
-1.13632e-06
3.88709e-06
-1.57839e-06
4.37259e-06
-2.01189e-06
4.63133e-06
-2.41634e-06
4.70329e-06
-2.7794e-06
4.62907e-06
-3.09528e-06
4.44641e-06
-3.36296e-06
4.18835e-06
-3.58469e-06
3.88237e-06
-3.76465e-06
3.55034e-06
-3.908e-06
3.209e-06
-4.02021e-06
2.87056e-06
-4.10656e-06
2.54341e-06
-4.17195e-06
2.23292e-06
-4.22069e-06
1.942e-06
-4.25652e-06
1.67172e-06
-4.28256e-06
1.42174e-06
-4.30139e-06
1.1907e-06
-4.3151e-06
9.76499e-07
-4.32533e-06
7.765e-07
-4.33334e-06
5.8771e-07
-4.34005e-06
4.06872e-07
-4.3461e-06
2.30548e-07
-4.35182e-06
5.5167e-08
-4.35726e-06
-1.22938e-07
-4.36218e-06
-3.07496e-07
-4.36601e-06
-5.02256e-07
-4.36779e-06
-7.1093e-07
-4.36611e-06
-9.37101e-07
-4.35901e-06
-1.18409e-06
-4.34391e-06
-1.45477e-06
-4.31748e-06
-1.75127e-06
-4.27555e-06
-2.07465e-06
-4.21307e-06
-2.42442e-06
-4.1241e-06
-2.79792e-06
-4.00192e-06
-3.18962e-06
-3.83931e-06
-3.59029e-06
-3.62913e-06
-3.98601e-06
-3.36509e-06
-4.35734e-06
-3.04307e-06
-4.67843e-06
-2.66277e-06
-4.91673e-06
-2.22974e-06
-5.03316e-06
-1.75757e-06
-4.98359e-06
-1.2699e-06
-4.72172e-06
-8.01484e-07
-4.20374e-06
-3.97732e-07
-3.39447e-06
-1.12001e-07
-2.27435e-06
-8.48164e-07
-1.12288e-07
9.02481e-07
-3.93787e-07
2.39035e-06
-7.83825e-07
3.53024e-06
-1.22669e-06
4.32995e-06
-1.67759e-06
4.82349e-06
-2.10447e-06
5.05821e-06
-2.48728e-06
5.0861e-06
-2.81591e-06
4.95769e-06
-3.08763e-06
4.71814e-06
-3.30474e-06
4.40546e-06
-3.4725e-06
4.05012e-06
-3.59764e-06
3.67548e-06
-3.68732e-06
3.29869e-06
-3.74847e-06
2.9317e-06
-3.78736e-06
2.5823e-06
-3.80947e-06
2.25504e-06
-3.81945e-06
1.95198e-06
-3.82112e-06
1.67339e-06
-3.81756e-06
1.41818e-06
-3.81123e-06
1.18437e-06
-3.80405e-06
9.69317e-07
-3.7975e-06
7.69944e-07
-3.79268e-06
5.82896e-07
-3.79043e-06
4.0462e-07
-3.79131e-06
2.31429e-07
-3.79567e-06
5.9527e-08
-3.80364e-06
-1.14967e-07
-3.81513e-06
-2.96011e-07
-3.82976e-06
-4.87618e-07
-3.84687e-06
-6.93824e-07
-3.86535e-06
-9.18621e-07
-3.8836e-06
-1.16585e-06
-3.89934e-06
-1.43902e-06
-3.90953e-06
-1.74108e-06
-3.91012e-06
-2.07406e-06
-3.89597e-06
-2.43857e-06
-3.86069e-06
-2.8332e-06
-3.79666e-06
-3.25366e-06
-3.69513e-06
-3.69181e-06
-3.54668e-06
-4.13446e-06
-3.34199e-06
-4.56203e-06
-3.07314e-06
-4.94728e-06
-2.73558e-06
-5.25428e-06
-2.33072e-06
-5.43802e-06
-1.86903e-06
-5.44529e-06
-1.3732e-06
-5.21756e-06
-8.80537e-07
-4.6964e-06
-4.43455e-07
-3.83155e-06
-1.26704e-07
-2.5911e-06
-9.74868e-07
-1.27979e-07
1.03046e-06
-4.41204e-07
2.70358e-06
-8.62837e-07
3.95188e-06
-1.32503e-06
4.79214e-06
-1.77654e-06
5.27501e-06
-2.18388e-06
5.46555e-06
-2.52903e-06
5.43126e-06
-2.8058e-06
5.23446e-06
-3.01601e-06
4.92835e-06
-3.16627e-06
4.55573e-06
-3.26552e-06
4.14938e-06
-3.32336e-06
3.73333e-06
-3.349e-06
3.32432e-06
-3.35068e-06
2.93338e-06
-3.33546e-06
2.56708e-06
-3.30918e-06
2.22875e-06
-3.27651e-06
1.91931e-06
-3.24112e-06
1.638e-06
-3.20583e-06
1.3829e-06
-3.17279e-06
1.15133e-06
-3.14358e-06
9.40106e-07
-3.11938e-06
7.45747e-07
-3.10106e-06
5.64581e-07
-3.08927e-06
3.92827e-07
-3.08446e-06
2.26621e-07
-3.08697e-06
6.20312e-08
-3.09699e-06
-1.04948e-07
-3.11459e-06
-2.7841e-07
-3.13967e-06
-4.62538e-07
-3.17189e-06
-6.616e-07
-3.2106e-06
-8.79911e-07
-3.25468e-06
-1.12176e-06
-3.30242e-06
-1.39128e-06
-3.35127e-06
-1.69223e-06
-3.39765e-06
-2.02768e-06
-3.43668e-06
-2.39954e-06
-3.46195e-06
-2.80793e-06
-3.46528e-06
-3.25033e-06
-3.43673e-06
-3.72036e-06
-3.36475e-06
-4.20645e-06
-3.23677e-06
-4.69001e-06
-3.0405e-06
-5.14355e-06
-2.76598e-06
-5.5288e-06
-2.40875e-06
-5.79525e-06
-1.97396e-06
-5.88008e-06
-1.48123e-06
-5.71028e-06
-9.69083e-07
-5.20855e-06
-4.97257e-07
-4.30338e-06
-1.4469e-07
-2.94367e-06
-1.11956e-06
-1.48213e-07
1.17867e-06
-4.99529e-07
3.05489e-06
-9.54539e-07
4.40689e-06
-1.43021e-06
5.26781e-06
-1.86898e-06
5.71378e-06
-2.23791e-06
5.83448e-06
-2.52361e-06
5.71695e-06
-2.72618e-06
5.43703e-06
-2.85377e-06
5.05594e-06
-2.91843e-06
4.62038e-06
-2.93329e-06
4.16424e-06
-2.9109e-06
3.71094e-06
-2.86234e-06
3.27576e-06
-2.79686e-06
2.8679e-06
-2.7219e-06
2.49213e-06
-2.64324e-06
2.15009e-06
-2.56522e-06
1.84129e-06
-2.49104e-06
1.56382e-06
-2.42298e-06
1.31484e-06
-2.36263e-06
1.09098e-06
-2.31108e-06
8.8856e-07
-2.26908e-06
7.03746e-07
-2.23714e-06
5.32639e-07
-2.21563e-06
3.71318e-07
-2.20486e-06
2.15851e-07
-2.20511e-06
6.22739e-08
-2.21662e-06
-9.34332e-08
-2.23965e-06
-2.55381e-07
-2.27438e-06
-4.27804e-07
-2.32091e-06
-6.15077e-07
-2.3791e-06
-8.21719e-07
-2.44851e-06
-1.05236e-06
-2.52815e-06
-1.31163e-06
-2.61633e-06
-1.60406e-06
-2.71026e-06
-1.93374e-06
-2.80582e-06
-2.30398e-06
-2.89705e-06
-2.71669e-06
-2.97589e-06
-3.17149e-06
-3.03171e-06
-3.66454e-06
-3.0513e-06
-4.18686e-06
-3.01906e-06
-4.72225e-06
-2.91795e-06
-5.24466e-06
-2.73155e-06
-5.7152e-06
-2.4475e-06
-6.0793e-06
-2.0628e-06
-6.26478e-06
-1.59067e-06
-6.18241e-06
-1.06808e-06
-5.73114e-06
-5.61538e-07
-4.80992e-06
-1.67319e-07
-3.33789e-06
-1.28688e-06
-1.75309e-07
1.35398e-06
-5.72832e-07
3.45241e-06
-1.06116e-06
4.89522e-06
-1.53893e-06
5.74558e-06
-1.9439e-06
6.11874e-06
-2.24746e-06
6.13804e-06
-2.44481e-06
5.91431e-06
-2.54548e-06
5.53769e-06
-2.56589e-06
5.07635e-06
-2.52448e-06
4.57896e-06
-2.43875e-06
4.07852e-06
-2.32394e-06
3.59612e-06
-2.19243e-06
3.14425e-06
-2.05388e-06
2.72935e-06
-1.91548e-06
2.35373e-06
-1.78239e-06
2.01701e-06
-1.65818e-06
1.71708e-06
-1.54517e-06
1.45081e-06
-1.44479e-06
1.21446e-06
-1.35786e-06
1.00405e-06
-1.28478e-06
8.1548e-07
-1.22572e-06
6.44684e-07
-1.18074e-06
4.87653e-07
-1.14987e-06
3.4045e-07
-1.13321e-06
1.99191e-07
-1.13094e-06
6.0009e-08
-1.14337e-06
-8.10028e-08
-1.17091e-06
-2.27841e-07
-1.21407e-06
-3.84647e-07
-1.27339e-06
-5.55757e-07
-1.34938e-06
-7.45733e-07
-1.44236e-06
-9.59371e-07
-1.55232e-06
-1.20167e-06
-1.67865e-06
-1.47773e-06
-1.81978e-06
-1.7926e-06
-1.97284e-06
-2.15093e-06
-2.13305e-06
-2.55649e-06
-2.29317e-06
-3.01137e-06
-2.44288e-06
-3.51484e-06
-2.56814e-06
-4.06159e-06
-2.65101e-06
-4.63938e-06
-2.66994e-06
-5.22572e-06
-2.60136e-06
-5.78378e-06
-2.42306e-06
-6.2576e-06
-2.12033e-06
-6.56751e-06
-1.69517e-06
-6.60756e-06
-1.17809e-06
-6.24822e-06
-6.39793e-07
-5.34822e-06
-1.96856e-07
-3.78082e-06
-1.48373e-06
-2.13173e-07
1.56715e-06
-6.66841e-07
3.90608e-06
-1.18401e-06
5.41239e-06
-1.64297e-06
6.20453e-06
-1.98155e-06
6.45732e-06
-2.1821e-06
6.33859e-06
-2.25406e-06
5.98627e-06
-2.21999e-06
5.50362e-06
-2.10637e-06
4.96273e-06
-1.93837e-06
4.41097e-06
-1.73743e-06
3.87758e-06
-1.52052e-06
3.37921e-06
-1.30036e-06
2.92409e-06
-1.086e-06
2.51499e-06
-8.8357e-07
2.15129e-06
-6.9692e-07
1.83036e-06
-5.28263e-07
1.54842e-06
-3.78649e-07
1.30119e-06
-2.4836e-07
1.08417e-06
-1.37204e-07
8.92892e-07
-4.47423e-08
7.23018e-07
2.95434e-08
5.70399e-07
8.61315e-08
4.31065e-07
1.25371e-07
3.0121e-07
1.47423e-07
1.77139e-07
1.5222e-07
5.52127e-08
1.39441e-07
-6.82242e-08
1.08512e-07
-1.96911e-07
5.86133e-08
-3.34748e-07
-1.12806e-08
-4.85863e-07
-1.02338e-07
-6.54676e-07
-2.15762e-07
-8.45946e-07
-3.52634e-07
-1.0648e-06
-5.13674e-07
-1.31669e-06
-6.98913e-07
-1.60736e-06
-9.07235e-07
-1.94261e-06
-1.13577e-06
-2.32795e-06
-1.37913e-06
-2.76801e-06
-1.62844e-06
-3.26553e-06
-1.8703e-06
-3.81973e-06
-2.08584e-06
-4.42385e-06
-2.25009e-06
-5.06147e-06
-2.33255e-06
-5.70132e-06
-2.29979e-06
-6.29036e-06
-2.12162e-06
-6.74568e-06
-1.78236e-06
-6.94682e-06
-1.29794e-06
-6.73264e-06
-7.3685e-07
-5.90932e-06
-2.37139e-07
-4.28053e-06
-1.72087e-06
-2.68428e-07
1.83558e-06
-7.8889e-07
4.42655e-06
-1.32049e-06
5.94399e-06
-1.72348e-06
6.60753e-06
-1.94643e-06
6.68027e-06
-1.99314e-06
6.38531e-06
-1.89443e-06
5.88755e-06
-1.6894e-06
5.29859e-06
-1.41532e-06
4.68866e-06
-1.10325e-06
4.09889e-06
-7.76935e-07
3.55126e-06
-4.53394e-07
3.05567e-06
-1.44068e-07
2.61476e-06
1.439e-07
2.22702e-06
4.06514e-07
1.88868e-06
6.41988e-07
1.59488e-06
8.50009e-07
1.3404e-06
1.03119e-06
1.12001e-06
1.18665e-06
9.28706e-07
1.31777e-06
7.61778e-07
1.42591e-06
6.14871e-07
1.51236e-06
4.8395e-07
1.57816e-06
3.65266e-07
1.62408e-06
2.55294e-07
1.65054e-06
1.50675e-07
1.65762e-06
4.81305e-08
1.64501e-06
-5.56086e-08
1.61199e-06
-1.63888e-07
1.55745e-06
-2.80214e-07
1.47992e-06
-4.08337e-07
1.37759e-06
-5.52337e-07
1.24835e-06
-7.16707e-07
1.08996e-06
-9.06415e-07
9.0024e-07
-1.12697e-06
6.77298e-07
-1.38442e-06
4.20023e-07
-1.68533e-06
1.28681e-07
-2.0366e-06
-1.94215e-07
-2.44511e-06
-5.42727e-07
-2.91702e-06
-9.06003e-07
-3.45645e-06
-1.26651e-06
-4.06335e-06
-1.59825e-06
-4.72973e-06
-1.86564e-06
-5.43393e-06
-2.0242e-06
-6.13181e-06
-2.02527e-06
-6.74461e-06
-1.82792e-06
-7.14417e-06
-1.42131e-06
-7.13924e-06
-8.58541e-07
-6.47209e-06
-2.94676e-07
-4.8444e-06
-2.01555e-06
-3.52112e-07
2.18769e-06
-9.46079e-07
5.02051e-06
-1.45651e-06
6.45443e-06
-1.73964e-06
6.89066e-06
-1.77502e-06
6.71565e-06
-1.60285e-06
6.21314e-06
-1.28265e-06
5.56735e-06
-8.71671e-07
4.88761e-06
-4.16327e-07
4.23331e-06
4.93986e-08
3.63317e-06
5.02527e-07
3.09814e-06
9.28711e-07
2.62949e-06
1.31992e-06
2.22356e-06
1.67248e-06
1.87446e-06
1.98562e-06
1.57554e-06
2.26033e-06
1.32016e-06
2.49867e-06
1.10207e-06
2.70316e-06
9.15522e-07
2.87649e-06
7.55379e-07
3.02124e-06
6.17029e-07
3.13975e-06
4.96356e-07
3.23404e-06
3.89667e-07
3.30569e-06
2.93614e-07
3.35587e-06
2.05114e-07
3.38527e-06
1.21273e-07
3.3941e-06
3.92981e-08
3.38208e-06
-4.35797e-08
3.34838e-06
-1.30192e-07
3.29168e-06
-2.23519e-07
3.21013e-06
-3.2678e-07
3.10132e-06
-4.43528e-07
2.96236e-06
-5.77749e-07
2.78992e-06
-7.3397e-07
2.58031e-06
-9.17361e-07
2.32973e-06
-1.13385e-06
2.0346e-06
-1.39019e-06
1.69203e-06
-1.69404e-06
1.30074e-06
-2.05383e-06
8.62239e-07
-2.47851e-06
3.82598e-07
-2.97681e-06
-1.25108e-07
-3.55564e-06
-6.37758e-07
-4.21708e-06
-1.11886e-06
-4.95282e-06
-1.51609e-06
-5.73459e-06
-1.76219e-06
-6.49851e-06
-1.78426e-06
-7.12211e-06
-1.52862e-06
-7.39488e-06
-1.0093e-06
-6.9914e-06
-3.80212e-07
-5.47349e-06
-2.39576e-06
-4.8094e-07
2.66863e-06
-1.13726e-06
5.67684e-06
-1.54847e-06
6.86563e-06
-1.60647e-06
6.94866e-06
-1.35561e-06
6.4648e-06
-8.89314e-07
5.74684e-06
-2.99528e-07
4.97756e-06
3.41744e-07
4.24634e-06
9.84834e-07
3.59022e-06
1.59868e-06
3.01932e-06
2.16586e-06
2.53096e-06
2.67821e-06
2.11714e-06
3.13347e-06
1.76829e-06
3.53298e-06
1.47495e-06
3.88004e-06
1.22848e-06
4.17892e-06
1.02128e-06
4.43422e-06
8.46773e-07
4.65041e-06
6.99326e-07
4.83168e-06
5.74108e-07
4.98174e-06
4.66972e-07
5.10377e-06
3.74329e-07
5.20039e-06
2.93046e-07
5.27366e-06
2.20348e-07
5.32505e-06
1.53725e-07
5.35546e-06
9.08543e-08
5.36524e-06
2.95206e-08
5.35412e-06
-3.24621e-08
5.32126e-06
-9.73262e-08
5.26517e-06
-1.6743e-07
5.18373e-06
-2.45343e-07
5.07414e-06
-3.33938e-07
4.93289e-06
-4.36494e-07
4.75573e-06
-5.56816e-07
4.53775e-06
-6.99373e-07
4.27336e-06
-8.69461e-07
3.95655e-06
-1.07339e-06
3.5812e-06
-1.31868e-06
3.14167e-06
-1.61429e-06
2.63387e-06
-1.97072e-06
2.05698e-06
-2.39992e-06
1.4161e-06
-2.91476e-06
7.26249e-07
-3.52723e-06
1.78076e-08
-4.24438e-06
-6.56931e-07
-5.05985e-06
-1.21813e-06
-5.93731e-06
-1.55956e-06
-6.78068e-06
-1.56849e-06
-7.38595e-06
-1.18306e-06
-7.37684e-06
-5.09451e-07
-6.14709e-06
-2.90521e-06
-6.72014e-07
3.34065e-06
-1.32571e-06
6.33053e-06
-1.48157e-06
7.02149e-06
-1.1543e-06
6.62138e-06
-4.97671e-07
5.80817e-06
3.32153e-07
4.91702e-06
1.2185e-06
4.09122e-06
2.08733e-06
3.37751e-06
2.89747e-06
2.78009e-06
3.62959e-06
2.2872e-06
4.27771e-06
1.88284e-06
4.84338e-06
1.55147e-06
5.3321e-06
1.27957e-06
5.75109e-06
1.05597e-06
6.10804e-06
8.71529e-07
6.41043e-06
7.18885e-07
6.66516e-06
5.92045e-07
6.87837e-06
4.8612e-07
7.05539e-06
3.9709e-07
7.20075e-06
3.21612e-07
7.3182e-06
2.56878e-07
7.41075e-06
2.00488e-07
7.48074e-06
1.50363e-07
7.52981e-06
1.04651e-07
7.559e-06
6.16633e-08
7.56872e-06
1.98029e-08
7.55876e-06
-2.24966e-08
7.52826e-06
-6.68332e-08
7.47573e-06
-1.149e-07
7.39895e-06
-1.68557e-07
7.29491e-06
-2.29905e-07
7.1598e-06
-3.01381e-07
6.98885e-06
-3.85865e-07
6.7763e-06
-4.86821e-07
6.51531e-06
-6.08469e-07
6.19794e-06
-7.56018e-07
5.81521e-06
-9.35961e-07
5.35737e-06
-1.15645e-06
4.81444e-06
-1.42779e-06
4.17743e-06
-1.76291e-06
3.44053e-06
-2.17787e-06
2.6051e-06
-2.69179e-06
1.6862e-06
-3.32548e-06
7.22751e-07
-4.0964e-06
-2.08801e-07
-5.00576e-06
-9.81191e-07
-6.00829e-06
-1.41714e-06
-6.95e-06
-1.33418e-06
-7.45979e-06
-6.96175e-07
-6.7851e-06
-3.60139e-06
-9.16802e-07
4.25745e-06
-1.35931e-06
6.77304e-06
-9.80252e-07
6.64244e-06
-6.00924e-08
5.70122e-06
1.108e-06
4.64008e-06
2.32518e-06
3.69983e-06
3.48026e-06
2.93614e-06
4.52237e-06
2.33539e-06
5.43567e-06
1.86679e-06
6.22233e-06
1.50054e-06
6.89272e-06
1.21245e-06
7.46013e-06
9.84052e-07
7.93818e-06
8.01524e-07
8.33957e-06
6.54579e-07
8.67561e-06
5.35488e-07
8.95613e-06
4.38366e-07
9.1895e-06
3.58672e-07
9.38278e-06
2.92843e-07
9.54182e-06
2.38044e-07
9.67145e-06
1.91981e-07
9.77556e-06
1.52772e-07
9.85721e-06
1.18841e-07
9.91873e-06
8.88449e-08
9.96177e-06
6.16069e-08
9.98737e-06
3.60643e-08
9.99595e-06
1.12218e-08
9.98734e-06
-1.3892e-08
9.96078e-06
-4.02678e-08
9.91484e-06
-6.89576e-08
9.8474e-06
-1.01124e-07
9.7556e-06
-1.38096e-07
9.63565e-06
-1.81432e-07
9.48278e-06
-2.33003e-07
9.29107e-06
-2.95105e-07
9.0532e-06
-3.706e-07
8.76031e-06
-4.63125e-07
8.40171e-06
-5.7737e-07
7.96476e-06
-7.19499e-07
7.4347e-06
-8.9773e-07
6.79498e-06
-1.12318e-06
6.02814e-06
-1.41104e-06
5.11836e-06
-1.78201e-06
4.05671e-06
-2.26383e-06
2.85196e-06
-2.89165e-06
1.5498e-06
-3.7036e-06
2.6296e-07
-4.72144e-06
-7.94692e-07
-5.89235e-06
-1.29798e-06
-6.95651e-06
-9.24247e-07
-7.15883e-06
-4.52564e-06
-1.08281e-06
5.34026e-06
-7.61057e-07
6.45129e-06
5.66689e-07
5.31469e-06
2.25272e-06
4.01519e-06
3.92714e-06
2.96566e-06
5.43225e-06
2.19472e-06
6.72216e-06
1.64623e-06
7.80213e-06
1.25542e-06
8.69654e-06
9.72382e-07
9.43393e-06
7.63148e-07
1.0041e-05
6.05336e-07
1.05409e-05
4.84157e-07
1.09528e-05
3.89688e-07
1.12922e-05
3.15116e-07
1.15721e-05
2.55638e-07
1.18027e-05
2.07775e-07
1.19924e-05
1.68947e-07
1.21481e-05
1.3719e-07
1.22751e-05
1.10985e-07
1.2378e-05
8.91285e-08
1.24601e-05
7.06502e-08
1.25242e-05
5.4753e-08
1.25723e-05
4.07658e-08
1.26058e-05
2.81082e-08
1.26256e-05
1.62613e-08
1.2632e-05
4.74274e-09
1.26251e-05
-6.91646e-09
1.2604e-05
-1.91947e-08
1.25676e-05
-3.26009e-08
1.25142e-05
-4.77011e-08
1.24413e-05
-6.51471e-08
1.23455e-05
-8.57118e-08
1.22229e-05
-1.10336e-07
1.2068e-05
-1.40189e-07
1.18741e-05
-1.76759e-07
1.1633e-05
-2.21975e-07
1.1334e-05
-2.78399e-07
1.0964e-05
-3.4951e-07
1.05064e-05
-4.40162e-07
9.94057e-06
-5.5731e-07
9.24073e-06
-7.11193e-07
8.37599e-06
-9.17273e-07
7.31148e-06
-1.19932e-06
6.01386e-06
-1.59403e-06
4.46691e-06
-2.15665e-06
2.70668e-06
-2.96121e-06
8.90349e-07
-4.07602e-06
-5.91409e-07
-5.47475e-06
-1.04316e-06
-6.70708e-06
-5.5688e-06
-1.16933e-07
5.45719e-06
1.8336e-06
4.50075e-06
4.40815e-06
2.74014e-06
6.70944e-06
1.7139e-06
8.56696e-06
1.10814e-06
1.00199e-05
7.41825e-07
1.1149e-05
5.17117e-07
1.20298e-05
3.74632e-07
1.27221e-05
2.80032e-07
1.32709e-05
2.14316e-07
1.37094e-05
1.66882e-07
1.4062e-05
1.31587e-07
1.4347e-05
1.04703e-07
1.45782e-05
8.38567e-08
1.47664e-05
6.7468e-08
1.49197e-05
5.44394e-08
1.50447e-05
4.39812e-08
1.51464e-05
3.55081e-08
1.52288e-05
2.85749e-08
1.52951e-05
2.28356e-08
1.53477e-05
1.80153e-08
1.53886e-05
1.38908e-08
1.54191e-05
1.02766e-08
1.54401e-05
7.01382e-09
1.54524e-05
3.96172e-09
1.54562e-05
9.90162e-10
1.54513e-05
-2.02735e-09
1.54373e-05
-5.21906e-09
1.54135e-05
-8.72283e-09
1.53784e-05
-1.26924e-08
1.53306e-05
-1.73062e-08
1.52677e-05
-2.27778e-08
1.51867e-05
-2.93697e-08
1.50839e-05
-3.74121e-08
1.49545e-05
-4.73304e-08
1.47922e-05
-5.96855e-08
1.4589e-05
-7.52368e-08
1.43346e-05
-9.50436e-08
1.40151e-05
-1.20637e-07
1.36121e-05
-1.5432e-07
1.31006e-05
-1.99724e-07
1.24462e-05
-2.62869e-07
1.16011e-05
-3.54246e-07
1.05001e-05
-4.92969e-07
9.05787e-06
-7.14454e-07
7.17896e-06
-1.08231e-06
4.80825e-06
-1.70531e-06
2.11272e-06
-2.77923e-06
9.80683e-09
-4.60416e-06
-5.55899e-06
5.45719e-06
9.95794e-06
1.26981e-05
1.4412e-05
1.55201e-05
1.6262e-05
1.67791e-05
1.71537e-05
1.74337e-05
1.7648e-05
1.78149e-05
1.79465e-05
1.80512e-05
1.81351e-05
1.82025e-05
1.8257e-05
1.8301e-05
1.83365e-05
1.8365e-05
1.83879e-05
1.84059e-05
1.84198e-05
1.84301e-05
1.84371e-05
1.8441e-05
1.8442e-05
1.844e-05
1.84348e-05
1.84261e-05
1.84134e-05
1.83961e-05
1.83733e-05
1.83439e-05
1.83065e-05
1.82592e-05
1.81995e-05
1.81243e-05
1.80292e-05
1.79086e-05
1.77543e-05
1.75545e-05
1.72917e-05
1.69374e-05
1.64444e-05
1.573e-05
1.46477e-05
1.29424e-05
1.01632e-05
5.55899e-06
)
;

boundaryField
{
    movingWallTop
    {
        type            calculated;
        value           uniform 0;
    }
    movingWallBottom
    {
        type            calculated;
        value           uniform 0;
    }
    fixedWalls
    {
        type            calculated;
        value           uniform 0;
    }
    frontAndBack
    {
        type            empty;
        value           nonuniform 0();
    }
}


// ************************************************************************* //
