/*--------------------------------*- C++ -*----------------------------------*\
  =========                 |
  \\      /  F ield         | OpenFOAM: The Open Source CFD Toolbox
   \\    /   O peration     | Website:  https://openfoam.org
    \\  /    A nd           | Version:  7
     \\/     M anipulation  |
\*---------------------------------------------------------------------------*/
FoamFile
{
    version     2.0;
    format      ascii;
    class       volVectorField;
    location    "0.0346";
    object      U;
}
// * * * * * * * * * * * * * * * * * * * * * * * * * * * * * * * * * * * * * //

dimensions      [0 1 -1 0 0 0 0];

internalField   nonuniform List<vector> 
2500
(
(0.290254 -0.152415 0)
(0.389544 -0.128238 0)
(0.565433 -0.0747337 0)
(0.68325 -0.0422277 0)
(0.752819 -0.0245209 0)
(0.797795 -0.0148753 0)
(0.828914 -0.00956391 0)
(0.851329 -0.0065376 0)
(0.868071 -0.00471147 0)
(0.880965 -0.00353545 0)
(0.891123 -0.00273116 0)
(0.899254 -0.00215301 0)
(0.90584 -0.00172101 0)
(0.911216 -0.00138861 0)
(0.91563 -0.00112704 0)
(0.919265 -0.000917551 0)
(0.92226 -0.000747269 0)
(0.924724 -0.000606997 0)
(0.926743 -0.000489919 0)
(0.928383 -0.000390825 0)
(0.929696 -0.000305606 0)
(0.930723 -0.000230929 0)
(0.931495 -0.000164008 0)
(0.932034 -0.000102432 0)
(0.932356 -4.40437e-05 0)
(0.932467 1.31579e-05 0)
(0.93237 7.10372e-05 0)
(0.93206 0.000131622 0)
(0.931524 0.000196967 0)
(0.930743 0.00026933 0)
(0.929691 0.00035131 0)
(0.928332 0.000446004 0)
(0.926617 0.000557232 0)
(0.924485 0.000689865 0)
(0.921858 0.000850306 0)
(0.918635 0.00104725 0)
(0.914682 0.00129288 0)
(0.909824 0.00160499 0)
(0.903826 0.00201062 0)
(0.896361 0.00255323 0)
(0.886961 0.00330683 0)
(0.874931 0.00440572 0)
(0.859182 0.00610857 0)
(0.837911 0.00893614 0)
(0.808064 0.0139485 0)
(0.764369 0.0232375 0)
(0.695892 0.0407657 0)
(0.577943 0.0737451 0)
(0.398056 0.128747 0)
(0.293873 0.153789 0)
(0.00108943 -0.2949 0)
(0.0168642 -0.298622 0)
(0.152315 -0.213007 0)
(0.282805 -0.145286 0)
(0.387894 -0.0995714 0)
(0.470997 -0.0697173 0)
(0.536273 -0.0503421 0)
(0.587576 -0.0375238 0)
(0.628255 -0.028751 0)
(0.660874 -0.0225215 0)
(0.687304 -0.0179445 0)
(0.708907 -0.0144813 0)
(0.726689 -0.0117959 0)
(0.741401 -0.00967129 0)
(0.753614 -0.0079623 0)
(0.763772 -0.00656812 0)
(0.772219 -0.00541649 0)
(0.779228 -0.00445397 0)
(0.785016 -0.00363994 0)
(0.789755 -0.00294263 0)
(0.793582 -0.00233655 0)
(0.796605 -0.00180068 0)
(0.798905 -0.00131718 0)
(0.800544 -0.00087044 0)
(0.80156 -0.000446365 0)
(0.801978 -3.17604e-05 0)
(0.801801 0.00038614 0)
(0.801017 0.000820367 0)
(0.799595 0.00128457 0)
(0.797485 0.00179369 0)
(0.794617 0.0023647 0)
(0.790894 0.00301761 0)
(0.786192 0.00377675 0)
(0.780351 0.00467261 0)
(0.773167 0.00574452 0)
(0.764381 0.00704465 0)
(0.753658 0.00864407 0)
(0.740565 0.0106425 0)
(0.724531 0.0131843 0)
(0.704797 0.0164856 0)
(0.680333 0.0208823 0)
(0.649719 0.0269162 0)
(0.610975 0.0354924 0)
(0.561326 0.0481629 0)
(0.497037 0.0675873 0)
(0.413641 0.0980691 0)
(0.306234 0.14572 0)
(0.170485 0.217267 0)
(0.0268959 0.307187 0)
(0.00518741 0.303015 0)
(-0.0329158 -0.250403 0)
(-0.0615941 -0.344038 0)
(-0.0115379 -0.310534 0)
(0.070683 -0.251398 0)
(0.158653 -0.195791 0)
(0.240983 -0.151138 0)
(0.313321 -0.117362 0)
(0.374979 -0.0921989 0)
(0.426865 -0.0733555 0)
(0.470337 -0.0590536 0)
(0.506744 -0.0480197 0)
(0.537269 -0.0393645 0)
(0.562903 -0.0324694 0)
(0.584459 -0.0268993 0)
(0.602597 -0.0223436 0)
(0.617853 -0.0185757 0)
(0.630665 -0.0154268 0)
(0.641388 -0.0127683 0)
(0.65031 -0.0104997 0)
(0.657668 -0.00854088 0)
(0.663651 -0.00682651 0)
(0.66841 -0.0053017 0)
(0.67206 -0.00391933 0)
(0.674687 -0.00263769 0)
(0.67635 -0.00141876 0)
(0.677081 -0.000226692 0)
(0.676886 0.000973518 0)
(0.675747 0.00221729 0)
(0.673619 0.00354189 0)
(0.67043 0.00498792 0)
(0.666076 0.0066012 0)
(0.66042 0.00843518 0)
(0.653285 0.0105541 0)
(0.644445 0.0130372 0)
(0.633618 0.015985 0)
(0.620449 0.0195281 0)
(0.604496 0.0238395 0)
(0.585201 0.0291543 0)
(0.561864 0.0357982 0)
(0.533603 0.0442317 0)
(0.49931 0.0551172 0)
(0.457621 0.069419 0)
(0.406911 0.0885404 0)
(0.345425 0.11448 0)
(0.271723 0.149883 0)
(0.185931 0.197513 0)
(0.0920744 0.257908 0)
(0.00176104 0.323212 0)
(-0.0569552 0.361502 0)
(-0.0321716 0.263989 0)
(-0.0267708 -0.19063 0)
(-0.0654504 -0.332959 0)
(-0.0646506 -0.351343 0)
(-0.0277378 -0.318953 0)
(0.0291866 -0.271552 0)
(0.0930446 -0.224873 0)
(0.156144 -0.1844 0)
(0.214696 -0.151048 0)
(0.267192 -0.124089 0)
(0.313349 -0.102395 0)
(0.353477 -0.0848854 0)
(0.388128 -0.0706606 0)
(0.417922 -0.0590119 0)
(0.443461 -0.049393 0)
(0.465293 -0.0413843 0)
(0.483902 -0.0346623 0)
(0.499706 -0.0289742 0)
(0.513061 -0.0241201 0)
(0.524269 -0.0199392 0)
(0.53358 -0.0162996 0)
(0.541202 -0.0130913 0)
(0.547302 -0.01022 0)
(0.552011 -0.00760357 0)
(0.555426 -0.00516812 0)
(0.557613 -0.0028456 0)
(0.558609 -0.000571332 0)
(0.558419 0.00171817 0)
(0.557021 0.0040873 0)
(0.554359 0.00660362 0)
(0.550348 0.00934038 0)
(0.544866 0.0123795 0)
(0.537752 0.0158156 0)
(0.528804 0.0197603 0)
(0.517767 0.0243493 0)
(0.504329 0.0297506 0)
(0.488112 0.0361766 0)
(0.468658 0.0439001 0)
(0.445424 0.0532767 0)
(0.417768 0.0647748 0)
(0.384951 0.0790145 0)
(0.346164 0.0968151 0)
(0.300598 0.119238 0)
(0.247621 0.147594 0)
(0.18714 0.183316 0)
(0.12031 0.227478 0)
(0.0507972 0.279399 0)
(-0.0133611 0.33334 0)
(-0.0579515 0.372002 0)
(-0.064722 0.355823 0)
(-0.027292 0.204787 0)
(-0.017853 -0.149166 0)
(-0.0531625 -0.302812 0)
(-0.0738123 -0.354579 0)
(-0.0669871 -0.349742 0)
(-0.0380955 -0.318862 0)
(0.00365393 -0.27932 0)
(0.0510571 -0.239707 0)
(0.0993625 -0.203648 0)
(0.145739 -0.172257 0)
(0.188695 -0.145508 0)
(0.227592 -0.122925 0)
(0.262285 -0.10391 0)
(0.292906 -0.0878852 0)
(0.319722 -0.0743403 0)
(0.343055 -0.0628443 0)
(0.363242 -0.0530391 0)
(0.380601 -0.0446286 0)
(0.395428 -0.037367 0)
(0.407985 -0.0310486 0)
(0.418499 -0.0254991 0)
(0.427164 -0.0205688 0)
(0.434141 -0.0161265 0)
(0.439555 -0.0120553 0)
(0.443503 -0.0082486 0)
(0.446049 -0.00460664 0)
(0.447226 -0.0010338 0)
(0.447038 0.00256433 0)
(0.445459 0.00628366 0)
(0.442429 0.0102246 0)
(0.437856 0.0144952 0)
(0.431614 0.0192152 0)
(0.423538 0.0245205 0)
(0.413424 0.030569 0)
(0.401023 0.0375479 0)
(0.386041 0.0456829 0)
(0.368135 0.0552495 0)
(0.346913 0.0665878 0)
(0.321945 0.0801187 0)
(0.292777 0.096362 0)
(0.258976 0.11595 0)
(0.220203 0.139626 0)
(0.176363 0.168198 0)
(0.127853 0.202389 0)
(0.0759748 0.242474 0)
(0.0235269 0.287476 0)
(-0.0244181 0.333575 0)
(-0.0598401 0.371221 0)
(-0.0721672 0.38082 0)
(-0.0544001 0.327966 0)
(-0.0186541 0.162424 0)
(-0.0114378 -0.120872 0)
(-0.0403522 -0.269707 0)
(-0.0681099 -0.339635 0)
(-0.0783039 -0.356518 0)
(-0.0698109 -0.342931 0)
(-0.0474169 -0.314389 0)
(-0.0162973 -0.280289 0)
(0.0192911 -0.245786 0)
(0.0562453 -0.213415 0)
(0.0925134 -0.184216 0)
(0.126853 -0.158436 0)
(0.158585 -0.135937 0)
(0.187406 -0.116416 0)
(0.213245 -0.099515 0)
(0.236171 -0.084882 0)
(0.256329 -0.0721898 0)
(0.273904 -0.0611459 0)
(0.289089 -0.051492 0)
(0.302076 -0.043001 0)
(0.313042 -0.0354725 0)
(0.322142 -0.028728 0)
(0.329511 -0.0226071 0)
(0.335256 -0.016963 0)
(0.339461 -0.0116596 0)
(0.342179 -0.00656729 0)
(0.343438 -0.00156074 0)
(0.343237 0.00348463 0)
(0.341546 0.00869553 0)
(0.338307 0.0142042 0)
(0.33343 0.0201517 0)
(0.326794 0.0266926 0)
(0.318249 0.033999 0)
(0.307611 0.0422668 0)
(0.294664 0.0517215 0)
(0.279166 0.062626 0)
(0.260854 0.0752886 0)
(0.239454 0.09007 0)
(0.214708 0.107389 0)
(0.186412 0.127718 0)
(0.15448 0.151564 0)
(0.119053 0.179414 0)
(0.0806592 0.211604 0)
(0.0404509 0.248066 0)
(0.000517573 0.28785 0)
(-0.0357809 0.328275 0)
(-0.0636075 0.363586 0)
(-0.0768629 0.383017 0)
(-0.0696529 0.368725 0)
(-0.0423883 0.294982 0)
(-0.0121961 0.132888 0)
(-0.00748767 -0.100818 0)
(-0.0305527 -0.239279 0)
(-0.0589682 -0.317308 0)
(-0.0776164 -0.349087 0)
(-0.0823949 -0.350181 0)
(-0.074811 -0.333088 0)
(-0.0578736 -0.306574 0)
(-0.0347316 -0.276265 0)
(-0.00810601 -0.245501 0)
(0.0199143 -0.216109 0)
(0.0478497 -0.188977 0)
(0.0747186 -0.16444 0)
(0.0999143 -0.142521 0)
(0.123098 -0.123083 0)
(0.144114 -0.105909 0)
(0.162927 -0.0907555 0)
(0.179576 -0.0773748 0)
(0.194144 -0.0655282 0)
(0.206736 -0.0549917 0)
(0.217461 -0.0455572 0)
(0.226427 -0.0370318 0)
(0.233727 -0.0292362 0)
(0.239443 -0.0220018 0)
(0.243635 -0.0151686 0)
(0.246342 -0.00858208 0)
(0.247583 -0.00209099 0)
(0.24735 0.00445589 0)
(0.245614 0.0112126 0)
(0.242318 0.018339 0)
(0.237385 0.0260044 0)
(0.230708 0.0343912 0)
(0.222163 0.0436987 0)
(0.211601 0.0541475 0)
(0.198863 0.0659837 0)
(0.18378 0.0794822 0)
(0.166191 0.0949492 0)
(0.145965 0.112719 0)
(0.123032 0.133146 0)
(0.097435 0.156578 0)
(0.0694049 0.183303 0)
(0.0394616 0.213456 0)
(0.00855499 0.246838 0)
(-0.021769 0.282624 0)
(-0.0492024 0.318883 0)
(-0.0706026 0.351875 0)
(-0.0821815 0.375115 0)
(-0.0801536 0.37836 0)
(-0.062343 0.347054 0)
(-0.0328547 0.263364 0)
(-0.00814255 0.111489 0)
(-0.00515493 -0.0860863 0)
(-0.0236717 -0.212796 0)
(-0.0502754 -0.292823 0)
(-0.0724784 -0.33378 0)
(-0.0852878 -0.346044 0)
(-0.0882238 -0.339128 0)
(-0.0825729 -0.320534 0)
(-0.0703156 -0.295657 0)
(-0.0535159 -0.268119 0)
(-0.0339853 -0.2402 0)
(-0.0131662 -0.213251 0)
(0.00786511 -0.188002 0)
(0.0283476 -0.16479 0)
(0.0477714 -0.143707 0)
(0.0658159 -0.124703 0)
(0.0822985 -0.107644 0)
(0.0971323 -0.0923561 0)
(0.110295 -0.0786456 0)
(0.121804 -0.0663124 0)
(0.131701 -0.0551584 0)
(0.140037 -0.04499 0)
(0.146864 -0.0356201 0)
(0.152228 -0.0268677 0)
(0.156165 -0.0185565 0)
(0.158697 -0.0105136 0)
(0.15983 -0.00256752 0)
(0.159552 0.00545419 0)
(0.157835 0.0137272 0)
(0.154628 0.0224328 0)
(0.149869 0.0317612 0)
(0.143475 0.0419135 0)
(0.135354 0.0531045 0)
(0.125406 0.0655646 0)
(0.113533 0.0795411 0)
(0.0996524 0.0952962 0)
(0.0837115 0.113102 0)
(0.0657182 0.133229 0)
(0.0457758 0.155922 0)
(0.0241352 0.181354 0)
(0.00126107 0.209558 0)
(-0.0220845 0.240303 0)
(-0.0447492 0.272904 0)
(-0.0651065 0.305942 0)
(-0.0810248 0.336864 0)
(-0.0899786 0.361486 0)
(-0.0894307 0.373455 0)
(-0.0775707 0.363903 0)
(-0.0546235 0.321693 0)
(-0.0260181 0.234974 0)
(-0.00571961 0.0954202 0)
(-0.00375958 -0.0748022 0)
(-0.0189155 -0.190016 0)
(-0.0430494 -0.268565 0)
(-0.0662464 -0.314486 0)
(-0.0836307 -0.334603 0)
(-0.0936995 -0.335941 0)
(-0.096567 -0.324605 0)
(-0.0932358 -0.305409 0)
(-0.0850833 -0.281887 0)
(-0.0735092 -0.256492 0)
(-0.0597565 -0.230846 0)
(-0.0448455 -0.205962 0)
(-0.0295682 -0.182429 0)
(-0.0145121 -0.160549 0)
(-9.51634e-05 -0.140432 0)
(0.0133985 -0.122067 0)
(0.0257859 -0.105366 0)
(0.0369583 -0.0901955 0)
(0.0468583 -0.0763939 0)
(0.0554633 -0.0637864 0)
(0.0627716 -0.0521913 0)
(0.0687925 -0.0414242 0)
(0.0735386 -0.0313003 0)
(0.0770201 -0.0216354 0)
(0.0792407 -0.0122452 0)
(0.0801953 -0.00294492 0)
(0.0798679 0.00645248 0)
(0.0782314 0.0161374 0)
(0.0752475 0.0263053 0)
(0.070869 0.0371583 0)
(0.0650421 0.0489063 0)
(0.0577118 0.0617676 0)
(0.048829 0.0759678 0)
(0.0383608 0.0917375 0)
(0.0263052 0.109305 0)
(0.0127118 0.128886 0)
(-0.00229227 0.15066 0)
(-0.0184662 0.174739 0)
(-0.0354124 0.201109 0)
(-0.0525249 0.22955 0)
(-0.0689359 0.259509 0)
(-0.0834715 0.289926 0)
(-0.0946406 0.318998 0)
(-0.100698 0.343889 0)
(-0.0998535 0.360426 0)
(-0.0906957 0.362878 0)
(-0.0728408 0.343994 0)
(-0.0478381 0.295574 0)
(-0.0212041 0.209933 0)
(-0.00425337 0.0828562 0)
(-0.00289366 -0.0657898 0)
(-0.0155951 -0.170309 0)
(-0.0373297 -0.245489 0)
(-0.0602876 -0.293447 0)
(-0.0801028 -0.318668 0)
(-0.0948539 -0.326268 0)
(-0.103942 -0.321079 0)
(-0.107646 -0.307206 0)
(-0.106749 -0.287891 0)
(-0.10222 -0.265557 0)
(-0.0950333 -0.241934 0)
(-0.0860644 -0.218201 0)
(-0.0760496 -0.195129 0)
(-0.0655789 -0.173182 0)
(-0.0551075 -0.152612 0)
(-0.0449747 -0.133523 0)
(-0.0354257 -0.115913 0)
(-0.0266317 -0.0997146 0)
(-0.0187082 -0.0848142 0)
(-0.0117302 -0.0710686 0)
(-0.00574462 -0.0583164 0)
(-0.000780168 -0.0463847 0)
(0.00314512 -0.035093 0)
(0.00601796 -0.0242567 0)
(0.00782564 -0.0136872 0)
(0.00855316 -0.00319339 0)
(0.00818163 0.00741923 0)
(0.00668788 0.0183485 0)
(0.00404524 0.029796 0)
(0.000225765 0.0419674 0)
(-0.00479599 0.0550713 0)
(-0.0110371 0.0693184 0)
(-0.0184983 0.0849168 0)
(-0.0271524 0.102067 0)
(-0.0369293 0.120948 0)
(-0.0476972 0.141704 0)
(-0.0592377 0.164415 0)
(-0.0712174 0.189053 0)
(-0.0831553 0.215431 0)
(-0.0943912 0.243109 0)
(-0.104061 0.271288 0)
(-0.111095 0.298662 0)
(-0.114255 0.32324 0)
(-0.112256 0.342164 0)
(-0.103995 0.351561 0)
(-0.0889434 0.346517 0)
(-0.0676343 0.321315 0)
(-0.0422215 0.270056 0)
(-0.0177686 0.187828 0)
(-0.00332889 0.072639 0)
(-0.00233212 -0.058323 0)
(-0.0132325 -0.153039 0)
(-0.0328794 -0.22386 0)
(-0.0550702 -0.271878 0)
(-0.0760407 -0.300068 0)
(-0.0937863 -0.312142 0)
(-0.10732 -0.311866 0)
(-0.116432 -0.302649 0)
(-0.121436 -0.287349 0)
(-0.122919 -0.268234 0)
(-0.121576 -0.24702 0)
(-0.118098 -0.224958 0)
(-0.113113 -0.202922 0)
(-0.107165 -0.181495 0)
(-0.100696 -0.161038 0)
(-0.0940637 -0.141749 0)
(-0.0875421 -0.123708 0)
(-0.0813404 -0.106911 0)
(-0.0756137 -0.0912934 0)
(-0.0704754 -0.0767479 0)
(-0.0660075 -0.0631393 0)
(-0.062269 -0.050312 0)
(-0.0593032 -0.0380967 0)
(-0.057143 -0.0263144 0)
(-0.0558146 -0.014779 0)
(-0.0553406 -0.00329967 0)
(-0.0557411 0.00831888 0)
(-0.057034 0.0202748 0)
(-0.0592338 0.0327684 0)
(-0.0623491 0.0460005 0)
(-0.0663783 0.0601704 0)
(-0.0713039 0.0754713 0)
(-0.0770836 0.0920849 0)
(-0.0836401 0.110171 0)
(-0.0908468 0.129854 0)
(-0.0985117 0.1512 0)
(-0.106358 0.174189 0)
(-0.114003 0.198668 0)
(-0.12094 0.2243 0)
(-0.126523 0.250479 0)
(-0.129969 0.276244 0)
(-0.130382 0.300162 0)
(-0.126826 0.32021 0)
(-0.118456 0.333684 0)
(-0.104741 0.33715 0)
(-0.0857819 0.326542 0)
(-0.0626427 0.297453 0)
(-0.0376539 0.245697 0)
(-0.0152539 0.168163 0)
(-0.00271545 0.064055 0)
(-0.00195204 -0.0519438 0)
(-0.0115153 -0.137674 0)
(-0.0294271 -0.203646 0)
(-0.0506797 -0.250407 0)
(-0.0720727 -0.279959 0)
(-0.0916844 -0.295007 0)
(-0.10835 -0.298466 0)
(-0.121551 -0.293122 0)
(-0.131257 -0.281432 0)
(-0.137743 -0.265439 0)
(-0.141448 -0.246772 0)
(-0.142872 -0.226675 0)
(-0.142515 -0.206069 0)
(-0.140838 -0.185604 0)
(-0.138245 -0.165716 0)
(-0.135075 -0.146678 0)
(-0.131608 -0.128636 0)
(-0.128069 -0.111643 0)
(-0.124634 -0.0956783 0)
(-0.12144 -0.0806738 0)
(-0.118594 -0.0665217 0)
(-0.116176 -0.0530877 0)
(-0.114248 -0.0402178 0)
(-0.112859 -0.0277441 0)
(-0.112043 -0.0154885 0)
(-0.111829 -0.00326584 0)
(-0.112235 0.0091136 0)
(-0.113275 0.0218421 0)
(-0.114949 0.0351121 0)
(-0.11725 0.049113 0)
(-0.120151 0.0640275 0)
(-0.123605 0.0800254 0)
(-0.127537 0.0972553 0)
(-0.131829 0.115833 0)
(-0.136317 0.135824 0)
(-0.140772 0.157222 0)
(-0.14489 0.179915 0)
(-0.148276 0.203647 0)
(-0.150444 0.227966 0)
(-0.15081 0.252158 0)
(-0.148716 0.275172 0)
(-0.143472 0.295549 0)
(-0.134437 0.311348 0)
(-0.121151 0.320113 0)
(-0.103522 0.3189 0)
(-0.0820653 0.304419 0)
(-0.0581107 0.273322 0)
(-0.0339383 0.222664 0)
(-0.0133597 0.150498 0)
(-0.0022871 0.056656 0)
(-0.00168496 -0.0463521 0)
(-0.0102418 -0.123795 0)
(-0.0267398 -0.1847 0)
(-0.0470531 -0.229332 0)
(-0.0684635 -0.259059 0)
(-0.0892016 -0.275869 0)
(-0.108049 -0.28202 0)
(-0.124308 -0.279764 0)
(-0.13771 -0.271177 0)
(-0.148287 -0.25806 0)
(-0.156261 -0.241905 0)
(-0.161955 -0.223901 0)
(-0.165736 -0.204963 0)
(-0.167971 -0.185771 0)
(-0.169001 -0.166805 0)
(-0.169131 -0.148387 0)
(-0.168626 -0.130715 0)
(-0.167707 -0.113886 0)
(-0.166556 -0.0979223 0)
(-0.165323 -0.0827875 0)
(-0.164125 -0.0684029 0)
(-0.163058 -0.0546567 0)
(-0.162196 -0.0414132 0)
(-0.161594 -0.028519 0)
(-0.161296 -0.0158083 0)
(-0.16133 -0.00310658 0)
(-0.161715 0.00976567 0)
(-0.162456 0.0229896 0)
(-0.163544 0.0367444 0)
(-0.164954 0.0512032 0)
(-0.166641 0.0665273 0)
(-0.168535 0.0828589 0)
(-0.170535 0.100311 0)
(-0.172499 0.118955 0)
(-0.174241 0.138802 0)
(-0.175516 0.159779 0)
(-0.176018 0.181701 0)
(-0.175374 0.204233 0)
(-0.173146 0.226847 0)
(-0.168844 0.248768 0)
(-0.161955 0.268926 0)
(-0.151994 0.285904 0)
(-0.138587 0.297912 0)
(-0.121585 0.302787 0)
(-0.101212 0.298063 0)
(-0.0782379 0.281119 0)
(-0.0540904 0.249437 0)
(-0.030892 0.200954 0)
(-0.0118935 0.134471 0)
(-0.00197419 0.0501491 0)
(-0.0014914 -0.0413447 0)
(-0.00928018 -0.111078 0)
(-0.0246349 -0.166848 0)
(-0.0440821 -0.20877 0)
(-0.0652983 -0.237802 0)
(-0.0866845 -0.255419 0)
(-0.107038 -0.263372 0)
(-0.125567 -0.263476 0)
(-0.141845 -0.257467 0)
(-0.155725 -0.246901 0)
(-0.167252 -0.233115 0)
(-0.176597 -0.217209 0)
(-0.184 -0.200061 0)
(-0.189731 -0.182344 0)
(-0.194062 -0.164559 0)
(-0.19725 -0.147055 0)
(-0.199529 -0.130063 0)
(-0.201105 -0.113714 0)
(-0.202154 -0.0980634 0)
(-0.202825 -0.0831053 0)
(-0.203241 -0.0687863 0)
(-0.203503 -0.0550173 0)
(-0.203688 -0.0416819 0)
(-0.203859 -0.0286437 0)
(-0.20406 -0.0157517 0)
(-0.20432 -0.00284561 0)
(-0.204654 0.0102399 0)
(-0.205061 0.0236712 0)
(-0.205521 0.0376105 0)
(-0.205998 0.052211 0)
(-0.206431 0.0676101 0)
(-0.206735 0.083921 0)
(-0.206792 0.101222 0)
(-0.20645 0.119542 0)
(-0.205513 0.138845 0)
(-0.203741 0.159004 0)
(-0.200846 0.17978 0)
(-0.196497 0.200784 0)
(-0.190325 0.221447 0)
(-0.181946 0.240979 0)
(-0.170996 0.258336 0)
(-0.157179 0.272196 0)
(-0.140347 0.280953 0)
(-0.120588 0.282747 0)
(-0.0983449 0.275544 0)
(-0.0745254 0.25728 0)
(-0.0505586 0.226073 0)
(-0.028369 0.180485 0)
(-0.0107311 0.119798 0)
(-0.00173695 0.0443349 0)
(-0.00134762 -0.0367793 0)
(-0.00854289 -0.0992756 0)
(-0.0229746 -0.149919 0)
(-0.0416554 -0.188748 0)
(-0.062578 -0.216446 0)
(-0.0843067 -0.234124 0)
(-0.105689 -0.243144 0)
(-0.125894 -0.244966 0)
(-0.144394 -0.241029 0)
(-0.160915 -0.232663 0)
(-0.175364 -0.221041 0)
(-0.187785 -0.20716 0)
(-0.198305 -0.191835 0)
(-0.207102 -0.175714 0)
(-0.214375 -0.15929 0)
(-0.220329 -0.142923 0)
(-0.225161 -0.126863 0)
(-0.229051 -0.111263 0)
(-0.232161 -0.0962028 0)
(-0.23463 -0.0817007 0)
(-0.236578 -0.0677259 0)
(-0.238104 -0.0542104 0)
(-0.239287 -0.041057 0)
(-0.240189 -0.0281472 0)
(-0.240855 -0.0153468 0)
(-0.241309 -0.00251199 0)
(-0.241564 0.0105062 0)
(-0.24161 0.0238564 0)
(-0.241423 0.0376819 0)
(-0.240954 0.0521142 0)
(-0.240135 0.0672659 0)
(-0.23887 0.0832221 0)
(-0.237035 0.100028 0)
(-0.234474 0.117678 0)
(-0.230998 0.136096 0)
(-0.226385 0.155117 0)
(-0.220379 0.174463 0)
(-0.212704 0.193719 0)
(-0.203069 0.212305 0)
(-0.191202 0.229449 0)
(-0.176874 0.244168 0)
(-0.159958 0.255264 0)
(-0.140485 0.261328 0)
(-0.118721 0.260788 0)
(-0.0952484 0.251988 0)
(-0.0710392 0.233315 0)
(-0.0474681 0.203369 0)
(-0.026259 0.161151 0)
(-0.00979175 0.106255 0)
(-0.00155182 0.039072 0)
(-0.00123875 -0.0325537 0)
(-0.00797044 -0.0881986 0)
(-0.0216562 -0.13376 0)
(-0.0396743 -0.169242 0)
(-0.060268 -0.195141 0)
(-0.0821471 -0.212301 0)
(-0.104223 -0.221789 0)
(-0.125658 -0.224777 0)
(-0.145867 -0.222453 0)
(-0.164483 -0.215938 0)
(-0.181312 -0.206251 0)
(-0.196292 -0.194274 0)
(-0.209456 -0.180749 0)
(-0.220897 -0.166279 0)
(-0.230747 -0.151335 0)
(-0.239156 -0.136271 0)
(-0.246279 -0.121343 0)
(-0.252267 -0.106716 0)
(-0.25726 -0.0924863 0)
(-0.261384 -0.0786891 0)
(-0.264748 -0.065313 0)
(-0.267447 -0.0523085 0)
(-0.269554 -0.0395966 0)
(-0.271128 -0.0270767 0)
(-0.272211 -0.0146321 0)
(-0.272824 -0.0021365 0)
(-0.272974 0.0105411 0)
(-0.272648 0.0235306 0)
(-0.271812 0.036955 0)
(-0.270414 0.0509242 0)
(-0.268379 0.0655269 0)
(-0.265607 0.0808221 0)
(-0.261976 0.0968277 0)
(-0.257335 0.113508 0)
(-0.251512 0.130759 0)
(-0.24431 0.14839 0)
(-0.235517 0.166104 0)
(-0.224915 0.18348 0)
(-0.212298 0.199952 0)
(-0.197495 0.214791 0)
(-0.180404 0.227099 0)
(-0.161033 0.235812 0)
(-0.139557 0.239719 0)
(-0.116366 0.237509 0)
(-0.092129 0.227849 0)
(-0.0678318 0.209484 0)
(-0.0447703 0.181375 0)
(-0.0244812 0.142837 0)
(-0.00902139 0.0936612 0)
(-0.0014042 0.0342565 0)
(-0.0011551 -0.0285925 0)
(-0.00752169 -0.0776997 0)
(-0.0206039 -0.118242 0)
(-0.0380572 -0.150207 0)
(-0.0583224 -0.173965 0)
(-0.080234 -0.190162 0)
(-0.10277 -0.199635 0)
(-0.125103 -0.203327 0)
(-0.146617 -0.202209 0)
(-0.166885 -0.197223 0)
(-0.185634 -0.189236 0)
(-0.202721 -0.17902 0)
(-0.218099 -0.167235 0)
(-0.231788 -0.154427 0)
(-0.243858 -0.141034 0)
(-0.254407 -0.127393 0)
(-0.263548 -0.113753 0)
(-0.2714 -0.100284 0)
(-0.278078 -0.0870879 0)
(-0.283691 -0.0742138 0)
(-0.288335 -0.0616643 0)
(-0.292093 -0.0494058 0)
(-0.295034 -0.0373758 0)
(-0.29721 -0.0254907 0)
(-0.298658 -0.0136512 0)
(-0.299394 -0.00174868 0)
(-0.29942 0.0103295 0)
(-0.298718 0.0226941 0)
(-0.297251 0.0354485 0)
(-0.294963 0.0486814 0)
(-0.291777 0.0624599 0)
(-0.287595 0.0768204 0)
(-0.282299 0.0917585 0)
(-0.275755 0.107217 0)
(-0.267808 0.123074 0)
(-0.258296 0.139125 0)
(-0.247054 0.155072 0)
(-0.233926 0.170505 0)
(-0.218783 0.18489 0)
(-0.201548 0.197558 0)
(-0.182227 0.20771 0)
(-0.16094 0.21442 0)
(-0.137969 0.216661 0)
(-0.11379 0.213357 0)
(-0.0891187 0.20344 0)
(-0.064927 0.185942 0)
(-0.042423 0.160095 0)
(-0.0229771 0.125433 0)
(-0.00838358 0.0818714 0)
(-0.00128475 0.0298086 0)
(-0.00109018 -0.024839 0)
(-0.0071677 -0.0676634 0)
(-0.0197615 -0.103254 0)
(-0.0367389 -0.131592 0)
(-0.0566958 -0.152956 0)
(-0.0785708 -0.167846 0)
(-0.101404 -0.17692 0)
(-0.124389 -0.180933 0)
(-0.146896 -0.180674 0)
(-0.168455 -0.176925 0)
(-0.18874 -0.170418 0)
(-0.207543 -0.161813 0)
(-0.224751 -0.151686 0)
(-0.240325 -0.140522 0)
(-0.254278 -0.128718 0)
(-0.266661 -0.116583 0)
(-0.277547 -0.104352 0)
(-0.287023 -0.092188 0)
(-0.295179 -0.0801972 0)
(-0.302102 -0.0684342 0)
(-0.307876 -0.0569121 0)
(-0.312572 -0.04561 0)
(-0.316248 -0.03448 0)
(-0.318949 -0.0234539 0)
(-0.320706 -0.0124491 0)
(-0.321532 -0.00137432 0)
(-0.321422 0.00986522 0)
(-0.320354 0.021362 0)
(-0.31829 0.0332003 0)
(-0.31517 0.04545 0)
(-0.310921 0.0581591 0)
(-0.305449 0.0713459 0)
(-0.298648 0.0849893 0)
(-0.290397 0.0990189 0)
(-0.28057 0.113303 0)
(-0.269039 0.127639 0)
(-0.255685 0.141736 0)
(-0.240412 0.155212 0)
(-0.223163 0.167577 0)
(-0.203945 0.178238 0)
(-0.18285 0.186493 0)
(-0.160089 0.191555 0)
(-0.136022 0.192568 0)
(-0.111182 0.188655 0)
(-0.0863054 0.178972 0)
(-0.062335 0.162775 0)
(-0.0403922 0.139499 0)
(-0.0217045 0.10883 0)
(-0.00785332 0.0707628 0)
(-0.0011873 0.0256653 0)
(-0.00103956 -0.0212492 0)
(-0.00688794 -0.057998 0)
(-0.0190877 -0.0887009 0)
(-0.0356687 -0.11334 0)
(-0.0553479 -0.132126 0)
(-0.0771493 -0.145447 0)
(-0.100168 -0.153817 0)
(-0.123623 -0.157837 0)
(-0.146878 -0.158146 0)
(-0.16944 -0.155381 0)
(-0.190941 -0.150151 0)
(-0.211125 -0.143012 0)
(-0.229827 -0.134455 0)
(-0.246956 -0.124902 0)
(-0.26248 -0.1147 0)
(-0.276407 -0.104126 0)
(-0.288773 -0.0933933 0)
(-0.299636 -0.082654 0)
(-0.30906 -0.0720097 0)
(-0.317114 -0.0615174 0)
(-0.323864 -0.0511963 0)
(-0.329368 -0.0410354 0)
(-0.333677 -0.0309988 0)
(-0.336826 -0.0210325 0)
(-0.33884 -0.0110692 0)
(-0.339725 -0.00103383 0)
(-0.339473 0.0091515 0)
(-0.338061 0.019562 0)
(-0.335445 0.030265 0)
(-0.331571 0.0413134 0)
(-0.326365 0.0527397 0)
(-0.319743 0.0645485 0)
(-0.31161 0.0767079 0)
(-0.301866 0.0891413 0)
(-0.290409 0.101718 0)
(-0.277148 0.114242 0)
(-0.262007 0.126448 0)
(-0.244946 0.137986 0)
(-0.225972 0.148425 0)
(-0.20516 0.157247 0)
(-0.182675 0.163856 0)
(-0.158797 0.167591 0)
(-0.133941 0.167752 0)
(-0.108679 0.163636 0)
(-0.0837494 0.15458 0)
(-0.06006 0.140017 0)
(-0.0386524 0.119535 0)
(-0.0206333 0.0929272 0)
(-0.00741326 0.0602302 0)
(-0.00110767 0.0217746 0)
(-0.00100014 -0.0177886 0)
(-0.00666773 -0.0486286 0)
(-0.0185522 -0.0745033 0)
(-0.0348076 -0.0953967 0)
(-0.0542452 -0.11147 0)
(-0.0759575 -0.12302 0)
(-0.099087 -0.130447 0)
(-0.122875 -0.134225 0)
(-0.14669 -0.134859 0)
(-0.170021 -0.132864 0)
(-0.192472 -0.128735 0)
(-0.213751 -0.122929 0)
(-0.233652 -0.115856 0)
(-0.252044 -0.107871 0)
(-0.268854 -0.0992695 0)
(-0.284053 -0.090292 0)
(-0.297649 -0.0811243 0)
(-0.30967 -0.0719028 0)
(-0.320158 -0.0627203 0)
(-0.329162 -0.0536315 0)
(-0.336735 -0.0446588 0)
(-0.342921 -0.0357977 0)
(-0.34776 -0.0270226 0)
(-0.351281 -0.0182916 0)
(-0.353501 -0.00955115 0)
(-0.354422 -0.000741174 0)
(-0.354032 0.00820062 0)
(-0.352304 0.0173339 0)
(-0.349196 0.0267106 0)
(-0.344655 0.03637 0)
(-0.338612 0.0463321 0)
(-0.330992 0.0565922 0)
(-0.321713 0.0671134 0)
(-0.310693 0.0778193 0)
(-0.297858 0.0885869 0)
(-0.283147 0.0992388 0)
(-0.266529 0.109537 0)
(-0.248008 0.119179 0)
(-0.227645 0.127792 0)
(-0.205574 0.134941 0)
(-0.182018 0.14013 0)
(-0.157307 0.14282 0)
(-0.131898 0.142448 0)
(-0.106383 0.138459 0)
(-0.0814943 0.130341 0)
(-0.0581045 0.117667 0)
(-0.0371847 0.100139 0)
(-0.0197423 0.0776244 0)
(-0.00705135 0.0501803 0)
(-0.00104302 0.0180927 0)
(-0.000969765 -0.0144291 0)
(-0.00649656 -0.0394934 0)
(-0.0181326 -0.0605914 0)
(-0.0341263 -0.0777104 0)
(-0.0533611 -0.0909714 0)
(-0.0749832 -0.100599 0)
(-0.098174 -0.106899 0)
(-0.122196 -0.110235 0)
(-0.146423 -0.111002 0)
(-0.170334 -0.1096 0)
(-0.193515 -0.106422 0)
(-0.215645 -0.101833 0)
(-0.236487 -0.0961642 0)
(-0.255879 -0.0897027 0)
(-0.273715 -0.0826924 0)
(-0.289938 -0.0753323 0)
(-0.304527 -0.0677783 0)
(-0.317488 -0.0601468 0)
(-0.328843 -0.0525182 0)
(-0.338624 -0.0449415 0)
(-0.346869 -0.037439 0)
(-0.353612 -0.0300108 0)
(-0.358883 -0.0226391 0)
(-0.362704 -0.0152923 0)
(-0.365084 -0.00792931 0)
(-0.366023 -0.000503522 0)
(-0.365504 0.00703334 0)
(-0.3635 0.014727 0)
(-0.35997 0.0226165 0)
(-0.35486 0.0307295 0)
(-0.348109 0.0390773 0)
(-0.33965 0.0476499 0)
(-0.329415 0.0564101 0)
(-0.317339 0.0652877 0)
(-0.303372 0.0741737 0)
(-0.287483 0.082915 0)
(-0.269673 0.0913097 0)
(-0.249989 0.0991042 0)
(-0.228537 0.105993 0)
(-0.205495 0.11162 0)
(-0.18113 0.115588 0)
(-0.155812 0.117469 0)
(-0.130024 0.116825 0)
(-0.104369 0.113228 0)
(-0.0795724 0.10629 0)
(-0.0564703 0.0956976 0)
(-0.0359759 0.0812374 0)
(-0.0190165 0.0628267 0)
(-0.00675917 0.0405288 0)
(-0.00099135 0.0145809 0)
(-0.000946924 -0.0111472 0)
(-0.00636697 -0.0305395 0)
(-0.017813 -0.0469039 0)
(-0.0336034 -0.0602308 0)
(-0.0526753 -0.0706084 0)
(-0.074216 -0.078201 0)
(-0.0974372 -0.0832341 0)
(-0.12162 -0.0859766 0)
(-0.146142 -0.0867223 0)
(-0.17048 -0.0857734 0)
(-0.194204 -0.0834257 0)
(-0.216975 -0.0799578 0)
(-0.238533 -0.0756232 0)
(-0.25869 -0.0706446 0)
(-0.277317 -0.0652118 0)
(-0.294332 -0.0594809 0)
(-0.309695 -0.0535754 0)
(-0.32339 -0.0475884 0)
(-0.335423 -0.0415851 0)
(-0.345814 -0.0356063 0)
(-0.354587 -0.029672 0)
(-0.361767 -0.0237844 0)
(-0.367376 -0.0179317 0)
(-0.371428 -0.0120911 0)
(-0.373929 -0.00623256 0)
(-0.374873 -0.000321408 0)
(-0.374243 0.00567804 0)
(-0.37201 0.0117993 0)
(-0.368131 0.0180704 0)
(-0.362559 0.0245099 0)
(-0.355237 0.0311234 0)
(-0.346104 0.0378991 0)
(-0.335105 0.0448037 0)
(-0.322191 0.0517777 0)
(-0.307332 0.0587315 0)
(-0.29052 0.065541 0)
(-0.271786 0.0720452 0)
(-0.251209 0.0780437 0)
(-0.22893 0.0832979 0)
(-0.205161 0.0875332 0)
(-0.180204 0.0904456 0)
(-0.154455 0.0917117 0)
(-0.128416 0.0910029 0)
(-0.102696 0.0880035 0)
(-0.0780079 0.0824315 0)
(-0.0551596 0.0740618 0)
(-0.0350169 0.062748 0)
(-0.0184455 0.0484402 0)
(-0.00653093 0.0311969 0)
(-0.000951314 0.0112043 0)
(-0.000930577 -0.00792288 0)
(-0.00627375 -0.0217208 0)
(-0.0175821 -0.0333853 0)
(-0.0332232 -0.0429099 0)
(-0.0521728 -0.0503545 0)
(-0.0736475 -0.0558314 0)
(-0.0968813 -0.0594952 0)
(-0.121169 -0.0615311 0)
(-0.145895 -0.0621424 0)
(-0.17053 -0.0615391 0)
(-0.194639 -0.0599282 0)
(-0.217868 -0.0575055 0)
(-0.239941 -0.05445 0)
(-0.260652 -0.05092 0)
(-0.279853 -0.047051 0)
(-0.297448 -0.0429552 0)
(-0.313377 -0.038722 0)
(-0.327611 -0.034419 0)
(-0.340145 -0.0300943 0)
(-0.350986 -0.0257786 0)
(-0.360148 -0.0214872 0)
(-0.36765 -0.0172231 0)
(-0.373506 -0.0129789 0)
(-0.377727 -0.0087395 0)
(-0.380313 -0.00448422 0)
(-0.381257 -0.000189357 0)
(-0.380538 0.00416955 0)
(-0.378127 0.00861532 0)
(-0.373983 0.0131665 0)
(-0.36806 0.017835 0)
(-0.360305 0.0226228 0)
(-0.350667 0.0275194 0)
(-0.339096 0.0324985 0)
(-0.325559 0.0375153 0)
(-0.310038 0.0425029 0)
(-0.292547 0.0473704 0)
(-0.273138 0.0520005 0)
(-0.251914 0.0562488 0)
(-0.229041 0.0599446 0)
(-0.204758 0.062893 0)
(-0.179388 0.0648797 0)
(-0.153348 0.065679 0)
(-0.12715 0.065063 0)
(-0.101406 0.0628151 0)
(-0.0768192 0.0587439 0)
(-0.0541742 0.0526986 0)
(-0.0343018 0.0445843 0)
(-0.0180224 0.0343728 0)
(-0.00636266 0.0221103 0)
(-0.000921977 0.0079308 0)
(-0.000920028 -0.00473821 0)
(-0.00621338 -0.0129957 0)
(-0.017432 -0.0199846 0)
(-0.0329753 -0.0257012 0)
(-0.0518431 -0.0301802 0)
(-0.0732716 -0.0334872 0)
(-0.0965094 -0.0357123 0)
(-0.120861 -0.036964 0)
(-0.145713 -0.0373617 0)
(-0.170537 -0.0370293 0)
(-0.194892 -0.036089 0)
(-0.218415 -0.0346571 0)
(-0.240821 -0.0328403 0)
(-0.261891 -0.030733 0)
(-0.281467 -0.0284165 0)
(-0.29944 -0.0259585 0)
(-0.31574 -0.0234129 0)
(-0.330329 -0.0208208 0)
(-0.343191 -0.0182116 0)
(-0.354327 -0.0156043 0)
(-0.363746 -0.0130086 0)
(-0.371459 -0.0104268 0)
(-0.377479 -0.00785488 0)
(-0.381809 -0.00528422 0)
(-0.38445 -0.00270282 0)
(-0.385391 -9.68694e-05 0)
(-0.38461 0.00254789 0)
(-0.382078 0.00524467 0)
(-0.377755 0.00800406 0)
(-0.371596 0.0108325 0)
(-0.363552 0.0137305 0)
(-0.353575 0.0166908 0)
(-0.341625 0.0196968 0)
(-0.327674 0.0227205 0)
(-0.311717 0.0257207 0)
(-0.29378 0.028642 0)
(-0.27393 0.0314131 0)
(-0.252285 0.033947 0)
(-0.229029 0.0361411 0)
(-0.204417 0.0378791 0)
(-0.178787 0.0390337 0)
(-0.152567 0.0394714 0)
(-0.126278 0.0390585 0)
(-0.10053 0.0376683 0)
(-0.0760196 0.0351899 0)
(-0.0535161 0.0315369 0)
(-0.0338268 0.0266559 0)
(-0.0177426 0.0205329 0)
(-0.00625178 0.0131973 0)
(-0.000902726 0.00472978 0)
(-0.000914853 -0.00157679 0)
(-0.0061837 -0.00432571 0)
(-0.0173581 -0.00665365 0)
(-0.0328528 -0.0085594 0)
(-0.0516799 -0.0100544 0)
(-0.0730846 -0.0111601 0)
(-0.096323 -0.0119062 0)
(-0.120704 -0.0123284 0)
(-0.145617 -0.0124661 0)
(-0.170533 -0.0123602 0)
(-0.195007 -0.0120512 0)
(-0.218674 -0.0115776 0)
(-0.241243 -0.0109747 0)
(-0.26249 -0.0102742 0)
(-0.282251 -0.00950291 0)
(-0.300411 -0.00868355 0)
(-0.316894 -0.00783412 0)
(-0.331658 -0.00696843 0)
(-0.344684 -0.00609636 0)
(-0.355966 -0.00522432 0)
(-0.365512 -0.00435566 0)
(-0.373331 -0.00349119 0)
(-0.37943 -0.00262969 0)
(-0.383815 -0.00176831 0)
(-0.386482 -0.000903157 0)
(-0.38742 -2.96752e-05 0)
(-0.386608 0.000856809 0)
(-0.384015 0.00176062 0)
(-0.379602 0.00268519 0)
(-0.373324 0.00363255 0)
(-0.365135 0.00460275 0)
(-0.35499 0.00559324 0)
(-0.34285 0.00659831 0)
(-0.328693 0.00760845 0)
(-0.312519 0.00860978 0)
(-0.294361 0.00958362 0)
(-0.274293 0.0105061 0)
(-0.252441 0.0113482 0)
(-0.228997 0.0120757 0)
(-0.204225 0.0126499 0)
(-0.17847 0.0130285 0)
(-0.152165 0.0131675 0)
(-0.125834 0.0130227 0)
(-0.100087 0.0125525 0)
(-0.0756177 0.0117205 0)
(-0.0531867 0.0104986 0)
(-0.0335899 0.00886962 0)
(-0.0176033 0.0068293 0)
(-0.0061967 0.00438774 0)
(-0.000893188 0.00157187 0)
(-0.000914853 0.00157696 0)
(-0.0061837 0.00432616 0)
(-0.0173581 0.0066543 0)
(-0.0328528 0.00856018 0)
(-0.0516799 0.0100552 0)
(-0.0730846 0.011161 0)
(-0.096323 0.0119071 0)
(-0.120704 0.0123292 0)
(-0.145617 0.0124669 0)
(-0.170533 0.0123609 0)
(-0.195007 0.0120517 0)
(-0.218674 0.011578 0)
(-0.241243 0.010975 0)
(-0.26249 0.0102743 0)
(-0.282251 0.00950295 0)
(-0.300411 0.00868347 0)
(-0.316894 0.00783392 0)
(-0.331658 0.00696812 0)
(-0.344684 0.00609595 0)
(-0.355966 0.00522381 0)
(-0.365512 0.00435506 0)
(-0.373331 0.00349052 0)
(-0.37943 0.00262895 0)
(-0.383815 0.00176753 0)
(-0.386482 0.000902336 0)
(-0.38742 2.883e-05 0)
(-0.386608 -0.000857664 0)
(-0.384015 -0.00176147 0)
(-0.379602 -0.00268602 0)
(-0.373324 -0.00363335 0)
(-0.365135 -0.00460349 0)
(-0.35499 -0.00559393 0)
(-0.34285 -0.00659892 0)
(-0.328693 -0.00760896 0)
(-0.312519 -0.00861019 0)
(-0.294361 -0.00958393 0)
(-0.274293 -0.0105063 0)
(-0.252441 -0.0113483 0)
(-0.228997 -0.0120757 0)
(-0.204225 -0.0126497 0)
(-0.17847 -0.0130282 0)
(-0.152165 -0.0131671 0)
(-0.125834 -0.0130222 0)
(-0.100087 -0.0125519 0)
(-0.0756177 -0.0117199 0)
(-0.0531867 -0.010498 0)
(-0.0335899 -0.00886907 0)
(-0.0176033 -0.00682883 0)
(-0.0061967 -0.00438741 0)
(-0.000893188 -0.00157174 0)
(-0.000920026 0.00473838 0)
(-0.00621336 0.0129962 0)
(-0.017432 0.0199853 0)
(-0.0329752 0.025702 0)
(-0.0518431 0.0301811 0)
(-0.0732715 0.033488 0)
(-0.0965093 0.0357131 0)
(-0.120861 0.0369648 0)
(-0.145712 0.0373624 0)
(-0.170537 0.0370299 0)
(-0.194892 0.0360895 0)
(-0.218415 0.0346576 0)
(-0.240821 0.0328406 0)
(-0.261891 0.0307331 0)
(-0.281467 0.0284166 0)
(-0.29944 0.0259585 0)
(-0.31574 0.0234127 0)
(-0.330328 0.0208205 0)
(-0.343191 0.0182112 0)
(-0.354327 0.0156038 0)
(-0.363746 0.013008 0)
(-0.371459 0.0104261 0)
(-0.377478 0.00785416 0)
(-0.381809 0.00528345 0)
(-0.38445 0.00270202 0)
(-0.38539 9.60404e-05 0)
(-0.38461 -0.00254873 0)
(-0.382078 -0.0052455 0)
(-0.377755 -0.00800488 0)
(-0.371596 -0.0108333 0)
(-0.363552 -0.0137312 0)
(-0.353575 -0.0166915 0)
(-0.341625 -0.0196974 0)
(-0.327674 -0.022721 0)
(-0.311717 -0.0257211 0)
(-0.29378 -0.0286423 0)
(-0.27393 -0.0314133 0)
(-0.252285 -0.0339471 0)
(-0.229029 -0.0361411 0)
(-0.204417 -0.0378789 0)
(-0.178787 -0.0390334 0)
(-0.152567 -0.0394711 0)
(-0.126278 -0.039058 0)
(-0.10053 -0.0376677 0)
(-0.0760197 -0.0351893 0)
(-0.0535162 -0.0315363 0)
(-0.0338269 -0.0266553 0)
(-0.0177426 -0.0205324 0)
(-0.00625178 -0.013197 0)
(-0.000902727 -0.00472966 0)
(-0.000930573 0.00792304 0)
(-0.00627373 0.0217213 0)
(-0.017582 0.0333859 0)
(-0.0332232 0.0429106 0)
(-0.0521726 0.0503553 0)
(-0.0736473 0.0558323 0)
(-0.0968811 0.059496 0)
(-0.121169 0.0615319 0)
(-0.145894 0.062143 0)
(-0.17053 0.0615397 0)
(-0.194639 0.0599287 0)
(-0.217868 0.0575059 0)
(-0.239941 0.0544503 0)
(-0.260651 0.0509201 0)
(-0.279853 0.047051 0)
(-0.297448 0.0429552 0)
(-0.313376 0.0387218 0)
(-0.327611 0.0344187 0)
(-0.340145 0.0300939 0)
(-0.350985 0.0257781 0)
(-0.360148 0.0214866 0)
(-0.367649 0.0172225 0)
(-0.373506 0.0129782 0)
(-0.377727 0.00873876 0)
(-0.380313 0.00448344 0)
(-0.381257 0.00018856 0)
(-0.380538 -0.00417036 0)
(-0.378127 -0.00861612 0)
(-0.373983 -0.0131673 0)
(-0.36806 -0.0178357 0)
(-0.360305 -0.0226235 0)
(-0.350667 -0.02752 0)
(-0.339096 -0.0324991 0)
(-0.325559 -0.0375158 0)
(-0.310038 -0.0425033 0)
(-0.292547 -0.0473707 0)
(-0.273138 -0.0520006 0)
(-0.251914 -0.0562489 0)
(-0.229041 -0.0599446 0)
(-0.204758 -0.0628928 0)
(-0.179388 -0.0648795 0)
(-0.153348 -0.0656786 0)
(-0.127151 -0.0650626 0)
(-0.101407 -0.0628146 0)
(-0.0768194 -0.0587433 0)
(-0.0541743 -0.0526981 0)
(-0.0343019 -0.0445838 0)
(-0.0180225 -0.0343724 0)
(-0.00636268 -0.02211 0)
(-0.000921979 -0.00793068 0)
(-0.00094692 0.0111474 0)
(-0.00636695 0.0305399 0)
(-0.017813 0.0469044 0)
(-0.0336033 0.0602315 0)
(-0.0526751 0.0706092 0)
(-0.0742157 0.0782018 0)
(-0.0974369 0.0832348 0)
(-0.12162 0.0859773 0)
(-0.146142 0.086723 0)
(-0.170479 0.0857739 0)
(-0.194203 0.0834261 0)
(-0.216974 0.0799582 0)
(-0.238532 0.0756235 0)
(-0.258689 0.0706448 0)
(-0.277316 0.0652119 0)
(-0.294332 0.0594808 0)
(-0.309694 0.0535753 0)
(-0.323389 0.0475881 0)
(-0.335423 0.0415847 0)
(-0.345814 0.0356059 0)
(-0.354587 0.0296715 0)
(-0.361767 0.0237838 0)
(-0.367375 0.017931 0)
(-0.371428 0.0120904 0)
(-0.373929 0.00623183 0)
(-0.374873 0.000320658 0)
(-0.374243 -0.00567879 0)
(-0.372009 -0.0118001 0)
(-0.368131 -0.0180711 0)
(-0.362559 -0.0245106 0)
(-0.355237 -0.031124 0)
(-0.346104 -0.0378997 0)
(-0.335105 -0.0448042 0)
(-0.322192 -0.0517782 0)
(-0.307332 -0.0587318 0)
(-0.29052 -0.0655413 0)
(-0.271786 -0.0720453 0)
(-0.25121 -0.0780438 0)
(-0.22893 -0.0832979 0)
(-0.205162 -0.087533 0)
(-0.180204 -0.0904453 0)
(-0.154455 -0.0917113 0)
(-0.128417 -0.0910025 0)
(-0.102696 -0.088003 0)
(-0.0780081 -0.082431 0)
(-0.0551597 -0.0740613 0)
(-0.035017 -0.0627475 0)
(-0.0184456 -0.0484398 0)
(-0.00653095 -0.0311966 0)
(-0.000951316 -0.0112042 0)
(-0.000969759 0.0144292 0)
(-0.00649653 0.0394938 0)
(-0.0181325 0.0605919 0)
(-0.0341262 0.0777111 0)
(-0.0533609 0.090972 0)
(-0.0749829 0.100599 0)
(-0.0981736 0.1069 0)
(-0.122196 0.110236 0)
(-0.146422 0.111002 0)
(-0.170334 0.109601 0)
(-0.193514 0.106423 0)
(-0.215644 0.101834 0)
(-0.236487 0.0961645 0)
(-0.255878 0.0897028 0)
(-0.273714 0.0826924 0)
(-0.289937 0.0753322 0)
(-0.304527 0.0677782 0)
(-0.317487 0.0601466 0)
(-0.328842 0.0525178 0)
(-0.338624 0.044941 0)
(-0.346868 0.0374385 0)
(-0.353611 0.0300103 0)
(-0.358883 0.0226385 0)
(-0.362703 0.0152916 0)
(-0.365084 0.00792864 0)
(-0.366022 0.000502832 0)
(-0.365504 -0.00703403 0)
(-0.3635 -0.0147277 0)
(-0.359969 -0.0226172 0)
(-0.35486 -0.0307301 0)
(-0.348109 -0.0390779 0)
(-0.33965 -0.0476505 0)
(-0.329415 -0.0564106 0)
(-0.31734 -0.0652881 0)
(-0.303372 -0.074174 0)
(-0.287483 -0.0829152 0)
(-0.269673 -0.0913098 0)
(-0.24999 -0.0991042 0)
(-0.228538 -0.105993 0)
(-0.205495 -0.111619 0)
(-0.18113 -0.115587 0)
(-0.155812 -0.117469 0)
(-0.130024 -0.116825 0)
(-0.10437 -0.113227 0)
(-0.0795726 -0.10629 0)
(-0.0564705 -0.0956971 0)
(-0.035976 -0.0812369 0)
(-0.0190166 -0.0628263 0)
(-0.00675919 -0.0405285 0)
(-0.000991353 -0.0145808 0)
(-0.00100013 0.0177887 0)
(-0.00666769 0.0486289 0)
(-0.0185521 0.0745037 0)
(-0.0348074 0.0953973 0)
(-0.0542449 0.111471 0)
(-0.0759571 0.12302 0)
(-0.0990866 0.130448 0)
(-0.122875 0.134225 0)
(-0.146689 0.13486 0)
(-0.17002 0.132865 0)
(-0.192472 0.128735 0)
(-0.213751 0.122929 0)
(-0.233652 0.115856 0)
(-0.252043 0.107871 0)
(-0.268853 0.0992696 0)
(-0.284053 0.090292 0)
(-0.297648 0.0811241 0)
(-0.309669 0.0719025 0)
(-0.320157 0.06272 0)
(-0.329162 0.0536312 0)
(-0.336734 0.0446583 0)
(-0.34292 0.0357972 0)
(-0.34776 0.0270221 0)
(-0.351281 0.018291 0)
(-0.353501 0.00955054 0)
(-0.354421 0.000740554 0)
(-0.354031 -0.00820124 0)
(-0.352304 -0.0173345 0)
(-0.349196 -0.0267112 0)
(-0.344655 -0.0363705 0)
(-0.338612 -0.0463327 0)
(-0.330992 -0.0565927 0)
(-0.321713 -0.0671138 0)
(-0.310693 -0.0778197 0)
(-0.297858 -0.0885872 0)
(-0.283148 -0.099239 0)
(-0.266529 -0.109537 0)
(-0.248008 -0.119179 0)
(-0.227646 -0.127792 0)
(-0.205575 -0.134941 0)
(-0.182018 -0.14013 0)
(-0.157308 -0.14282 0)
(-0.131899 -0.142448 0)
(-0.106383 -0.138459 0)
(-0.0814946 -0.13034 0)
(-0.0581046 -0.117667 0)
(-0.0371848 -0.100139 0)
(-0.0197424 -0.0776241 0)
(-0.00705137 -0.0501801 0)
(-0.00104302 -0.0180926 0)
(-0.00103955 0.0212493 0)
(-0.0068879 0.0579982 0)
(-0.0190876 0.0887012 0)
(-0.0356685 0.11334 0)
(-0.0553476 0.132127 0)
(-0.0771489 0.145447 0)
(-0.100168 0.153817 0)
(-0.123622 0.157838 0)
(-0.146877 0.158146 0)
(-0.169439 0.155382 0)
(-0.19094 0.150151 0)
(-0.211124 0.143012 0)
(-0.229826 0.134456 0)
(-0.246955 0.124902 0)
(-0.262479 0.1147 0)
(-0.276406 0.104126 0)
(-0.288772 0.0933932 0)
(-0.299635 0.0826538 0)
(-0.309059 0.0720095 0)
(-0.317113 0.0615171 0)
(-0.323863 0.051196 0)
(-0.329368 0.0410349 0)
(-0.333676 0.0309983 0)
(-0.336826 0.021032 0)
(-0.33884 0.0110687 0)
(-0.339725 0.00103329 0)
(-0.339473 -0.00915205 0)
(-0.33806 -0.0195626 0)
(-0.335445 -0.0302655 0)
(-0.331571 -0.0413139 0)
(-0.326365 -0.0527402 0)
(-0.319743 -0.0645489 0)
(-0.31161 -0.0767083 0)
(-0.301866 -0.0891416 0)
(-0.290409 -0.101718 0)
(-0.277148 -0.114243 0)
(-0.262008 -0.126448 0)
(-0.244947 -0.137986 0)
(-0.225973 -0.148425 0)
(-0.20516 -0.157247 0)
(-0.182675 -0.163855 0)
(-0.158797 -0.16759 0)
(-0.133942 -0.167752 0)
(-0.10868 -0.163636 0)
(-0.0837497 -0.154579 0)
(-0.0600602 -0.140016 0)
(-0.0386525 -0.119534 0)
(-0.0206334 -0.0929269 0)
(-0.00741329 -0.06023 0)
(-0.00110768 -0.0217746 0)
(-0.00109018 0.024839 0)
(-0.00716766 0.0676636 0)
(-0.0197614 0.103254 0)
(-0.0367387 0.131592 0)
(-0.0566955 0.152957 0)
(-0.0785704 0.167847 0)
(-0.101404 0.176921 0)
(-0.124389 0.180933 0)
(-0.146895 0.180675 0)
(-0.168454 0.176926 0)
(-0.188739 0.170418 0)
(-0.207542 0.161813 0)
(-0.224751 0.151686 0)
(-0.240324 0.140522 0)
(-0.254277 0.128718 0)
(-0.26666 0.116583 0)
(-0.277546 0.104352 0)
(-0.287022 0.0921878 0)
(-0.295178 0.0801969 0)
(-0.302102 0.0684339 0)
(-0.307876 0.0569118 0)
(-0.312571 0.0456096 0)
(-0.316247 0.0344796 0)
(-0.318949 0.0234534 0)
(-0.320706 0.0124487 0)
(-0.321532 0.00137387 0)
(-0.321421 -0.00986567 0)
(-0.320354 -0.0213624 0)
(-0.31829 -0.0332007 0)
(-0.31517 -0.0454504 0)
(-0.310921 -0.0581595 0)
(-0.30545 -0.0713462 0)
(-0.298648 -0.0849896 0)
(-0.290398 -0.0990191 0)
(-0.280571 -0.113304 0)
(-0.26904 -0.127639 0)
(-0.255686 -0.141736 0)
(-0.240412 -0.155212 0)
(-0.223164 -0.167577 0)
(-0.203945 -0.178238 0)
(-0.18285 -0.186493 0)
(-0.16009 -0.191555 0)
(-0.136022 -0.192568 0)
(-0.111183 -0.188655 0)
(-0.0863056 -0.178972 0)
(-0.0623352 -0.162774 0)
(-0.0403924 -0.139498 0)
(-0.0217045 -0.10883 0)
(-0.00785335 -0.0707627 0)
(-0.0011873 -0.0256652 0)
(-0.00115509 0.0285926 0)
(-0.00752165 0.0776998 0)
(-0.0206037 0.118243 0)
(-0.038057 0.150208 0)
(-0.0583221 0.173965 0)
(-0.0802336 0.190162 0)
(-0.102769 0.199635 0)
(-0.125103 0.203327 0)
(-0.146617 0.20221 0)
(-0.166884 0.197223 0)
(-0.185633 0.189237 0)
(-0.20272 0.179021 0)
(-0.218098 0.167235 0)
(-0.231787 0.154427 0)
(-0.243857 0.141034 0)
(-0.254406 0.127393 0)
(-0.263548 0.113753 0)
(-0.2714 0.100284 0)
(-0.278078 0.0870877 0)
(-0.28369 0.0742136 0)
(-0.288334 0.0616641 0)
(-0.292092 0.0494055 0)
(-0.295034 0.0373755 0)
(-0.29721 0.0254904 0)
(-0.298657 0.0136509 0)
(-0.299394 0.00174831 0)
(-0.29942 -0.0103298 0)
(-0.298718 -0.0226945 0)
(-0.297251 -0.0354488 0)
(-0.294963 -0.0486817 0)
(-0.291777 -0.0624602 0)
(-0.287595 -0.0768207 0)
(-0.2823 -0.0917587 0)
(-0.275755 -0.107217 0)
(-0.267808 -0.123074 0)
(-0.258297 -0.139125 0)
(-0.247055 -0.155073 0)
(-0.233926 -0.170505 0)
(-0.218783 -0.18489 0)
(-0.201549 -0.197558 0)
(-0.182227 -0.20771 0)
(-0.160941 -0.214419 0)
(-0.137969 -0.216661 0)
(-0.113791 -0.213357 0)
(-0.089119 -0.203439 0)
(-0.0649272 -0.185941 0)
(-0.0424231 -0.160095 0)
(-0.0229772 -0.125433 0)
(-0.00838361 -0.0818713 0)
(-0.00128476 -0.0298086 0)
(-0.00123874 0.0325537 0)
(-0.0079704 0.0881987 0)
(-0.0216561 0.133761 0)
(-0.0396741 0.169242 0)
(-0.0602677 0.195141 0)
(-0.0821467 0.212301 0)
(-0.104223 0.221789 0)
(-0.125657 0.224778 0)
(-0.145866 0.222453 0)
(-0.164482 0.215939 0)
(-0.181311 0.206251 0)
(-0.196291 0.194274 0)
(-0.209455 0.180749 0)
(-0.220896 0.166279 0)
(-0.230746 0.151335 0)
(-0.239155 0.136271 0)
(-0.246279 0.121343 0)
(-0.252267 0.106716 0)
(-0.257259 0.0924862 0)
(-0.261383 0.078689 0)
(-0.264748 0.0653128 0)
(-0.267446 0.0523082 0)
(-0.269553 0.0395964 0)
(-0.271128 0.0270764 0)
(-0.27221 0.0146319 0)
(-0.272824 0.00213622 0)
(-0.272974 -0.0105414 0)
(-0.272648 -0.0235308 0)
(-0.271812 -0.0369553 0)
(-0.270414 -0.0509244 0)
(-0.268379 -0.0655271 0)
(-0.265607 -0.0808223 0)
(-0.261976 -0.0968279 0)
(-0.257336 -0.113508 0)
(-0.251512 -0.130759 0)
(-0.24431 -0.14839 0)
(-0.235517 -0.166104 0)
(-0.224916 -0.18348 0)
(-0.212299 -0.199952 0)
(-0.197496 -0.214791 0)
(-0.180404 -0.227099 0)
(-0.161034 -0.235812 0)
(-0.139557 -0.239719 0)
(-0.116367 -0.237509 0)
(-0.0921292 -0.227848 0)
(-0.067832 -0.209483 0)
(-0.0447705 -0.181375 0)
(-0.0244813 -0.142837 0)
(-0.00902142 -0.0936611 0)
(-0.0014042 -0.0342565 0)
(-0.00134761 0.0367793 0)
(-0.00854284 0.0992757 0)
(-0.0229745 0.149919 0)
(-0.0416552 0.188748 0)
(-0.0625777 0.216447 0)
(-0.0843063 0.234124 0)
(-0.105689 0.243144 0)
(-0.125893 0.244966 0)
(-0.144394 0.241029 0)
(-0.160914 0.232663 0)
(-0.175364 0.221041 0)
(-0.187784 0.20716 0)
(-0.198304 0.191835 0)
(-0.207101 0.175714 0)
(-0.214374 0.15929 0)
(-0.220329 0.142923 0)
(-0.22516 0.126863 0)
(-0.22905 0.111263 0)
(-0.23216 0.0962028 0)
(-0.234629 0.0817006 0)
(-0.236577 0.0677258 0)
(-0.238103 0.0542102 0)
(-0.239287 0.0410569 0)
(-0.240189 0.028147 0)
(-0.240854 0.0153466 0)
(-0.241309 0.00251179 0)
(-0.241564 -0.0105064 0)
(-0.24161 -0.0238566 0)
(-0.241423 -0.0376821 0)
(-0.240954 -0.0521143 0)
(-0.240135 -0.0672661 0)
(-0.23887 -0.0832222 0)
(-0.237035 -0.100029 0)
(-0.234474 -0.117679 0)
(-0.230999 -0.136096 0)
(-0.226385 -0.155117 0)
(-0.22038 -0.174463 0)
(-0.212704 -0.193719 0)
(-0.20307 -0.212305 0)
(-0.191202 -0.229448 0)
(-0.176875 -0.244168 0)
(-0.159958 -0.255264 0)
(-0.140485 -0.261327 0)
(-0.118721 -0.260787 0)
(-0.0952487 -0.251988 0)
(-0.0710394 -0.233315 0)
(-0.0474682 -0.203368 0)
(-0.0262591 -0.161151 0)
(-0.00979177 -0.106255 0)
(-0.00155182 -0.039072 0)
(-0.00149139 0.0413446 0)
(-0.00928014 0.111078 0)
(-0.0246349 0.166848 0)
(-0.0440819 0.20877 0)
(-0.0652981 0.237802 0)
(-0.0866842 0.255419 0)
(-0.107038 0.263372 0)
(-0.125567 0.263476 0)
(-0.141845 0.257467 0)
(-0.155724 0.246901 0)
(-0.167251 0.233115 0)
(-0.176596 0.217209 0)
(-0.184 0.200061 0)
(-0.18973 0.182344 0)
(-0.194061 0.164559 0)
(-0.197249 0.147055 0)
(-0.199528 0.130063 0)
(-0.201104 0.113714 0)
(-0.202153 0.0980634 0)
(-0.202825 0.0831052 0)
(-0.203241 0.0687862 0)
(-0.203502 0.0550172 0)
(-0.203688 0.0416818 0)
(-0.203859 0.0286435 0)
(-0.20406 0.0157516 0)
(-0.20432 0.0028455 0)
(-0.204654 -0.01024 0)
(-0.205061 -0.0236713 0)
(-0.205521 -0.0376106 0)
(-0.205998 -0.0522111 0)
(-0.206431 -0.0676102 0)
(-0.206735 -0.0839211 0)
(-0.206793 -0.101222 0)
(-0.20645 -0.119542 0)
(-0.205513 -0.138845 0)
(-0.203741 -0.159004 0)
(-0.200847 -0.17978 0)
(-0.196497 -0.200784 0)
(-0.190325 -0.221447 0)
(-0.181947 -0.240979 0)
(-0.170996 -0.258336 0)
(-0.15718 -0.272196 0)
(-0.140347 -0.280953 0)
(-0.120588 -0.282746 0)
(-0.0983451 -0.275544 0)
(-0.0745256 -0.25728 0)
(-0.0505587 -0.226073 0)
(-0.0283691 -0.180485 0)
(-0.0107312 -0.119798 0)
(-0.00173696 -0.0443349 0)
(-0.00168495 0.0463521 0)
(-0.0102418 0.123795 0)
(-0.0267398 0.1847 0)
(-0.047053 0.229332 0)
(-0.0684633 0.259059 0)
(-0.0892013 0.275869 0)
(-0.108049 0.28202 0)
(-0.124308 0.279764 0)
(-0.13771 0.271177 0)
(-0.148287 0.25806 0)
(-0.15626 0.241905 0)
(-0.161954 0.223901 0)
(-0.165736 0.204963 0)
(-0.16797 0.185771 0)
(-0.169 0.166805 0)
(-0.169131 0.148388 0)
(-0.168626 0.130716 0)
(-0.167706 0.113886 0)
(-0.166556 0.0979223 0)
(-0.165322 0.0827875 0)
(-0.164125 0.0684028 0)
(-0.163058 0.0546566 0)
(-0.162195 0.0414131 0)
(-0.161594 0.028519 0)
(-0.161295 0.0158083 0)
(-0.16133 0.00310653 0)
(-0.161715 -0.00976571 0)
(-0.162456 -0.0229896 0)
(-0.163544 -0.0367444 0)
(-0.164954 -0.0512032 0)
(-0.166641 -0.0665273 0)
(-0.168535 -0.0828589 0)
(-0.170535 -0.100311 0)
(-0.1725 -0.118955 0)
(-0.174241 -0.138802 0)
(-0.175516 -0.159779 0)
(-0.176018 -0.181701 0)
(-0.175375 -0.204233 0)
(-0.173147 -0.226847 0)
(-0.168844 -0.248768 0)
(-0.161955 -0.268926 0)
(-0.151994 -0.285904 0)
(-0.138588 -0.297912 0)
(-0.121585 -0.302787 0)
(-0.101213 -0.298063 0)
(-0.078238 -0.281119 0)
(-0.0540906 -0.249437 0)
(-0.0308921 -0.200954 0)
(-0.0118935 -0.134471 0)
(-0.00197419 -0.0501491 0)
(-0.00195203 0.0519437 0)
(-0.0115153 0.137674 0)
(-0.029427 0.203645 0)
(-0.0506796 0.250407 0)
(-0.0720725 0.279959 0)
(-0.0916842 0.295007 0)
(-0.10835 0.298466 0)
(-0.121551 0.293122 0)
(-0.131257 0.281432 0)
(-0.137743 0.265439 0)
(-0.141448 0.246772 0)
(-0.142872 0.226676 0)
(-0.142515 0.206069 0)
(-0.140838 0.185604 0)
(-0.138244 0.165716 0)
(-0.135074 0.146678 0)
(-0.131608 0.128636 0)
(-0.128068 0.111643 0)
(-0.124633 0.0956783 0)
(-0.121439 0.0806738 0)
(-0.118593 0.0665217 0)
(-0.116175 0.0530877 0)
(-0.114248 0.0402179 0)
(-0.112858 0.0277441 0)
(-0.112043 0.0154885 0)
(-0.111829 0.00326586 0)
(-0.112235 -0.00911358 0)
(-0.113275 -0.0218421 0)
(-0.114949 -0.035112 0)
(-0.11725 -0.049113 0)
(-0.120151 -0.0640275 0)
(-0.123606 -0.0800254 0)
(-0.127537 -0.0972553 0)
(-0.131829 -0.115833 0)
(-0.136318 -0.135824 0)
(-0.140773 -0.157222 0)
(-0.14489 -0.179915 0)
(-0.148277 -0.203647 0)
(-0.150444 -0.227966 0)
(-0.15081 -0.252158 0)
(-0.148717 -0.275172 0)
(-0.143472 -0.295549 0)
(-0.134438 -0.311348 0)
(-0.121151 -0.320113 0)
(-0.103522 -0.3189 0)
(-0.0820654 -0.304419 0)
(-0.0581108 -0.273322 0)
(-0.0339384 -0.222665 0)
(-0.0133597 -0.150498 0)
(-0.00228711 -0.056656 0)
(-0.00233211 0.0583229 0)
(-0.0132325 0.153039 0)
(-0.0328793 0.223859 0)
(-0.0550701 0.271878 0)
(-0.0760406 0.300067 0)
(-0.0937861 0.312141 0)
(-0.10732 0.311866 0)
(-0.116432 0.302649 0)
(-0.121436 0.287349 0)
(-0.122919 0.268234 0)
(-0.121576 0.24702 0)
(-0.118097 0.224958 0)
(-0.113113 0.202922 0)
(-0.107164 0.181495 0)
(-0.100696 0.161038 0)
(-0.0940633 0.141749 0)
(-0.0875418 0.123708 0)
(-0.0813401 0.106911 0)
(-0.0756134 0.0912935 0)
(-0.0704751 0.076748 0)
(-0.0660072 0.0631394 0)
(-0.0622687 0.0503121 0)
(-0.059303 0.0380968 0)
(-0.0571428 0.0263144 0)
(-0.0558145 0.0147791 0)
(-0.0553405 0.00329973 0)
(-0.0557411 -0.00831881 0)
(-0.057034 -0.0202747 0)
(-0.0592339 -0.0327683 0)
(-0.0623492 -0.0460004 0)
(-0.0663785 -0.0601703 0)
(-0.0713041 -0.0754713 0)
(-0.0770838 -0.0920849 0)
(-0.0836403 -0.110171 0)
(-0.0908471 -0.129854 0)
(-0.0985119 -0.1512 0)
(-0.106358 -0.174189 0)
(-0.114003 -0.198668 0)
(-0.12094 -0.2243 0)
(-0.126524 -0.250479 0)
(-0.129969 -0.276245 0)
(-0.130382 -0.300162 0)
(-0.126826 -0.320211 0)
(-0.118456 -0.333684 0)
(-0.104741 -0.33715 0)
(-0.085782 -0.326542 0)
(-0.0626427 -0.297453 0)
(-0.0376539 -0.245697 0)
(-0.0152539 -0.168164 0)
(-0.00271545 -0.064055 0)
(-0.00289365 0.0657897 0)
(-0.0155951 0.170309 0)
(-0.0373297 0.245488 0)
(-0.0602875 0.293446 0)
(-0.0801027 0.318668 0)
(-0.0948538 0.326268 0)
(-0.103941 0.321079 0)
(-0.107646 0.307206 0)
(-0.106748 0.287891 0)
(-0.10222 0.265557 0)
(-0.0950331 0.241934 0)
(-0.0860642 0.218201 0)
(-0.0760493 0.195129 0)
(-0.0655786 0.173182 0)
(-0.0551072 0.152612 0)
(-0.0449745 0.133523 0)
(-0.0354255 0.115913 0)
(-0.0266314 0.0997147 0)
(-0.0187079 0.0848143 0)
(-0.01173 0.0710687 0)
(-0.00574446 0.0583165 0)
(-0.000780027 0.0463848 0)
(0.00314523 0.0350931 0)
(0.00601804 0.0242568 0)
(0.00782569 0.0136873 0)
(0.00855318 0.00319349 0)
(0.00818162 -0.00741912 0)
(0.00668784 -0.0183484 0)
(0.00404518 -0.0297959 0)
(0.000225675 -0.0419672 0)
(-0.0047961 -0.0550712 0)
(-0.0110373 -0.0693183 0)
(-0.0184985 -0.0849167 0)
(-0.0271525 -0.102066 0)
(-0.0369295 -0.120948 0)
(-0.0476974 -0.141704 0)
(-0.0592379 -0.164415 0)
(-0.0712176 -0.189053 0)
(-0.0831555 -0.215431 0)
(-0.0943913 -0.243109 0)
(-0.104061 -0.271288 0)
(-0.111095 -0.298662 0)
(-0.114256 -0.323241 0)
(-0.112257 -0.342165 0)
(-0.103995 -0.351561 0)
(-0.0889435 -0.346517 0)
(-0.0676343 -0.321315 0)
(-0.0422215 -0.270056 0)
(-0.0177687 -0.187828 0)
(-0.00332889 -0.072639 0)
(-0.00375958 0.0748022 0)
(-0.0189155 0.190016 0)
(-0.0430494 0.268565 0)
(-0.0662464 0.314486 0)
(-0.0836307 0.334603 0)
(-0.0936995 0.335941 0)
(-0.096567 0.324605 0)
(-0.0932358 0.305409 0)
(-0.0850832 0.281887 0)
(-0.0735091 0.256492 0)
(-0.0597564 0.230846 0)
(-0.0448454 0.205962 0)
(-0.0295681 0.182429 0)
(-0.014512 0.160549 0)
(-9.50473e-05 0.140432 0)
(0.0133986 0.122067 0)
(0.0257861 0.105366 0)
(0.0369584 0.0901956 0)
(0.0468584 0.076394 0)
(0.0554633 0.0637865 0)
(0.0627717 0.0521914 0)
(0.0687926 0.0414243 0)
(0.0735387 0.0313004 0)
(0.0770201 0.0216355 0)
(0.0792407 0.0122454 0)
(0.0801953 0.00294505 0)
(0.0798679 -0.00645235 0)
(0.0782313 -0.0161373 0)
(0.0752475 -0.0263052 0)
(0.0708689 -0.0371582 0)
(0.065042 -0.0489062 0)
(0.0577117 -0.0617675 0)
(0.0488289 -0.0759677 0)
(0.0383606 -0.0917374 0)
(0.0263051 -0.109305 0)
(0.0127117 -0.128886 0)
(-0.00229238 -0.15066 0)
(-0.0184663 -0.174739 0)
(-0.0354125 -0.201109 0)
(-0.052525 -0.22955 0)
(-0.068936 -0.259509 0)
(-0.0834716 -0.289926 0)
(-0.0946406 -0.318998 0)
(-0.100698 -0.343889 0)
(-0.0998535 -0.360427 0)
(-0.0906957 -0.362879 0)
(-0.0728408 -0.343994 0)
(-0.0478381 -0.295574 0)
(-0.0212041 -0.209933 0)
(-0.00425337 -0.0828562 0)
(-0.00515494 0.0860862 0)
(-0.0236717 0.212796 0)
(-0.0502754 0.292823 0)
(-0.0724784 0.33378 0)
(-0.0852879 0.346044 0)
(-0.0882239 0.339128 0)
(-0.082573 0.320533 0)
(-0.0703156 0.295657 0)
(-0.0535159 0.268119 0)
(-0.0339853 0.2402 0)
(-0.0131662 0.213251 0)
(0.00786509 0.188002 0)
(0.0283476 0.16479 0)
(0.0477714 0.143707 0)
(0.0658159 0.124703 0)
(0.0822985 0.107644 0)
(0.0971323 0.0923561 0)
(0.110295 0.0786457 0)
(0.121804 0.0663125 0)
(0.131701 0.0551585 0)
(0.140037 0.0449901 0)
(0.146864 0.0356203 0)
(0.152228 0.0268679 0)
(0.156165 0.0185567 0)
(0.158697 0.0105138 0)
(0.15983 0.00256766 0)
(0.159552 -0.00545405 0)
(0.157835 -0.013727 0)
(0.154628 -0.0224327 0)
(0.149869 -0.0317611 0)
(0.143475 -0.0419134 0)
(0.135354 -0.0531043 0)
(0.125406 -0.0655645 0)
(0.113533 -0.079541 0)
(0.0996524 -0.0952961 0)
(0.0837115 -0.113102 0)
(0.0657181 -0.133229 0)
(0.0457758 -0.155922 0)
(0.0241352 -0.181354 0)
(0.00126107 -0.209558 0)
(-0.0220845 -0.240303 0)
(-0.0447492 -0.272904 0)
(-0.0651065 -0.305942 0)
(-0.0810248 -0.336864 0)
(-0.0899786 -0.361486 0)
(-0.0894307 -0.373455 0)
(-0.0775707 -0.363903 0)
(-0.0546235 -0.321693 0)
(-0.0260181 -0.234974 0)
(-0.00571961 -0.0954202 0)
(-0.00748767 0.100818 0)
(-0.0305527 0.239279 0)
(-0.0589682 0.317308 0)
(-0.0776165 0.349087 0)
(-0.082395 0.350181 0)
(-0.0748111 0.333088 0)
(-0.0578737 0.306574 0)
(-0.0347317 0.276265 0)
(-0.00810614 0.245501 0)
(0.0199142 0.216109 0)
(0.0478496 0.188977 0)
(0.0747184 0.16444 0)
(0.0999142 0.142521 0)
(0.123098 0.123083 0)
(0.144114 0.105909 0)
(0.162927 0.0907556 0)
(0.179576 0.0773749 0)
(0.194144 0.0655283 0)
(0.206736 0.0549918 0)
(0.217461 0.0455573 0)
(0.226426 0.037032 0)
(0.233727 0.0292364 0)
(0.239443 0.022002 0)
(0.243635 0.0151687 0)
(0.246342 0.00858221 0)
(0.247582 0.00209113 0)
(0.24735 -0.00445575 0)
(0.245614 -0.0112124 0)
(0.242318 -0.0183389 0)
(0.237385 -0.0260043 0)
(0.230708 -0.0343911 0)
(0.222163 -0.0436986 0)
(0.211601 -0.0541474 0)
(0.198863 -0.0659836 0)
(0.18378 -0.0794822 0)
(0.166191 -0.0949491 0)
(0.145965 -0.112719 0)
(0.123032 -0.133146 0)
(0.0974351 -0.156578 0)
(0.0694049 -0.183303 0)
(0.0394617 -0.213456 0)
(0.00855507 -0.246838 0)
(-0.0217689 -0.282624 0)
(-0.0492023 -0.318883 0)
(-0.0706025 -0.351876 0)
(-0.0821815 -0.375115 0)
(-0.0801535 -0.37836 0)
(-0.062343 -0.347055 0)
(-0.0328547 -0.263364 0)
(-0.00814255 -0.111489 0)
(-0.0114379 0.120872 0)
(-0.0403522 0.269707 0)
(-0.06811 0.339635 0)
(-0.078304 0.356518 0)
(-0.069811 0.342931 0)
(-0.0474171 0.314389 0)
(-0.0162975 0.280289 0)
(0.0192909 0.245786 0)
(0.0562451 0.213415 0)
(0.0925132 0.184216 0)
(0.126852 0.158436 0)
(0.158585 0.135937 0)
(0.187406 0.116416 0)
(0.213245 0.099515 0)
(0.23617 0.084882 0)
(0.256329 0.0721899 0)
(0.273903 0.061146 0)
(0.289089 0.0514921 0)
(0.302076 0.0430011 0)
(0.313042 0.0354726 0)
(0.322142 0.0287281 0)
(0.329511 0.0226072 0)
(0.335256 0.0169632 0)
(0.339461 0.0116597 0)
(0.342179 0.00656741 0)
(0.343438 0.00156086 0)
(0.343237 -0.00348451 0)
(0.341546 -0.00869542 0)
(0.338307 -0.014204 0)
(0.33343 -0.0201516 0)
(0.326795 -0.0266925 0)
(0.318249 -0.0339989 0)
(0.307611 -0.0422667 0)
(0.294664 -0.0517214 0)
(0.279166 -0.062626 0)
(0.260854 -0.0752886 0)
(0.239454 -0.09007 0)
(0.214709 -0.107389 0)
(0.186412 -0.127718 0)
(0.15448 -0.151564 0)
(0.119053 -0.179414 0)
(0.0806593 -0.211604 0)
(0.0404511 -0.248067 0)
(0.000517684 -0.28785 0)
(-0.0357808 -0.328275 0)
(-0.0636074 -0.363586 0)
(-0.0768629 -0.383017 0)
(-0.0696528 -0.368725 0)
(-0.0423883 -0.294982 0)
(-0.0121961 -0.132888 0)
(-0.0178531 0.149166 0)
(-0.0531626 0.302812 0)
(-0.0738123 0.354579 0)
(-0.0669872 0.349742 0)
(-0.0380956 0.318862 0)
(0.00365376 0.27932 0)
(0.0510569 0.239707 0)
(0.0993623 0.203648 0)
(0.145739 0.172257 0)
(0.188695 0.145508 0)
(0.227591 0.122925 0)
(0.262285 0.10391 0)
(0.292906 0.0878852 0)
(0.319721 0.0743403 0)
(0.343055 0.0628443 0)
(0.363242 0.0530392 0)
(0.380601 0.0446287 0)
(0.395428 0.0373671 0)
(0.407984 0.0310487 0)
(0.418499 0.0254992 0)
(0.427164 0.0205689 0)
(0.434141 0.0161266 0)
(0.439555 0.0120554 0)
(0.443503 0.0082487 0)
(0.446049 0.00460674 0)
(0.447226 0.00103389 0)
(0.447038 -0.00256424 0)
(0.445459 -0.00628357 0)
(0.442429 -0.0102245 0)
(0.437856 -0.0144951 0)
(0.431614 -0.0192151 0)
(0.423538 -0.0245204 0)
(0.413424 -0.0305689 0)
(0.401023 -0.0375478 0)
(0.386041 -0.0456828 0)
(0.368135 -0.0552495 0)
(0.346913 -0.0665878 0)
(0.321945 -0.0801187 0)
(0.292777 -0.096362 0)
(0.258976 -0.11595 0)
(0.220203 -0.139626 0)
(0.176363 -0.168198 0)
(0.127853 -0.202389 0)
(0.0759749 -0.242474 0)
(0.023527 -0.287476 0)
(-0.024418 -0.333575 0)
(-0.05984 -0.371221 0)
(-0.0721671 -0.38082 0)
(-0.0544001 -0.327966 0)
(-0.0186541 -0.162424 0)
(-0.0267709 0.19063 0)
(-0.0654504 0.332959 0)
(-0.0646507 0.351343 0)
(-0.0277379 0.318953 0)
(0.0291865 0.271552 0)
(0.0930444 0.224873 0)
(0.156144 0.1844 0)
(0.214696 0.151048 0)
(0.267191 0.124089 0)
(0.313349 0.102395 0)
(0.353477 0.0848854 0)
(0.388128 0.0706606 0)
(0.417922 0.0590119 0)
(0.443461 0.049393 0)
(0.465293 0.0413844 0)
(0.483902 0.0346623 0)
(0.499706 0.0289742 0)
(0.513061 0.0241201 0)
(0.524268 0.0199392 0)
(0.53358 0.0162997 0)
(0.541202 0.0130913 0)
(0.547302 0.0102201 0)
(0.552011 0.00760364 0)
(0.555426 0.00516819 0)
(0.557613 0.00284567 0)
(0.558609 0.000571401 0)
(0.558419 -0.0017181 0)
(0.557021 -0.00408723 0)
(0.554359 -0.00660355 0)
(0.550348 -0.00934032 0)
(0.544866 -0.0123795 0)
(0.537752 -0.0158155 0)
(0.528804 -0.0197602 0)
(0.517767 -0.0243492 0)
(0.504329 -0.0297506 0)
(0.488112 -0.0361766 0)
(0.468659 -0.0439001 0)
(0.445425 -0.0532767 0)
(0.417768 -0.0647748 0)
(0.384951 -0.0790146 0)
(0.346164 -0.0968152 0)
(0.300599 -0.119238 0)
(0.247621 -0.147594 0)
(0.18714 -0.183316 0)
(0.12031 -0.227478 0)
(0.0507973 -0.279399 0)
(-0.013361 -0.33334 0)
(-0.0579514 -0.372002 0)
(-0.0647219 -0.355823 0)
(-0.027292 -0.204787 0)
(-0.0329158 0.250403 0)
(-0.0615942 0.344038 0)
(-0.011538 0.310534 0)
(0.0706829 0.251398 0)
(0.158652 0.195791 0)
(0.240983 0.151138 0)
(0.313321 0.117362 0)
(0.374979 0.0921988 0)
(0.426865 0.0733554 0)
(0.470337 0.0590536 0)
(0.506744 0.0480197 0)
(0.537268 0.0393645 0)
(0.562903 0.0324694 0)
(0.584459 0.0268993 0)
(0.602596 0.0223436 0)
(0.617853 0.0185757 0)
(0.630665 0.0154269 0)
(0.641387 0.0127683 0)
(0.65031 0.0104997 0)
(0.657668 0.00854092 0)
(0.663651 0.00682654 0)
(0.66841 0.00530174 0)
(0.67206 0.00391937 0)
(0.674687 0.00263773 0)
(0.67635 0.0014188 0)
(0.677081 0.000226732 0)
(0.676886 -0.000973478 0)
(0.675747 -0.00221725 0)
(0.673619 -0.00354186 0)
(0.67043 -0.00498788 0)
(0.666076 -0.00660117 0)
(0.66042 -0.00843515 0)
(0.653285 -0.010554 0)
(0.644445 -0.0130371 0)
(0.633618 -0.015985 0)
(0.620449 -0.0195281 0)
(0.604496 -0.0238395 0)
(0.585201 -0.0291543 0)
(0.561864 -0.0357982 0)
(0.533603 -0.0442317 0)
(0.499311 -0.0551172 0)
(0.457621 -0.0694191 0)
(0.406912 -0.0885404 0)
(0.345425 -0.11448 0)
(0.271723 -0.149883 0)
(0.185931 -0.197513 0)
(0.0920745 -0.257908 0)
(0.00176108 -0.323212 0)
(-0.0569552 -0.361502 0)
(-0.0321716 -0.263989 0)
(0.0010894 0.2949 0)
(0.0168641 0.298622 0)
(0.152315 0.213007 0)
(0.282805 0.145286 0)
(0.387894 0.0995714 0)
(0.470997 0.0697173 0)
(0.536272 0.050342 0)
(0.587576 0.0375238 0)
(0.628255 0.028751 0)
(0.660874 0.0225215 0)
(0.687304 0.0179445 0)
(0.708907 0.0144813 0)
(0.726689 0.0117959 0)
(0.7414 0.00967129 0)
(0.753614 0.0079623 0)
(0.763772 0.00656813 0)
(0.772219 0.0054165 0)
(0.779228 0.00445398 0)
(0.785015 0.00363995 0)
(0.789755 0.00294265 0)
(0.793582 0.00233657 0)
(0.796605 0.0018007 0)
(0.798905 0.00131719 0)
(0.800544 0.000870455 0)
(0.80156 0.00044638 0)
(0.801978 3.17757e-05 0)
(0.801801 -0.000386125 0)
(0.801017 -0.000820352 0)
(0.799595 -0.00128455 0)
(0.797485 -0.00179367 0)
(0.794617 -0.00236469 0)
(0.790894 -0.0030176 0)
(0.786192 -0.00377674 0)
(0.780351 -0.0046726 0)
(0.773168 -0.00574451 0)
(0.764382 -0.00704464 0)
(0.753658 -0.00864406 0)
(0.740565 -0.0106425 0)
(0.724531 -0.0131843 0)
(0.704797 -0.0164856 0)
(0.680333 -0.0208823 0)
(0.649719 -0.0269162 0)
(0.610975 -0.0354924 0)
(0.561326 -0.048163 0)
(0.497037 -0.0675873 0)
(0.413641 -0.0980691 0)
(0.306234 -0.14572 0)
(0.170485 -0.217267 0)
(0.0268959 -0.307187 0)
(0.00518741 -0.303015 0)
(0.290254 0.152415 0)
(0.389544 0.128238 0)
(0.565433 0.0747337 0)
(0.68325 0.0422277 0)
(0.752819 0.0245209 0)
(0.797795 0.0148753 0)
(0.828914 0.0095639 0)
(0.851328 0.0065376 0)
(0.868071 0.00471147 0)
(0.880965 0.00353545 0)
(0.891122 0.00273115 0)
(0.899254 0.00215301 0)
(0.905839 0.00172101 0)
(0.911216 0.00138861 0)
(0.91563 0.00112704 0)
(0.919265 0.000917552 0)
(0.92226 0.000747271 0)
(0.924724 0.000606998 0)
(0.926743 0.000489921 0)
(0.928383 0.000390827 0)
(0.929696 0.000305608 0)
(0.930723 0.000230931 0)
(0.931495 0.00016401 0)
(0.932034 0.000102434 0)
(0.932356 4.4046e-05 0)
(0.932467 -1.31555e-05 0)
(0.93237 -7.10348e-05 0)
(0.93206 -0.00013162 0)
(0.931524 -0.000196964 0)
(0.930743 -0.000269327 0)
(0.929691 -0.000351307 0)
(0.928332 -0.000446002 0)
(0.926617 -0.00055723 0)
(0.924485 -0.000689863 0)
(0.921858 -0.000850304 0)
(0.918635 -0.00104725 0)
(0.914682 -0.00129288 0)
(0.909824 -0.00160499 0)
(0.903826 -0.00201062 0)
(0.896361 -0.00255323 0)
(0.886961 -0.00330683 0)
(0.874931 -0.00440572 0)
(0.859182 -0.00610857 0)
(0.837911 -0.00893614 0)
(0.808064 -0.0139485 0)
(0.764369 -0.0232375 0)
(0.695892 -0.0407657 0)
(0.577943 -0.0737451 0)
(0.398056 -0.128747 0)
(0.293873 -0.153789 0)
)
;

boundaryField
{
    movingWallTop
    {
        type            fixedValue;
        value           uniform (1 0 0);
    }
    movingWallBottom
    {
        type            fixedValue;
        value           uniform (1 0 0);
    }
    fixedWalls
    {
        type            noSlip;
    }
    frontAndBack
    {
        type            empty;
    }
}


// ************************************************************************* //
