/*--------------------------------*- C++ -*----------------------------------*\
  =========                 |
  \\      /  F ield         | OpenFOAM: The Open Source CFD Toolbox
   \\    /   O peration     | Website:  https://openfoam.org
    \\  /    A nd           | Version:  7
     \\/     M anipulation  |
\*---------------------------------------------------------------------------*/
FoamFile
{
    version     2.0;
    format      ascii;
    class       volVectorField;
    location    "0.007";
    object      U;
}
// * * * * * * * * * * * * * * * * * * * * * * * * * * * * * * * * * * * * * //

dimensions      [0 1 -1 0 0 0 0];

internalField   nonuniform List<vector> 
2500
(
(0.290474 -0.152619 0)
(0.390071 -0.128416 0)
(0.565868 -0.0747158 0)
(0.683032 -0.0419914 0)
(0.751382 -0.0240942 0)
(0.794672 -0.0143061 0)
(0.823766 -0.00890254 0)
(0.843945 -0.00582926 0)
(0.858353 -0.00399341 0)
(0.86891 -0.00283631 0)
(0.876801 -0.00207151 0)
(0.882793 -0.0015464 0)
(0.887402 -0.00117512 0)
(0.890989 -0.000906531 0)
(0.893807 -0.000708437 0)
(0.896041 -0.000559701 0)
(0.897825 -0.000445987 0)
(0.899256 -0.000357353 0)
(0.900407 -0.000286797 0)
(0.901331 -0.000229322 0)
(0.902067 -0.000181313 0)
(0.902644 -0.000140107 0)
(0.903082 -0.000103681 0)
(0.903397 -7.04426e-05 0)
(0.903598 -3.90632e-05 0)
(0.90369 -8.36229e-06 0)
(0.903673 2.27953e-05 0)
(0.903546 5.56101e-05 0)
(0.903299 9.14185e-05 0)
(0.902921 0.000131826 0)
(0.902393 0.000178859 0)
(0.901689 0.00023516 0)
(0.900772 0.00030428 0)
(0.899593 0.000391068 0)
(0.898083 0.000502255 0)
(0.896149 0.000647297 0)
(0.893665 0.000839691 0)
(0.890455 0.00109912 0)
(0.886276 0.00145522 0)
(0.880784 0.00195461 0)
(0.873485 0.00267506 0)
(0.863644 0.00375502 0)
(0.850117 0.00545756 0)
(0.831035 0.00830809 0)
(0.803262 0.0133718 0)
(0.76143 0.0227465 0)
(0.694496 0.0404013 0)
(0.577652 0.0735568 0)
(0.398319 0.128781 0)
(0.294068 0.153972 0)
(0.00127331 -0.295413 0)
(0.017009 -0.298746 0)
(0.151439 -0.212185 0)
(0.27972 -0.143415 0)
(0.381418 -0.0967484 0)
(0.460106 -0.0661422 0)
(0.520175 -0.0462424 0)
(0.56574 -0.0331204 0)
(0.600396 -0.0242395 0)
(0.626929 -0.0180634 0)
(0.647394 -0.0136652 0)
(0.663294 -0.010471 0)
(0.67574 -0.00811388 0)
(0.685552 -0.00635044 0)
(0.693339 -0.00501456 0)
(0.699556 -0.00398983 0)
(0.704545 -0.00319318 0)
(0.708562 -0.0025646 0)
(0.711799 -0.00206024 0)
(0.7144 -0.0016478 0)
(0.716473 -0.00130318 0)
(0.718099 -0.00100816 0)
(0.719336 -0.00074861 0)
(0.720227 -0.000513223 0)
(0.720798 -0.000292493 0)
(0.721065 -7.79509e-05 0)
(0.721032 0.000138513 0)
(0.720689 0.000365283 0)
(0.720019 0.000611662 0)
(0.718986 0.00088864 0)
(0.717541 0.00120984 0)
(0.715613 0.00159276 0)
(0.713104 0.00206044 0)
(0.709882 0.00264375 0)
(0.705768 0.00338459 0)
(0.700521 0.00434037 0)
(0.693819 0.00559068 0)
(0.685223 0.0072474 0)
(0.674141 0.00947079 0)
(0.659768 0.0124966 0)
(0.640999 0.0166833 0)
(0.61631 0.0225976 0)
(0.583583 0.0311707 0)
(0.539872 0.0439811 0)
(0.481242 0.0637143 0)
(0.402994 0.0946985 0)
(0.299978 0.143061 0)
(0.167626 0.215538 0)
(0.0262068 0.306539 0)
(0.00521684 0.303238 0)
(-0.0329173 -0.25086 0)
(-0.06234 -0.343162 0)
(-0.0145433 -0.30739 0)
(0.0638699 -0.245793 0)
(0.146535 -0.187921 0)
(0.22224 -0.141433 0)
(0.286913 -0.10633 0)
(0.340177 -0.0803547 0)
(0.383253 -0.0611749 0)
(0.417791 -0.0469441 0)
(0.445388 -0.0363088 0)
(0.467431 -0.0282986 0)
(0.485065 -0.0222188 0)
(0.499209 -0.0175681 0)
(0.51059 -0.0139812 0)
(0.519777 -0.0111894 0)
(0.527211 -0.00899342 0)
(0.533235 -0.00724452 0)
(0.538112 -0.00583134 0)
(0.542044 -0.00466991 0)
(0.545187 -0.0036964 0)
(0.547655 -0.00286165 0)
(0.549535 -0.002127 0)
(0.550888 -0.00146111 0)
(0.551756 -0.000837454 0)
(0.552161 -0.000232277 0)
(0.552108 0.00037719 0)
(0.551587 0.00101438 0)
(0.550568 0.00170517 0)
(0.549002 0.00247988 0)
(0.546816 0.00337571 0)
(0.543907 0.0044399 0)
(0.540134 0.00573388 0)
(0.535312 0.00733874 0)
(0.52919 0.00936266 0)
(0.521438 0.011951 0)
(0.511625 0.0153003 0)
(0.499184 0.0196786 0)
(0.483376 0.0254539 0)
(0.463249 0.0331387 0)
(0.437585 0.0434549 0)
(0.404865 0.0574313 0)
(0.363267 0.0765378 0)
(0.31079 0.102838 0)
(0.245712 0.13904 0)
(0.167833 0.187959 0)
(0.0808493 0.250147 0)
(-0.00395005 0.317748 0)
(-0.0588564 0.358668 0)
(-0.0324078 0.26356 0)
(-0.0269831 -0.190497 0)
(-0.067145 -0.329992 0)
(-0.0698126 -0.344443 0)
(-0.0381337 -0.307926 0)
(0.0119265 -0.256747 0)
(0.0674859 -0.206956 0)
(0.121156 -0.164189 0)
(0.169461 -0.129393 0)
(0.211225 -0.101792 0)
(0.246482 -0.0801562 0)
(0.275821 -0.0632831 0)
(0.300028 -0.0501409 0)
(0.319908 -0.0398941 0)
(0.336197 -0.0318827 0)
(0.349532 -0.0255914 0)
(0.360448 -0.0206205 0)
(0.369381 -0.0166611 0)
(0.376684 -0.0134749 0)
(0.382637 -0.0108785 0)
(0.387463 -0.00873008 0)
(0.391333 -0.00691984 0)
(0.394379 -0.00536157 0)
(0.396702 -0.00398643 0)
(0.398372 -0.00273788 0)
(0.399438 -0.00156753 0)
(0.399927 -0.00043175 0)
(0.399845 0.00071141 0)
(0.399178 0.00190511 0)
(0.397891 0.00319677 0)
(0.395927 0.00464154 0)
(0.393198 0.00630642 0)
(0.389585 0.0082755 0)
(0.384927 0.0106566 0)
(0.379013 0.0135897 0)
(0.371566 0.017258 0)
(0.362234 0.0219021 0)
(0.350567 0.0278385 0)
(0.336001 0.0354827 0)
(0.317843 0.0453802 0)
(0.295264 0.0582442 0)
(0.267317 0.0749996 0)
(0.233005 0.0968221 0)
(0.191454 0.125138 0)
(0.142281 0.161494 0)
(0.0863059 0.207063 0)
(0.0268018 0.26125 0)
(-0.0285659 0.318344 0)
(-0.0659622 0.36101 0)
(-0.0676127 0.349471 0)
(-0.0277514 0.203088 0)
(-0.0182309 -0.147951 0)
(-0.0556248 -0.296775 0)
(-0.0807105 -0.342729 0)
(-0.0802037 -0.332009 0)
(-0.0592631 -0.295795 0)
(-0.0268808 -0.251833 0)
(0.0100241 -0.208927 0)
(0.047009 -0.170754 0)
(0.0815632 -0.138377 0)
(0.112506 -0.111647 0)
(0.139477 -0.0899249 0)
(0.162577 -0.0724364 0)
(0.182131 -0.0584263 0)
(0.198557 -0.0472234 0)
(0.212281 -0.0382582 0)
(0.223706 -0.0310603 0)
(0.233184 -0.0252485 0)
(0.241019 -0.0205175 0)
(0.247461 -0.0166243 0)
(0.252718 -0.0133767 0)
(0.256953 -0.0106219 0)
(0.260297 -0.0082379 0)
(0.262848 -0.00612536 0)
(0.264679 -0.00420148 0)
(0.265838 -0.00239452 0)
(0.266353 -0.000639206 0)
(0.266228 0.0011275 0)
(0.26545 0.00297046 0)
(0.263981 0.00496063 0)
(0.261759 0.00717984 0)
(0.258694 0.00972643 0)
(0.254666 0.0127221 0)
(0.249513 0.0163205 0)
(0.243029 0.0207173 0)
(0.234952 0.0261628 0)
(0.224961 0.0329773 0)
(0.212664 0.0415676 0)
(0.197602 0.0524461 0)
(0.179256 0.0662484 0)
(0.157085 0.0837455 0)
(0.130593 0.105837 0)
(0.0994744 0.133498 0)
(0.0638603 0.167624 0)
(0.0247339 0.20865 0)
(-0.0154671 0.255745 0)
(-0.0520909 0.305197 0)
(-0.0775328 0.34752 0)
(-0.0816211 0.36305 0)
(-0.057886 0.317156 0)
(-0.0192296 0.159034 0)
(-0.0119205 -0.118216 0)
(-0.0433005 -0.259904 0)
(-0.0760872 -0.322012 0)
(-0.0932091 -0.331252 0)
(-0.0932054 -0.31081 0)
(-0.080628 -0.276599 0)
(-0.0603848 -0.238246 0)
(-0.0364464 -0.200976 0)
(-0.0116245 -0.167271 0)
(0.0123111 -0.138029 0)
(0.0343798 -0.113308 0)
(0.0541359 -0.0927524 0)
(0.0714671 -0.0758375 0)
(0.0864556 -0.0620032 0)
(0.0992833 -0.050717 0)
(0.110174 -0.0415046 0)
(0.119356 -0.0339592 0)
(0.127046 -0.0277406 0)
(0.133436 -0.0225687 0)
(0.138691 -0.018215 0)
(0.14295 -0.0144935 0)
(0.146323 -0.0112523 0)
(0.148899 -0.00836538 0)
(0.150742 -0.0057258 0)
(0.151894 -0.00323975 0)
(0.152381 -0.00082093 0)
(0.152206 0.00161443 0)
(0.151354 0.00415256 0)
(0.149788 0.00688734 0)
(0.147449 0.0099261 0)
(0.144255 0.0133962 0)
(0.140093 0.017453 0)
(0.134821 0.0222888 0)
(0.128261 0.0281434 0)
(0.120198 0.0353162 0)
(0.11038 0.0441781 0)
(0.0985238 0.0551824 0)
(0.0843308 0.0688722 0)
(0.0675193 0.0858769 0)
(0.0478833 0.10689 0)
(0.0253931 0.132604 0)
(0.000354082 0.16358 0)
(-0.0263572 0.199975 0)
(-0.0529782 0.241048 0)
(-0.07652 0.284309 0)
(-0.0925606 0.324137 0)
(-0.0954213 0.349848 0)
(-0.0796125 0.343538 0)
(-0.0460757 0.279248 0)
(-0.0128044 0.127589 0)
(-0.00801268 -0.0965389 0)
(-0.0336787 -0.225362 0)
(-0.0672914 -0.293545 0)
(-0.092962 -0.315987 0)
(-0.1062 -0.308812 0)
(-0.108271 -0.284908 0)
(-0.101936 -0.253267 0)
(-0.0900916 -0.219587 0)
(-0.0752063 -0.187154 0)
(-0.0591249 -0.157644 0)
(-0.0430969 -0.131731 0)
(-0.0278958 -0.1095 0)
(-0.0139491 -0.0907223 0)
(-0.00144876 -0.0750182 0)
(0.00956385 -0.0619578 0)
(0.0191366 -0.0511175 0)
(0.0273649 -0.0421078 0)
(0.0343642 -0.0345867 0)
(0.0402527 -0.028261 0)
(0.0451421 -0.0228838 0)
(0.0491314 -0.0182488 0)
(0.0523042 -0.0141831 0)
(0.054728 -0.0105404 0)
(0.0564538 -0.00719433 0)
(0.0575159 -0.00403236 0)
(0.0579324 -0.000949781 0)
(0.0577052 0.0021556 0)
(0.056819 0.00538904 0)
(0.0552415 0.00886454 0)
(0.0529217 0.0127112 0)
(0.049789 0.0170801 0)
(0.0457522 0.0221525 0)
(0.0406988 0.028148 0)
(0.0344957 0.0353346 0)
(0.0269925 0.0440368 0)
(0.0180294 0.0546429 0)
(0.00745231 0.0676067 0)
(-0.00486063 0.0834403 0)
(-0.0189545 0.102688 0)
(-0.0347292 0.12587 0)
(-0.0518408 0.15338 0)
(-0.0695644 0.185292 0)
(-0.0866272 0.221056 0)
(-0.101039 0.259 0)
(-0.110015 0.295609 0)
(-0.110156 0.324562 0)
(-0.0980673 0.335703 0)
(-0.0719501 0.314428 0)
(-0.0364019 0.242683 0)
(-0.00872142 0.10427 0)
(-0.00566701 -0.0801666 0)
(-0.0266921 -0.194776 0)
(-0.058259 -0.263021 0)
(-0.0870924 -0.293082 0)
(-0.107802 -0.295814 0)
(-0.119674 -0.281082 0)
(-0.123774 -0.256593 0)
(-0.121867 -0.227811 0)
(-0.115812 -0.198295 0)
(-0.10722 -0.170167 0)
(-0.097341 -0.144549 0)
(-0.0870752 -0.121901 0)
(-0.0770263 -0.10228 0)
(-0.06757 -0.0855091 0)
(-0.0589173 -0.0712947 0)
(-0.0511662 -0.0592982 0)
(-0.0443415 -0.0491799 0)
(-0.0384233 -0.0406224 0)
(-0.0333682 -0.0333415 0)
(-0.0291218 -0.0270893 0)
(-0.0256287 -0.021652 0)
(-0.0228374 -0.016846 0)
(-0.0207043 -0.0125126 0)
(-0.0191953 -0.00851175 0)
(-0.0182875 -0.00471696 0)
(-0.0179696 -0.00100917 0)
(-0.0182424 0.00272852 0)
(-0.0191196 0.00661655 0)
(-0.0206278 0.0107846 0)
(-0.0228068 0.0153782 0)
(-0.0257092 0.0205648 0)
(-0.0294001 0.0265418 0)
(-0.0339545 0.0335434 0)
(-0.0394531 0.0418475 0)
(-0.0459746 0.0517801 0)
(-0.0535828 0.0637163 0)
(-0.0623051 0.0780717 0)
(-0.0721017 0.0952807 0)
(-0.0828192 0.115753 0)
(-0.0941278 0.139795 0)
(-0.105441 0.167477 0)
(-0.115824 0.198434 0)
(-0.123908 0.231566 0)
(-0.127854 0.264617 0)
(-0.125459 0.293654 0)
(-0.114527 0.312508 0)
(-0.0935861 0.312402 0)
(-0.0631795 0.282154 0)
(-0.0291565 0.209714 0)
(-0.00622349 0.08644 0)
(-0.00421601 -0.0673647 0)
(-0.0216027 -0.168215 0)
(-0.050131 -0.233242 0)
(-0.0791583 -0.266901 0)
(-0.103439 -0.276405 0)
(-0.121261 -0.269077 0)
(-0.132552 -0.2512 0)
(-0.138144 -0.227639 0)
(-0.139255 -0.20186 0)
(-0.137131 -0.176151 0)
(-0.132866 -0.151896 0)
(-0.127338 -0.129825 0)
(-0.12121 -0.110232 0)
(-0.114951 -0.0931275 0)
(-0.108882 -0.0783598 0)
(-0.103203 -0.0656905 0)
(-0.0980331 -0.0548475 0)
(-0.0934327 -0.0455567 0)
(-0.0894239 -0.0375594 0)
(-0.0860057 -0.0306205 0)
(-0.0831642 -0.0245308 0)
(-0.0808805 -0.0191054 0)
(-0.079135 -0.0141807 0)
(-0.0779117 -0.00960969 0)
(-0.0771993 -0.00525702 0)
(-0.0769938 -0.000994103 0)
(-0.0772983 0.00330616 0)
(-0.0781241 0.00777465 0)
(-0.0794905 0.0125515 0)
(-0.0814242 0.0177921 0)
(-0.0839578 0.0236727 0)
(-0.0871277 0.0303967 0)
(-0.0909694 0.0381998 0)
(-0.0955112 0.0473535 0)
(-0.100763 0.0581656 0)
(-0.106701 0.0709734 0)
(-0.113245 0.0861277 0)
(-0.120227 0.10396 0)
(-0.127353 0.124726 0)
(-0.134151 0.148514 0)
(-0.139921 0.175114 0)
(-0.143689 0.203821 0)
(-0.144196 0.233181 0)
(-0.139948 0.260682 0)
(-0.129425 0.282423 0)
(-0.111493 0.292859 0)
(-0.086034 0.284827 0)
(-0.0548395 0.250083 0)
(-0.0237468 0.180759 0)
(-0.00465276 0.0723893 0)
(-0.00326604 -0.0570601 0)
(-0.0177899 -0.145289 0)
(-0.0431059 -0.205488 0)
(-0.0707916 -0.240059 0)
(-0.0961691 -0.253794 0)
(-0.117145 -0.252048 0)
(-0.132977 -0.239796 0)
(-0.143821 -0.221176 0)
(-0.150348 -0.199357 0)
(-0.153422 -0.176591 0)
(-0.15391 -0.154364 0)
(-0.152582 -0.133572 0)
(-0.150074 -0.114676 0)
(-0.146881 -0.0978418 0)
(-0.143373 -0.0830453 0)
(-0.139814 -0.0701472 0)
(-0.136384 -0.0589495 0)
(-0.133204 -0.0492305 0)
(-0.130347 -0.0407673 0)
(-0.127857 -0.0333477 0)
(-0.125755 -0.0267759 0)
(-0.124053 -0.020874 0)
(-0.122752 -0.0154804 0)
(-0.121853 -0.0104467 0)
(-0.121356 -0.00563428 0)
(-0.121264 -0.000909882 0)
(-0.121581 0.003859 0)
(-0.122316 0.00880873 0)
(-0.123479 0.0140844 0)
(-0.125085 0.0198449 0)
(-0.127145 0.0262675 0)
(-0.129668 0.0335526 0)
(-0.132653 0.041926 0)
(-0.13608 0.0516403 0)
(-0.1399 0.0629698 0)
(-0.14402 0.0761992 0)
(-0.148277 0.091601 0)
(-0.152418 0.109396 0)
(-0.156066 0.129689 0)
(-0.158688 0.152384 0)
(-0.159573 0.177049 0)
(-0.157825 0.202758 0)
(-0.1524 0.227893 0)
(-0.142212 0.249931 0)
(-0.126366 0.265273 0)
(-0.104533 0.269191 0)
(-0.0774297 0.256042 0)
(-0.0473645 0.219877 0)
(-0.0196086 0.155607 0)
(-0.00360893 0.061035 0)
(-0.00260543 -0.0485916 0)
(-0.0148434 -0.125525 0)
(-0.0371096 -0.180246 0)
(-0.0627373 -0.214031 0)
(-0.0877269 -0.230086 0)
(-0.10995 -0.23231 0)
(-0.128325 -0.224579 0)
(-0.142568 -0.210316 0)
(-0.152928 -0.192298 0)
(-0.159933 -0.17262 0)
(-0.164213 -0.152758 0)
(-0.166392 -0.133677 0)
(-0.167028 -0.115943 0)
(-0.166592 -0.0998356 0)
(-0.16546 -0.0854322 0)
(-0.16392 -0.0726824 0)
(-0.16219 -0.0614588 0)
(-0.160427 -0.0515945 0)
(-0.158741 -0.0429067 0)
(-0.157207 -0.035212 0)
(-0.155877 -0.0283344 0)
(-0.154784 -0.0221085 0)
(-0.15395 -0.0163802 0)
(-0.153389 -0.0110052 0)
(-0.15311 -0.00584611 0)
(-0.153121 -0.000769601 0)
(-0.153429 0.00435763 0)
(-0.154038 0.00967267 0)
(-0.154952 0.0153204 0)
(-0.15617 0.0214573 0)
(-0.157687 0.0282552 0)
(-0.159486 0.0359038 0)
(-0.161534 0.044611 0)
(-0.163774 0.054601 0)
(-0.166111 0.0661062 0)
(-0.1684 0.0793521 0)
(-0.170429 0.0945301 0)
(-0.171895 0.111756 0)
(-0.172391 0.131007 0)
(-0.171388 0.15204 0)
(-0.168231 0.174279 0)
(-0.162166 0.196685 0)
(-0.152402 0.217617 0)
(-0.138239 0.234703 0)
(-0.119279 0.244779 0)
(-0.0957432 0.243946 0)
(-0.0687897 0.227856 0)
(-0.0408174 0.192258 0)
(-0.0163551 0.133866 0)
(-0.00287361 0.0516977 0)
(-0.00212231 -0.0415314 0)
(-0.0125097 -0.108469 0)
(-0.0320165 -0.1576 0)
(-0.0553327 -0.189583 0)
(-0.0791079 -0.20659 0)
(-0.10135 -0.211468 0)
(-0.120852 -0.207212 0)
(-0.137069 -0.196607 0)
(-0.149954 -0.182021 0)
(-0.159766 -0.165329 0)
(-0.16692 -0.147924 0)
(-0.171886 -0.130771 0)
(-0.175124 -0.114486 0)
(-0.177048 -0.0994186 0)
(-0.178011 -0.0857232 0)
(-0.178301 -0.0734205 0)
(-0.178146 -0.0624455 0)
(-0.177721 -0.0526822 0)
(-0.177159 -0.0439886 0)
(-0.176556 -0.036212 0)
(-0.175985 -0.0291993 0)
(-0.175494 -0.0228016 0)
(-0.175121 -0.0168763 0)
(-0.17489 -0.011287 0)
(-0.174819 -0.00590174 0)
(-0.174918 -0.000590986 0)
(-0.175195 0.00477535 0)
(-0.175651 0.0103309 0)
(-0.176283 0.0162157 0)
(-0.177077 0.0225793 0)
(-0.178014 0.0295827 0)
(-0.179055 0.0373993 0)
(-0.180144 0.0462139 0)
(-0.181195 0.0562174 0)
(-0.182083 0.0675972 0)
(-0.182631 0.0805194 0)
(-0.182602 0.0951003 0)
(-0.181681 0.111366 0)
(-0.179467 0.129194 0)
(-0.175477 0.14824 0)
(-0.169152 0.167849 0)
(-0.159903 0.186957 0)
(-0.147184 0.203999 0)
(-0.130615 0.216841 0)
(-0.110168 0.222789 0)
(-0.0863934 0.2187 0)
(-0.0606336 0.201261 0)
(-0.0351529 0.167443 0)
(-0.0137434 0.115115 0)
(-0.00233029 0.0439294 0)
(-0.00175631 -0.0355815 0)
(-0.0106327 -0.0937185 0)
(-0.0277101 -0.137433 0)
(-0.0487198 -0.16705 0)
(-0.0708798 -0.184064 0)
(-0.0924049 -0.190571 0)
(-0.112085 -0.188881 0)
(-0.129244 -0.181236 0)
(-0.143641 -0.169621 0)
(-0.155334 -0.155672 0)
(-0.16456 -0.140653 0)
(-0.171646 -0.125485 0)
(-0.17695 -0.110791 0)
(-0.180817 -0.0969561 0)
(-0.183557 -0.084185 0)
(-0.185439 -0.0725518 0)
(-0.186685 -0.062042 0)
(-0.187474 -0.0525841 0)
(-0.187946 -0.0440735 0)
(-0.188212 -0.0363879 0)
(-0.188353 -0.0293979 0)
(-0.188432 -0.0229731 0)
(-0.188494 -0.0169851 0)
(-0.188572 -0.0113079 0)
(-0.188689 -0.00581818 0)
(-0.188858 -0.000393323 0)
(-0.189086 0.00509025 0)
(-0.18937 0.0107592 0)
(-0.189701 0.0167455 0)
(-0.190057 0.0231878 0)
(-0.190405 0.0302328 0)
(-0.190694 0.0380345 0)
(-0.190847 0.0467514 0)
(-0.190762 0.05654 0)
(-0.190295 0.0675438 0)
(-0.189259 0.0798744 0)
(-0.187411 0.0935842 0)
(-0.184447 0.108628 0)
(-0.180003 0.124813 0)
(-0.173661 0.141738 0)
(-0.164977 0.158722 0)
(-0.153522 0.174737 0)
(-0.138963 0.188351 0)
(-0.121168 0.197705 0)
(-0.100354 0.200555 0)
(-0.0772511 0.1944 0)
(-0.0532226 0.176729 0)
(-0.0303013 0.145375 0)
(-0.0116224 0.0989462 0)
(-0.00191569 0.0374116 0)
(-0.00147317 -0.0305206 0)
(-0.00911241 -0.0809156 0)
(-0.0240911 -0.119527 0)
(-0.0429399 -0.146503 0)
(-0.063352 -0.162895 0)
(-0.0837641 -0.17026 0)
(-0.10303 -0.170384 0)
(-0.120425 -0.165064 0)
(-0.135592 -0.155944 0)
(-0.148447 -0.144423 0)
(-0.159087 -0.131624 0)
(-0.16772 -0.11839 0)
(-0.174606 -0.105324 0)
(-0.180017 -0.0928187 0)
(-0.184216 -0.0811061 0)
(-0.187439 -0.0702967 0)
(-0.189892 -0.0604142 0)
(-0.191745 -0.0514236 0)
(-0.19314 -0.0432527 0)
(-0.194187 -0.0358072 0)
(-0.194977 -0.0289806 0)
(-0.195575 -0.0226615 0)
(-0.196035 -0.0167366 0)
(-0.196393 -0.0110925 0)
(-0.196674 -0.00561641 0)
(-0.196893 -0.000194903 0)
(-0.197056 0.0052866 0)
(-0.197159 0.0109453 0)
(-0.197185 0.0169024 0)
(-0.197107 0.0232835 0)
(-0.196883 0.0302188 0)
(-0.196451 0.0378411 0)
(-0.195726 0.0462826 0)
(-0.194594 0.0556668 0)
(-0.192909 0.0660971 0)
(-0.190483 0.0776387 0)
(-0.187083 0.0902931 0)
(-0.182435 0.103964 0)
(-0.176224 0.118416 0)
(-0.16811 0.133224 0)
(-0.157759 0.147722 0)
(-0.144887 0.160957 0)
(-0.129332 0.171658 0)
(-0.111142 0.178241 0)
(-0.0906843 0.178864 0)
(-0.0687624 0.171553 0)
(-0.0466726 0.154404 0)
(-0.0261894 0.125855 0)
(-0.00989344 0.0849834 0)
(-0.00159359 0.0319026 0)
(-0.00125188 -0.0261758 0)
(-0.00787977 -0.0697459 0)
(-0.0210732 -0.103623 0)
(-0.0379773 -0.127864 0)
(-0.0566721 -0.143228 0)
(-0.0758042 -0.150886 0)
(-0.0943215 -0.152225 0)
(-0.1115 -0.148682 0)
(-0.126921 -0.141608 0)
(-0.140407 -0.132185 0)
(-0.151951 -0.121388 0)
(-0.161663 -0.109974 0)
(-0.169717 -0.0985008 0)
(-0.17632 -0.0873515 0)
(-0.181683 -0.0767672 0)
(-0.186006 -0.0668797 0)
(-0.189471 -0.0577393 0)
(-0.192233 -0.049339 0)
(-0.194427 -0.0416335 0)
(-0.19616 -0.0345526 0)
(-0.197523 -0.0280112 0)
(-0.198583 -0.0219158 0)
(-0.199395 -0.0161688 0)
(-0.199998 -0.0106701 0)
(-0.200418 -0.00531836 0)
(-0.20067 -1.12262e-05 0)
(-0.200759 0.00535536 0)
(-0.200678 0.0108875 0)
(-0.200407 0.016694 0)
(-0.199915 0.0228861 0)
(-0.199153 0.0295766 0)
(-0.198054 0.0368775 0)
(-0.19653 0.0448957 0)
(-0.194466 0.0537248 0)
(-0.191716 0.0634342 0)
(-0.188106 0.0740517 0)
(-0.183424 0.0855416 0)
(-0.177432 0.0977749 0)
(-0.169871 0.110496 0)
(-0.160478 0.123282 0)
(-0.14902 0.135509 0)
(-0.135334 0.14632 0)
(-0.119388 0.154614 0)
(-0.101349 0.159061 0)
(-0.0816714 0.158165 0)
(-0.0611625 0.150371 0)
(-0.0410112 0.134233 0)
(-0.0227439 0.108613 0)
(-0.00848694 0.0728823 0)
(-0.00134148 0.0272096 0)
(-0.00107836 -0.0224079 0)
(-0.00688329 -0.0599338 0)
(-0.0185788 -0.0894484 0)
(-0.0337823 -0.11097 0)
(-0.050884 -0.125057 0)
(-0.0687161 -0.132602 0)
(-0.0863286 -0.13469 0)
(-0.103027 -0.132469 0)
(-0.118366 -0.127042 0)
(-0.13211 -0.119399 0)
(-0.144178 -0.110373 0)
(-0.154604 -0.10063 0)
(-0.163493 -0.0906713 0)
(-0.17099 -0.080857 0)
(-0.177259 -0.0714239 0)
(-0.182463 -0.0625126 0)
(-0.186756 -0.0541903 0)
(-0.190277 -0.04647 0)
(-0.193148 -0.0393274 0)
(-0.195469 -0.0327126 0)
(-0.197327 -0.026559 0)
(-0.198788 -0.0207901 0)
(-0.199905 -0.0153229 0)
(-0.200718 -0.0100708 0)
(-0.201252 -0.0049448 0)
(-0.201522 0.00014594 0)
(-0.201532 0.00529392 0)
(-0.201273 0.0105933 0)
(-0.200722 0.0161397 0)
(-0.199846 0.0220295 0)
(-0.198593 0.0283585 0)
(-0.196895 0.035219 0)
(-0.194664 0.042695 0)
(-0.19179 0.0508546 0)
(-0.188136 0.0597394 0)
(-0.183544 0.0693494 0)
(-0.177831 0.0796237 0)
(-0.170798 0.0904162 0)
(-0.162241 0.101468 0)
(-0.15197 0.11238 0)
(-0.139836 0.122585 0)
(-0.125771 0.13133 0)
(-0.109838 0.137677 0)
(-0.0922825 0.140525 0)
(-0.0735926 0.138665 0)
(-0.054546 0.130876 0)
(-0.0362104 0.116052 0)
(-0.0198905 0.0933496 0)
(-0.00734911 0.0623336 0)
(-0.00114399 0.0231751 0)
(-0.000942426 -0.019103 0)
(-0.00608207 -0.0512393 0)
(-0.0165367 -0.0767427 0)
(-0.0302864 -0.0956167 0)
(-0.0459671 -0.108284 0)
(-0.0625687 -0.115432 0)
(-0.0792393 -0.117914 0)
(-0.0953265 -0.116646 0)
(-0.110383 -0.112528 0)
(-0.124138 -0.106377 0)
(-0.136462 -0.0988973 0)
(-0.14733 -0.0906632 0)
(-0.156791 -0.0821186 0)
(-0.164941 -0.0735889 0)
(-0.171898 -0.0652977 0)
(-0.177793 -0.0573852 0)
(-0.182752 -0.0499269 0)
(-0.186895 -0.0429491 0)
(-0.190327 -0.036443 0)
(-0.193143 -0.0303748 0)
(-0.19542 -0.0246939 0)
(-0.197221 -0.0193386 0)
(-0.198597 -0.0142398 0)
(-0.199586 -0.00932391 0)
(-0.200212 -0.00451403 0)
(-0.20049 0.000268833 0)
(-0.20042 0.00510533 0)
(-0.199993 0.0100773 0)
(-0.199186 0.0152673 0)
(-0.197964 0.0207571 0)
(-0.196274 0.0266266 0)
(-0.194052 0.0329499 0)
(-0.191211 0.0397914 0)
(-0.18765 0.0471982 0)
(-0.183246 0.0551907 0)
(-0.17786 0.0637497 0)
(-0.171338 0.0727996 0)
(-0.163522 0.0821897 0)
(-0.154258 0.0916721 0)
(-0.143417 0.100881 0)
(-0.130921 0.109314 0)
(-0.116775 0.116325 0)
(-0.101106 0.121126 0)
(-0.084204 0.122813 0)
(-0.0665648 0.120416 0)
(-0.0489162 0.112974 0)
(-0.0322077 0.0996363 0)
(-0.0175557 0.0797705 0)
(-0.00643565 0.0530639 0)
(-0.000989798 0.0196686 0)
(-0.000836317 -0.0161678 0)
(-0.0054424 -0.0434559 0)
(-0.0148818 -0.065263 0)
(-0.0274127 -0.0815908 0)
(-0.0418633 -0.0927647 0)
(-0.0573539 -0.0993209 0)
(-0.0731209 -0.101931 0)
(-0.0885584 -0.101325 0)
(-0.103229 -0.0982319 0)
(-0.116845 -0.0933225 0)
(-0.129244 -0.0871841 0)
(-0.140359 -0.080303 0)
(-0.150196 -0.0730633 0)
(-0.158808 -0.0657525 0)
(-0.166278 -0.058574 0)
(-0.172704 -0.051661 0)
(-0.178188 -0.0450905 0)
(-0.18283 -0.0388963 0)
(-0.186721 -0.0330805 0)
(-0.189944 -0.0276217 0)
(-0.192569 -0.0224822 0)
(-0.194654 -0.0176133 0)
(-0.196246 -0.0129585 0)
(-0.19738 -0.00845619 0)
(-0.198079 -0.00404134 0)
(-0.198355 0.000353461 0)
(-0.198209 0.00479718 0)
(-0.19763 0.00935958 0)
(-0.196595 0.0141104 0)
(-0.195068 0.0191179 0)
(-0.193 0.0244472 0)
(-0.190328 0.0301567 0)
(-0.186973 0.0362944 0)
(-0.182843 0.042891 0)
(-0.17783 0.0499515 0)
(-0.171816 0.0574447 0)
(-0.164676 0.0652896 0)
(-0.156287 0.0733397 0)
(-0.146541 0.0813672 0)
(-0.135359 0.089047 0)
(-0.122719 0.0959454 0)
(-0.108679 0.101516 0)
(-0.0934082 0.105106 0)
(-0.0772208 0.105981 0)
(-0.0606007 0.103366 0)
(-0.0442204 0.0965063 0)
(-0.0289226 0.0847434 0)
(-0.0156683 0.0675969 0)
(-0.00570884 0.044835 0)
(-0.000870063 0.0165822 0)
(-0.000753978 -0.0135253 0)
(-0.00493628 -0.0364072 0)
(-0.013556 -0.0547911 0)
(-0.0250835 -0.068682 0)
(-0.0384962 -0.0783342 0)
(-0.0530194 -0.0841665 0)
(-0.0679661 -0.0867074 0)
(-0.0827748 -0.086538 0)
(-0.0970243 -0.0842412 0)
(-0.110421 -0.0803628 0)
(-0.122782 -0.075385 0)
(-0.134011 -0.0697131 0)
(-0.144081 -0.0636717 0)
(-0.153011 -0.0575087 0)
(-0.160854 -0.0514034 0)
(-0.167681 -0.0454766 0)
(-0.173572 -0.0398024 0)
(-0.178608 -0.0344173 0)
(-0.182867 -0.0293299 0)
(-0.18642 -0.0245282 0)
(-0.189329 -0.0199848 0)
(-0.191646 -0.015662 0)
(-0.193415 -0.0115143 0)
(-0.194667 -0.00749126 0)
(-0.195422 -0.00353893 0)
(-0.195692 0.00039904 0)
(-0.195476 0.00438037 0)
(-0.194763 0.00846328 0)
(-0.19353 0.0127055 0)
(-0.191742 0.0171629 0)
(-0.189353 0.0218873 0)
(-0.186305 0.026924 0)
(-0.182526 0.0323075 0)
(-0.177934 0.0380563 0)
(-0.172437 0.0441655 0)
(-0.165937 0.0505979 0)
(-0.158334 0.0572735 0)
(-0.149539 0.0640573 0)
(-0.139479 0.0707469 0)
(-0.128118 0.0770618 0)
(-0.115475 0.0826355 0)
(-0.101645 0.0870147 0)
(-0.0868267 0.0896672 0)
(-0.0713402 0.0900024 0)
(-0.0556507 0.0874054 0)
(-0.0403765 0.0812849 0)
(-0.0262683 0.0711313 0)
(-0.014162 0.056576 0)
(-0.00513652 0.0374427 0)
(-0.00077777 0.0138273 0)
(-0.000690664 -0.0111125 0)
(-0.00454059 -0.0299433 0)
(-0.0125088 -0.0451342 0)
(-0.0232262 -0.0566939 0)
(-0.0357844 -0.0648216 0)
(-0.0494923 -0.0698438 0)
(-0.0637258 -0.0721731 0)
(-0.0779637 -0.0722662 0)
(-0.0918032 -0.0705848 0)
(-0.104952 -0.0675647 0)
(-0.117213 -0.0635948 0)
(-0.128471 -0.0590056 0)
(-0.138673 -0.0540649 0)
(-0.147815 -0.0489805 0)
(-0.155924 -0.043905 0)
(-0.163048 -0.038944 0)
(-0.169248 -0.0341646 0)
(-0.17459 -0.0296025 0)
(-0.179138 -0.0252699 0)
(-0.182952 -0.0211609 0)
(-0.186089 -0.0172564 0)
(-0.188593 -0.0135275 0)
(-0.190503 -0.00993872 0)
(-0.191848 -0.00644951 0)
(-0.192646 -0.00301614 0)
(-0.192907 0.00040733 0)
(-0.192629 0.00386802 0)
(-0.191801 0.00741335 0)
(-0.190401 0.01109 0)
(-0.188396 0.0149424 0)
(-0.185743 0.0190113 0)
(-0.182387 0.0233306 0)
(-0.178267 0.0279247 0)
(-0.173308 0.0328033 0)
(-0.167435 0.0379557 0)
(-0.160566 0.0433438 0)
(-0.152626 0.0488937 0)
(-0.14355 0.0544862 0)
(-0.133298 0.0599482 0)
(-0.121865 0.0650446 0)
(-0.109301 0.0694735 0)
(-0.0957274 0.072867 0)
(-0.0813572 0.0747989 0)
(-0.0665117 0.0748016 0)
(-0.0516333 0.0723931 0)
(-0.0372912 0.0671143 0)
(-0.0241603 0.0585724 0)
(-0.0129779 0.046484 0)
(-0.0046916 0.0307135 0)
(-0.000707338 0.0113308 0)
(-0.000642694 -0.00887736 0)
(-0.00423665 -0.0239375 0)
(-0.0116977 -0.0361235 0)
(-0.0217764 -0.0454469 0)
(-0.0336508 -0.0520618 0)
(-0.0466941 -0.0562186 0)
(-0.0603329 -0.0582339 0)
(-0.07408 -0.0584595 0)
(-0.0875501 -0.0572527 0)
(-0.100455 -0.0549532 0)
(-0.112591 -0.0518661 0)
(-0.123829 -0.048253 0)
(-0.134099 -0.0443281 0)
(-0.143376 -0.0402591 0)
(-0.151669 -0.0361714 0)
(-0.159009 -0.032153 0)
(-0.165439 -0.0282612 0)
(-0.171012 -0.0245287 0)
(-0.175782 -0.0209682 0)
(-0.1798 -0.017578 0)
(-0.183114 -0.014345 0)
(-0.185764 -0.0112479 0)
(-0.187785 -0.00825946 0)
(-0.189203 -0.00534825 0)
(-0.190033 -0.00247986 0)
(-0.190284 0.00038197 0)
(-0.189953 0.00327452 0)
(-0.18903 0.0062352 0)
(-0.187494 0.00930054 0)
(-0.185312 0.012505 0)
(-0.182447 0.0158795 0)
(-0.178848 0.0194489 0)
(-0.174459 0.0232298 0)
(-0.169218 0.027226 0)
(-0.163059 0.0314248 0)
(-0.155918 0.0357907 0)
(-0.147737 0.0402594 0)
(-0.138475 0.0447309 0)
(-0.128114 0.0490629 0)
(-0.116674 0.0530654 0)
(-0.104227 0.0564977 0)
(-0.090912 0.0590699 0)
(-0.0769502 0.0604495 0)
(-0.0626581 0.0602749 0)
(-0.0484566 0.0581764 0)
(-0.0348732 0.0538037 0)
(-0.0225223 0.0468585 0)
(-0.0120655 0.0371258 0)
(-0.00435187 0.0245011 0)
(-0.000654391 0.0090331 0)
(-0.000607272 -0.00677682 0)
(-0.00400972 -0.0182819 0)
(-0.0110881 -0.0276121 0)
(-0.0206802 -0.0347792 0)
(-0.0320274 -0.0398985 0)
(-0.0445512 -0.0431558 0)
(-0.0577171 -0.0447852 0)
(-0.0710652 -0.0450477 0)
(-0.0842255 -0.0442093 0)
(-0.0969144 -0.0425237 0)
(-0.108926 -0.0402205 0)
(-0.120122 -0.0374975 0)
(-0.130419 -0.034518 0)
(-0.139779 -0.0314108 0)
(-0.148196 -0.0282732 0)
(-0.155687 -0.0251747 0)
(-0.162284 -0.0221614 0)
(-0.168028 -0.0192601 0)
(-0.172962 -0.0164829 0)
(-0.177133 -0.01383 0)
(-0.18058 -0.0112928 0)
(-0.183341 -0.00885635 0)
(-0.185446 -0.00650056 0)
(-0.186918 -0.00420206 0)
(-0.187771 -0.00193502 0)
(-0.188013 0.000327897 0)
(-0.18764 0.00261482 0)
(-0.186642 0.0049539 0)
(-0.184998 0.0073725 0)
(-0.18268 0.00989617 0)
(-0.179651 0.0125474 0)
(-0.175866 0.0153437 0)
(-0.171274 0.0182958 0)
(-0.165821 0.0214044 0)
(-0.159453 0.0246571 0)
(-0.152117 0.0280238 0)
(-0.143771 0.0314525 0)
(-0.13439 0.034864 0)
(-0.123973 0.0381477 0)
(-0.11256 0.0411576 0)
(-0.100236 0.0437108 0)
(-0.0871538 0.0455888 0)
(-0.0735369 0.046543 0)
(-0.0596957 0.0463046 0)
(-0.0460322 0.0446005 0)
(-0.0330408 0.0411729 0)
(-0.0212894 0.0358028 0)
(-0.0113831 0.0283318 0)
(-0.00409969 0.0186818 0)
(-0.000615584 0.00688489 0)
(-0.000582342 -0.00477445 0)
(-0.00384867 -0.0128839 0)
(-0.0106532 -0.0194705 0)
(-0.0198947 -0.0245444 0)
(-0.0308587 -0.028186 0)
(-0.0430009 -0.0305234 0)
(-0.0558152 -0.031718 0)
(-0.0688618 -0.0319498 0)
(-0.081783 -0.0314025 0)
(-0.0942998 -0.0302521 0)
(-0.106205 -0.0286584 0)
(-0.117355 -0.0267596 0)
(-0.127658 -0.0246704 0)
(-0.137066 -0.0224822 0)
(-0.145563 -0.020264 0)
(-0.153156 -0.0180659 0)
(-0.159867 -0.0159215 0)
(-0.165729 -0.0138508 0)
(-0.17078 -0.0118635 0)
(-0.175059 -0.00996058 0)
(-0.178602 -0.00813681 0)
(-0.181443 -0.00638215 0)
(-0.183608 -0.00468302 0)
(-0.185118 -0.00302327 0)
(-0.185987 -0.00138498 0)
(-0.186221 0.000250888 0)
(-0.185817 0.00190394 0)
(-0.184763 0.00359376 0)
(-0.18304 0.00533929 0)
(-0.180622 0.00715809 0)
(-0.177474 0.00906534 0)
(-0.173554 0.0110727 0)
(-0.168817 0.0131865 0)
(-0.163215 0.0154062 0)
(-0.156701 0.0177216 0)
(-0.149232 0.0201099 0)
(-0.140777 0.022533 0)
(-0.131323 0.0249337 0)
(-0.120883 0.0272333 0)
(-0.109507 0.0293285 0)
(-0.0972928 0.0310911 0)
(-0.0843976 0.0323688 0)
(-0.0710478 0.0329892 0)
(-0.0575476 0.032767 0)
(-0.0442838 0.0315144 0)
(-0.0317264 0.0290546 0)
(-0.0204095 0.0252374 0)
(-0.0108986 0.0199541 0)
(-0.00392161 0.0131501 0)
(-0.000588446 0.00484515 0)
(-0.00056647 -0.00283887 0)
(-0.00374554 -0.00766203 0)
(-0.0103738 -0.0115832 0)
(-0.0193883 -0.0146094 0)
(-0.0301028 -0.016788 0)
(-0.0419948 -0.0181941 0)
(-0.0545765 -0.0189225 0)
(-0.0674217 -0.0190786 0)
(-0.0801808 -0.0187703 0)
(-0.0925783 -0.018101 0)
(-0.104407 -0.0171651 0)
(-0.11552 -0.0160441 0)
(-0.12582 -0.0148063 0)
(-0.135254 -0.0135058 0)
(-0.143798 -0.0121842 0)
(-0.151453 -0.0108716 0)
(-0.158235 -0.0095883 0)
(-0.164172 -0.00834682 0)
(-0.169298 -0.00715318 0)
(-0.173646 -0.00600841 0)
(-0.177251 -0.00490969 0)
(-0.180142 -0.00385131 0)
(-0.182346 -0.00282538 0)
(-0.183881 -0.00182245 0)
(-0.18476 -0.000831988 0)
(-0.184988 0.00015723 0)
(-0.184562 0.00115677 0)
(-0.183472 0.00217815 0)
(-0.181698 0.00323252 0)
(-0.179214 0.00433009 0)
(-0.175989 0.00547967 0)
(-0.171982 0.00668781 0)
(-0.167152 0.00795796 0)
(-0.161454 0.00928921 0)
(-0.154848 0.0106749 0)
(-0.147297 0.0121011 0)
(-0.138777 0.0135443 0)
(-0.129282 0.0149702 0)
(-0.118834 0.0163316 0)
(-0.107491 0.017567 0)
(-0.0953568 0.0186005 0)
(-0.0825922 0.0193422 0)
(-0.0694239 0.0196907 0)
(-0.0561516 0.0195375 0)
(-0.043152 0.0187726 0)
(-0.0308786 0.0172929 0)
(-0.019844 0.0150104 0)
(-0.0105883 0.0118617 0)
(-0.00380802 0.00781433 0)
(-0.000571254 0.00287884 0)
(-0.000558752 -0.000942039 0)
(-0.00369522 -0.00254274 0)
(-0.0102372 -0.00384472 0)
(-0.0191403 -0.00485039 0)
(-0.0297318 -0.00557548 0)
(-0.0415 -0.00604477 0)
(-0.0539661 -0.00628944 0)
(-0.0667105 -0.00634425 0)
(-0.0793878 -0.00624477 0)
(-0.0917245 -0.00602516 0)
(-0.103513 -0.00571653 0)
(-0.114605 -0.00534593 0)
(-0.124903 -0.00493592 0)
(-0.134347 -0.00450453 0)
(-0.142913 -0.00406557 0)
(-0.150597 -0.00362908 0)
(-0.157414 -0.00320191 0)
(-0.163387 -0.00278826 0)
(-0.168549 -0.00239019 0)
(-0.172931 -0.00200811 0)
(-0.176566 -0.00164114 0)
(-0.179482 -0.00128743 0)
(-0.181704 -0.00094439 0)
(-0.183252 -0.000608911 0)
(-0.184136 -0.000277519 0)
(-0.184361 5.34932e-05 0)
(-0.183925 0.000387944 0)
(-0.182816 0.000729644 0)
(-0.181016 0.00108226 0)
(-0.178501 0.00144915 0)
(-0.175237 0.00183319 0)
(-0.171187 0.00223651 0)
(-0.166311 0.00266017 0)
(-0.160568 0.0031038 0)
(-0.153917 0.0035651 0)
(-0.146327 0.00403931 0)
(-0.137776 0.00451861 0)
(-0.128263 0.0049915 0)
(-0.117814 0.00544224 0)
(-0.10649 0.00585046 0)
(-0.0943973 0.00619099 0)
(-0.0816995 0.00643414 0)
(-0.0686229 0.00654647 0)
(-0.0554646 0.00649217 0)
(-0.0425962 0.00623509 0)
(-0.0304633 0.00574125 0)
(-0.0195676 0.0049818 0)
(-0.010437 0.00393576 0)
(-0.00375273 0.00259239 0)
(-0.00056292 0.000955006 0)
(-0.000558753 0.000942079 0)
(-0.00369522 0.00254286 0)
(-0.0102372 0.00384489 0)
(-0.0191403 0.00485059 0)
(-0.0297318 0.00557568 0)
(-0.0415001 0.00604495 0)
(-0.0539661 0.0062896 0)
(-0.0667105 0.00634437 0)
(-0.0793878 0.00624485 0)
(-0.0917245 0.00602519 0)
(-0.103513 0.00571651 0)
(-0.114605 0.00534588 0)
(-0.124903 0.00493584 0)
(-0.134347 0.00450443 0)
(-0.142913 0.00406545 0)
(-0.150597 0.00362895 0)
(-0.157414 0.00320177 0)
(-0.163387 0.00278811 0)
(-0.168549 0.00239004 0)
(-0.172931 0.00200797 0)
(-0.176566 0.001641 0)
(-0.179482 0.00128729 0)
(-0.181704 0.000944257 0)
(-0.183252 0.000608782 0)
(-0.184136 0.000277393 0)
(-0.184361 -5.36182e-05 0)
(-0.183925 -0.00038807 0)
(-0.182816 -0.00072977 0)
(-0.181016 -0.00108238 0)
(-0.178501 -0.00144928 0)
(-0.175237 -0.00183332 0)
(-0.171187 -0.00223663 0)
(-0.166311 -0.00266029 0)
(-0.160568 -0.00310392 0)
(-0.153917 -0.0035652 0)
(-0.146327 -0.0040394 0)
(-0.137776 -0.00451868 0)
(-0.128263 -0.00499154 0)
(-0.117814 -0.00544225 0)
(-0.10649 -0.00585043 0)
(-0.0943973 -0.00619091 0)
(-0.0816995 -0.006434 0)
(-0.0686229 -0.00654629 0)
(-0.0554646 -0.00649195 0)
(-0.0425962 -0.00623484 0)
(-0.0304633 -0.00574099 0)
(-0.0195676 -0.00498155 0)
(-0.0104369 -0.00393555 0)
(-0.00375273 -0.00259223 0)
(-0.000562919 -0.000954924 0)
(-0.00056647 0.00283891 0)
(-0.00374554 0.00766215 0)
(-0.0103738 0.0115834 0)
(-0.0193884 0.0146096 0)
(-0.0301028 0.0167882 0)
(-0.0419949 0.0181943 0)
(-0.0545765 0.0189227 0)
(-0.0674217 0.0190787 0)
(-0.0801808 0.0187703 0)
(-0.0925783 0.0181011 0)
(-0.104407 0.017165 0)
(-0.11552 0.0160441 0)
(-0.12582 0.0148062 0)
(-0.135254 0.0135057 0)
(-0.143798 0.0121841 0)
(-0.151453 0.0108714 0)
(-0.158235 0.00958816 0)
(-0.164172 0.00834668 0)
(-0.169298 0.00715303 0)
(-0.173646 0.00600826 0)
(-0.177251 0.00490955 0)
(-0.180142 0.00385117 0)
(-0.182346 0.00282524 0)
(-0.183881 0.00182232 0)
(-0.18476 0.000831861 0)
(-0.184988 -0.000157357 0)
(-0.184562 -0.00115689 0)
(-0.183472 -0.00217828 0)
(-0.181698 -0.00323264 0)
(-0.179214 -0.00433022 0)
(-0.175989 -0.00547979 0)
(-0.171982 -0.00668794 0)
(-0.167152 -0.00795808 0)
(-0.161454 -0.00928933 0)
(-0.154848 -0.010675 0)
(-0.147297 -0.0121011 0)
(-0.138777 -0.0135444 0)
(-0.129282 -0.0149703 0)
(-0.118834 -0.0163316 0)
(-0.107491 -0.017567 0)
(-0.0953568 -0.0186004 0)
(-0.0825921 -0.019342 0)
(-0.0694239 -0.0196906 0)
(-0.0561516 -0.0195373 0)
(-0.043152 -0.0187724 0)
(-0.0308786 -0.0172926 0)
(-0.019844 -0.0150102 0)
(-0.0105883 -0.0118615 0)
(-0.00380802 -0.00781417 0)
(-0.000571253 -0.00287876 0)
(-0.000582342 0.0047745 0)
(-0.00384868 0.012884 0)
(-0.0106532 0.0194707 0)
(-0.0198947 0.0245446 0)
(-0.0308587 0.0281862 0)
(-0.043001 0.0305236 0)
(-0.0558152 0.0317182 0)
(-0.0688619 0.0319499 0)
(-0.0817831 0.0314026 0)
(-0.0942998 0.0302521 0)
(-0.106205 0.0286584 0)
(-0.117355 0.0267595 0)
(-0.127658 0.0246704 0)
(-0.137066 0.022482 0)
(-0.145563 0.0202639 0)
(-0.153156 0.0180658 0)
(-0.159867 0.0159213 0)
(-0.165729 0.0138507 0)
(-0.17078 0.0118634 0)
(-0.175059 0.00996044 0)
(-0.178602 0.00813667 0)
(-0.181443 0.00638202 0)
(-0.183608 0.00468289 0)
(-0.185118 0.00302314 0)
(-0.185987 0.00138485 0)
(-0.186221 -0.000251014 0)
(-0.185817 -0.00190406 0)
(-0.184763 -0.00359388 0)
(-0.18304 -0.00533942 0)
(-0.180622 -0.00715821 0)
(-0.177474 -0.00906547 0)
(-0.173554 -0.0110728 0)
(-0.168817 -0.0131867 0)
(-0.163215 -0.0154064 0)
(-0.156701 -0.0177217 0)
(-0.149232 -0.02011 0)
(-0.140777 -0.022533 0)
(-0.131323 -0.0249338 0)
(-0.120883 -0.0272333 0)
(-0.109507 -0.0293285 0)
(-0.0972928 -0.031091 0)
(-0.0843976 -0.0323687 0)
(-0.0710478 -0.032989 0)
(-0.0575476 -0.0327668 0)
(-0.0442838 -0.0315141 0)
(-0.0317264 -0.0290543 0)
(-0.0204094 -0.0252371 0)
(-0.0108986 -0.0199539 0)
(-0.0039216 -0.0131499 0)
(-0.000588445 -0.00484507 0)
(-0.000607272 0.00677686 0)
(-0.00400972 0.0182821 0)
(-0.0110881 0.0276123 0)
(-0.0206802 0.0347794 0)
(-0.0320274 0.0398988 0)
(-0.0445512 0.0431559 0)
(-0.0577171 0.0447854 0)
(-0.0710652 0.0450478 0)
(-0.0842255 0.0442094 0)
(-0.0969144 0.0425237 0)
(-0.108926 0.0402205 0)
(-0.120122 0.0374974 0)
(-0.130419 0.0345179 0)
(-0.139779 0.0314107 0)
(-0.148196 0.0282731 0)
(-0.155687 0.0251746 0)
(-0.162284 0.0221612 0)
(-0.168028 0.01926 0)
(-0.172962 0.0164827 0)
(-0.177133 0.0138298 0)
(-0.18058 0.0112927 0)
(-0.183341 0.00885621 0)
(-0.185446 0.00650043 0)
(-0.186918 0.00420193 0)
(-0.187771 0.00193489 0)
(-0.188013 -0.00032802 0)
(-0.18764 -0.00261494 0)
(-0.186642 -0.00495402 0)
(-0.184998 -0.00737262 0)
(-0.18268 -0.0098963 0)
(-0.179651 -0.0125475 0)
(-0.175866 -0.0153438 0)
(-0.171274 -0.0182959 0)
(-0.165821 -0.0214045 0)
(-0.159453 -0.0246572 0)
(-0.152117 -0.0280239 0)
(-0.143771 -0.0314526 0)
(-0.13439 -0.0348641 0)
(-0.123973 -0.0381478 0)
(-0.11256 -0.0411576 0)
(-0.100236 -0.0437108 0)
(-0.0871538 -0.0455887 0)
(-0.0735368 -0.0465428 0)
(-0.0596957 -0.0463044 0)
(-0.0460321 -0.0446002 0)
(-0.0330408 -0.0411727 0)
(-0.0212893 -0.0358025 0)
(-0.0113831 -0.0283316 0)
(-0.00409968 -0.0186816 0)
(-0.000615582 -0.0068848 0)
(-0.000642693 0.00887741 0)
(-0.00423665 0.0239376 0)
(-0.0116977 0.0361237 0)
(-0.0217764 0.0454471 0)
(-0.0336508 0.052062 0)
(-0.0466941 0.0562188 0)
(-0.0603329 0.058234 0)
(-0.07408 0.0584596 0)
(-0.0875501 0.0572528 0)
(-0.100455 0.0549532 0)
(-0.112591 0.051866 0)
(-0.123829 0.0482529 0)
(-0.134099 0.044328 0)
(-0.143376 0.040259 0)
(-0.151669 0.0361712 0)
(-0.159009 0.0321528 0)
(-0.165439 0.0282611 0)
(-0.171012 0.0245285 0)
(-0.175782 0.0209681 0)
(-0.1798 0.0175779 0)
(-0.183114 0.0143449 0)
(-0.185764 0.0112478 0)
(-0.187785 0.00825933 0)
(-0.189202 0.00534812 0)
(-0.190033 0.00247974 0)
(-0.190284 -0.000382088 0)
(-0.189953 -0.00327464 0)
(-0.18903 -0.00623531 0)
(-0.187494 -0.00930066 0)
(-0.185312 -0.0125052 0)
(-0.182447 -0.0158796 0)
(-0.178848 -0.0194491 0)
(-0.174459 -0.0232299 0)
(-0.169218 -0.0272261 0)
(-0.163059 -0.0314249 0)
(-0.155918 -0.0357908 0)
(-0.147737 -0.0402595 0)
(-0.138475 -0.044731 0)
(-0.128114 -0.049063 0)
(-0.116674 -0.0530654 0)
(-0.104227 -0.0564976 0)
(-0.0909119 -0.0590698 0)
(-0.0769501 -0.0604494 0)
(-0.0626581 -0.0602747 0)
(-0.0484565 -0.0581761 0)
(-0.0348732 -0.0538034 0)
(-0.0225223 -0.0468582 0)
(-0.0120654 -0.0371256 0)
(-0.00435186 -0.0245009 0)
(-0.000654389 -0.00903301 0)
(-0.000690662 0.0111125 0)
(-0.0045406 0.0299434 0)
(-0.0125089 0.0451344 0)
(-0.0232262 0.0566941 0)
(-0.0357845 0.0648219 0)
(-0.0494924 0.069844 0)
(-0.0637259 0.0721732 0)
(-0.0779638 0.0722663 0)
(-0.0918032 0.0705849 0)
(-0.104952 0.0675647 0)
(-0.117213 0.0635948 0)
(-0.128471 0.0590055 0)
(-0.138673 0.0540648 0)
(-0.147815 0.0489804 0)
(-0.155924 0.0439048 0)
(-0.163048 0.0389439 0)
(-0.169248 0.0341644 0)
(-0.17459 0.0296023 0)
(-0.179138 0.0252698 0)
(-0.182952 0.0211608 0)
(-0.186089 0.0172563 0)
(-0.188593 0.0135274 0)
(-0.190503 0.0099386 0)
(-0.191848 0.00644939 0)
(-0.192646 0.00301602 0)
(-0.192907 -0.000407439 0)
(-0.192629 -0.00386813 0)
(-0.191801 -0.00741346 0)
(-0.190401 -0.0110901 0)
(-0.188396 -0.0149425 0)
(-0.185743 -0.0190114 0)
(-0.182387 -0.0233308 0)
(-0.178267 -0.0279249 0)
(-0.173308 -0.0328034 0)
(-0.167435 -0.0379558 0)
(-0.160566 -0.0433439 0)
(-0.152626 -0.0488938 0)
(-0.14355 -0.0544863 0)
(-0.133298 -0.0599483 0)
(-0.121865 -0.0650446 0)
(-0.109301 -0.0694734 0)
(-0.0957273 -0.0728669 0)
(-0.0813572 -0.0747988 0)
(-0.0665116 -0.0748014 0)
(-0.0516332 -0.0723929 0)
(-0.0372911 -0.067114 0)
(-0.0241603 -0.0585721 0)
(-0.0129779 -0.0464838 0)
(-0.00469159 -0.0307133 0)
(-0.000707336 -0.0113307 0)
(-0.000753977 0.0135253 0)
(-0.00493628 0.0364073 0)
(-0.013556 0.0547913 0)
(-0.0250835 0.0686822 0)
(-0.0384962 0.0783344 0)
(-0.0530195 0.0841667 0)
(-0.0679661 0.0867076 0)
(-0.0827748 0.0865381 0)
(-0.0970243 0.0842413 0)
(-0.110421 0.0803628 0)
(-0.122782 0.075385 0)
(-0.134011 0.069713 0)
(-0.144081 0.0636716 0)
(-0.153011 0.0575086 0)
(-0.160854 0.0514032 0)
(-0.167681 0.0454765 0)
(-0.173572 0.0398022 0)
(-0.178608 0.0344171 0)
(-0.182867 0.0293298 0)
(-0.18642 0.0245281 0)
(-0.189329 0.0199847 0)
(-0.191646 0.0156619 0)
(-0.193415 0.0115142 0)
(-0.194667 0.00749115 0)
(-0.195422 0.00353883 0)
(-0.195692 -0.000399138 0)
(-0.195476 -0.00438046 0)
(-0.194763 -0.00846338 0)
(-0.19353 -0.0127056 0)
(-0.191742 -0.017163 0)
(-0.189353 -0.0218874 0)
(-0.186305 -0.0269241 0)
(-0.182526 -0.0323076 0)
(-0.177934 -0.0380564 0)
(-0.172437 -0.0441656 0)
(-0.165937 -0.050598 0)
(-0.158334 -0.0572736 0)
(-0.149539 -0.0640574 0)
(-0.139479 -0.070747 0)
(-0.128118 -0.0770618 0)
(-0.115475 -0.0826355 0)
(-0.101645 -0.0870146 0)
(-0.0868266 -0.0896671 0)
(-0.0713401 -0.0900022 0)
(-0.0556506 -0.0874051 0)
(-0.0403764 -0.0812846 0)
(-0.0262682 -0.071131 0)
(-0.014162 -0.0565757 0)
(-0.00513651 -0.0374425 0)
(-0.000777769 -0.0138272 0)
(-0.000836316 0.0161678 0)
(-0.00544241 0.0434561 0)
(-0.0148818 0.0652632 0)
(-0.0274127 0.081591 0)
(-0.0418634 0.092765 0)
(-0.0573539 0.0993211 0)
(-0.0731209 0.101931 0)
(-0.0885584 0.101325 0)
(-0.103229 0.0982319 0)
(-0.116845 0.0933225 0)
(-0.129244 0.087184 0)
(-0.140359 0.0803029 0)
(-0.150196 0.0730631 0)
(-0.158808 0.0657523 0)
(-0.166278 0.0585739 0)
(-0.172704 0.0516608 0)
(-0.178188 0.0450903 0)
(-0.18283 0.0388962 0)
(-0.186721 0.0330804 0)
(-0.189944 0.0276215 0)
(-0.192569 0.0224821 0)
(-0.194654 0.0176132 0)
(-0.196246 0.0129584 0)
(-0.19738 0.00845609 0)
(-0.198079 0.00404125 0)
(-0.198355 -0.00035355 0)
(-0.198209 -0.00479727 0)
(-0.19763 -0.00935967 0)
(-0.196595 -0.0141105 0)
(-0.195068 -0.019118 0)
(-0.193 -0.0244473 0)
(-0.190328 -0.0301569 0)
(-0.186974 -0.0362946 0)
(-0.182843 -0.0428911 0)
(-0.17783 -0.0499516 0)
(-0.171816 -0.0574448 0)
(-0.164676 -0.0652897 0)
(-0.156287 -0.0733398 0)
(-0.146541 -0.0813672 0)
(-0.135359 -0.089047 0)
(-0.122719 -0.0959454 0)
(-0.108679 -0.101516 0)
(-0.0934082 -0.105106 0)
(-0.0772208 -0.105981 0)
(-0.0606007 -0.103366 0)
(-0.0442204 -0.0965059 0)
(-0.0289226 -0.0847431 0)
(-0.0156682 -0.0675966 0)
(-0.00570883 -0.0448348 0)
(-0.000870062 -0.0165821 0)
(-0.000942426 0.0191031 0)
(-0.00608207 0.0512395 0)
(-0.0165367 0.0767429 0)
(-0.0302864 0.0956169 0)
(-0.0459671 0.108284 0)
(-0.0625687 0.115432 0)
(-0.0792393 0.117914 0)
(-0.0953265 0.116647 0)
(-0.110383 0.112528 0)
(-0.124138 0.106377 0)
(-0.136462 0.0988972 0)
(-0.14733 0.0906631 0)
(-0.156791 0.0821185 0)
(-0.164941 0.0735888 0)
(-0.171898 0.0652975 0)
(-0.177793 0.0573851 0)
(-0.182752 0.0499267 0)
(-0.186895 0.042949 0)
(-0.190327 0.0364429 0)
(-0.193143 0.0303747 0)
(-0.195419 0.0246938 0)
(-0.197221 0.0193385 0)
(-0.198597 0.0142397 0)
(-0.199586 0.00932382 0)
(-0.200212 0.00451395 0)
(-0.20049 -0.000268913 0)
(-0.20042 -0.00510541 0)
(-0.199993 -0.0100774 0)
(-0.199186 -0.0152673 0)
(-0.197964 -0.0207572 0)
(-0.196274 -0.0266266 0)
(-0.194052 -0.03295 0)
(-0.191211 -0.0397915 0)
(-0.18765 -0.0471983 0)
(-0.183246 -0.0551909 0)
(-0.17786 -0.0637498 0)
(-0.171338 -0.0727997 0)
(-0.163522 -0.0821898 0)
(-0.154258 -0.0916722 0)
(-0.143417 -0.100881 0)
(-0.130921 -0.109314 0)
(-0.116775 -0.116325 0)
(-0.101106 -0.121126 0)
(-0.0842039 -0.122813 0)
(-0.0665647 -0.120416 0)
(-0.0489162 -0.112974 0)
(-0.0322077 -0.099636 0)
(-0.0175557 -0.0797702 0)
(-0.00643564 -0.0530636 0)
(-0.000989796 -0.0196684 0)
(-0.00107836 0.022408 0)
(-0.0068833 0.0599339 0)
(-0.0185788 0.0894486 0)
(-0.0337823 0.11097 0)
(-0.050884 0.125057 0)
(-0.0687161 0.132602 0)
(-0.0863285 0.13469 0)
(-0.103027 0.132469 0)
(-0.118366 0.127042 0)
(-0.13211 0.119399 0)
(-0.144178 0.110373 0)
(-0.154604 0.10063 0)
(-0.163493 0.0906712 0)
(-0.17099 0.0808568 0)
(-0.177259 0.0714237 0)
(-0.182462 0.0625125 0)
(-0.186756 0.0541901 0)
(-0.190277 0.0464699 0)
(-0.193148 0.0393273 0)
(-0.195469 0.0327125 0)
(-0.197327 0.0265589 0)
(-0.198788 0.02079 0)
(-0.199905 0.0153228 0)
(-0.200718 0.0100707 0)
(-0.201252 0.00494473 0)
(-0.201522 -0.000146007 0)
(-0.201532 -0.00529398 0)
(-0.201273 -0.0105934 0)
(-0.200722 -0.0161397 0)
(-0.199846 -0.0220295 0)
(-0.198593 -0.0283586 0)
(-0.196895 -0.0352191 0)
(-0.194664 -0.0426951 0)
(-0.19179 -0.0508547 0)
(-0.188136 -0.0597395 0)
(-0.183544 -0.0693495 0)
(-0.177831 -0.0796238 0)
(-0.170798 -0.0904164 0)
(-0.162241 -0.101469 0)
(-0.15197 -0.112381 0)
(-0.139836 -0.122585 0)
(-0.125771 -0.13133 0)
(-0.109838 -0.137677 0)
(-0.0922825 -0.140525 0)
(-0.0735926 -0.138665 0)
(-0.054546 -0.130876 0)
(-0.0362104 -0.116051 0)
(-0.0198905 -0.0933492 0)
(-0.0073491 -0.0623333 0)
(-0.00114399 -0.0231749 0)
(-0.00125188 0.0261759 0)
(-0.00787976 0.0697461 0)
(-0.0210732 0.103623 0)
(-0.0379772 0.127865 0)
(-0.056672 0.143228 0)
(-0.0758041 0.150886 0)
(-0.0943214 0.152225 0)
(-0.1115 0.148682 0)
(-0.126921 0.141608 0)
(-0.140407 0.132185 0)
(-0.151951 0.121388 0)
(-0.161663 0.109974 0)
(-0.169717 0.0985007 0)
(-0.17632 0.0873513 0)
(-0.181683 0.0767671 0)
(-0.186006 0.0668796 0)
(-0.18947 0.0577391 0)
(-0.192233 0.0493389 0)
(-0.194426 0.0416334 0)
(-0.19616 0.0345525 0)
(-0.197523 0.0280111 0)
(-0.198583 0.0219158 0)
(-0.199395 0.0161687 0)
(-0.199998 0.01067 0)
(-0.200418 0.00531831 0)
(-0.20067 1.11771e-05 0)
(-0.200759 -0.0053554 0)
(-0.200678 -0.0108876 0)
(-0.200407 -0.0166941 0)
(-0.199915 -0.0228862 0)
(-0.199153 -0.0295766 0)
(-0.198054 -0.0368776 0)
(-0.19653 -0.0448957 0)
(-0.194466 -0.0537249 0)
(-0.191716 -0.0634343 0)
(-0.188106 -0.0740519 0)
(-0.183424 -0.0855417 0)
(-0.177432 -0.097775 0)
(-0.169871 -0.110496 0)
(-0.160478 -0.123282 0)
(-0.14902 -0.135509 0)
(-0.135334 -0.14632 0)
(-0.119388 -0.154614 0)
(-0.10135 -0.159061 0)
(-0.0816715 -0.158164 0)
(-0.0611625 -0.150371 0)
(-0.0410112 -0.134233 0)
(-0.0227439 -0.108612 0)
(-0.00848694 -0.072882 0)
(-0.00134148 -0.0272095 0)
(-0.00147317 0.0305206 0)
(-0.0091124 0.0809158 0)
(-0.0240911 0.119528 0)
(-0.0429399 0.146503 0)
(-0.0633519 0.162895 0)
(-0.083764 0.17026 0)
(-0.10303 0.170384 0)
(-0.120425 0.165064 0)
(-0.135592 0.155944 0)
(-0.148447 0.144423 0)
(-0.159087 0.131623 0)
(-0.16772 0.11839 0)
(-0.174606 0.105324 0)
(-0.180017 0.0928185 0)
(-0.184216 0.081106 0)
(-0.187439 0.0702966 0)
(-0.189892 0.0604141 0)
(-0.191745 0.0514235 0)
(-0.193139 0.0432526 0)
(-0.194187 0.0358071 0)
(-0.194976 0.0289805 0)
(-0.195575 0.0226614 0)
(-0.196035 0.0167365 0)
(-0.196392 0.0110925 0)
(-0.196673 0.00561637 0)
(-0.196893 0.000194871 0)
(-0.197056 -0.00528662 0)
(-0.197159 -0.0109454 0)
(-0.197185 -0.0169025 0)
(-0.197107 -0.0232836 0)
(-0.196883 -0.0302188 0)
(-0.196451 -0.0378412 0)
(-0.195726 -0.0462827 0)
(-0.194595 -0.0556668 0)
(-0.192909 -0.0660972 0)
(-0.190483 -0.0776388 0)
(-0.187083 -0.0902932 0)
(-0.182436 -0.103964 0)
(-0.176224 -0.118416 0)
(-0.16811 -0.133224 0)
(-0.157759 -0.147722 0)
(-0.144887 -0.160957 0)
(-0.129332 -0.171658 0)
(-0.111142 -0.178241 0)
(-0.0906844 -0.178864 0)
(-0.0687625 -0.171552 0)
(-0.0466726 -0.154403 0)
(-0.0261895 -0.125855 0)
(-0.00989346 -0.0849831 0)
(-0.00159359 -0.0319024 0)
(-0.0017563 0.0355815 0)
(-0.0106327 0.0937187 0)
(-0.0277101 0.137433 0)
(-0.0487197 0.16705 0)
(-0.0708796 0.184064 0)
(-0.0924047 0.190571 0)
(-0.112084 0.188881 0)
(-0.129243 0.181236 0)
(-0.143641 0.169621 0)
(-0.155334 0.155672 0)
(-0.16456 0.140653 0)
(-0.171646 0.125485 0)
(-0.17695 0.110791 0)
(-0.180816 0.0969559 0)
(-0.183557 0.0841848 0)
(-0.185439 0.0725517 0)
(-0.186685 0.0620418 0)
(-0.187474 0.052584 0)
(-0.187946 0.0440734 0)
(-0.188212 0.0363878 0)
(-0.188353 0.0293978 0)
(-0.188432 0.0229731 0)
(-0.188494 0.016985 0)
(-0.188572 0.0113079 0)
(-0.188689 0.00581816 0)
(-0.188858 0.000393306 0)
(-0.189086 -0.00509026 0)
(-0.18937 -0.0107592 0)
(-0.189701 -0.0167455 0)
(-0.190057 -0.0231878 0)
(-0.190405 -0.0302328 0)
(-0.190694 -0.0380345 0)
(-0.190847 -0.0467514 0)
(-0.190762 -0.05654 0)
(-0.190295 -0.0675439 0)
(-0.18926 -0.0798745 0)
(-0.187411 -0.0935843 0)
(-0.184448 -0.108628 0)
(-0.180003 -0.124814 0)
(-0.173662 -0.141738 0)
(-0.164977 -0.158722 0)
(-0.153522 -0.174737 0)
(-0.138963 -0.188351 0)
(-0.121168 -0.197705 0)
(-0.100354 -0.200555 0)
(-0.0772512 -0.1944 0)
(-0.0532227 -0.176728 0)
(-0.0303013 -0.145375 0)
(-0.0116224 -0.098946 0)
(-0.0019157 -0.0374115 0)
(-0.0021223 0.0415314 0)
(-0.0125096 0.108469 0)
(-0.0320164 0.1576 0)
(-0.0553326 0.189583 0)
(-0.0791078 0.20659 0)
(-0.10135 0.211468 0)
(-0.120851 0.207212 0)
(-0.137068 0.196607 0)
(-0.149954 0.182021 0)
(-0.159766 0.165329 0)
(-0.16692 0.147924 0)
(-0.171886 0.130771 0)
(-0.175124 0.114486 0)
(-0.177048 0.0994185 0)
(-0.178011 0.0857231 0)
(-0.178301 0.0734204 0)
(-0.178146 0.0624454 0)
(-0.177721 0.0526822 0)
(-0.177159 0.0439885 0)
(-0.176556 0.036212 0)
(-0.175984 0.0291992 0)
(-0.175494 0.0228015 0)
(-0.175121 0.0168763 0)
(-0.17489 0.011287 0)
(-0.174819 0.00590173 0)
(-0.174918 0.00059098 0)
(-0.175195 -0.00477535 0)
(-0.175651 -0.0103308 0)
(-0.176282 -0.0162156 0)
(-0.177077 -0.0225793 0)
(-0.178014 -0.0295827 0)
(-0.179055 -0.0373993 0)
(-0.180144 -0.0462139 0)
(-0.181195 -0.0562174 0)
(-0.182083 -0.0675973 0)
(-0.182631 -0.0805194 0)
(-0.182602 -0.0951004 0)
(-0.181681 -0.111366 0)
(-0.179467 -0.129194 0)
(-0.175477 -0.14824 0)
(-0.169152 -0.167849 0)
(-0.159903 -0.186957 0)
(-0.147184 -0.203998 0)
(-0.130616 -0.216841 0)
(-0.110168 -0.222789 0)
(-0.0863936 -0.2187 0)
(-0.0606337 -0.201261 0)
(-0.035153 -0.167442 0)
(-0.0137435 -0.115115 0)
(-0.00233029 -0.0439293 0)
(-0.00260542 0.0485917 0)
(-0.0148433 0.125525 0)
(-0.0371095 0.180246 0)
(-0.0627372 0.214031 0)
(-0.0877267 0.230086 0)
(-0.10995 0.23231 0)
(-0.128324 0.224579 0)
(-0.142567 0.210316 0)
(-0.152928 0.192298 0)
(-0.159933 0.17262 0)
(-0.164213 0.152758 0)
(-0.166392 0.133676 0)
(-0.167028 0.115943 0)
(-0.166592 0.0998355 0)
(-0.165459 0.0854321 0)
(-0.16392 0.0726823 0)
(-0.16219 0.0614588 0)
(-0.160427 0.0515944 0)
(-0.158741 0.0429066 0)
(-0.157207 0.035212 0)
(-0.155877 0.0283344 0)
(-0.154784 0.0221085 0)
(-0.15395 0.0163802 0)
(-0.153389 0.0110052 0)
(-0.15311 0.00584611 0)
(-0.153121 0.000769605 0)
(-0.153429 -0.00435762 0)
(-0.154038 -0.00967265 0)
(-0.154952 -0.0153203 0)
(-0.15617 -0.0214573 0)
(-0.157687 -0.0282552 0)
(-0.159486 -0.0359038 0)
(-0.161534 -0.044611 0)
(-0.163774 -0.054601 0)
(-0.166111 -0.0661062 0)
(-0.1684 -0.0793521 0)
(-0.170429 -0.0945301 0)
(-0.171895 -0.111756 0)
(-0.172392 -0.131007 0)
(-0.171388 -0.15204 0)
(-0.168231 -0.174279 0)
(-0.162167 -0.196685 0)
(-0.152403 -0.217617 0)
(-0.138239 -0.234703 0)
(-0.11928 -0.244779 0)
(-0.0957434 -0.243946 0)
(-0.0687899 -0.227856 0)
(-0.0408175 -0.192258 0)
(-0.0163551 -0.133866 0)
(-0.00287361 -0.0516976 0)
(-0.00326603 0.0570601 0)
(-0.0177898 0.145289 0)
(-0.0431058 0.205488 0)
(-0.0707914 0.240059 0)
(-0.0961689 0.253794 0)
(-0.117145 0.252048 0)
(-0.132976 0.239795 0)
(-0.143821 0.221176 0)
(-0.150348 0.199357 0)
(-0.153422 0.176591 0)
(-0.153909 0.154364 0)
(-0.152581 0.133572 0)
(-0.150074 0.114675 0)
(-0.146881 0.0978417 0)
(-0.143373 0.0830452 0)
(-0.139813 0.0701472 0)
(-0.136384 0.0589495 0)
(-0.133204 0.0492305 0)
(-0.130347 0.0407673 0)
(-0.127857 0.0333477 0)
(-0.125755 0.0267759 0)
(-0.124053 0.020874 0)
(-0.122752 0.0154804 0)
(-0.121853 0.0104467 0)
(-0.121356 0.00563429 0)
(-0.121264 0.000909899 0)
(-0.121581 -0.00385898 0)
(-0.122316 -0.0088087 0)
(-0.123479 -0.0140844 0)
(-0.125085 -0.0198449 0)
(-0.127145 -0.0262675 0)
(-0.129668 -0.0335525 0)
(-0.132653 -0.041926 0)
(-0.13608 -0.0516403 0)
(-0.139901 -0.0629697 0)
(-0.14402 -0.0761992 0)
(-0.148278 -0.091601 0)
(-0.152419 -0.109396 0)
(-0.156066 -0.129689 0)
(-0.158688 -0.152384 0)
(-0.159573 -0.177049 0)
(-0.157825 -0.202758 0)
(-0.1524 -0.227893 0)
(-0.142213 -0.249931 0)
(-0.126367 -0.265273 0)
(-0.104534 -0.269191 0)
(-0.0774299 -0.256042 0)
(-0.0473646 -0.219877 0)
(-0.0196086 -0.155606 0)
(-0.00360894 -0.0610349 0)
(-0.004216 0.0673647 0)
(-0.0216027 0.168215 0)
(-0.0501309 0.233242 0)
(-0.0791581 0.266901 0)
(-0.103439 0.276405 0)
(-0.121261 0.269077 0)
(-0.132552 0.2512 0)
(-0.138144 0.227639 0)
(-0.139254 0.20186 0)
(-0.13713 0.176151 0)
(-0.132865 0.151896 0)
(-0.127338 0.129825 0)
(-0.121209 0.110232 0)
(-0.114951 0.0931275 0)
(-0.108881 0.0783598 0)
(-0.103203 0.0656904 0)
(-0.098033 0.0548475 0)
(-0.0934327 0.0455567 0)
(-0.0894239 0.0375594 0)
(-0.0860056 0.0306205 0)
(-0.0831642 0.0245308 0)
(-0.0808804 0.0191054 0)
(-0.079135 0.0141807 0)
(-0.0779117 0.00960971 0)
(-0.0771993 0.00525704 0)
(-0.0769938 0.00099413 0)
(-0.0772983 -0.00330613 0)
(-0.0781241 -0.00777461 0)
(-0.0794906 -0.0125515 0)
(-0.0814242 -0.0177921 0)
(-0.0839579 -0.0236727 0)
(-0.0871277 -0.0303967 0)
(-0.0909695 -0.0381998 0)
(-0.0955113 -0.0473535 0)
(-0.100763 -0.0581655 0)
(-0.106701 -0.0709733 0)
(-0.113245 -0.0861277 0)
(-0.120227 -0.10396 0)
(-0.127353 -0.124726 0)
(-0.134151 -0.148514 0)
(-0.139921 -0.175114 0)
(-0.14369 -0.203821 0)
(-0.144196 -0.233181 0)
(-0.139948 -0.260682 0)
(-0.129425 -0.282423 0)
(-0.111493 -0.292859 0)
(-0.0860342 -0.284827 0)
(-0.0548396 -0.250083 0)
(-0.0237469 -0.180759 0)
(-0.00465277 -0.0723893 0)
(-0.005667 0.0801665 0)
(-0.0266921 0.194776 0)
(-0.0582589 0.263021 0)
(-0.0870923 0.293082 0)
(-0.107802 0.295814 0)
(-0.119674 0.281082 0)
(-0.123773 0.256593 0)
(-0.121867 0.227811 0)
(-0.115812 0.198295 0)
(-0.107219 0.170167 0)
(-0.0973407 0.144549 0)
(-0.0870751 0.121901 0)
(-0.0770261 0.10228 0)
(-0.0675699 0.0855091 0)
(-0.0589172 0.0712947 0)
(-0.0511662 0.0592982 0)
(-0.0443414 0.0491799 0)
(-0.0384234 0.0406224 0)
(-0.0333682 0.0333416 0)
(-0.0291218 0.0270893 0)
(-0.0256287 0.021652 0)
(-0.0228374 0.016846 0)
(-0.0207043 0.0125126 0)
(-0.0191954 0.00851178 0)
(-0.0182876 0.00471699 0)
(-0.0179696 0.00100921 0)
(-0.0182425 -0.00272848 0)
(-0.0191197 -0.0066165 0)
(-0.0206279 -0.0107846 0)
(-0.0228069 -0.0153781 0)
(-0.0257093 -0.0205647 0)
(-0.0294002 -0.0265418 0)
(-0.0339546 -0.0335434 0)
(-0.0394532 -0.0418474 0)
(-0.0459748 -0.0517801 0)
(-0.0535829 -0.0637162 0)
(-0.0623052 -0.0780716 0)
(-0.0721019 -0.0952806 0)
(-0.0828194 -0.115753 0)
(-0.094128 -0.139795 0)
(-0.105441 -0.167477 0)
(-0.115824 -0.198434 0)
(-0.123908 -0.231566 0)
(-0.127855 -0.264617 0)
(-0.12546 -0.293654 0)
(-0.114527 -0.312508 0)
(-0.0935863 -0.312402 0)
(-0.0631796 -0.282154 0)
(-0.0291566 -0.209714 0)
(-0.0062235 -0.08644 0)
(-0.00801268 0.0965388 0)
(-0.0336787 0.225362 0)
(-0.0672914 0.293545 0)
(-0.092962 0.315987 0)
(-0.1062 0.308812 0)
(-0.108271 0.284908 0)
(-0.101936 0.253267 0)
(-0.0900915 0.219587 0)
(-0.0752061 0.187154 0)
(-0.0591248 0.157644 0)
(-0.0430968 0.13173 0)
(-0.0278957 0.1095 0)
(-0.0139491 0.0907223 0)
(-0.00144876 0.0750182 0)
(0.00956383 0.0619579 0)
(0.0191366 0.0511175 0)
(0.0273649 0.0421079 0)
(0.0343641 0.0345867 0)
(0.0402526 0.028261 0)
(0.045142 0.0228838 0)
(0.0491312 0.0182488 0)
(0.0523041 0.0141831 0)
(0.0547279 0.0105404 0)
(0.0564536 0.00719436 0)
(0.0575157 0.00403239 0)
(0.0579323 0.000949815 0)
(0.0577051 -0.00215557 0)
(0.0568189 -0.00538899 0)
(0.0552414 -0.00886449 0)
(0.0529216 -0.0127111 0)
(0.0497889 -0.0170801 0)
(0.0457521 -0.0221524 0)
(0.0406987 -0.0281479 0)
(0.0344956 -0.0353345 0)
(0.0269924 -0.0440367 0)
(0.0180292 -0.0546428 0)
(0.00745217 -0.0676066 0)
(-0.00486078 -0.0834402 0)
(-0.0189547 -0.102688 0)
(-0.0347294 -0.12587 0)
(-0.051841 -0.15338 0)
(-0.0695646 -0.185292 0)
(-0.0866275 -0.221056 0)
(-0.10104 -0.259 0)
(-0.110016 -0.295609 0)
(-0.110156 -0.324562 0)
(-0.0980674 -0.335703 0)
(-0.0719501 -0.314428 0)
(-0.036402 -0.242683 0)
(-0.00872142 -0.10427 0)
(-0.0119205 0.118216 0)
(-0.0433005 0.259904 0)
(-0.0760871 0.322012 0)
(-0.0932091 0.331252 0)
(-0.0932054 0.310809 0)
(-0.080628 0.276599 0)
(-0.0603848 0.238246 0)
(-0.0364464 0.200976 0)
(-0.0116245 0.167271 0)
(0.0123111 0.138029 0)
(0.0343797 0.113308 0)
(0.0541358 0.0927524 0)
(0.0714671 0.0758376 0)
(0.0864555 0.0620032 0)
(0.0992832 0.050717 0)
(0.110174 0.0415046 0)
(0.119356 0.0339593 0)
(0.127046 0.0277407 0)
(0.133435 0.0225687 0)
(0.138691 0.018215 0)
(0.142949 0.0144936 0)
(0.146323 0.0112524 0)
(0.148899 0.00836541 0)
(0.150741 0.00572583 0)
(0.151894 0.00323978 0)
(0.152381 0.000820962 0)
(0.152206 -0.0016144 0)
(0.151354 -0.00415252 0)
(0.149787 -0.0068873 0)
(0.147449 -0.00992605 0)
(0.144255 -0.0133962 0)
(0.140093 -0.017453 0)
(0.134821 -0.0222887 0)
(0.128261 -0.0281433 0)
(0.120198 -0.0353162 0)
(0.11038 -0.044178 0)
(0.0985237 -0.0551823 0)
(0.0843307 -0.0688721 0)
(0.0675192 -0.0858768 0)
(0.0478831 -0.10689 0)
(0.0253929 -0.132604 0)
(0.000353961 -0.16358 0)
(-0.0263573 -0.199975 0)
(-0.0529783 -0.241048 0)
(-0.0765201 -0.284309 0)
(-0.0925606 -0.324137 0)
(-0.0954213 -0.349848 0)
(-0.0796125 -0.343538 0)
(-0.0460758 -0.279248 0)
(-0.0128044 -0.127589 0)
(-0.0182309 0.147951 0)
(-0.0556248 0.296775 0)
(-0.0807105 0.342729 0)
(-0.0802037 0.332009 0)
(-0.0592631 0.295795 0)
(-0.0268809 0.251833 0)
(0.010024 0.208926 0)
(0.0470089 0.170754 0)
(0.0815631 0.138377 0)
(0.112506 0.111647 0)
(0.139477 0.0899249 0)
(0.162577 0.0724364 0)
(0.182131 0.0584263 0)
(0.198556 0.0472235 0)
(0.212281 0.0382582 0)
(0.223706 0.0310604 0)
(0.233184 0.0252486 0)
(0.241019 0.0205175 0)
(0.247461 0.0166243 0)
(0.252718 0.0133767 0)
(0.256953 0.0106219 0)
(0.260297 0.00823793 0)
(0.262848 0.00612539 0)
(0.264679 0.00420151 0)
(0.265838 0.00239455 0)
(0.266353 0.000639233 0)
(0.266228 -0.00112747 0)
(0.26545 -0.00297043 0)
(0.263981 -0.00496059 0)
(0.261758 -0.0071798 0)
(0.258694 -0.00972638 0)
(0.254666 -0.0127221 0)
(0.249513 -0.0163205 0)
(0.243029 -0.0207172 0)
(0.234952 -0.0261628 0)
(0.224961 -0.0329772 0)
(0.212664 -0.0415675 0)
(0.197602 -0.052446 0)
(0.179256 -0.0662483 0)
(0.157085 -0.0837454 0)
(0.130593 -0.105837 0)
(0.0994744 -0.133498 0)
(0.0638603 -0.167624 0)
(0.0247339 -0.20865 0)
(-0.0154671 -0.255745 0)
(-0.0520909 -0.305197 0)
(-0.0775328 -0.34752 0)
(-0.0816211 -0.36305 0)
(-0.057886 -0.317156 0)
(-0.0192296 -0.159034 0)
(-0.0269831 0.190497 0)
(-0.067145 0.329992 0)
(-0.0698127 0.344443 0)
(-0.0381338 0.307926 0)
(0.0119263 0.256747 0)
(0.0674857 0.206955 0)
(0.121156 0.164189 0)
(0.169461 0.129393 0)
(0.211225 0.101792 0)
(0.246482 0.0801562 0)
(0.275821 0.0632832 0)
(0.300028 0.050141 0)
(0.319908 0.0398942 0)
(0.336197 0.0318828 0)
(0.349532 0.0255914 0)
(0.360447 0.0206205 0)
(0.36938 0.0166611 0)
(0.376683 0.013475 0)
(0.382637 0.0108785 0)
(0.387463 0.00873011 0)
(0.391333 0.00691986 0)
(0.394379 0.00536159 0)
(0.396701 0.00398645 0)
(0.398372 0.0027379 0)
(0.399438 0.00156755 0)
(0.399927 0.00043177 0)
(0.399844 -0.000711391 0)
(0.399178 -0.00190509 0)
(0.397891 -0.00319675 0)
(0.395927 -0.00464151 0)
(0.393198 -0.00630638 0)
(0.389585 -0.00827546 0)
(0.384927 -0.0106565 0)
(0.379013 -0.0135896 0)
(0.371566 -0.0172579 0)
(0.362234 -0.0219021 0)
(0.350567 -0.0278384 0)
(0.336001 -0.0354826 0)
(0.317843 -0.0453801 0)
(0.295264 -0.0582441 0)
(0.267317 -0.0749995 0)
(0.233005 -0.096822 0)
(0.191454 -0.125138 0)
(0.142282 -0.161494 0)
(0.086306 -0.207063 0)
(0.0268019 -0.26125 0)
(-0.0285658 -0.318344 0)
(-0.0659621 -0.36101 0)
(-0.0676127 -0.349472 0)
(-0.0277514 -0.203088 0)
(-0.0329173 0.25086 0)
(-0.0623401 0.343162 0)
(-0.0145433 0.30739 0)
(0.0638697 0.245793 0)
(0.146535 0.187921 0)
(0.22224 0.141433 0)
(0.286913 0.10633 0)
(0.340177 0.0803547 0)
(0.383253 0.0611749 0)
(0.417791 0.0469441 0)
(0.445388 0.0363088 0)
(0.467431 0.0282987 0)
(0.485065 0.0222188 0)
(0.499209 0.0175681 0)
(0.51059 0.0139812 0)
(0.519777 0.0111895 0)
(0.527211 0.00899345 0)
(0.533234 0.00724454 0)
(0.538112 0.00583136 0)
(0.542044 0.00466993 0)
(0.545186 0.00369641 0)
(0.547654 0.00286166 0)
(0.549534 0.00212701 0)
(0.550888 0.00146112 0)
(0.551756 0.000837466 0)
(0.55216 0.000232288 0)
(0.552108 -0.000377179 0)
(0.551587 -0.00101437 0)
(0.550568 -0.00170516 0)
(0.549002 -0.00247986 0)
(0.546816 -0.00337569 0)
(0.543906 -0.00443988 0)
(0.540134 -0.00573385 0)
(0.535312 -0.00733871 0)
(0.52919 -0.00936262 0)
(0.521438 -0.0119509 0)
(0.511625 -0.0153003 0)
(0.499184 -0.0196785 0)
(0.483376 -0.0254539 0)
(0.463249 -0.0331387 0)
(0.437585 -0.0434548 0)
(0.404865 -0.0574312 0)
(0.363267 -0.0765378 0)
(0.31079 -0.102838 0)
(0.245712 -0.13904 0)
(0.167833 -0.187959 0)
(0.0808494 -0.250147 0)
(-0.00394997 -0.317748 0)
(-0.0588564 -0.358668 0)
(-0.0324078 -0.26356 0)
(0.00127331 0.295413 0)
(0.017009 0.298746 0)
(0.151439 0.212185 0)
(0.27972 0.143415 0)
(0.381418 0.0967483 0)
(0.460106 0.0661422 0)
(0.520175 0.0462424 0)
(0.56574 0.0331204 0)
(0.600396 0.0242395 0)
(0.626929 0.0180634 0)
(0.647393 0.0136652 0)
(0.663294 0.0104711 0)
(0.67574 0.0081139 0)
(0.685552 0.00635046 0)
(0.693339 0.00501458 0)
(0.699556 0.00398984 0)
(0.704545 0.0031932 0)
(0.708562 0.00256462 0)
(0.711799 0.00206026 0)
(0.7144 0.0016478 0)
(0.716473 0.00130318 0)
(0.718099 0.00100816 0)
(0.719336 0.000748615 0)
(0.720227 0.000513228 0)
(0.720798 0.000292498 0)
(0.721065 7.79551e-05 0)
(0.721032 -0.000138509 0)
(0.720689 -0.000365279 0)
(0.720019 -0.000611659 0)
(0.718986 -0.000888636 0)
(0.717541 -0.00120983 0)
(0.715613 -0.00159275 0)
(0.713104 -0.00206043 0)
(0.709882 -0.00264374 0)
(0.705768 -0.00338457 0)
(0.700521 -0.00434035 0)
(0.693819 -0.00559066 0)
(0.685223 -0.00724738 0)
(0.674141 -0.00947077 0)
(0.659768 -0.0124966 0)
(0.640999 -0.0166833 0)
(0.61631 -0.0225976 0)
(0.583583 -0.0311707 0)
(0.539872 -0.0439811 0)
(0.481242 -0.0637143 0)
(0.402994 -0.0946986 0)
(0.299978 -0.143061 0)
(0.167626 -0.215538 0)
(0.0262069 -0.306539 0)
(0.00521685 -0.303238 0)
(0.290474 0.152619 0)
(0.390071 0.128415 0)
(0.565868 0.0747158 0)
(0.683032 0.0419914 0)
(0.751382 0.0240942 0)
(0.794672 0.0143061 0)
(0.823766 0.00890253 0)
(0.843945 0.00582926 0)
(0.858353 0.00399341 0)
(0.868909 0.00283631 0)
(0.876801 0.00207152 0)
(0.882793 0.00154641 0)
(0.887402 0.00117513 0)
(0.890989 0.000906532 0)
(0.893807 0.000708435 0)
(0.896041 0.000559701 0)
(0.897825 0.000445989 0)
(0.899256 0.000357356 0)
(0.900407 0.000286799 0)
(0.901331 0.000229323 0)
(0.902067 0.000181314 0)
(0.902644 0.000140107 0)
(0.903082 0.000103682 0)
(0.903397 7.04426e-05 0)
(0.903598 3.90638e-05 0)
(0.90369 8.36319e-06 0)
(0.903673 -2.27947e-05 0)
(0.903546 -5.56093e-05 0)
(0.903299 -9.14169e-05 0)
(0.902921 -0.000131824 0)
(0.902393 -0.000178855 0)
(0.901689 -0.000235156 0)
(0.900772 -0.000304275 0)
(0.899593 -0.000391064 0)
(0.898083 -0.000502251 0)
(0.896149 -0.000647292 0)
(0.893665 -0.000839684 0)
(0.890455 -0.00109911 0)
(0.886276 -0.00145521 0)
(0.880784 -0.0019546 0)
(0.873486 -0.00267506 0)
(0.863644 -0.00375502 0)
(0.850117 -0.00545756 0)
(0.831035 -0.0083081 0)
(0.803262 -0.0133718 0)
(0.76143 -0.0227465 0)
(0.694496 -0.0404013 0)
(0.577652 -0.0735568 0)
(0.398319 -0.128781 0)
(0.294068 -0.153972 0)
)
;

boundaryField
{
    movingWallTop
    {
        type            fixedValue;
        value           uniform (1 0 0);
    }
    movingWallBottom
    {
        type            fixedValue;
        value           uniform (1 0 0);
    }
    fixedWalls
    {
        type            noSlip;
    }
    frontAndBack
    {
        type            empty;
    }
}


// ************************************************************************* //
