/*--------------------------------*- C++ -*----------------------------------*\
  =========                 |
  \\      /  F ield         | OpenFOAM: The Open Source CFD Toolbox
   \\    /   O peration     | Website:  https://openfoam.org
    \\  /    A nd           | Version:  7
     \\/     M anipulation  |
\*---------------------------------------------------------------------------*/
FoamFile
{
    version     2.0;
    format      ascii;
    class       surfaceScalarField;
    location    "0.0652";
    object      phi;
}
// * * * * * * * * * * * * * * * * * * * * * * * * * * * * * * * * * * * * * //

dimensions      [0 3 -1 0 0 0 0];

internalField   nonuniform List<scalar> 
4900
(
-5.55541e-06
5.55539e-06
-1.0161e-05
4.6056e-06
-1.29489e-05
2.78786e-06
-1.46694e-05
1.72052e-06
-1.57723e-05
1.1029e-06
-1.65116e-05
7.39309e-07
-1.70327e-05
5.21107e-07
-1.74175e-05
3.84818e-07
-1.77127e-05
2.9513e-07
-1.79457e-05
2.33006e-07
-1.81337e-05
1.88015e-07
-1.82879e-05
1.54188e-07
-1.84158e-05
1.2794e-07
-1.85228e-05
1.07009e-07
-1.86127e-05
8.99068e-08
-1.86883e-05
7.56147e-08
-1.87517e-05
6.34136e-08
-1.88045e-05
5.27817e-08
-1.88479e-05
4.33312e-08
-1.88826e-05
3.47671e-08
-1.89095e-05
2.68606e-08
-1.89289e-05
1.94296e-08
-1.89412e-05
1.23257e-08
-1.89467e-05
5.42438e-09
-1.89453e-05
-1.38345e-09
-1.89371e-05
-8.19457e-09
-1.8922e-05
-1.51043e-08
-1.88998e-05
-2.22067e-08
-1.88702e-05
-2.96028e-08
-1.88328e-05
-3.74061e-08
-1.8787e-05
-4.57505e-08
-1.87322e-05
-5.48008e-08
-1.86675e-05
-6.47657e-08
-1.85915e-05
-7.59179e-08
-1.85029e-05
-8.86215e-08
-1.83995e-05
-1.03375e-07
-1.82787e-05
-1.20875e-07
-1.81365e-05
-1.42125e-07
-1.79679e-05
-1.68611e-07
-1.77653e-05
-2.02617e-07
-1.75175e-05
-2.47795e-07
-1.72073e-05
-3.10236e-07
-1.68068e-05
-4.00525e-07
-1.6269e-05
-5.37709e-07
-1.55128e-05
-7.56276e-07
-1.43968e-05
-1.11592e-06
-1.26818e-05
-1.71506e-06
-9.94604e-06
-2.73575e-06
-5.45249e-06
-4.49354e-06
-5.45249e-06
-1.19051e-08
5.56729e-06
-2.13074e-06
6.72444e-06
-4.8584e-06
5.51552e-06
-7.27649e-06
4.13861e-06
-9.21591e-06
3.04232e-06
-1.07293e-05
2.25275e-06
-1.19101e-05
1.70182e-06
-1.2841e-05
1.31577e-06
-1.35856e-05
1.03967e-06
-1.41896e-05
8.37043e-07
-1.46859e-05
6.84346e-07
-1.5098e-05
5.66302e-07
-1.54429e-05
4.7284e-07
-1.57331e-05
3.97173e-07
-1.59778e-05
3.34607e-07
-1.6184e-05
2.81821e-07
-1.6357e-05
2.36406e-07
-1.65008e-05
1.96583e-07
-1.66185e-05
1.61008e-07
-1.67124e-05
1.28646e-07
-1.67842e-05
9.86853e-08
-1.68352e-05
7.04761e-08
-1.68664e-05
4.34838e-08
-1.68782e-05
1.72572e-08
-1.6871e-05
-8.59739e-09
-1.68448e-05
-3.44393e-08
-1.67993e-05
-6.06106e-08
-1.6734e-05
-8.74559e-08
-1.66483e-05
-1.15341e-07
-1.6541e-05
-1.44675e-07
-1.64108e-05
-1.75936e-07
-1.62559e-05
-2.09708e-07
-1.6074e-05
-2.46719e-07
-1.5862e-05
-2.87911e-07
-1.56161e-05
-3.34522e-07
-1.53312e-05
-3.88214e-07
-1.50008e-05
-4.51259e-07
-1.46161e-05
-5.26829e-07
-1.41653e-05
-6.19435e-07
-1.36323e-05
-7.35633e-07
-1.29949e-05
-8.85152e-07
-1.22225e-05
-1.08269e-06
-1.12723e-05
-1.35069e-06
-1.00866e-05
-1.72339e-06
-8.59154e-06
-2.25137e-06
-6.70697e-06
-3.0005e-06
-4.39328e-06
-4.02875e-06
-1.81866e-06
-5.31037e-06
1.24307e-07
-6.43651e-06
-5.32818e-06
1.03239e-06
4.5349e-06
5.46669e-07
7.21016e-06
-9.93064e-07
7.05525e-06
-2.88944e-06
6.03499e-06
-4.7487e-06
4.90157e-06
-6.41031e-06
3.91436e-06
-7.83484e-06
3.12635e-06
-9.03532e-06
2.51625e-06
-1.00421e-05
2.04642e-06
-1.08872e-05
1.6822e-06
-1.15992e-05
1.39627e-06
-1.22012e-05
1.16832e-06
-1.27119e-05
9.83525e-07
-1.31458e-05
8.31124e-07
-1.35144e-05
7.03245e-07
-1.38267e-05
5.9407e-07
-1.40895e-05
4.99236e-07
-1.43084e-05
4.15434e-07
-1.44875e-05
3.40108e-07
-1.46301e-05
2.7126e-07
-1.47387e-05
2.07297e-07
-1.48152e-05
1.46929e-07
-1.48608e-05
8.9085e-08
-1.48764e-05
3.28557e-08
-1.48624e-05
-2.25567e-08
-1.4819e-05
-7.78812e-08
-1.47458e-05
-1.33812e-07
-1.46422e-05
-1.91043e-07
-1.45072e-05
-2.50308e-07
-1.43395e-05
-3.12419e-07
-1.41371e-05
-3.78312e-07
-1.38977e-05
-4.49113e-07
-1.36182e-05
-5.2621e-07
-1.32947e-05
-6.11362e-07
-1.29224e-05
-7.06836e-07
-1.2495e-05
-8.15599e-07
-1.20047e-05
-9.41595e-07
-1.14414e-05
-1.09012e-06
-1.07925e-05
-1.26838e-06
-1.00419e-05
-1.48622e-06
-9.16986e-06
-1.75715e-06
-8.15296e-06
-2.09959e-06
-6.96566e-06
-2.53798e-06
-5.58623e-06
-3.10282e-06
-4.01135e-06
-3.82625e-06
-2.28774e-06
-4.72411e-06
-5.72597e-07
-5.74389e-06
7.66835e-07
-6.6498e-06
1.08778e-06
-6.75745e-06
-4.2404e-06
9.0613e-07
3.62877e-06
1.22768e-06
6.88861e-06
6.4133e-07
7.64161e-06
-5.27062e-07
7.20338e-06
-1.94859e-06
6.3231e-06
-3.40499e-06
5.37077e-06
-4.77927e-06
4.50062e-06
-6.02161e-06
3.75859e-06
-7.11942e-06
3.14424e-06
-8.07804e-06
2.64082e-06
-8.91002e-06
2.22825e-06
-9.62975e-06
1.88805e-06
-1.0251e-05
1.6048e-06
-1.07861e-05
1.36615e-06
-1.12452e-05
1.16241e-06
-1.16371e-05
9.85996e-07
-1.19689e-05
8.30994e-07
-1.22462e-05
6.92743e-07
-1.24737e-05
5.67552e-07
-1.26549e-05
4.52463e-07
-1.27926e-05
3.45078e-07
-1.28891e-05
2.43423e-07
-1.29459e-05
1.45841e-07
-1.29639e-05
5.09122e-08
-1.29439e-05
-4.26167e-08
-1.28859e-05
-1.3589e-07
-1.27897e-05
-2.29998e-07
-1.26547e-05
-3.26023e-07
-1.24799e-05
-4.25096e-07
-1.22639e-05
-5.28452e-07
-1.20047e-05
-6.37496e-07
-1.16999e-05
-7.53884e-07
-1.13465e-05
-8.7962e-07
-1.09407e-05
-1.01718e-06
-1.04779e-05
-1.16968e-06
-9.95238e-06
-1.34108e-06
-9.35754e-06
-1.53643e-06
-8.68543e-06
-1.76223e-06
-7.92699e-06
-2.02683e-06
-7.07241e-06
-2.3408e-06
-6.11225e-06
-2.71731e-06
-5.03994e-06
-3.1719e-06
-3.85678e-06
-3.72114e-06
-2.58159e-06
-4.37801e-06
-1.26742e-06
-5.14043e-06
-2.65625e-08
-5.96496e-06
9.42818e-07
-6.71327e-06
1.34942e-06
-7.05641e-06
9.17052e-07
-6.32508e-06
-3.32335e-06
6.71428e-07
2.95734e-06
1.24226e-06
6.31777e-06
1.22039e-06
7.66348e-06
6.46557e-07
7.77721e-06
-2.9175e-07
7.26141e-06
-1.41217e-06
6.49118e-06
-2.58231e-06
5.67077e-06
-3.72083e-06
4.89711e-06
-4.78419e-06
4.20761e-06
-5.75308e-06
3.6097e-06
-6.62218e-06
3.09735e-06
-7.39366e-06
2.65954e-06
-8.07323e-06
2.28436e-06
-8.66784e-06
1.96076e-06
-9.18455e-06
1.67912e-06
-9.62993e-06
1.43137e-06
-1.00098e-05
1.21085e-06
-1.03291e-05
1.01207e-06
-1.05921e-05
8.30524e-07
-1.08021e-05
6.62512e-07
-1.0962e-05
5.04955e-07
-1.10739e-05
3.55271e-07
-1.11393e-05
2.11264e-07
-1.11594e-05
7.10309e-08
-1.11349e-05
-6.71195e-08
-1.1066e-05
-2.04734e-07
-1.09528e-05
-3.4328e-07
-1.07946e-05
-4.84206e-07
-1.05907e-05
-6.29004e-07
-1.03398e-05
-7.79277e-07
-1.00405e-05
-9.36815e-07
-9.69074e-06
-1.10368e-06
-9.28806e-06
-1.2823e-06
-8.82965e-06
-1.4756e-06
-8.3122e-06
-1.68713e-06
-7.73202e-06
-1.92125e-06
-7.08519e-06
-2.18327e-06
-6.36782e-06
-2.4796e-06
-5.57677e-06
-2.81788e-06
-4.71073e-06
-3.20684e-06
-3.77236e-06
-3.65568e-06
-2.7717e-06
-4.17256e-06
-1.73181e-06
-4.76103e-06
-6.97034e-07
-5.41279e-06
2.5621e-07
-6.09367e-06
1.00993e-06
-6.71868e-06
1.40772e-06
-7.11107e-06
1.29722e-06
-6.94591e-06
6.6659e-07
-5.69445e-06
-2.65676e-06
4.79981e-07
2.47736e-06
1.07442e-06
5.72333e-06
1.33741e-06
7.40049e-06
1.16849e-06
7.94613e-06
6.35303e-07
7.79459e-06
-1.43528e-07
7.27001e-06
-1.05597e-06
6.58321e-06
-2.01665e-06
5.85779e-06
-2.96798e-06
5.15893e-06
-3.87466e-06
4.51638e-06
-4.71717e-06
3.93986e-06
-5.48627e-06
3.42864e-06
-6.17902e-06
2.97712e-06
-6.7961e-06
2.57784e-06
-7.34009e-06
2.2231e-06
-7.81439e-06
1.90567e-06
-8.22264e-06
1.6191e-06
-8.56834e-06
1.35777e-06
-8.85467e-06
1.11685e-06
-9.08439e-06
8.92231e-07
-9.25983e-06
6.80393e-07
-9.38288e-06
4.78324e-07
-9.45503e-06
2.83411e-07
-9.47736e-06
9.33651e-08
-9.45062e-06
-9.38656e-08
-9.37519e-06
-2.80161e-07
-9.25118e-06
-4.67297e-07
-9.07837e-06
-6.57011e-07
-8.85631e-06
-8.51067e-07
-8.58426e-06
-1.05132e-06
-8.26128e-06
-1.2598e-06
-7.8862e-06
-1.47876e-06
-7.4577e-06
-1.7108e-06
-6.97436e-06
-1.95893e-06
-6.43484e-06
-2.22665e-06
-5.83805e-06
-2.51805e-06
-5.18352e-06
-2.83779e-06
-4.47206e-06
-3.19106e-06
-3.70663e-06
-3.58331e-06
-2.89388e-06
-4.01958e-06
-2.04637e-06
-4.50319e-06
-1.18571e-06
-5.03322e-06
-3.46845e-07
-5.5999e-06
4.1723e-07
-6.17686e-06
1.03187e-06
-6.70832e-06
1.40332e-06
-7.09013e-06
1.43731e-06
-7.14506e-06
1.08968e-06
-6.59827e-06
4.697e-07
-5.07447e-06
-2.18706e-06
3.47562e-07
2.1298e-06
8.88862e-07
5.18203e-06
1.27266e-06
7.0167e-06
1.35154e-06
7.86725e-06
1.11787e-06
8.02826e-06
6.31676e-07
7.7562e-06
-2.77877e-08
7.24268e-06
-7.8711e-07
6.61711e-06
-1.58818e-06
5.96e-06
-2.38906e-06
5.31726e-06
-3.16162e-06
4.71242e-06
-3.88818e-06
4.15521e-06
-4.55852e-06
3.64745e-06
-5.16736e-06
3.18668e-06
-5.71265e-06
2.76839e-06
-6.19429e-06
2.38731e-06
-6.61326e-06
2.03808e-06
-6.97114e-06
1.71565e-06
-7.26969e-06
1.4154e-06
-7.51068e-06
1.13322e-06
-7.69575e-06
8.65459e-07
-7.82633e-06
6.089e-07
-7.90362e-06
3.60702e-07
-7.92859e-06
1.18334e-07
-7.90196e-06
-1.20492e-07
-7.82425e-06
-3.57875e-07
-7.69575e-06
-5.95794e-07
-7.5166e-06
-8.3616e-07
-7.28679e-06
-1.08088e-06
-7.0062e-06
-1.33191e-06
-6.67466e-06
-1.59133e-06
-6.29205e-06
-1.86137e-06
-5.85835e-06
-2.1445e-06
-5.37383e-06
-2.44345e-06
-4.83927e-06
-2.76121e-06
-4.25632e-06
-3.101e-06
-3.62793e-06
-3.46618e-06
-2.95911e-06
-3.85988e-06
-2.25793e-06
-4.28449e-06
-1.53692e-06
-4.7406e-06
-8.14847e-07
-5.22526e-06
-1.18979e-07
-5.72908e-06
5.12744e-07
-6.23163e-06
1.03039e-06
-6.6945e-06
1.37373e-06
-7.05166e-06
1.48092e-06
-7.19732e-06
1.31006e-06
-6.9742e-06
8.80511e-07
-6.16873e-06
3.35482e-07
-4.52944e-06
-1.85158e-06
2.60161e-07
1.86964e-06
7.30733e-07
4.71146e-06
1.14928e-06
6.59815e-06
1.36765e-06
7.64888e-06
1.33945e-06
8.05647e-06
1.08219e-06
8.01346e-06
6.43485e-07
7.68138e-06
7.8475e-08
7.18212e-06
-5.62088e-07
6.60056e-06
-1.23676e-06
5.99193e-06
-1.91412e-06
5.38978e-06
-2.57165e-06
4.81275e-06
-3.19401e-06
4.2698e-06
-3.77118e-06
3.76386e-06
-4.29706e-06
3.29427e-06
-4.76818e-06
2.85843e-06
-5.18288e-06
2.45278e-06
-5.54064e-06
2.07341e-06
-5.84165e-06
1.71641e-06
-6.08649e-06
1.37806e-06
-6.27592e-06
1.05489e-06
-6.41078e-06
7.4376e-07
-6.49188e-06
4.41801e-07
-6.51997e-06
1.4642e-07
-6.49571e-06
-1.44752e-07
-6.41969e-06
-4.33898e-07
-6.29242e-06
-7.23061e-07
-6.11439e-06
-1.01419e-06
-5.88607e-06
-1.30919e-06
-5.60802e-06
-1.60996e-06
-5.28092e-06
-1.91843e-06
-4.90571e-06
-2.23658e-06
-4.48372e-06
-2.5665e-06
-4.01687e-06
-2.9103e-06
-3.50796e-06
-3.27011e-06
-2.96106e-06
-3.64791e-06
-2.38197e-06
-4.04527e-06
-1.77894e-06
-4.46291e-06
-1.16354e-06
-4.89989e-06
-5.51689e-07
-5.35245e-06
3.515e-08
-5.8121e-06
5.68911e-07
-6.26285e-06
1.01448e-06
-6.6772e-06
1.33086e-06
-7.01088e-06
1.4756e-06
-7.1964e-06
1.41496e-06
-7.13667e-06
1.14251e-06
-6.70175e-06
7.07395e-07
-5.73361e-06
2.47109e-07
-4.06915e-06
-1.60447e-06
2.01844e-07
1.66779e-06
6.05479e-07
4.30782e-06
1.01758e-06
6.18605e-06
1.30709e-06
7.35937e-06
1.41233e-06
7.95123e-06
1.32416e-06
8.10163e-06
1.06506e-06
7.94049e-06
6.71936e-07
7.57524e-06
1.84746e-07
7.08775e-06
-3.59835e-07
6.53652e-06
-9.31106e-07
5.96105e-06
-1.50489e-06
5.38653e-06
-2.063e-06
4.82791e-06
-2.59225e-06
4.29311e-06
-3.08341e-06
3.78543e-06
-3.53023e-06
3.30525e-06
-3.92867e-06
2.85122e-06
-4.27624e-06
2.42098e-06
-4.57154e-06
2.01171e-06
-4.81392e-06
1.62044e-06
-5.0032e-06
1.24418e-06
-5.13955e-06
8.80104e-07
-5.2233e-06
5.25548e-07
-5.25491e-06
1.78039e-07
-5.23496e-06
-1.64708e-07
-5.16405e-06
-5.04805e-07
-5.04289e-06
-8.44219e-07
-4.87229e-06
-1.18479e-06
-4.6532e-06
-1.52828e-06
-4.3868e-06
-1.87636e-06
-4.0746e-06
-2.23063e-06
-3.71852e-06
-2.59266e-06
-3.32111e-06
-2.96391e-06
-2.88574e-06
-3.34567e-06
-2.4169e-06
-3.73896e-06
-1.92051e-06
-4.14429e-06
-1.40446e-06
-4.56133e-06
-8.79068e-07
-4.9883e-06
-3.57772e-07
-5.42119e-06
1.4227e-07
-5.85249e-06
5.99648e-07
-6.26948e-06
9.88588e-07
-6.65179e-06
1.27974e-06
-6.96835e-06
1.44266e-06
-7.1738e-06
1.451e-06
-7.20474e-06
1.29178e-06
-6.97746e-06
9.79197e-07
-6.38917e-06
5.71917e-07
-5.32633e-06
1.87972e-07
-3.68521e-06
-1.4165e-06
1.61638e-07
1.50616e-06
5.07955e-07
3.96151e-06
8.95792e-07
5.79821e-06
1.21544e-06
7.03972e-06
1.4029e-06
7.76378e-06
1.43438e-06
8.07015e-06
1.31468e-06
8.06019e-06
1.06529e-06
7.82464e-06
7.15028e-07
7.43801e-06
2.93846e-07
6.9577e-06
-1.70752e-07
6.42564e-06
-6.55293e-07
5.87107e-06
-1.14074e-06
5.31336e-06
-1.61223e-06
4.7646e-06
-2.05849e-06
4.2317e-06
-2.47124e-06
3.718e-06
-2.8445e-06
3.22448e-06
-3.1741e-06
2.75058e-06
-3.45722e-06
2.29483e-06
-3.69203e-06
1.85524e-06
-3.87744e-06
1.42959e-06
-4.01291e-06
1.01558e-06
-4.09829e-06
6.10923e-07
-4.13372e-06
2.13468e-07
-4.1196e-06
-1.78828e-07
-4.05654e-06
-5.6786e-07
-3.94539e-06
-9.55372e-07
-3.78721e-06
-1.34297e-06
-3.58339e-06
-1.73211e-06
-3.33564e-06
-2.1241e-06
-3.04617e-06
-2.52011e-06
-2.71774e-06
-2.92109e-06
-2.35389e-06
-3.32776e-06
-1.95912e-06
-3.74044e-06
-1.53913e-06
-4.15895e-06
-1.10115e-06
-4.58227e-06
-6.5428e-07
-5.0082e-06
-2.09856e-07
-5.43272e-06
2.18183e-07
-5.84923e-06
6.13048e-07
-6.24736e-06
9.55112e-07
-6.61154e-06
1.22246e-06
-6.91913e-06
1.39234e-06
-7.13823e-06
1.44407e-06
-7.22553e-06
1.36396e-06
-7.12463e-06
1.15263e-06
-6.76612e-06
8.3441e-07
-6.07095e-06
4.67057e-07
-4.95898e-06
1.47032e-07
-3.36518e-06
-1.26947e-06
1.32816e-07
1.37334e-06
4.31596e-07
3.66273e-06
7.88821e-07
5.44099e-06
1.11479e-06
6.71375e-06
1.34944e-06
7.52912e-06
1.46235e-06
7.95723e-06
1.44696e-06
8.07558e-06
1.31296e-06
7.95864e-06
1.07933e-06
7.67164e-06
7.68917e-07
7.26811e-06
4.04832e-07
6.78973e-06
8.33211e-09
6.26757e-06
-4.02167e-07
5.72386e-06
-8.1139e-07
5.17382e-06
-1.20707e-06
4.62738e-06
-1.5796e-06
4.09054e-06
-1.92166e-06
3.56654e-06
-2.22776e-06
3.05668e-06
-2.4939e-06
2.56097e-06
-2.71724e-06
2.07858e-06
-2.89586e-06
1.60821e-06
-3.02854e-06
1.14826e-06
-3.11465e-06
6.97033e-07
-3.154e-06
2.52817e-07
-3.1468e-06
-1.86033e-07
-3.0936e-06
-6.21055e-07
-2.99533e-06
-1.05365e-06
-2.85325e-06
-1.48505e-06
-2.66904e-06
-1.91631e-06
-2.44488e-06
-2.34827e-06
-2.18347e-06
-2.78151e-06
-1.88824e-06
-3.21632e-06
-1.56344e-06
-3.65256e-06
-1.21432e-06
-4.08956e-06
-8.47361e-07
-4.5259e-06
-4.70493e-07
-4.95914e-06
-9.33092e-08
-5.38538e-06
2.72717e-07
-5.79875e-06
6.14118e-07
-6.19063e-06
9.15491e-07
-6.54873e-06
1.15988e-06
-6.85593e-06
1.32968e-06
-7.08893e-06
1.40835e-06
-7.2169e-06
1.3832e-06
-7.20038e-06
1.24952e-06
-6.99096e-06
1.01596e-06
-6.53256e-06
7.10488e-07
-5.76547e-06
3.85312e-07
-4.6338e-06
1.17597e-07
-3.09747e-06
-1.15187e-06
1.11334e-07
1.26201e-06
3.70862e-07
3.4032e-06
6.96405e-07
5.11544e-06
1.01519e-06
6.39496e-06
1.27362e-06
7.27069e-06
1.43946e-06
7.7914e-06
1.49949e-06
8.01555e-06
1.45509e-06
8.00304e-06
1.31725e-06
7.80948e-06
1.1023e-06
7.48306e-06
8.28628e-07
7.0634e-06
5.14511e-07
6.58169e-06
1.76775e-07
6.06159e-06
-1.69842e-07
5.52044e-06
-5.12906e-07
4.97044e-06
-8.42222e-07
4.41986e-06
-1.14963e-06
3.87395e-06
-1.42875e-06
3.3358e-06
-1.6747e-06
2.80691e-06
-1.88381e-06
2.2877e-06
-2.05348e-06
1.77787e-06
-2.1819e-06
1.27668e-06
-2.26797e-06
7.83109e-07
-2.31119e-06
2.96035e-07
-2.31155e-06
-1.85675e-07
-2.26951e-06
-6.6309e-07
-2.18601e-06
-1.13715e-06
-2.06242e-06
-1.60864e-06
-1.90063e-06
-2.0781e-06
-1.7031e-06
-2.54581e-06
-1.47289e-06
-3.01172e-06
-1.21384e-06
-3.47537e-06
-9.30628e-07
-3.93577e-06
-6.28938e-07
-4.39125e-06
-3.15599e-07
-4.83924e-06
1.27192e-09
-5.27601e-06
3.12149e-07
-5.69626e-06
6.0605e-07
-6.09265e-06
8.70601e-07
-6.45518e-06
1.09231e-06
-6.77044e-06
1.25714e-06
-7.02077e-06
1.35161e-06
-7.1834e-06
1.36442e-06
-7.2297e-06
1.28889e-06
-7.12485e-06
1.1262e-06
-6.82827e-06
8.89116e-07
-6.29548e-06
6.0552e-07
-5.48188e-06
3.20616e-07
-4.3489e-06
9.56456e-08
-2.8725e-06
-1.05622e-06
9.47345e-08
1.16727e-06
3.21577e-07
3.17635e-06
6.16598e-07
4.82042e-06
9.20764e-07
6.0908e-06
1.18746e-06
7.004e-06
1.38534e-06
7.59353e-06
1.49785e-06
7.90304e-06
1.52083e-06
7.98005e-06
1.45922e-06
7.87109e-06
1.32382e-06
7.61846e-06
1.12857e-06
7.25865e-06
8.88503e-07
6.82176e-06
6.18339e-07
6.33176e-06
3.31641e-07
5.80714e-06
4.03737e-08
5.26171e-06
-2.45245e-07
4.70547e-06
-5.16723e-07
4.14543e-06
-7.67164e-07
3.58624e-06
-9.91098e-07
3.03084e-06
-1.18429e-06
2.48089e-06
-1.34356e-06
1.93715e-06
-1.46664e-06
1.39976e-06
-1.55204e-06
8.68508e-07
-1.59894e-06
3.42929e-07
-1.60711e-06
-1.77504e-07
-1.57689e-06
-6.93305e-07
-1.50916e-06
-1.20488e-06
-1.40534e-06
-1.71246e-06
-1.2674e-06
-2.21604e-06
-1.09792e-06
-2.71528e-06
-9.00179e-07
-3.20946e-06
-6.78185e-07
-3.69737e-06
-4.36799e-07
-4.17716e-06
-1.8182e-07
-4.64623e-06
7.99238e-08
-5.10099e-06
3.40508e-07
-5.53659e-06
5.90892e-07
-5.94664e-06
8.20979e-07
-6.32273e-06
1.01981e-06
-6.65401e-06
1.17596e-06
-6.92659e-06
1.27823e-06
-7.12303e-06
1.31666e-06
-7.22183e-06
1.28408e-06
-7.19713e-06
1.17807e-06
-7.01884e-06
1.00332e-06
-6.65352e-06
7.74137e-07
-6.0663e-06
5.16458e-07
-5.2242e-06
2.68468e-07
-4.10091e-06
7.87237e-08
-2.68275e-06
-9.77501e-07
8.14859e-08
1.08579e-06
2.80715e-07
2.97713e-06
5.47148e-07
4.55399e-06
8.32708e-07
5.80524e-06
1.09742e-06
6.73928e-06
1.3122e-06
7.37875e-06
1.45929e-06
7.75595e-06
1.53113e-06
7.90821e-06
1.52831e-06
7.87391e-06
1.45721e-06
7.68956e-06
1.32787e-06
7.38799e-06
1.15219e-06
6.99744e-06
9.42582e-07
6.54137e-06
7.11072e-07
6.03865e-06
4.68726e-07
5.50405e-06
2.25348e-07
4.94885e-06
-1.06349e-08
4.38141e-06
-2.32161e-07
3.80777e-06
-4.33455e-07
3.23214e-06
-6.09917e-07
2.65735e-06
-7.57989e-07
2.08522e-06
-8.75037e-07
1.51681e-06
-9.59242e-07
9.52713e-07
-1.00951e-06
3.93201e-07
-1.02542e-06
-1.61597e-07
-1.00715e-06
-7.1158e-07
-9.55462e-07
-1.25656e-06
-8.7173e-07
-1.79619e-06
-7.57915e-07
-2.32985e-06
-6.16617e-07
-2.85658e-06
-4.51115e-07
-3.37496e-06
-2.65427e-07
-3.88305e-06
-6.43661e-08
-4.37822e-06
1.46403e-07
-4.857e-06
3.60324e-07
-5.31491e-06
5.69945e-07
-5.74621e-06
7.66969e-07
-6.14367e-06
9.42395e-07
-6.49816e-06
1.08679e-06
-6.7984e-06
1.19073e-06
-7.03053e-06
1.2455e-06
-7.1778e-06
1.24404e-06
-7.22037e-06
1.18222e-06
-7.13531e-06
1.06041e-06
-6.89702e-06
8.85134e-07
-6.47825e-06
6.70717e-07
-5.85188e-06
4.40272e-07
-4.99375e-06
2.25604e-07
-3.88624e-06
6.52857e-08
-2.52244e-06
-9.12215e-07
7.06004e-08
1.01519e-06
2.461e-07
2.80163e-06
4.85993e-07
4.3141e-06
7.50921e-07
5.54031e-06
1.00687e-06
6.48333e-06
1.22758e-06
7.15804e-06
1.39541e-06
7.58811e-06
1.50098e-06
7.80264e-06
1.54189e-06
7.833e-06
1.52117e-06
7.71028e-06
1.4456e-06
7.46356e-06
1.32425e-06
7.11879e-06
1.16726e-06
6.69836e-06
9.84969e-07
6.22093e-06
7.87293e-07
5.70173e-06
5.83317e-07
5.15283e-06
3.81099e-07
4.58363e-06
1.87585e-07
4.00128e-06
8.60495e-09
3.41112e-06
-1.51074e-07
2.81703e-06
-2.87673e-07
2.22182e-06
-3.98311e-07
1.62745e-06
-4.80926e-07
1.03533e-06
-5.34202e-07
4.46477e-07
-5.57507e-07
-1.38292e-07
-5.50854e-07
-7.18233e-07
-5.14874e-07
-1.29254e-06
-4.5081e-07
-1.86026e-06
-3.60519e-07
-2.42015e-06
-2.46495e-07
-2.9706e-06
-1.11897e-07
-3.50956e-06
3.94161e-08
-4.03437e-06
2.02858e-07
-4.54166e-06
3.73087e-07
-5.02723e-06
5.44014e-07
-5.48583e-06
7.08838e-07
-5.91104e-06
8.60148e-07
-6.29498e-06
9.90114e-07
-6.62813e-06
1.09078e-06
-6.89907e-06
1.15454e-06
-7.09429e-06
1.17476e-06
-7.19802e-06
1.14659e-06
-7.19221e-06
1.06806e-06
-7.05678e-06
9.41198e-07
-6.77016e-06
7.73236e-07
-6.31029e-06
5.77593e-07
-5.65624e-06
3.74323e-07
-4.79048e-06
1.89663e-07
-3.70158e-06
5.4323e-08
-2.3871e-06
-8.57892e-07
6.14198e-08
9.53767e-07
2.16161e-07
2.64688e-06
4.31401e-07
4.09886e-06
6.74761e-07
5.29695e-06
9.17414e-07
6.24068e-06
1.13609e-06
6.93937e-06
1.31405e-06
7.41015e-06
1.44113e-06
7.67557e-06
1.51304e-06
7.76108e-06
1.53037e-06
7.69295e-06
1.4973e-06
7.49663e-06
1.42045e-06
7.19564e-06
1.30789e-06
6.81092e-06
1.16825e-06
6.36056e-06
1.01019e-06
5.85979e-06
8.41876e-07
5.32114e-06
6.70796e-07
4.75471e-06
5.03558e-07
4.16852e-06
3.4585e-07
3.56883e-06
2.02427e-07
2.96045e-06
7.71481e-08
2.3471e-06
-2.69723e-08
1.73157e-06
-1.07709e-07
1.11607e-06
-1.63568e-07
5.02336e-07
-1.93741e-07
-1.0812e-07
-1.98065e-07
-7.1391e-07
-1.76998e-07
-1.31361e-06
-1.31609e-07
-1.90565e-06
-6.35759e-08
-2.48818e-06
2.48069e-08
-3.05899e-06
1.30614e-07
-3.61537e-06
2.50273e-07
-4.15403e-06
3.79557e-07
-4.67094e-06
5.13586e-07
-5.16126e-06
6.4686e-07
-5.61911e-06
7.73332e-07
-6.03751e-06
8.86532e-07
-6.40818e-06
9.79778e-07
-6.72137e-06
1.04648e-06
-6.96578e-06
1.08058e-06
-7.12839e-06
1.0771e-06
-7.19453e-06
1.03284e-06
-7.14795e-06
9.47233e-07
-6.97117e-06
8.23162e-07
-6.64609e-06
6.67809e-07
-6.15493e-06
4.9322e-07
-5.48165e-06
3.16434e-07
-4.6137e-06
1.58922e-07
-3.54407e-06
4.51537e-08
-2.27333e-06
-8.12738e-07
5.34913e-08
9.00276e-07
1.89751e-07
2.51063e-06
3.81969e-07
3.90664e-06
6.03414e-07
5.07551e-06
8.29729e-07
6.01436e-06
1.04056e-06
6.72854e-06
1.22049e-06
7.23022e-06
1.35928e-06
7.53677e-06
1.4516e-06
7.66876e-06
1.4963e-06
7.64825e-06
1.49558e-06
7.49735e-06
1.45406e-06
7.23716e-06
1.37793e-06
6.88705e-06
1.27426e-06
6.46424e-06
1.15039e-06
5.98367e-06
1.01351e-06
5.45802e-06
8.70387e-07
4.89783e-06
7.27143e-07
4.31176e-06
5.89164e-07
3.7068e-06
4.61053e-07
3.08857e-06
3.46625e-07
2.46152e-06
2.48924e-07
1.82927e-06
1.70264e-07
1.19472e-06
1.12264e-07
5.60336e-07
7.58862e-08
-7.17413e-08
6.14641e-08
-6.99488e-07
6.87298e-08
-1.32088e-06
9.68259e-08
-1.93374e-06
1.44312e-07
-2.53566e-06
2.09167e-07
-3.12384e-06
2.88782e-07
-3.69498e-06
3.79965e-07
-4.24521e-06
4.78941e-07
-4.76992e-06
5.81383e-07
-5.2637e-06
6.82455e-07
-5.72018e-06
7.769e-07
-6.13195e-06
8.59184e-07
-6.49046e-06
9.23701e-07
-6.78589e-06
9.65064e-07
-7.00714e-06
9.78489e-07
-7.14181e-06
9.60277e-07
-7.17632e-06
9.0839e-07
-7.09606e-06
8.23077e-07
-6.88586e-06
7.07518e-07
-6.53053e-06
5.68364e-07
-6.01578e-06
4.1607e-07
-5.32935e-06
2.64847e-07
-4.46247e-06
1.32106e-07
-3.41133e-06
3.7302e-08
-2.17852e-06
-7.75436e-07
4.64954e-08
8.5378e-07
1.66022e-07
2.3911e-06
3.36584e-07
3.73608e-06
5.36073e-07
4.87602e-06
7.43982e-07
5.80646e-06
9.42693e-07
6.52982e-06
1.11832e-06
7.0546e-06
1.26103e-06
7.39406e-06
1.36501e-06
7.56478e-06
1.42801e-06
7.58526e-06
1.45073e-06
7.47463e-06
1.4362e-06
7.2517e-06
1.38903e-06
6.93422e-06
1.31484e-06
6.53843e-06
1.21973e-06
6.07878e-06
1.10988e-06
5.56786e-06
9.91276e-07
5.01644e-06
8.6944e-07
4.4336e-06
7.4935e-07
3.82689e-06
6.35342e-07
3.20257e-06
5.31081e-07
2.56578e-06
4.39561e-07
1.92079e-06
3.6311e-07
1.27118e-06
3.03423e-07
6.20023e-07
2.61583e-07
-2.99013e-08
2.38086e-07
-6.75991e-07
2.32862e-07
-1.31565e-06
2.45289e-07
-1.94617e-06
2.74204e-07
-2.56458e-06
3.17908e-07
-3.16754e-06
3.7417e-07
-3.75125e-06
4.40241e-07
-4.31128e-06
5.12862e-07
-4.84254e-06
5.88309e-07
-5.33914e-06
6.62439e-07
-5.79431e-06
7.30791e-07
-6.20031e-06
7.88722e-07
-6.54839e-06
8.31599e-07
-6.82877e-06
8.55062e-07
-7.0306e-06
8.55355e-07
-7.14211e-06
8.29728e-07
-7.15069e-06
7.76892e-07
-7.04323e-06
6.97507e-07
-6.80648e-06
5.94639e-07
-6.42766e-06
4.74128e-07
-5.89527e-06
3.44763e-07
-5.19999e-06
2.18157e-07
-4.33587e-06
1.08258e-07
-3.30143e-06
3.04266e-08
-2.10069e-06
-7.4501e-07
4.02009e-08
8.13579e-07
1.44341e-07
2.28696e-06
2.94361e-07
3.58606e-06
4.72003e-07
4.69838e-06
6.60084e-07
5.61837e-06
8.43514e-07
6.34639e-06
1.01001e-06
6.88811e-06
1.15045e-06
7.25361e-06
1.25896e-06
7.45627e-06
1.33263e-06
7.51159e-06
1.37113e-06
7.43612e-06
1.37623e-06
7.2466e-06
1.35123e-06
6.95922e-06
1.30048e-06
6.58918e-06
1.22894e-06
6.15031e-06
1.14182e-06
5.65498e-06
1.04426e-06
5.114e-06
9.41148e-07
4.53671e-06
8.36979e-07
3.93106e-06
7.35735e-07
3.30382e-06
6.40853e-07
2.66067e-06
5.55193e-07
2.00645e-06
4.81044e-07
1.34533e-06
4.20126e-07
6.80941e-07
3.73611e-07
1.66135e-08
3.42141e-07
-6.4452e-07
3.2584e-07
-1.29935e-06
3.24335e-07
-1.94467e-06
3.36763e-07
-2.57701e-06
3.6178e-07
-3.19256e-06
3.97573e-07
-3.78704e-06
4.41872e-07
-4.35558e-06
4.91972e-07
-4.89264e-06
5.44772e-07
-5.39194e-06
5.96832e-07
-5.84637e-06
6.4446e-07
-6.24793e-06
6.83839e-07
-6.58777e-06
7.11202e-07
-6.85613e-06
7.23052e-07
-7.04245e-06
7.16437e-07
-7.13549e-06
6.8928e-07
-7.12354e-06
6.40738e-07
-6.99469e-06
5.71564e-07
-6.7373e-06
4.84446e-07
-6.34055e-06
3.84248e-07
-5.79507e-06
2.78098e-07
-5.09384e-06
1.75248e-07
-4.23302e-06
8.66553e-08
-3.21284e-06
2.42774e-08
-2.03831e-06
-7.20732e-07
3.44369e-08
7.79143e-07
1.24227e-07
2.19717e-06
2.54603e-07
3.45568e-06
4.10564e-07
4.54241e-06
5.7783e-07
5.45111e-06
7.43627e-07
6.1806e-06
8.9728e-07
6.73445e-06
1.03057e-06
7.12032e-06
1.13783e-06
7.34901e-06
1.21587e-06
7.43355e-06
1.26366e-06
7.38833e-06
1.28203e-06
7.22824e-06
1.27321e-06
6.96804e-06
1.24047e-06
6.62191e-06
1.18775e-06
6.20304e-06
1.1193e-06
5.72343e-06
1.03948e-06
5.19383e-06
9.52496e-07
4.62369e-06
8.62303e-07
4.02126e-06
7.72477e-07
3.39364e-06
6.86161e-07
2.74698e-06
6.06028e-07
2.08658e-06
5.34264e-07
1.41709e-06
4.72575e-07
7.4263e-07
4.22189e-07
6.7e-08
3.83868e-07
-6.062e-07
3.57928e-07
-1.27341e-06
3.44241e-07
-1.93098e-06
3.42254e-07
-2.57502e-06
3.50997e-07
-3.2013e-06
3.69093e-07
-3.80514e-06
3.94775e-07
-4.38126e-06
4.25905e-07
-4.92377e-06
4.60012e-07
-5.42605e-06
4.94343e-07
-5.8807e-06
5.2594e-07
-6.27953e-06
5.51747e-07
-6.61358e-06
5.68754e-07
-6.87314e-06
5.7418e-07
-7.04788e-06
5.65695e-07
-7.12701e-06
5.41678e-07
-7.09952e-06
5.01494e-07
-6.9545e-06
4.4577e-07
-6.68158e-06
3.76637e-07
-6.27141e-06
2.97895e-07
-5.71633e-06
2.15059e-07
-5.011e-06
1.35225e-07
-4.15318e-06
6.67394e-08
-3.14435e-06
1.8667e-08
-1.99024e-06
-7.02065e-07
2.90743e-08
7.50068e-07
1.0531e-07
2.12093e-06
2.16751e-07
3.34424e-06
3.5121e-07
4.40796e-06
4.96968e-07
5.30535e-06
6.43377e-07
6.03419e-06
7.81344e-07
6.59649e-06
9.03643e-07
6.99802e-06
1.00505e-06
7.2476e-06
1.08232e-06
7.35628e-06
1.13403e-06
7.33663e-06
1.16029e-06
7.20197e-06
1.16252e-06
6.96581e-06
1.14307e-06
6.64137e-06
1.10495e-06
6.24116e-06
1.05156e-06
5.77682e-06
9.86468e-07
5.25892e-06
9.1322e-07
4.69694e-06
8.35203e-07
4.09927e-06
7.55544e-07
3.4733e-06
6.77045e-07
2.82548e-06
6.02138e-07
2.16149e-06
5.32868e-07
1.48636e-06
4.7088e-07
8.04618e-07
4.17425e-07
1.20455e-07
3.73365e-07
-5.6214e-07
3.39185e-07
-1.23923e-06
3.14999e-07
-1.90679e-06
3.00565e-07
-2.56059e-06
2.95288e-07
-3.19603e-06
2.98236e-07
-3.80808e-06
3.0815e-07
-4.39117e-06
3.23462e-07
-4.93909e-06
3.42325e-07
-5.44491e-06
3.62653e-07
-5.90103e-06
3.82179e-07
-6.29906e-06
3.98544e-07
-6.62994e-06
4.09404e-07
-6.884e-06
4.12574e-07
-7.05105e-06
4.06198e-07
-7.12063e-06
3.88944e-07
-7.08227e-06
3.60214e-07
-6.92577e-06
3.20354e-07
-6.64172e-06
2.70823e-07
-6.22188e-06
2.14318e-07
-5.65982e-06
1.54797e-07
-4.95148e-06
9.73737e-08
-4.09576e-06
4.80766e-08
-3.09505e-06
1.34526e-08
-1.95562e-06
-6.88613e-07
2.40133e-08
7.26055e-07
8.72952e-08
2.05765e-06
1.80352e-07
3.25118e-06
2.9347e-07
4.29484e-06
4.17229e-07
5.18159e-06
5.42948e-07
5.90847e-06
6.63064e-07
6.47637e-06
7.71408e-07
6.88968e-06
8.63334e-07
7.15567e-06
9.35746e-07
7.28387e-06
9.87006e-07
7.28537e-06
1.01677e-06
7.1722e-06
1.02578e-06
6.9568e-06
1.01564e-06
6.65151e-06
9.88539e-07
6.26826e-06
9.47103e-07
5.81825e-06
8.94153e-07
5.31187e-06
8.32573e-07
4.75852e-06
7.65176e-07
4.16667e-06
6.94615e-07
3.54386e-06
6.23313e-07
2.89678e-06
5.53425e-07
2.23138e-06
4.8681e-07
1.55297e-06
4.25018e-07
8.6641e-07
3.6929e-07
1.76183e-07
3.20561e-07
-5.13411e-07
2.79465e-07
-1.19814e-06
2.46343e-07
-1.87367e-06
2.21253e-07
-2.5355e-06
2.03974e-07
-3.17875e-06
1.94014e-07
-3.79812e-06
1.90621e-07
-4.38778e-06
1.9279e-07
-4.94126e-06
1.99285e-07
-5.45141e-06
2.08662e-07
-5.9104e-06
2.19312e-07
-6.30971e-06
2.29516e-07
-6.64015e-06
2.37525e-07
-6.892e-06
2.41654e-07
-7.05518e-06
2.40411e-07
-7.11939e-06
2.32633e-07
-7.07449e-06
2.17642e-07
-6.91078e-06
1.95392e-07
-6.61947e-06
1.66603e-07
-6.19309e-06
1.32854e-07
-5.62608e-06
9.6601e-08
-4.91523e-06
6.1117e-08
-4.06028e-06
3.0324e-08
-3.06426e-06
8.52314e-09
-1.93382e-06
-6.80089e-07
1.91741e-08
7.06881e-07
6.99469e-08
2.00688e-06
1.45029e-07
3.1761e-06
2.36938e-07
4.20293e-06
3.38349e-07
5.08018e-06
4.42416e-07
5.8044e-06
5.43065e-07
6.37572e-06
6.35208e-07
6.79754e-06
7.14873e-07
7.07601e-06
7.79251e-07
7.21949e-06
8.2666e-07
7.23796e-06
8.56446e-07
7.14242e-06
8.68842e-07
6.94441e-06
8.64804e-07
6.65555e-06
8.4584e-07
6.28722e-06
8.13841e-07
5.85025e-06
7.70936e-07
5.35477e-06
7.19359e-07
4.81009e-06
6.6135e-07
4.22468e-06
5.99068e-07
3.60615e-06
5.34535e-07
2.96132e-06
4.69593e-07
2.29632e-06
4.05881e-07
1.61669e-06
3.4482e-07
9.27471e-07
2.8761e-07
2.33393e-07
2.35228e-07
-4.6103e-07
1.88436e-07
-1.15134e-06
1.47781e-07
-1.83302e-06
1.13608e-07
-2.50132e-06
8.6055e-08
-3.15119e-06
6.50639e-08
-3.77713e-06
5.03781e-08
-4.3731e-06
4.1547e-08
-4.93242e-06
3.79306e-08
-5.44779e-06
3.8709e-08
-5.91118e-06
4.29e-08
-6.3139e-06
4.93861e-08
-6.64663e-06
5.69575e-08
-6.89958e-06
6.43687e-08
-7.06259e-06
7.04146e-08
-7.12544e-06
7.40212e-08
-7.07809e-06
7.43484e-08
-6.91111e-06
7.08969e-08
-6.61601e-06
6.36069e-08
-6.1858e-06
5.29334e-08
-5.6154e-06
3.98813e-08
-4.90218e-06
2.59825e-08
-4.04638e-06
1.32051e-08
-3.05148e-06
3.79017e-09
-1.9244e-06
-6.76299e-07
1.44908e-08
6.9239e-07
5.30653e-08
1.9683e-06
1.10461e-07
3.1187e-06
1.8125e-07
4.13214e-06
2.60059e-07
5.00137e-06
3.41785e-07
5.72268e-06
4.21797e-07
6.29571e-06
4.96104e-07
6.72323e-06
5.6147e-07
7.01064e-06
6.15471e-07
7.16549e-06
6.56495e-07
7.19693e-06
6.83701e-07
7.11521e-06
6.96929e-07
6.93118e-06
6.96601e-07
6.65588e-06
6.83602e-07
6.30022e-06
6.59166e-07
5.87469e-06
6.24759e-07
5.38918e-06
5.81989e-07
4.85286e-06
5.32521e-07
4.27415e-06
4.78011e-07
3.66066e-06
4.20057e-07
3.01927e-06
3.60162e-07
2.35622e-06
2.99716e-07
1.67713e-06
2.39979e-07
9.87208e-07
1.82076e-07
2.91295e-07
1.27001e-07
-4.05955e-07
7.56143e-08
-1.09996e-06
2.86495e-08
-1.78605e-06
-1.32849e-08
-2.45939e-06
-4.97044e-08
-3.11478e-06
-8.02501e-08
-3.74659e-06
-1.04693e-07
-4.34865e-06
-1.22943e-07
-4.91417e-06
-1.35054e-07
-5.43568e-06
-1.41239e-07
-5.905e-06
-1.41869e-07
-6.31327e-06
-1.37485e-07
-6.65102e-06
-1.28787e-07
-6.90827e-06
-1.16617e-07
-7.07476e-06
-1.01936e-07
-7.14012e-06
-8.57732e-08
-7.09426e-06
-6.91734e-08
-6.92771e-06
-5.31255e-08
-6.63206e-06
-3.849e-08
-6.20044e-06
-2.59302e-08
-5.62796e-06
-1.58602e-08
-4.91225e-06
-8.42283e-09
-4.05381e-06
-3.50798e-09
-3.0564e-06
-8.19369e-10
-1.92709e-06
-6.77119e-07
9.90575e-09
6.82484e-07
3.64745e-08
1.94173e-06
7.6355e-08
3.07882e-06
1.26065e-07
4.08243e-06
1.8209e-07
4.94535e-06
2.41001e-07
5.66376e-06
2.99583e-07
6.23713e-06
3.5495e-07
6.66786e-06
4.0464e-07
6.96095e-06
4.46677e-07
7.12345e-06
4.79604e-07
7.16401e-06
5.02471e-07
7.09234e-06
5.14814e-07
6.91883e-06
5.16594e-07
6.6541e-06
5.08135e-07
6.30868e-06
4.90056e-07
5.89277e-06
4.63196e-07
5.41604e-06
4.28549e-07
4.88751e-06
3.87208e-07
4.31549e-06
3.40317e-07
3.70755e-06
2.89031e-07
3.07056e-06
2.34494e-07
2.41075e-06
1.77817e-07
1.73381e-06
1.20069e-07
1.04496e-06
6.22747e-08
3.4909e-07
5.41077e-09
-3.49091e-07
-4.95887e-08
-1.04496e-06
-1.01832e-07
-1.73381e-06
-1.50466e-07
-2.41075e-06
-1.94683e-07
-3.07056e-06
-2.33723e-07
-3.70755e-06
-2.66885e-07
-4.31549e-06
-2.93548e-07
-4.88751e-06
-3.1319e-07
-5.41604e-06
-3.25421e-07
-5.89277e-06
-3.30011e-07
-6.30868e-06
-3.26928e-07
-6.6541e-06
-3.16366e-07
-6.91884e-06
-2.98778e-07
-7.09235e-06
-2.74885e-07
-7.16401e-06
-2.45687e-07
-7.12345e-06
-2.12444e-07
-6.96095e-06
-1.76645e-07
-6.66786e-06
-1.39955e-07
-6.23713e-06
-1.04152e-07
-5.66377e-06
-7.10502e-08
-4.94535e-06
-4.24356e-08
-4.08243e-06
-2.001e-08
-3.07882e-06
-5.36593e-09
-1.94173e-06
-6.82485e-07
5.36592e-09
6.77119e-07
2.001e-08
1.92709e-06
4.24356e-08
3.0564e-06
7.10502e-08
4.05381e-06
1.04152e-07
4.91225e-06
1.39955e-07
5.62796e-06
1.76645e-07
6.20044e-06
2.12444e-07
6.63206e-06
2.45687e-07
6.92771e-06
2.74885e-07
7.09426e-06
2.98778e-07
7.14012e-06
3.16366e-07
7.07476e-06
3.26928e-07
6.90827e-06
3.30011e-07
6.65102e-06
3.25421e-07
6.31327e-06
3.1319e-07
5.905e-06
2.93548e-07
5.43568e-06
2.66885e-07
4.91417e-06
2.33723e-07
4.34865e-06
1.94683e-07
3.74659e-06
1.50466e-07
3.11477e-06
1.01832e-07
2.45939e-06
4.95888e-08
1.78605e-06
-5.41074e-09
1.09996e-06
-6.22747e-08
4.05954e-07
-1.20069e-07
-2.91296e-07
-1.77817e-07
-9.87209e-07
-2.34494e-07
-1.67713e-06
-2.89031e-07
-2.35622e-06
-3.40317e-07
-3.01927e-06
-3.87208e-07
-3.66066e-06
-4.28549e-07
-4.27415e-06
-4.63196e-07
-4.85286e-06
-4.90056e-07
-5.38918e-06
-5.08135e-07
-5.87469e-06
-5.16594e-07
-6.30022e-06
-5.14814e-07
-6.65588e-06
-5.02471e-07
-6.93118e-06
-4.79604e-07
-7.11521e-06
-4.46678e-07
-7.19694e-06
-4.0464e-07
-7.16549e-06
-3.5495e-07
-7.01064e-06
-2.99583e-07
-6.72323e-06
-2.41001e-07
-6.29571e-06
-1.8209e-07
-5.72268e-06
-1.26065e-07
-5.00137e-06
-7.63551e-08
-4.13214e-06
-3.64745e-08
-3.1187e-06
-9.90576e-09
-1.9683e-06
-6.9239e-07
8.19363e-10
6.76299e-07
3.50797e-09
1.9244e-06
8.42281e-09
3.05148e-06
1.58602e-08
4.04638e-06
2.59302e-08
4.90218e-06
3.84899e-08
5.6154e-06
5.31254e-08
6.1858e-06
6.91733e-08
6.61601e-06
8.57731e-08
6.91111e-06
1.01936e-07
7.07809e-06
1.16617e-07
7.12543e-06
1.28787e-07
7.06259e-06
1.37485e-07
6.89958e-06
1.41869e-07
6.64663e-06
1.41238e-07
6.3139e-06
1.35054e-07
5.91118e-06
1.22943e-07
5.44779e-06
1.04693e-07
4.93242e-06
8.02501e-08
4.37309e-06
4.97044e-08
3.77713e-06
1.32849e-08
3.15119e-06
-2.86495e-08
2.50132e-06
-7.56142e-08
1.83302e-06
-1.27001e-07
1.15134e-06
-1.82076e-07
4.61029e-07
-2.39979e-07
-2.33393e-07
-2.99716e-07
-9.27471e-07
-3.60162e-07
-1.61669e-06
-4.20057e-07
-2.29632e-06
-4.78011e-07
-2.96132e-06
-5.32521e-07
-3.60615e-06
-5.81989e-07
-4.22468e-06
-6.24759e-07
-4.8101e-06
-6.59166e-07
-5.35477e-06
-6.83603e-07
-5.85025e-06
-6.96601e-07
-6.28722e-06
-6.96929e-07
-6.65555e-06
-6.83701e-07
-6.94441e-06
-6.56495e-07
-7.14242e-06
-6.15471e-07
-7.23796e-06
-5.6147e-07
-7.21949e-06
-4.96104e-07
-7.07601e-06
-4.21798e-07
-6.79754e-06
-3.41786e-07
-6.37572e-06
-2.60059e-07
-5.8044e-06
-1.8125e-07
-5.08018e-06
-1.10461e-07
-4.20293e-06
-5.30653e-08
-3.1761e-06
-1.44908e-08
-2.00688e-06
-7.06881e-07
-3.79017e-09
6.80089e-07
-1.32051e-08
1.93382e-06
-2.59825e-08
3.06426e-06
-3.98813e-08
4.06028e-06
-5.29334e-08
4.91523e-06
-6.36069e-08
5.62608e-06
-7.0897e-08
6.19309e-06
-7.43485e-08
6.61947e-06
-7.40212e-08
6.91078e-06
-7.04147e-08
7.07449e-06
-6.43687e-08
7.11939e-06
-5.69575e-08
7.05518e-06
-4.93862e-08
6.892e-06
-4.29e-08
6.64015e-06
-3.87091e-08
6.30971e-06
-3.79306e-08
5.9104e-06
-4.1547e-08
5.45141e-06
-5.03781e-08
4.94125e-06
-6.50639e-08
4.38778e-06
-8.6055e-08
3.79812e-06
-1.13608e-07
3.17875e-06
-1.47781e-07
2.5355e-06
-1.88436e-07
1.87367e-06
-2.35228e-07
1.19813e-06
-2.8761e-07
5.13411e-07
-3.4482e-07
-1.76183e-07
-4.05881e-07
-8.66411e-07
-4.69593e-07
-1.55297e-06
-5.34535e-07
-2.23138e-06
-5.99068e-07
-2.89678e-06
-6.61351e-07
-3.54386e-06
-7.1936e-07
-4.16667e-06
-7.70936e-07
-4.75852e-06
-8.13841e-07
-5.31187e-06
-8.4584e-07
-5.81825e-06
-8.64804e-07
-6.26826e-06
-8.68842e-07
-6.65151e-06
-8.56446e-07
-6.9568e-06
-8.2666e-07
-7.1722e-06
-7.79251e-07
-7.28537e-06
-7.14873e-07
-7.28387e-06
-6.35208e-07
-7.15567e-06
-5.43065e-07
-6.88968e-06
-4.42416e-07
-6.47637e-06
-3.38349e-07
-5.90847e-06
-2.36938e-07
-5.18159e-06
-1.45029e-07
-4.29484e-06
-6.99469e-08
-3.25118e-06
-1.91742e-08
-2.05765e-06
-7.26055e-07
-8.52314e-09
6.88613e-07
-3.0324e-08
1.95562e-06
-6.1117e-08
3.09505e-06
-9.6601e-08
4.09576e-06
-1.32854e-07
4.95148e-06
-1.66603e-07
5.65982e-06
-1.95392e-07
6.22188e-06
-2.17642e-07
6.64172e-06
-2.32633e-07
6.92577e-06
-2.40411e-07
7.08226e-06
-2.41654e-07
7.12063e-06
-2.37525e-07
7.05105e-06
-2.29516e-07
6.884e-06
-2.19312e-07
6.62994e-06
-2.08662e-07
6.29906e-06
-1.99285e-07
5.90103e-06
-1.9279e-07
5.44491e-06
-1.90621e-07
4.93909e-06
-1.94014e-07
4.39117e-06
-2.03974e-07
3.80808e-06
-2.21253e-07
3.19603e-06
-2.46343e-07
2.56059e-06
-2.79465e-07
1.90679e-06
-3.20561e-07
1.23923e-06
-3.6929e-07
5.6214e-07
-4.25018e-07
-1.20456e-07
-4.8681e-07
-8.04619e-07
-5.53425e-07
-1.48636e-06
-6.23313e-07
-2.16149e-06
-6.94615e-07
-2.82548e-06
-7.65177e-07
-3.4733e-06
-8.32574e-07
-4.09927e-06
-8.94154e-07
-4.69694e-06
-9.47103e-07
-5.25892e-06
-9.88539e-07
-5.77682e-06
-1.01564e-06
-6.24116e-06
-1.02579e-06
-6.64137e-06
-1.01677e-06
-6.96582e-06
-9.87006e-07
-7.20197e-06
-9.35746e-07
-7.33663e-06
-8.63334e-07
-7.35628e-06
-7.71408e-07
-7.2476e-06
-6.63065e-07
-6.99802e-06
-5.42948e-07
-6.59649e-06
-4.17229e-07
-6.03419e-06
-2.9347e-07
-5.30535e-06
-1.80352e-07
-4.40796e-06
-8.72953e-08
-3.34424e-06
-2.40133e-08
-2.12093e-06
-7.50069e-07
-1.34526e-08
7.02065e-07
-4.80767e-08
1.99024e-06
-9.73737e-08
3.14435e-06
-1.54797e-07
4.15318e-06
-2.14318e-07
5.011e-06
-2.70823e-07
5.71633e-06
-3.20354e-07
6.27141e-06
-3.60214e-07
6.68158e-06
-3.88944e-07
6.9545e-06
-4.06198e-07
7.09952e-06
-4.12574e-07
7.12701e-06
-4.09404e-07
7.04788e-06
-3.98544e-07
6.87314e-06
-3.82179e-07
6.61358e-06
-3.62653e-07
6.27953e-06
-3.42325e-07
5.8807e-06
-3.23462e-07
5.42605e-06
-3.0815e-07
4.92377e-06
-2.98236e-07
4.38126e-06
-2.95288e-07
3.80513e-06
-3.00565e-07
3.2013e-06
-3.14999e-07
2.57502e-06
-3.39185e-07
1.93098e-06
-3.73365e-07
1.27341e-06
-4.17425e-07
6.06199e-07
-4.7088e-07
-6.70005e-08
-5.32868e-07
-7.4263e-07
-6.02138e-07
-1.41709e-06
-6.77045e-07
-2.08659e-06
-7.55544e-07
-2.74698e-06
-8.35203e-07
-3.39364e-06
-9.13221e-07
-4.02126e-06
-9.86468e-07
-4.62369e-06
-1.05156e-06
-5.19383e-06
-1.10495e-06
-5.72343e-06
-1.14307e-06
-6.20304e-06
-1.16252e-06
-6.62191e-06
-1.16029e-06
-6.96804e-06
-1.13403e-06
-7.22824e-06
-1.08232e-06
-7.38833e-06
-1.00505e-06
-7.43356e-06
-9.03643e-07
-7.34901e-06
-7.81344e-07
-7.12032e-06
-6.43377e-07
-6.73445e-06
-4.96968e-07
-6.1806e-06
-3.5121e-07
-5.45111e-06
-2.16751e-07
-4.54241e-06
-1.0531e-07
-3.45568e-06
-2.90743e-08
-2.19717e-06
-7.79143e-07
-1.8667e-08
7.20732e-07
-6.67394e-08
2.03831e-06
-1.35225e-07
3.21284e-06
-2.15059e-07
4.23302e-06
-2.97895e-07
5.09384e-06
-3.76637e-07
5.79507e-06
-4.4577e-07
6.34054e-06
-5.01494e-07
6.7373e-06
-5.41678e-07
6.99469e-06
-5.65695e-07
7.12354e-06
-5.7418e-07
7.13549e-06
-5.68754e-07
7.04245e-06
-5.51747e-07
6.85613e-06
-5.2594e-07
6.58777e-06
-4.94343e-07
6.24793e-06
-4.60012e-07
5.84637e-06
-4.25905e-07
5.39194e-06
-3.94775e-07
4.89264e-06
-3.69093e-07
4.35558e-06
-3.50997e-07
3.78704e-06
-3.42254e-07
3.19256e-06
-3.44241e-07
2.57701e-06
-3.57928e-07
1.94467e-06
-3.83869e-07
1.29935e-06
-4.22189e-07
6.4452e-07
-4.72575e-07
-1.6614e-08
-5.34264e-07
-6.80941e-07
-6.06028e-07
-1.34533e-06
-6.86162e-07
-2.00645e-06
-7.72477e-07
-2.66067e-06
-8.62303e-07
-3.30382e-06
-9.52496e-07
-3.93106e-06
-1.03948e-06
-4.53671e-06
-1.1193e-06
-5.114e-06
-1.18775e-06
-5.65498e-06
-1.24047e-06
-6.15031e-06
-1.27321e-06
-6.58918e-06
-1.28203e-06
-6.95922e-06
-1.26366e-06
-7.2466e-06
-1.21587e-06
-7.43612e-06
-1.13783e-06
-7.51159e-06
-1.03057e-06
-7.45627e-06
-8.9728e-07
-7.25361e-06
-7.43627e-07
-6.88811e-06
-5.7783e-07
-6.34639e-06
-4.10564e-07
-5.61837e-06
-2.54603e-07
-4.69838e-06
-1.24227e-07
-3.58606e-06
-3.44369e-08
-2.28696e-06
-8.1358e-07
-2.42774e-08
7.4501e-07
-8.66553e-08
2.10069e-06
-1.75248e-07
3.30143e-06
-2.78098e-07
4.33587e-06
-3.84248e-07
5.19999e-06
-4.84446e-07
5.89527e-06
-5.71564e-07
6.42766e-06
-6.40738e-07
6.80648e-06
-6.8928e-07
7.04323e-06
-7.16437e-07
7.15069e-06
-7.23052e-07
7.14211e-06
-7.11202e-07
7.0306e-06
-6.83839e-07
6.82877e-06
-6.4446e-07
6.54839e-06
-5.96832e-07
6.20031e-06
-5.44772e-07
5.79431e-06
-4.91972e-07
5.33914e-06
-4.41872e-07
4.84254e-06
-3.97573e-07
4.31128e-06
-3.6178e-07
3.75125e-06
-3.36763e-07
3.16754e-06
-3.24335e-07
2.56458e-06
-3.2584e-07
1.94617e-06
-3.42141e-07
1.31565e-06
-3.73611e-07
6.7599e-07
-4.20126e-07
2.99008e-08
-4.81044e-07
-6.20023e-07
-5.55193e-07
-1.27118e-06
-6.40853e-07
-1.92079e-06
-7.35735e-07
-2.56578e-06
-8.36979e-07
-3.20257e-06
-9.41148e-07
-3.8269e-06
-1.04426e-06
-4.4336e-06
-1.14182e-06
-5.01644e-06
-1.22894e-06
-5.56786e-06
-1.30048e-06
-6.07878e-06
-1.35123e-06
-6.53843e-06
-1.37623e-06
-6.93422e-06
-1.37113e-06
-7.2517e-06
-1.33263e-06
-7.47463e-06
-1.25896e-06
-7.58526e-06
-1.15046e-06
-7.56478e-06
-1.01001e-06
-7.39406e-06
-8.43514e-07
-7.0546e-06
-6.60084e-07
-6.52982e-06
-4.72003e-07
-5.80646e-06
-2.94362e-07
-4.87602e-06
-1.44341e-07
-3.73608e-06
-4.02009e-08
-2.3911e-06
-8.53781e-07
-3.04266e-08
7.75436e-07
-1.08258e-07
2.17852e-06
-2.18157e-07
3.41133e-06
-3.44763e-07
4.46247e-06
-4.74128e-07
5.32935e-06
-5.94639e-07
6.01578e-06
-6.97507e-07
6.53053e-06
-7.76892e-07
6.88586e-06
-8.29728e-07
7.09606e-06
-8.55356e-07
7.17632e-06
-8.55062e-07
7.14181e-06
-8.31599e-07
7.00714e-06
-7.88722e-07
6.78589e-06
-7.30791e-07
6.49046e-06
-6.62439e-07
6.13195e-06
-5.88309e-07
5.72018e-06
-5.12863e-07
5.2637e-06
-4.40241e-07
4.76992e-06
-3.7417e-07
4.24521e-06
-3.17908e-07
3.69498e-06
-2.74204e-07
3.12384e-06
-2.45289e-07
2.53566e-06
-2.32862e-07
1.93374e-06
-2.38086e-07
1.32088e-06
-2.61583e-07
6.99487e-07
-3.03423e-07
7.17408e-08
-3.6311e-07
-5.60337e-07
-4.39561e-07
-1.19473e-06
-5.31082e-07
-1.82927e-06
-6.35342e-07
-2.46152e-06
-7.4935e-07
-3.08857e-06
-8.6944e-07
-3.7068e-06
-9.91277e-07
-4.31176e-06
-1.10988e-06
-4.89783e-06
-1.21973e-06
-5.45802e-06
-1.31484e-06
-5.98367e-06
-1.38903e-06
-6.46424e-06
-1.4362e-06
-6.88705e-06
-1.45073e-06
-7.23716e-06
-1.42801e-06
-7.49735e-06
-1.36501e-06
-7.64825e-06
-1.26103e-06
-7.66876e-06
-1.11832e-06
-7.53677e-06
-9.42693e-07
-7.23022e-06
-7.43982e-07
-6.72854e-06
-5.36073e-07
-6.01436e-06
-3.36584e-07
-5.07551e-06
-1.66022e-07
-3.90664e-06
-4.64955e-08
-2.51063e-06
-9.00276e-07
-3.7302e-08
8.12738e-07
-1.32106e-07
2.27333e-06
-2.64846e-07
3.54407e-06
-4.1607e-07
4.6137e-06
-5.68364e-07
5.48165e-06
-7.07518e-07
6.15493e-06
-8.23077e-07
6.64609e-06
-9.0839e-07
6.97117e-06
-9.60277e-07
7.14795e-06
-9.78489e-07
7.19453e-06
-9.65064e-07
7.12839e-06
-9.23701e-07
6.96577e-06
-8.59184e-07
6.72137e-06
-7.769e-07
6.40818e-06
-6.82455e-07
6.03751e-06
-5.81383e-07
5.61911e-06
-4.78942e-07
5.16126e-06
-3.79965e-07
4.67094e-06
-2.88783e-07
4.15403e-06
-2.09167e-07
3.61537e-06
-1.44313e-07
3.05899e-06
-9.68261e-08
2.48818e-06
-6.873e-08
1.90565e-06
-6.14643e-08
1.31361e-06
-7.58864e-08
7.13909e-07
-1.12265e-07
1.08119e-07
-1.70264e-07
-5.02337e-07
-2.48924e-07
-1.11607e-06
-3.46625e-07
-1.73157e-06
-4.61054e-07
-2.3471e-06
-5.89165e-07
-2.96045e-06
-7.27143e-07
-3.56883e-06
-8.70387e-07
-4.16852e-06
-1.01351e-06
-4.75471e-06
-1.15039e-06
-5.32114e-06
-1.27426e-06
-5.85979e-06
-1.37793e-06
-6.36056e-06
-1.45406e-06
-6.81092e-06
-1.49558e-06
-7.19564e-06
-1.4963e-06
-7.49663e-06
-1.4516e-06
-7.69295e-06
-1.35928e-06
-7.76108e-06
-1.22049e-06
-7.67557e-06
-1.04056e-06
-7.41015e-06
-8.29729e-07
-6.93937e-06
-6.03414e-07
-6.24068e-06
-3.8197e-07
-5.29695e-06
-1.89751e-07
-4.09886e-06
-5.34914e-08
-2.64688e-06
-9.53767e-07
-4.51537e-08
8.57892e-07
-1.58922e-07
2.3871e-06
-3.16434e-07
3.70158e-06
-4.9322e-07
4.79048e-06
-6.67809e-07
5.65624e-06
-8.23162e-07
6.31029e-06
-9.47233e-07
6.77016e-06
-1.03284e-06
7.05678e-06
-1.0771e-06
7.19221e-06
-1.08058e-06
7.19801e-06
-1.04648e-06
7.09429e-06
-9.79778e-07
6.89907e-06
-8.86532e-07
6.62812e-06
-7.73332e-07
6.29498e-06
-6.4686e-07
5.91104e-06
-5.13586e-07
5.48583e-06
-3.79557e-07
5.02723e-06
-2.50273e-07
4.54166e-06
-1.30614e-07
4.03437e-06
-2.48071e-08
3.50956e-06
6.35757e-08
2.9706e-06
1.31609e-07
2.42014e-06
1.76997e-07
1.86026e-06
1.98064e-07
1.29254e-06
1.93741e-07
7.18233e-07
1.63568e-07
1.38292e-07
1.07709e-07
-4.46477e-07
2.6972e-08
-1.03533e-06
-7.71484e-08
-1.62745e-06
-2.02427e-07
-2.22182e-06
-3.4585e-07
-2.81703e-06
-5.03558e-07
-3.41112e-06
-6.70796e-07
-4.00128e-06
-8.41876e-07
-4.58363e-06
-1.01019e-06
-5.15283e-06
-1.16825e-06
-5.70173e-06
-1.30789e-06
-6.22093e-06
-1.42045e-06
-6.69836e-06
-1.4973e-06
-7.11879e-06
-1.53037e-06
-7.46356e-06
-1.51304e-06
-7.71028e-06
-1.44113e-06
-7.833e-06
-1.31405e-06
-7.80264e-06
-1.13609e-06
-7.58811e-06
-9.17414e-07
-7.15804e-06
-6.74761e-07
-6.48333e-06
-4.31401e-07
-5.54031e-06
-2.16161e-07
-4.3141e-06
-6.14198e-08
-2.80163e-06
-1.01519e-06
-5.4323e-08
9.12215e-07
-1.89663e-07
2.52244e-06
-3.74323e-07
3.88624e-06
-5.77593e-07
4.99375e-06
-7.73236e-07
5.85188e-06
-9.41198e-07
6.47825e-06
-1.06806e-06
6.89702e-06
-1.14659e-06
7.13531e-06
-1.17476e-06
7.22037e-06
-1.15454e-06
7.1778e-06
-1.09078e-06
7.03053e-06
-9.90114e-07
6.7984e-06
-8.60148e-07
6.49816e-06
-7.08838e-07
6.14366e-06
-5.44014e-07
5.74621e-06
-3.73087e-07
5.31491e-06
-2.02858e-07
4.857e-06
-3.94163e-08
4.37822e-06
1.11897e-07
3.88305e-06
2.46495e-07
3.37496e-06
3.60518e-07
2.85658e-06
4.5081e-07
2.32985e-06
5.14874e-07
1.79619e-06
5.50854e-07
1.25656e-06
5.57507e-07
7.1158e-07
5.34201e-07
1.61597e-07
4.80926e-07
-3.93202e-07
3.9831e-07
-9.52714e-07
2.87672e-07
-1.51681e-06
1.51074e-07
-2.08522e-06
-8.60539e-09
-2.65735e-06
-1.87586e-07
-3.23214e-06
-3.811e-07
-3.80777e-06
-5.83317e-07
-4.38141e-06
-7.87294e-07
-4.94885e-06
-9.8497e-07
-5.50405e-06
-1.16726e-06
-6.03865e-06
-1.32425e-06
-6.54137e-06
-1.4456e-06
-6.99744e-06
-1.52117e-06
-7.38799e-06
-1.54189e-06
-7.68956e-06
-1.50098e-06
-7.87391e-06
-1.39541e-06
-7.90821e-06
-1.22758e-06
-7.75595e-06
-1.00687e-06
-7.37875e-06
-7.50922e-07
-6.73928e-06
-4.85994e-07
-5.80524e-06
-2.46101e-07
-4.55399e-06
-7.06005e-08
-2.97713e-06
-1.08579e-06
-6.52857e-08
9.77501e-07
-2.25604e-07
2.68275e-06
-4.40272e-07
4.10091e-06
-6.70717e-07
5.2242e-06
-8.85134e-07
6.0663e-06
-1.06041e-06
6.65352e-06
-1.18222e-06
7.01884e-06
-1.24404e-06
7.19713e-06
-1.2455e-06
7.22183e-06
-1.19073e-06
7.12303e-06
-1.08679e-06
6.92659e-06
-9.42395e-07
6.65401e-06
-7.66969e-07
6.32273e-06
-5.69945e-07
5.94664e-06
-3.60324e-07
5.53659e-06
-1.46403e-07
5.10098e-06
6.43659e-08
4.64623e-06
2.65427e-07
4.17716e-06
4.51115e-07
3.69737e-06
6.16617e-07
3.20946e-06
7.57915e-07
2.71528e-06
8.7173e-07
2.21604e-06
9.55461e-07
1.71246e-06
1.00715e-06
1.20488e-06
1.02542e-06
6.93304e-07
1.00951e-06
1.77504e-07
9.59242e-07
-3.42929e-07
8.75036e-07
-8.68508e-07
7.57988e-07
-1.39976e-06
6.09917e-07
-1.93715e-06
4.33455e-07
-2.48089e-06
2.3216e-07
-3.03084e-06
1.06344e-08
-3.58624e-06
-2.25348e-07
-4.14543e-06
-4.68726e-07
-4.70547e-06
-7.11072e-07
-5.26171e-06
-9.42582e-07
-5.80714e-06
-1.15219e-06
-6.33176e-06
-1.32787e-06
-6.82176e-06
-1.45721e-06
-7.25865e-06
-1.52831e-06
-7.61846e-06
-1.53113e-06
-7.87109e-06
-1.45929e-06
-7.98005e-06
-1.3122e-06
-7.90304e-06
-1.09742e-06
-7.59353e-06
-8.32708e-07
-7.004e-06
-5.47149e-07
-6.0908e-06
-2.80715e-07
-4.82042e-06
-8.14859e-08
-3.17636e-06
-1.16727e-06
-7.87237e-08
1.05622e-06
-2.68468e-07
2.8725e-06
-5.16458e-07
4.3489e-06
-7.74137e-07
5.48188e-06
-1.00332e-06
6.29548e-06
-1.17807e-06
6.82827e-06
-1.28408e-06
7.12485e-06
-1.31666e-06
7.2297e-06
-1.27823e-06
7.1834e-06
-1.17596e-06
7.02077e-06
-1.01981e-06
6.77044e-06
-8.20979e-07
6.45518e-06
-5.90893e-07
6.09265e-06
-3.40509e-07
5.69626e-06
-7.9924e-08
5.27601e-06
1.8182e-07
4.83924e-06
4.36798e-07
4.39125e-06
6.78184e-07
3.93577e-06
9.00178e-07
3.47537e-06
1.09792e-06
3.01172e-06
1.2674e-06
2.54581e-06
1.40534e-06
2.07809e-06
1.50916e-06
1.60864e-06
1.57689e-06
1.13715e-06
1.60711e-06
6.6309e-07
1.59893e-06
1.85675e-07
1.55204e-06
-2.96035e-07
1.46664e-06
-7.83109e-07
1.34356e-06
-1.27668e-06
1.18429e-06
-1.77788e-06
9.91097e-07
-2.2877e-06
7.67164e-07
-2.80691e-06
5.16722e-07
-3.3358e-06
2.45244e-07
-3.87395e-06
-4.03744e-08
-4.41986e-06
-3.31641e-07
-4.97044e-06
-6.1834e-07
-5.52044e-06
-8.88503e-07
-6.06159e-06
-1.12857e-06
-6.58169e-06
-1.32382e-06
-7.0634e-06
-1.45922e-06
-7.48306e-06
-1.52083e-06
-7.80948e-06
-1.49785e-06
-8.00304e-06
-1.38534e-06
-8.01555e-06
-1.18746e-06
-7.7914e-06
-9.20765e-07
-7.27069e-06
-6.16599e-07
-6.39496e-06
-3.21577e-07
-5.11544e-06
-9.47345e-08
-3.4032e-06
-1.26201e-06
-9.56456e-08
1.15187e-06
-3.20616e-07
3.09747e-06
-6.0552e-07
4.6338e-06
-8.89116e-07
5.76547e-06
-1.1262e-06
6.53256e-06
-1.28889e-06
6.99096e-06
-1.36442e-06
7.20038e-06
-1.35161e-06
7.2169e-06
-1.25714e-06
7.08893e-06
-1.09231e-06
6.85593e-06
-8.70601e-07
6.54873e-06
-6.0605e-07
6.19063e-06
-3.12149e-07
5.79875e-06
-1.27216e-09
5.38538e-06
3.15598e-07
4.95914e-06
6.28938e-07
4.5259e-06
9.30628e-07
4.08956e-06
1.21384e-06
3.65256e-06
1.47289e-06
3.21632e-06
1.70309e-06
2.78151e-06
1.90063e-06
2.34827e-06
2.06242e-06
1.91631e-06
2.18601e-06
1.48505e-06
2.26951e-06
1.05365e-06
2.31155e-06
6.21054e-07
2.31119e-06
1.86032e-07
2.26797e-06
-2.52818e-07
2.1819e-06
-6.97033e-07
2.05348e-06
-1.14826e-06
1.88381e-06
-1.60821e-06
1.6747e-06
-2.07858e-06
1.42875e-06
-2.56097e-06
1.14963e-06
-3.05668e-06
8.42222e-07
-3.56654e-06
5.12906e-07
-4.09054e-06
1.69842e-07
-4.62738e-06
-1.76776e-07
-5.17382e-06
-5.14512e-07
-5.72386e-06
-8.28629e-07
-6.26757e-06
-1.1023e-06
-6.78973e-06
-1.31725e-06
-7.26811e-06
-1.45509e-06
-7.67164e-06
-1.49949e-06
-7.95864e-06
-1.43946e-06
-8.07559e-06
-1.27363e-06
-7.95723e-06
-1.01519e-06
-7.52912e-06
-6.96405e-07
-6.71375e-06
-3.70862e-07
-5.44099e-06
-1.11334e-07
-3.66273e-06
-1.37334e-06
-1.17597e-07
1.26947e-06
-3.85312e-07
3.36518e-06
-7.10488e-07
4.95898e-06
-1.01596e-06
6.07095e-06
-1.24952e-06
6.76612e-06
-1.3832e-06
7.12463e-06
-1.40835e-06
7.22553e-06
-1.32968e-06
7.13823e-06
-1.15988e-06
6.91913e-06
-9.15491e-07
6.61154e-06
-6.14118e-07
6.24736e-06
-2.72717e-07
5.84923e-06
9.3309e-08
5.43272e-06
4.70492e-07
5.0082e-06
8.4736e-07
4.58227e-06
1.21432e-06
4.15895e-06
1.56344e-06
3.74044e-06
1.88824e-06
3.32775e-06
2.18347e-06
2.92109e-06
2.44488e-06
2.52011e-06
2.66904e-06
2.1241e-06
2.85325e-06
1.73211e-06
2.99533e-06
1.34297e-06
3.0936e-06
9.55372e-07
3.1468e-06
5.67859e-07
3.154e-06
1.78828e-07
3.11465e-06
-2.13468e-07
3.02854e-06
-6.10924e-07
2.89586e-06
-1.01558e-06
2.71724e-06
-1.42959e-06
2.4939e-06
-1.85524e-06
2.22776e-06
-2.29483e-06
1.92166e-06
-2.75058e-06
1.5796e-06
-3.22448e-06
1.20707e-06
-3.718e-06
8.11389e-07
-4.2317e-06
4.02166e-07
-4.7646e-06
-8.33302e-09
-5.31336e-06
-4.04833e-07
-5.87107e-06
-7.68918e-07
-6.42564e-06
-1.07933e-06
-6.9577e-06
-1.31296e-06
-7.43801e-06
-1.44696e-06
-7.82464e-06
-1.46235e-06
-8.06019e-06
-1.34944e-06
-8.07015e-06
-1.11479e-06
-7.76378e-06
-7.88821e-07
-7.03972e-06
-4.31597e-07
-5.79821e-06
-1.32816e-07
-3.96151e-06
-1.50616e-06
-1.47032e-07
1.4165e-06
-4.67057e-07
3.68521e-06
-8.3441e-07
5.32633e-06
-1.15263e-06
6.38917e-06
-1.36396e-06
6.97746e-06
-1.44407e-06
7.20474e-06
-1.39234e-06
7.1738e-06
-1.22246e-06
6.96835e-06
-9.55112e-07
6.65178e-06
-6.13048e-07
6.26948e-06
-2.18183e-07
5.85249e-06
2.09856e-07
5.42119e-06
6.5428e-07
4.9883e-06
1.10115e-06
4.56133e-06
1.53913e-06
4.14429e-06
1.95911e-06
3.73896e-06
2.35389e-06
3.34567e-06
2.71774e-06
2.96391e-06
3.04617e-06
2.59266e-06
3.33564e-06
2.23063e-06
3.58339e-06
1.87636e-06
3.78721e-06
1.52828e-06
3.94539e-06
1.18479e-06
4.05654e-06
8.44219e-07
4.11959e-06
5.04805e-07
4.13372e-06
1.64708e-07
4.09829e-06
-1.78039e-07
4.01291e-06
-5.25548e-07
3.87744e-06
-8.80104e-07
3.69202e-06
-1.24418e-06
3.45722e-06
-1.62044e-06
3.1741e-06
-2.01171e-06
2.8445e-06
-2.42098e-06
2.47124e-06
-2.85122e-06
2.05849e-06
-3.30526e-06
1.61223e-06
-3.78543e-06
1.14074e-06
-4.29311e-06
6.55292e-07
-4.82791e-06
1.70751e-07
-5.38653e-06
-2.93847e-07
-5.96105e-06
-7.15029e-07
-6.53652e-06
-1.06529e-06
-7.08775e-06
-1.31468e-06
-7.57524e-06
-1.43438e-06
-7.94049e-06
-1.4029e-06
-8.10163e-06
-1.21544e-06
-7.95123e-06
-8.95793e-07
-7.35937e-06
-5.07955e-07
-6.18605e-06
-1.61638e-07
-4.30782e-06
-1.6678e-06
-1.87972e-07
1.60447e-06
-5.71917e-07
4.06915e-06
-9.79197e-07
5.73361e-06
-1.29178e-06
6.70175e-06
-1.451e-06
7.13667e-06
-1.44266e-06
7.1964e-06
-1.27974e-06
7.01088e-06
-9.88588e-07
6.6772e-06
-5.99648e-07
6.26284e-06
-1.4227e-07
5.8121e-06
3.57772e-07
5.35245e-06
8.79068e-07
4.89989e-06
1.40446e-06
4.46291e-06
1.92051e-06
4.04527e-06
2.41689e-06
3.64791e-06
2.88574e-06
3.27011e-06
3.32111e-06
2.9103e-06
3.71852e-06
2.5665e-06
4.0746e-06
2.23658e-06
4.3868e-06
1.91843e-06
4.6532e-06
1.60996e-06
4.87229e-06
1.30919e-06
5.04289e-06
1.01419e-06
5.16405e-06
7.23061e-07
5.23496e-06
4.33898e-07
5.25491e-06
1.44752e-07
5.22329e-06
-1.4642e-07
5.13955e-06
-4.41801e-07
5.0032e-06
-7.4376e-07
4.81392e-06
-1.05489e-06
4.57154e-06
-1.37806e-06
4.27624e-06
-1.71641e-06
3.92867e-06
-2.07341e-06
3.53023e-06
-2.45278e-06
3.08341e-06
-2.85843e-06
2.59225e-06
-3.29427e-06
2.063e-06
-3.76386e-06
1.50489e-06
-4.2698e-06
9.31105e-07
-4.81275e-06
3.59834e-07
-5.38978e-06
-1.84748e-07
-5.99193e-06
-6.71938e-07
-6.60056e-06
-1.06506e-06
-7.18212e-06
-1.32416e-06
-7.68139e-06
-1.41233e-06
-8.01346e-06
-1.30709e-06
-8.05647e-06
-1.01758e-06
-7.64888e-06
-6.05479e-07
-6.59815e-06
-2.01844e-07
-4.71146e-06
-1.86964e-06
-2.47109e-07
1.85158e-06
-7.07395e-07
4.52944e-06
-1.14251e-06
6.16873e-06
-1.41496e-06
6.9742e-06
-1.4756e-06
7.19732e-06
-1.33086e-06
7.05166e-06
-1.01448e-06
6.6945e-06
-5.68911e-07
6.23163e-06
-3.51502e-08
5.72908e-06
5.51688e-07
5.22526e-06
1.16354e-06
4.7406e-06
1.77894e-06
4.28449e-06
2.38197e-06
3.85988e-06
2.96106e-06
3.46618e-06
3.50796e-06
3.101e-06
4.01687e-06
2.7612e-06
4.48372e-06
2.44345e-06
4.90571e-06
2.1445e-06
5.28092e-06
1.86137e-06
5.60802e-06
1.59133e-06
5.88607e-06
1.33191e-06
6.11438e-06
1.08088e-06
6.29242e-06
8.36159e-07
6.41968e-06
5.95793e-07
6.49571e-06
3.57875e-07
6.51997e-06
1.20491e-07
6.49188e-06
-1.18334e-07
6.41078e-06
-3.60702e-07
6.27592e-06
-6.089e-07
6.08649e-06
-8.65459e-07
5.84165e-06
-1.13322e-06
5.54064e-06
-1.4154e-06
5.18288e-06
-1.71565e-06
4.76818e-06
-2.03808e-06
4.29706e-06
-2.38731e-06
3.77118e-06
-2.76839e-06
3.19401e-06
-3.18668e-06
2.57165e-06
-3.64745e-06
1.91412e-06
-4.15521e-06
1.23676e-06
-4.71242e-06
5.62087e-07
-5.31726e-06
-7.84763e-08
-5.96e-06
-6.43486e-07
-6.61711e-06
-1.08219e-06
-7.24268e-06
-1.33945e-06
-7.75621e-06
-1.36765e-06
-8.02826e-06
-1.14928e-06
-7.86725e-06
-7.30733e-07
-7.0167e-06
-2.60161e-07
-5.18203e-06
-2.1298e-06
-3.35482e-07
2.18706e-06
-8.80511e-07
5.07447e-06
-1.31006e-06
6.59827e-06
-1.48092e-06
7.14506e-06
-1.37373e-06
7.09013e-06
-1.03039e-06
6.70832e-06
-5.12744e-07
6.17686e-06
1.18979e-07
5.5999e-06
8.14847e-07
5.03322e-06
1.53692e-06
4.50319e-06
2.25793e-06
4.01958e-06
2.95911e-06
3.58331e-06
3.62793e-06
3.19106e-06
4.25632e-06
2.83779e-06
4.83927e-06
2.51805e-06
5.37382e-06
2.22665e-06
5.85835e-06
1.95893e-06
6.29205e-06
1.7108e-06
6.67466e-06
1.47876e-06
7.0062e-06
1.2598e-06
7.28679e-06
1.05132e-06
7.5166e-06
8.51067e-07
7.69575e-06
6.57011e-07
7.82424e-06
4.67296e-07
7.90196e-06
2.8016e-07
7.92858e-06
9.38654e-08
7.90362e-06
-9.33652e-08
7.82632e-06
-2.83411e-07
7.69575e-06
-4.78324e-07
7.51068e-06
-6.80394e-07
7.26969e-06
-8.92231e-07
6.97114e-06
-1.11685e-06
6.61326e-06
-1.35777e-06
6.19429e-06
-1.6191e-06
5.71265e-06
-1.90567e-06
5.16736e-06
-2.2231e-06
4.55851e-06
-2.57784e-06
3.88818e-06
-2.97712e-06
3.16161e-06
-3.42864e-06
2.38906e-06
-3.93986e-06
1.58818e-06
-4.51638e-06
7.87109e-07
-5.15893e-06
2.77863e-08
-5.85779e-06
-6.31677e-07
-6.58321e-06
-1.11787e-06
-7.27002e-06
-1.35154e-06
-7.79459e-06
-1.27266e-06
-7.94614e-06
-8.88863e-07
-7.40049e-06
-3.47563e-07
-5.72333e-06
-2.47736e-06
-4.697e-07
2.65676e-06
-1.08968e-06
5.69445e-06
-1.43731e-06
6.94591e-06
-1.40332e-06
7.11107e-06
-1.03187e-06
6.71868e-06
-4.1723e-07
6.09367e-06
3.46845e-07
5.41279e-06
1.18571e-06
4.76103e-06
2.04637e-06
4.17256e-06
2.89388e-06
3.65568e-06
3.70663e-06
3.20684e-06
4.47206e-06
2.81788e-06
5.18352e-06
2.4796e-06
5.83805e-06
2.18327e-06
6.43484e-06
1.92125e-06
6.97436e-06
1.68713e-06
7.4577e-06
1.4756e-06
7.8862e-06
1.2823e-06
8.26128e-06
1.10368e-06
8.58426e-06
9.36814e-07
8.85631e-06
7.79277e-07
9.07837e-06
6.29004e-07
9.25117e-06
4.84206e-07
9.37519e-06
3.4328e-07
9.45062e-06
2.04734e-07
9.47736e-06
6.71194e-08
9.45503e-06
-7.1031e-08
9.38288e-06
-2.11264e-07
9.25983e-06
-3.55271e-07
9.08439e-06
-5.04955e-07
8.85467e-06
-6.62512e-07
8.56834e-06
-8.30524e-07
8.22264e-06
-1.01207e-06
7.81438e-06
-1.21085e-06
7.34008e-06
-1.43137e-06
6.7961e-06
-1.67912e-06
6.17902e-06
-1.96076e-06
5.48627e-06
-2.28436e-06
4.71717e-06
-2.65954e-06
3.87466e-06
-3.09735e-06
2.96798e-06
-3.6097e-06
2.01665e-06
-4.20761e-06
1.05597e-06
-4.89711e-06
1.43527e-07
-5.67077e-06
-6.35305e-07
-6.49118e-06
-1.16849e-06
-7.26141e-06
-1.33742e-06
-7.77721e-06
-1.07443e-06
-7.66348e-06
-4.79982e-07
-6.31778e-06
-2.95735e-06
-6.6659e-07
3.32335e-06
-1.29722e-06
6.32508e-06
-1.40773e-06
7.05641e-06
-1.00993e-06
6.71327e-06
-2.5621e-07
5.96496e-06
6.97034e-07
5.14043e-06
1.73181e-06
4.37801e-06
2.7717e-06
3.72114e-06
3.77236e-06
3.1719e-06
4.71073e-06
2.71731e-06
5.57676e-06
2.3408e-06
6.36782e-06
2.02683e-06
7.08519e-06
1.76223e-06
7.73202e-06
1.53643e-06
8.3122e-06
1.34108e-06
8.82965e-06
1.16968e-06
9.28806e-06
1.01718e-06
9.69074e-06
8.7962e-07
1.00405e-05
7.53884e-07
1.03398e-05
6.37496e-07
1.05907e-05
5.28452e-07
1.07946e-05
4.25095e-07
1.09528e-05
3.26022e-07
1.1066e-05
2.29998e-07
1.11349e-05
1.3589e-07
1.11594e-05
4.26165e-08
1.11393e-05
-5.09123e-08
1.10739e-05
-1.45841e-07
1.0962e-05
-2.43423e-07
1.08021e-05
-3.45078e-07
1.05921e-05
-4.52463e-07
1.03291e-05
-5.67552e-07
1.00098e-05
-6.92743e-07
9.62993e-06
-8.30994e-07
9.18455e-06
-9.85996e-07
8.66784e-06
-1.16241e-06
8.07323e-06
-1.36615e-06
7.39366e-06
-1.6048e-06
6.62217e-06
-1.88805e-06
5.75307e-06
-2.22825e-06
4.78419e-06
-2.64082e-06
3.72082e-06
-3.14424e-06
2.58231e-06
-3.75859e-06
1.41216e-06
-4.50063e-06
2.91748e-07
-5.37077e-06
-6.46559e-07
-6.3231e-06
-1.22039e-06
-7.20338e-06
-1.24226e-06
-7.64161e-06
-6.71429e-07
-6.88861e-06
-3.62877e-06
-9.17052e-07
4.2404e-06
-1.34942e-06
6.75745e-06
-9.42819e-07
6.6498e-06
2.65624e-08
5.74389e-06
1.26742e-06
4.72411e-06
2.58159e-06
3.82625e-06
3.85678e-06
3.10282e-06
5.03994e-06
2.53798e-06
6.11225e-06
2.09959e-06
7.07241e-06
1.75715e-06
7.92699e-06
1.48622e-06
8.68543e-06
1.26838e-06
9.35754e-06
1.09012e-06
9.95238e-06
9.41594e-07
1.04779e-05
8.15599e-07
1.09407e-05
7.06835e-07
1.13465e-05
6.11362e-07
1.16999e-05
5.2621e-07
1.20047e-05
4.49112e-07
1.22639e-05
3.78312e-07
1.24799e-05
3.12419e-07
1.26547e-05
2.50308e-07
1.27897e-05
1.91043e-07
1.28859e-05
1.33812e-07
1.29439e-05
7.78811e-08
1.29639e-05
2.25567e-08
1.29459e-05
-3.28558e-08
1.28891e-05
-8.9085e-08
1.27926e-05
-1.46929e-07
1.26549e-05
-2.07297e-07
1.24737e-05
-2.7126e-07
1.22462e-05
-3.40108e-07
1.19689e-05
-4.15434e-07
1.16371e-05
-4.99236e-07
1.12452e-05
-5.9407e-07
1.07861e-05
-7.03245e-07
1.0251e-05
-8.31124e-07
9.62975e-06
-9.83525e-07
8.91002e-06
-1.16832e-06
8.07804e-06
-1.39627e-06
7.11942e-06
-1.6822e-06
6.0216e-06
-2.04642e-06
4.77926e-06
-2.51625e-06
3.40499e-06
-3.12635e-06
1.94859e-06
-3.91437e-06
5.2706e-07
-4.90157e-06
-6.41332e-07
-6.03499e-06
-1.22768e-06
-7.05526e-06
-9.06132e-07
-7.21016e-06
-4.53491e-06
-1.08778e-06
5.32818e-06
-7.66835e-07
6.43651e-06
5.72597e-07
5.31037e-06
2.28774e-06
4.02875e-06
4.01135e-06
3.0005e-06
5.58623e-06
2.25137e-06
6.96566e-06
1.72339e-06
8.15296e-06
1.35069e-06
9.16986e-06
1.08269e-06
1.00419e-05
8.85152e-07
1.07925e-05
7.35633e-07
1.14414e-05
6.19435e-07
1.20047e-05
5.26829e-07
1.2495e-05
4.51259e-07
1.29224e-05
3.88214e-07
1.32947e-05
3.34522e-07
1.36182e-05
2.87911e-07
1.38977e-05
2.46719e-07
1.41371e-05
2.09708e-07
1.43395e-05
1.75936e-07
1.45072e-05
1.44675e-07
1.46422e-05
1.15341e-07
1.47458e-05
8.74559e-08
1.4819e-05
6.06106e-08
1.48624e-05
3.44393e-08
1.48764e-05
8.59735e-09
1.48608e-05
-1.72572e-08
1.48152e-05
-4.34839e-08
1.47387e-05
-7.04761e-08
1.46301e-05
-9.86853e-08
1.44875e-05
-1.28646e-07
1.43084e-05
-1.61008e-07
1.40895e-05
-1.96583e-07
1.38267e-05
-2.36406e-07
1.35144e-05
-2.81821e-07
1.31458e-05
-3.34608e-07
1.27119e-05
-3.97173e-07
1.22012e-05
-4.7284e-07
1.15992e-05
-5.66302e-07
1.08872e-05
-6.84347e-07
1.00421e-05
-8.37044e-07
9.03532e-06
-1.03967e-06
7.83484e-06
-1.31577e-06
6.41031e-06
-1.70182e-06
4.74869e-06
-2.25275e-06
2.88944e-06
-3.04232e-06
9.93061e-07
-4.13861e-06
-5.46673e-07
-5.51552e-06
-1.03239e-06
-6.72444e-06
-5.5673e-06
-1.24307e-07
5.45249e-06
1.81866e-06
4.49354e-06
4.39328e-06
2.73575e-06
6.70697e-06
1.71506e-06
8.59154e-06
1.11592e-06
1.00866e-05
7.56276e-07
1.12723e-05
5.37709e-07
1.22225e-05
4.00525e-07
1.29949e-05
3.10236e-07
1.36323e-05
2.47795e-07
1.41653e-05
2.02617e-07
1.46161e-05
1.68611e-07
1.50008e-05
1.42125e-07
1.53312e-05
1.20875e-07
1.56161e-05
1.03375e-07
1.5862e-05
8.86215e-08
1.6074e-05
7.59179e-08
1.62559e-05
6.47657e-08
1.64108e-05
5.48008e-08
1.6541e-05
4.57505e-08
1.66483e-05
3.7406e-08
1.6734e-05
2.96028e-08
1.67993e-05
2.22067e-08
1.68448e-05
1.51043e-08
1.6871e-05
8.19455e-09
1.68782e-05
1.38344e-09
1.68664e-05
-5.42439e-09
1.68352e-05
-1.23257e-08
1.67842e-05
-1.94296e-08
1.67124e-05
-2.68607e-08
1.66185e-05
-3.47672e-08
1.65008e-05
-4.33312e-08
1.6357e-05
-5.27817e-08
1.6184e-05
-6.34136e-08
1.59778e-05
-7.56147e-08
1.57331e-05
-8.99068e-08
1.54429e-05
-1.07009e-07
1.5098e-05
-1.2794e-07
1.46859e-05
-1.54188e-07
1.41896e-05
-1.88015e-07
1.35856e-05
-2.33006e-07
1.2841e-05
-2.9513e-07
1.19101e-05
-3.84818e-07
1.07293e-05
-5.21108e-07
9.2159e-06
-7.39309e-07
7.27648e-06
-1.1029e-06
4.85839e-06
-1.72052e-06
2.13074e-06
-2.78786e-06
1.18995e-08
-4.6056e-06
-5.5554e-06
5.45249e-06
9.94604e-06
1.26818e-05
1.43968e-05
1.55128e-05
1.6269e-05
1.68068e-05
1.72073e-05
1.75175e-05
1.77653e-05
1.79679e-05
1.81365e-05
1.82787e-05
1.83995e-05
1.85029e-05
1.85915e-05
1.86674e-05
1.87322e-05
1.8787e-05
1.88328e-05
1.88702e-05
1.88998e-05
1.8922e-05
1.89371e-05
1.89453e-05
1.89467e-05
1.89412e-05
1.89289e-05
1.89095e-05
1.88826e-05
1.88479e-05
1.88045e-05
1.87517e-05
1.86883e-05
1.86127e-05
1.85228e-05
1.84158e-05
1.82879e-05
1.81337e-05
1.79457e-05
1.77127e-05
1.74175e-05
1.70327e-05
1.65116e-05
1.57723e-05
1.46694e-05
1.29489e-05
1.0161e-05
5.5554e-06
)
;

boundaryField
{
    movingWallTop
    {
        type            calculated;
        value           uniform 0;
    }
    movingWallBottom
    {
        type            calculated;
        value           uniform 0;
    }
    fixedWalls
    {
        type            calculated;
        value           uniform 0;
    }
    frontAndBack
    {
        type            empty;
        value           nonuniform 0();
    }
}


// ************************************************************************* //
