/*--------------------------------*- C++ -*----------------------------------*\
  =========                 |
  \\      /  F ield         | OpenFOAM: The Open Source CFD Toolbox
   \\    /   O peration     | Website:  https://openfoam.org
    \\  /    A nd           | Version:  7
     \\/     M anipulation  |
\*---------------------------------------------------------------------------*/
FoamFile
{
    version     2.0;
    format      ascii;
    class       volVectorField;
    location    "0.0256";
    object      U;
}
// * * * * * * * * * * * * * * * * * * * * * * * * * * * * * * * * * * * * * //

dimensions      [0 1 -1 0 0 0 0];

internalField   nonuniform List<vector> 
2500
(
(0.290267 -0.152428 0)
(0.389583 -0.128254 0)
(0.565484 -0.0747404 0)
(0.683284 -0.0422216 0)
(0.7528 -0.0245029 0)
(0.797691 -0.014846 0)
(0.828694 -0.00952551 0)
(0.85097 -0.00649259 0)
(0.867556 -0.00466203 0)
(0.880283 -0.00348349 0)
(0.890266 -0.00267833 0)
(0.898222 -0.00210069 0)
(0.904634 -0.00167034 0)
(0.909843 -0.00134049 0)
(0.914098 -0.00108221 0)
(0.917584 -0.000876576 0)
(0.920443 -0.000710572 0)
(0.922785 -0.000574888 0)
(0.924697 -0.000462615 0)
(0.926246 -0.000368465 0)
(0.927484 -0.000288266 0)
(0.928454 -0.000218634 0)
(0.929186 -0.00015674 0)
(0.929702 -0.000100144 0)
(0.930017 -4.66602e-05 0)
(0.930139 5.73683e-06 0)
(0.930069 5.89946e-05 0)
(0.929801 0.000115118 0)
(0.929324 0.000176198 0)
(0.928617 0.000244537 0)
(0.927652 0.000322777 0)
(0.926393 0.000414063 0)
(0.92479 0.000522262 0)
(0.922781 0.000652293 0)
(0.920285 0.00081061 0)
(0.9172 0.00100595 0)
(0.913391 0.00125055 0)
(0.908681 0.0015622 0)
(0.902832 0.00196802 0)
(0.895515 0.00251144 0)
(0.88626 0.00326652 0)
(0.874369 0.00436758 0)
(0.858752 0.00607332 0)
(0.837602 0.00890458 0)
(0.807863 0.0139216 0)
(0.764258 0.0232165 0)
(0.695851 0.0407521 0)
(0.577948 0.0737405 0)
(0.398077 0.128752 0)
(0.293884 0.153799 0)
(0.00110471 -0.294939 0)
(0.0168988 -0.298656 0)
(0.152328 -0.212994 0)
(0.282726 -0.14521 0)
(0.387648 -0.0994362 0)
(0.470513 -0.0695224 0)
(0.53548 -0.0500967 0)
(0.586419 -0.0372394 0)
(0.626689 -0.0284385 0)
(0.658869 -0.0221912 0)
(0.684841 -0.0176058 0)
(0.705978 -0.0141424 0)
(0.723297 -0.0114639 0)
(0.737557 -0.00935233 0)
(0.749339 -0.00766141 0)
(0.759091 -0.00628943 0)
(0.767162 -0.0051633 0)
(0.773832 -0.00422889 0)
(0.779319 -0.00344492 0)
(0.783799 -0.00277913 0)
(0.787412 -0.00220555 0)
(0.790264 -0.0017028 0)
(0.792441 -0.0012527 0)
(0.794002 -0.000839369 0)
(0.794988 -0.000448462 0)
(0.795421 -6.65452e-05 0)
(0.795305 0.000319432 0)
(0.794627 0.000722694 0)
(0.793354 0.00115714 0)
(0.791434 0.001638 0)
(0.788795 0.00218253 0)
(0.785338 0.00281107 0)
(0.780935 0.00354825 0)
(0.775424 0.00442491 0)
(0.768596 0.0054807 0)
(0.760187 0.00676811 0)
(0.749858 0.00835848 0)
(0.73717 0.0103518 0)
(0.721547 0.0128927 0)
(0.702224 0.0161974 0)
(0.678165 0.0206021 0)
(0.647943 0.0266487 0)
(0.609571 0.0352426 0)
(0.560267 0.0479363 0)
(0.496288 0.0673899 0)
(0.41316 0.0979079 0)
(0.305969 0.145602 0)
(0.170377 0.2172 0)
(0.0268781 0.307172 0)
(0.00519272 0.303035 0)
(-0.0329081 -0.250458 0)
(-0.0616013 -0.344051 0)
(-0.011635 -0.310428 0)
(0.0703951 -0.251139 0)
(0.158079 -0.195389 0)
(0.240032 -0.150589 0)
(0.311894 -0.116685 0)
(0.373 -0.0914209 0)
(0.424271 -0.0725025 0)
(0.467085 -0.0581511 0)
(0.502805 -0.0470915 0)
(0.532631 -0.0384323 0)
(0.557568 -0.0315521 0)
(0.578441 -0.0260136 0)
(0.595923 -0.0215036 0)
(0.61056 -0.0177934 0)
(0.622797 -0.0147118 0)
(0.632996 -0.0121283 0)
(0.641452 -0.00994086 0)
(0.648405 -0.00806793 0)
(0.654049 -0.00644277 0)
(0.658536 -0.00500947 0)
(0.661984 -0.00371992 0)
(0.66448 -0.00253157 0)
(0.666083 -0.00140563 0)
(0.666825 -0.000305539 0)
(0.666711 0.000804421 0)
(0.665722 0.00196039 0)
(0.663811 0.00320038 0)
(0.660903 0.00456577 0)
(0.656892 0.00610323 0)
(0.651636 0.00786708 0)
(0.644953 0.00992243 0)
(0.636614 0.0123495 0)
(0.626328 0.0152499 0)
(0.613737 0.0187547 0)
(0.598388 0.0230381 0)
(0.579718 0.0283358 0)
(0.557017 0.0349742 0)
(0.529394 0.0434143 0)
(0.495733 0.0543193 0)
(0.454657 0.0686539 0)
(0.404534 0.0878222 0)
(0.343595 0.113823 0)
(0.270392 0.149304 0)
(0.185035 0.197031 0)
(0.0915389 0.257539 0)
(0.00150124 0.322971 0)
(-0.0570349 0.361394 0)
(-0.0321792 0.263987 0)
(-0.0267746 -0.190672 0)
(-0.0655144 -0.332888 0)
(-0.0648849 -0.351057 0)
(-0.0282769 -0.318408 0)
(0.0282434 -0.270742 0)
(0.0916023 -0.223814 0)
(0.154081 -0.183124 0)
(0.211924 -0.149594 0)
(0.263642 -0.122502 0)
(0.308969 -0.100717 0)
(0.348233 -0.0831583 0)
(0.382005 -0.0689229 0)
(0.410921 -0.0572983 0)
(0.435599 -0.0477338 0)
(0.456601 -0.039806 0)
(0.474423 -0.033187 0)
(0.489494 -0.0276207 0)
(0.50218 -0.0229036 0)
(0.512787 -0.0188719 0)
(0.521576 -0.0153911 0)
(0.528756 -0.0123485 0)
(0.5345 -0.00964804 0)
(0.53894 -0.00720552 0)
(0.542176 -0.00494551 0)
(0.544275 -0.00279842 0)
(0.545272 -0.000698145 0)
(0.545174 0.00142019 0)
(0.543956 0.00362239 0)
(0.541561 0.00597745 0)
(0.5379 0.00856016 0)
(0.532847 0.0114541 0)
(0.526237 0.0147553 0)
(0.517862 0.0185774 0)
(0.507461 0.0230577 0)
(0.494714 0.0283661 0)
(0.479235 0.0347165 0)
(0.460558 0.0423834 0)
(0.438128 0.0517238 0)
(0.411293 0.0632073 0)
(0.379302 0.0774555 0)
(0.341336 0.0952886 0)
(0.296572 0.117769 0)
(0.244364 0.146209 0)
(0.184605 0.182043 0)
(0.118439 0.226346 0)
(0.0495108 0.278444 0)
(-0.0141552 0.332588 0)
(-0.0583573 0.37148 0)
(-0.0648621 0.355546 0)
(-0.0273124 0.204729 0)
(-0.0178692 -0.149161 0)
(-0.0532888 -0.302584 0)
(-0.0741958 -0.354018 0)
(-0.0677664 -0.348804 0)
(-0.0393887 -0.317524 0)
(0.0017358 -0.277625 0)
(0.0484011 -0.237698 0)
(0.0958772 -0.20138 0)
(0.141351 -0.169791 0)
(0.183351 -0.142907 0)
(0.221256 -0.120249 0)
(0.254941 -0.101216 0)
(0.284555 -0.085225 0)
(0.310383 -0.07176 0)
(0.332763 -0.0603843 0)
(0.352043 -0.0507342 0)
(0.368557 -0.042508 0)
(0.382608 -0.0354551 0)
(0.394467 -0.0293652 0)
(0.404371 -0.0240598 0)
(0.412519 -0.0193855 0)
(0.419074 -0.015208 0)
(0.424168 -0.0114073 0)
(0.427899 -0.00787429 0)
(0.430331 -0.00450673 0)
(0.431501 -0.00120669 0)
(0.431409 0.00212246 0)
(0.43003 0.0055789 0)
(0.4273 0.00926534 0)
(0.423125 0.0132923 0)
(0.417375 0.017782 0)
(0.409879 0.022873 0)
(0.400427 0.0287259 0)
(0.388763 0.0355306 0)
(0.374584 0.0435156 0)
(0.357537 0.0529592 0)
(0.337221 0.0642037 0)
(0.313194 0.0776725 0)
(0.284991 0.0938876 0)
(0.252163 0.113483 0)
(0.214359 0.137204 0)
(0.171468 0.165861 0)
(0.123873 0.200178 0)
(0.0728577 0.240432 0)
(0.0212088 0.285651 0)
(-0.0260278 0.332013 0)
(-0.0608502 0.369971 0)
(-0.0726946 0.379925 0)
(-0.0545885 0.327451 0)
(-0.0186834 0.16228 0)
(-0.0114649 -0.120787 0)
(-0.040534 -0.269252 0)
(-0.0686258 -0.338706 0)
(-0.0793003 -0.355075 0)
(-0.0714144 -0.340973 0)
(-0.0497432 -0.311958 0)
(-0.0194519 -0.277444 0)
(0.0152198 -0.2426 0)
(0.0511867 -0.209968 0)
(0.0864152 -0.180588 0)
(0.119681 -0.154708 0)
(0.150326 -0.132184 0)
(0.178062 -0.112707 0)
(0.202837 -0.0959139 0)
(0.224734 -0.0814435 0)
(0.243914 -0.0689621 0)
(0.260573 -0.0581702 0)
(0.274918 -0.0488027 0)
(0.287148 -0.0406264 0)
(0.297447 -0.0334354 0)
(0.305981 -0.0270461 0)
(0.312887 -0.0212937 0)
(0.318278 -0.0160272 0)
(0.322239 -0.0111067 0)
(0.324826 -0.00639918 0)
(0.326069 -0.00177605 0)
(0.325965 0.00289052 0)
(0.324485 0.00773049 0)
(0.321566 0.0128793 0)
(0.317117 0.0184818 0)
(0.311012 0.0246957 0)
(0.303095 0.0316972 0)
(0.293176 0.0396857 0)
(0.281032 0.0488908 0)
(0.266411 0.0595792 0)
(0.24904 0.0720629 0)
(0.228634 0.0867063 0)
(0.204923 0.103931 0)
(0.177689 0.124213 0)
(0.146833 0.148064 0)
(0.112479 0.17597 0)
(0.0751395 0.208271 0)
(0.0359498 0.244905 0)
(-0.00301901 0.284921 0)
(-0.0384247 0.325644 0)
(-0.065454 0.361317 0)
(-0.0780276 0.38118 0)
(-0.0702668 0.367383 0)
(-0.0426103 0.294179 0)
(-0.0122311 0.132637 0)
(-0.00752333 -0.100626 0)
(-0.0307783 -0.238538 0)
(-0.0595882 -0.315936 0)
(-0.078785 -0.34706 0)
(-0.08424 -0.347518 0)
(-0.0774455 -0.329842 0)
(-0.0613956 -0.30282 0)
(-0.0392225 -0.272092 0)
(-0.0136298 -0.241007 0)
(0.0133108 -0.211395 0)
(0.0401373 -0.18414 0)
(0.0658859 -0.159573 0)
(0.0899668 -0.137712 0)
(0.112058 -0.118409 0)
(0.132018 -0.101442 0)
(0.149825 -0.086557 0)
(0.165533 -0.0734979 0)
(0.179236 -0.0620179 0)
(0.191046 -0.0518854 0)
(0.201083 -0.0428855 0)
(0.209461 -0.0348189 0)
(0.21628 -0.0275002 0)
(0.221625 -0.0207557 0)
(0.22556 -0.0144203 0)
(0.228127 -0.00833529 0)
(0.229345 -0.0023448 0)
(0.229208 0.00370661 0)
(0.227685 0.00997726 0)
(0.224718 0.0166315 0)
(0.220224 0.0238431 0)
(0.214095 0.0317992 0)
(0.2062 0.0407039 0)
(0.196385 0.050783 0)
(0.18448 0.0622875 0)
(0.17031 0.0754975 0)
(0.153703 0.0907241 0)
(0.134517 0.108307 0)
(0.112667 0.128603 0)
(0.0881857 0.151966 0)
(0.0612862 0.178688 0)
(0.0324734 0.208907 0)
(0.00267966 0.242428 0)
(-0.0265673 0.278431 0)
(-0.0529791 0.314987 0)
(-0.0734332 0.348363 0)
(-0.084164 0.372072 0)
(-0.0814072 0.375878 0)
(-0.0630065 0.345217 0)
(-0.0330955 0.262239 0)
(-0.00818053 0.111116 0)
(-0.00519652 -0.0857675 0)
(-0.023927 -0.211726 0)
(-0.0509648 -0.290954 0)
(-0.0737594 -0.331114 0)
(-0.0872854 -0.342621 0)
(-0.0910442 -0.33502 0)
(-0.0863048 -0.315832 0)
(-0.0750306 -0.290469 0)
(-0.0592692 -0.262558 0)
(-0.040816 -0.234383 0)
(-0.0210974 -0.207293 0)
(-0.00117355 -0.182014 0)
(0.0182098 -0.158874 0)
(0.0365575 -0.137957 0)
(0.0535633 -0.119203 0)
(0.0690573 -0.10247 0)
(0.0829648 -0.0875727 0)
(0.0952741 -0.0743084 0)
(0.106013 -0.0624682 0)
(0.11523 -0.0518453 0)
(0.122984 -0.0422387 0)
(0.129334 -0.0334544 0)
(0.134329 -0.0253045 0)
(0.138009 -0.017607 0)
(0.1404 -0.0101833 0)
(0.141508 -0.00285636 0)
(0.141322 0.00455153 0)
(0.139813 0.0122214 0)
(0.13693 0.0203402 0)
(0.132605 0.0291036 0)
(0.126755 0.0387187 0)
(0.11928 0.0494064 0)
(0.110075 0.0614034 0)
(0.099035 0.0749632 0)
(0.0860664 0.0903543 0)
(0.0711083 0.107855 0)
(0.0541566 0.127743 0)
(0.0353023 0.150266 0)
(0.0147823 0.175605 0)
(-0.00695367 0.203797 0)
(-0.02916 0.234616 0)
(-0.0507017 0.267383 0)
(-0.0699713 0.300682 0)
(-0.0848568 0.331968 0)
(-0.0928537 0.35706 0)
(-0.0914468 0.369609 0)
(-0.0788473 0.36075 0)
(-0.0553001 0.319339 0)
(-0.0262637 0.233512 0)
(-0.00575823 0.0949207 0)
(-0.00380426 -0.0743448 0)
(-0.0191851 -0.188592 0)
(-0.0437697 -0.26617 0)
(-0.0675725 -0.311155 0)
(-0.0856806 -0.330401 0)
(-0.0965699 -0.33096 0)
(-0.100335 -0.318956 0)
(-0.0979625 -0.299215 0)
(-0.0908131 -0.275278 0)
(-0.0802724 -0.2496 0)
(-0.0675693 -0.2238 0)
(-0.0537101 -0.198888 0)
(-0.0394735 -0.175444 0)
(-0.025434 -0.153761 0)
(-0.0119974 -0.133938 0)
(0.000563858 -0.115954 0)
(0.0120777 -0.0997097 0)
(0.0224448 -0.0850611 0)
(0.0316171 -0.0718371 0)
(0.0395796 -0.0598533 0)
(0.0463373 -0.0489189 0)
(0.0519055 -0.0388414 0)
(0.0563012 -0.0294287 0)
(0.0595384 -0.0204892 0)
(0.0616238 -0.0118321 0)
(0.0625537 -0.00326598 0)
(0.062313 0.00540248 0)
(0.0608742 0.0143701 0)
(0.0581977 0.0238391 0)
(0.0542339 0.0340182 0)
(0.0489256 0.0451245 0)
(0.042213 0.0573834 0)
(0.0340413 0.0710281 0)
(0.0243705 0.0862967 0)
(0.0131905 0.103425 0)
(0.000541206 0.122637 0)
(-0.0134608 0.144118 0)
(-0.0285869 0.167987 0)
(-0.0444527 0.194239 0)
(-0.060467 0.222658 0)
(-0.0757779 0.252698 0)
(-0.0892286 0.283306 0)
(-0.0993464 0.312684 0)
(-0.104406 0.338003 0)
(-0.102636 0.355097 0)
(-0.0926478 0.358238 0)
(-0.0740774 0.340175 0)
(-0.0484937 0.292706 0)
(-0.0214419 0.208136 0)
(-0.00429059 0.0822306 0)
(-0.00293865 -0.06519 0)
(-0.0158636 -0.168525 0)
(-0.0380417 -0.242565 0)
(-0.0615893 -0.289454 0)
(-0.0821015 -0.313702 0)
(-0.097634 -0.320442 0)
(-0.107568 -0.314521 0)
(-0.112167 -0.300056 0)
(-0.112197 -0.280294 0)
(-0.108618 -0.257658 0)
(-0.10239 -0.233875 0)
(-0.0943771 -0.21012 0)
(-0.0853049 -0.187155 0)
(-0.0757528 -0.165434 0)
(-0.0661656 -0.1452 0)
(-0.056873 -0.126543 0)
(-0.0481109 -0.109451 0)
(-0.0400421 -0.0938447 0)
(-0.0327743 -0.0795997 0)
(-0.0263757 -0.0665625 0)
(-0.020887 -0.0545619 0)
(-0.0163315 -0.0434157 0)
(-0.0127229 -0.0329353 0)
(-0.0100709 -0.0229278 0)
(-0.00838555 -0.013197 0)
(-0.00768005 -0.0035443 0)
(-0.00797235 0.00623211 0)
(-0.00928566 0.0163375 0)
(-0.0116476 0.0269812 0)
(-0.0150881 0.0383764 0)
(-0.0196356 0.0507402 0)
(-0.0253111 0.0642914 0)
(-0.0321205 0.079247 0)
(-0.0400428 0.0958156 0)
(-0.0490155 0.114186 0)
(-0.0589153 0.134511 0)
(-0.0695335 0.156878 0)
(-0.080548 0.181269 0)
(-0.0914901 0.207503 0)
(-0.101713 0.235149 0)
(-0.110368 0.263416 0)
(-0.116401 0.291005 0)
(-0.118592 0.315931 0)
(-0.115673 0.335345 0)
(-0.106559 0.345379 0)
(-0.0907422 0.341125 0)
(-0.0687737 0.316867 0)
(-0.0428255 0.266704 0)
(-0.0179875 0.185714 0)
(-0.003363 0.0718944 0)
(-0.00237486 -0.0575855 0)
(-0.0134852 -0.15091 0)
(-0.0335452 -0.220433 0)
(-0.0562803 -0.267263 0)
(-0.0778876 -0.294388 0)
(-0.0963396 -0.305533 0)
(-0.11063 -0.304476 0)
(-0.120536 -0.294632 0)
(-0.126355 -0.278863 0)
(-0.128666 -0.259434 0)
(-0.128153 -0.23806 0)
(-0.125498 -0.215985 0)
(-0.121323 -0.194076 0)
(-0.11616 -0.172904 0)
(-0.110446 -0.152819 0)
(-0.10453 -0.134008 0)
(-0.0986786 -0.11654 0)
(-0.0930945 -0.100396 0)
(-0.0879263 -0.0855017 0)
(-0.0832815 -0.0717387 0)
(-0.079237 -0.0589612 0)
(-0.0758472 -0.0470037 0)
(-0.0731515 -0.0356876 0)
(-0.0711794 -0.0248251 0)
(-0.0699548 -0.0142217 0)
(-0.0694985 -0.00367807 0)
(-0.0698295 0.00700908 0)
(-0.0709654 0.0180463 0)
(-0.0729214 0.0296424 0)
(-0.0757076 0.042007 0)
(-0.0793248 0.0553485 0)
(-0.0837586 0.0698696 0)
(-0.0889712 0.0857616 0)
(-0.0948904 0.103194 0)
(-0.101396 0.122302 0)
(-0.108304 0.14316 0)
(-0.115345 0.165759 0)
(-0.122147 0.189956 0)
(-0.128213 0.215421 0)
(-0.132911 0.24156 0)
(-0.13547 0.267418 0)
(-0.135009 0.291571 0)
(-0.130606 0.312007 0)
(-0.121433 0.326026 0)
(-0.106975 0.330203 0)
(-0.0873488 0.320477 0)
(-0.0636351 0.292441 0)
(-0.0381798 0.24191 0)
(-0.0154443 0.165766 0)
(-0.00274503 0.063204 0)
(-0.00199025 -0.0510802 0)
(-0.011739 -0.135232 0)
(-0.0300123 -0.199767 0)
(-0.0517363 -0.245237 0)
(-0.0736749 -0.27365 0)
(-0.093885 -0.287717 0)
(-0.111185 -0.290359 0)
(-0.125042 -0.284365 0)
(-0.135417 -0.272191 0)
(-0.142575 -0.255882 0)
(-0.146949 -0.237059 0)
(-0.149032 -0.216962 0)
(-0.149319 -0.196501 0)
(-0.148265 -0.176316 0)
(-0.146269 -0.156833 0)
(-0.143664 -0.138312 0)
(-0.140725 -0.120887 0)
(-0.137673 -0.104597 0)
(-0.134677 -0.089412 0)
(-0.131872 -0.0752508 0)
(-0.12936 -0.0619952 0)
(-0.127217 -0.0495002 0)
(-0.125502 -0.0376021 0)
(-0.124261 -0.0261234 0)
(-0.123526 -0.014877 0)
(-0.123324 -0.00366885 0)
(-0.123673 0.0076998 0)
(-0.124585 0.0194302 0)
(-0.126062 0.0317242 0)
(-0.128096 0.0447807 0)
(-0.130663 0.0587924 0)
(-0.13372 0.0739393 0)
(-0.137191 0.0903808 0)
(-0.140966 0.108243 0)
(-0.144885 0.127604 0)
(-0.148725 0.148466 0)
(-0.152187 0.170729 0)
(-0.154888 0.194149 0)
(-0.156347 0.218283 0)
(-0.155993 0.242426 0)
(-0.153178 0.265539 0)
(-0.147223 0.286171 0)
(-0.1375 0.302389 0)
(-0.123563 0.311747 0)
(-0.105331 0.311308 0)
(-0.0833341 0.297785 0)
(-0.0589144 0.267835 0)
(-0.0343642 0.218511 0)
(-0.0135139 0.147861 0)
(-0.00231103 0.0557154 0)
(-0.00171673 -0.0453807 0)
(-0.010425 -0.121088 0)
(-0.0272145 -0.180443 0)
(-0.0479027 -0.223703 0)
(-0.0697403 -0.252235 0)
(-0.0909397 -0.268029 0)
(-0.110268 -0.27334 0)
(-0.127017 -0.270422 0)
(-0.140911 -0.26135 0)
(-0.151975 -0.247919 0)
(-0.160428 -0.231617 0)
(-0.16659 -0.213626 0)
(-0.170825 -0.194851 0)
(-0.173495 -0.17596 0)
(-0.17494 -0.157424 0)
(-0.175463 -0.139554 0)
(-0.175324 -0.122532 0)
(-0.174741 -0.106445 0)
(-0.173895 -0.0913021 0)
(-0.17293 -0.077056 0)
(-0.171964 -0.0636164 0)
(-0.171087 -0.0508609 0)
(-0.170372 -0.0386435 0)
(-0.169872 -0.026801 0)
(-0.169629 -0.0151579 0)
(-0.16967 -0.00353038 0)
(-0.170013 0.00827062 0)
(-0.170661 0.0204358 0)
(-0.171605 0.0331544 0)
(-0.172823 0.0466095 0)
(-0.174269 0.0609732 0)
(-0.175875 0.0763987 0)
(-0.177541 0.0930106 0)
(-0.179131 0.110891 0)
(-0.180459 0.130064 0)
(-0.181287 0.150468 0)
(-0.181313 0.17193 0)
(-0.18017 0.194126 0)
(-0.177426 0.216539 0)
(-0.1726 0.238406 0)
(-0.165186 0.258667 0)
(-0.154709 0.275915 0)
(-0.140804 0.288369 0)
(-0.123329 0.293875 0)
(-0.102521 0.289973 0)
(-0.0791559 0.274048 0)
(-0.0546724 0.243584 0)
(-0.0312008 0.196518 0)
(-0.0120054 0.131649 0)
(-0.00199163 0.0491393 0)
(-0.00151519 -0.0402891 0)
(-0.00941375 -0.108167 0)
(-0.0249749 -0.162305 0)
(-0.0446808 -0.202801 0)
(-0.0661837 -0.230604 0)
(-0.08787 -0.247187 0)
(-0.108527 -0.254293 0)
(-0.127355 -0.253737 0)
(-0.143924 -0.247248 0)
(-0.158083 -0.236377 0)
(-0.169878 -0.222455 0)
(-0.179478 -0.206575 0)
(-0.187123 -0.189604 0)
(-0.193084 -0.172206 0)
(-0.19763 -0.154869 0)
(-0.201021 -0.137931 0)
(-0.203488 -0.121611 0)
(-0.205237 -0.106027 0)
(-0.206442 -0.0912238 0)
(-0.207252 -0.0771823 0)
(-0.207788 -0.0638385 0)
(-0.208147 -0.0510923 0)
(-0.208409 -0.038817 0)
(-0.208632 -0.0268661 0)
(-0.20886 -0.0150788 0)
(-0.209121 -0.00328512 0)
(-0.20943 0.0086902 0)
(-0.209782 0.0210233 0)
(-0.210161 0.0338869 0)
(-0.210528 0.0474448 0)
(-0.210824 0.0618454 0)
(-0.210964 0.0772135 0)
(-0.210831 0.0936392 0)
(-0.210273 0.111164 0)
(-0.209098 0.129763 0)
(-0.207068 0.149325 0)
(-0.203898 0.169619 0)
(-0.19926 0.190271 0)
(-0.192789 0.210724 0)
(-0.184107 0.230198 0)
(-0.172854 0.247661 0)
(-0.158739 0.261802 0)
(-0.14162 0.271023 0)
(-0.12159 0.273473 0)
(-0.0990968 0.267125 0)
(-0.0750539 0.24992 0)
(-0.0508947 0.219978 0)
(-0.0285482 0.175862 0)
(-0.0107966 0.116854 0)
(-0.00174733 0.0432788 0)
(-0.00136233 -0.0356674 0)
(-0.00862004 -0.0962333 0)
(-0.0231618 -0.145197 0)
(-0.0419706 -0.182575 0)
(-0.0630227 -0.209036 0)
(-0.0848727 -0.22568 0)
(-0.106362 -0.233862 0)
(-0.126657 -0.235035 0)
(-0.14523 -0.230632 0)
(-0.161805 -0.221975 0)
(-0.176295 -0.210231 0)
(-0.188743 -0.196387 0)
(-0.19928 -0.181251 0)
(-0.208087 -0.165458 0)
(-0.215366 -0.149491 0)
(-0.221322 -0.133699 0)
(-0.226155 -0.118319 0)
(-0.230045 -0.103492 0)
(-0.233155 -0.089288 0)
(-0.235625 -0.0757118 0)
(-0.237574 -0.0627222 0)
(-0.239102 -0.0502406 0)
(-0.240286 -0.0381594 0)
(-0.241189 -0.0263499 0)
(-0.241853 -0.0146683 0)
(-0.242304 -0.00296069 0)
(-0.242551 0.00893161 0)
(-0.242588 0.0211675 0)
(-0.242385 0.0339005 0)
(-0.241897 0.0472733 0)
(-0.241053 0.0614098 0)
(-0.239757 0.0764065 0)
(-0.237884 0.0923218 0)
(-0.235281 0.109161 0)
(-0.231757 0.126862 0)
(-0.227089 0.145273 0)
(-0.221026 0.164128 0)
(-0.213288 0.183024 0)
(-0.203589 0.201395 0)
(-0.191656 0.21848 0)
(-0.177263 0.233308 0)
(-0.160284 0.24469 0)
(-0.14075 0.251227 0)
(-0.118931 0.251355 0)
(-0.0954077 0.243425 0)
(-0.0711534 0.225828 0)
(-0.0475431 0.197167 0)
(-0.0263009 0.156445 0)
(-0.00980817 0.103255 0)
(-0.0015548 0.0379945 0)
(-0.00124368 -0.0314161 0)
(-0.00798686 -0.0851043 0)
(-0.0216791 -0.12898 0)
(-0.0396851 -0.163016 0)
(-0.0602403 -0.187693 0)
(-0.0820507 -0.20384 0)
(-0.104027 -0.212513 0)
(-0.125331 -0.214876 0)
(-0.145383 -0.212106 0)
(-0.16382 -0.205319 0)
(-0.180453 -0.195524 0)
(-0.195225 -0.183595 0)
(-0.208174 -0.170265 0)
(-0.2194 -0.156125 0)
(-0.229038 -0.141637 0)
(-0.237244 -0.127145 0)
(-0.244176 -0.11289 0)
(-0.249987 -0.0990293 0)
(-0.254821 -0.0856456 0)
(-0.258805 -0.0727642 0)
(-0.262051 -0.0603626 0)
(-0.264652 -0.0483809 0)
(-0.266685 -0.0367304 0)
(-0.268207 -0.0253003 0)
(-0.26926 -0.0139644 0)
(-0.269866 -0.0025865 0)
(-0.27003 0.00897404 0)
(-0.269739 0.0208572 0)
(-0.268958 0.0331966 0)
(-0.267634 0.0461127 0)
(-0.265691 0.0597058 0)
(-0.263028 0.0740465 0)
(-0.25952 0.089165 0)
(-0.255016 0.105038 0)
(-0.249342 0.121575 0)
(-0.242299 0.138597 0)
(-0.233674 0.155822 0)
(-0.223246 0.17284 0)
(-0.210808 0.189098 0)
(-0.196187 0.203879 0)
(-0.179277 0.216296 0)
(-0.160087 0.225295 0)
(-0.138785 0.229673 0)
(-0.115762 0.22813 0)
(-0.0916791 0.219335 0)
(-0.0675208 0.202039 0)
(-0.0445777 0.175208 0)
(-0.0243826 0.138156 0)
(-0.00898778 0.0906757 0)
(-0.00139969 0.033183 0)
(-0.00114996 -0.0274615 0)
(-0.0074755 -0.074637 0)
(-0.0204574 -0.113527 0)
(-0.0377545 -0.144085 0)
(-0.0578089 -0.166662 0)
(-0.0794572 -0.181887 0)
(-0.101682 -0.190583 0)
(-0.123661 -0.193683 0)
(-0.144786 -0.192148 0)
(-0.164637 -0.186911 0)
(-0.182952 -0.178831 0)
(-0.199594 -0.168671 0)
(-0.214525 -0.157081 0)
(-0.227773 -0.144598 0)
(-0.239415 -0.13165 0)
(-0.249556 -0.118564 0)
(-0.258315 -0.105577 0)
(-0.265814 -0.0928491 0)
(-0.272175 -0.0804718 0)
(-0.277509 -0.0684834 0)
(-0.281915 -0.0568766 0)
(-0.285478 -0.0456078 0)
(-0.28827 -0.0346051 0)
(-0.290343 -0.0237753 0)
(-0.291733 -0.0130099 0)
(-0.292459 -0.00219083 0)
(-0.292521 0.008804 0)
(-0.291901 0.0200952 0)
(-0.290561 0.0317962 0)
(-0.288442 0.0440064 0)
(-0.285466 0.0568039 0)
(-0.281534 0.0702367 0)
(-0.276524 0.0843122 0)
(-0.270298 0.098986 0)
(-0.2627 0.114148 0)
(-0.253563 0.129608 0)
(-0.242716 0.145079 0)
(-0.23 0.160163 0)
(-0.215281 0.17434 0)
(-0.198476 0.186953 0)
(-0.179585 0.197212 0)
(-0.158723 0.2042 0)
(-0.136162 0.206902 0)
(-0.112373 0.204246 0)
(-0.0880621 0.195171 0)
(-0.0641928 0.178712 0)
(-0.0419644 0.154106 0)
(-0.0227391 0.120886 0)
(-0.00830048 0.0789704 0)
(-0.00127288 0.0287648 0)
(-0.00107507 -0.0237472 0)
(-0.00705938 -0.0647169 0)
(-0.0194469 -0.0987291 0)
(-0.0361251 -0.125732 0)
(-0.0557004 -0.145983 0)
(-0.0771197 -0.159961 0)
(-0.0994326 -0.16831 0)
(-0.121844 -0.171774 0)
(-0.143733 -0.171133 0)
(-0.164645 -0.167157 0)
(-0.184262 -0.160571 0)
(-0.202389 -0.152026 0)
(-0.218924 -0.14209 0)
(-0.233838 -0.131238 0)
(-0.247153 -0.119857 0)
(-0.258929 -0.108248 0)
(-0.269247 -0.0966342 0)
(-0.278201 -0.0851707 0)
(-0.285886 -0.073953 0)
(-0.292396 -0.0630262 0)
(-0.297817 -0.0523941 0)
(-0.302224 -0.0420266 0)
(-0.305679 -0.031867 0)
(-0.308228 -0.0218381 0)
(-0.309903 -0.0118487 0)
(-0.310716 -0.00179858 0)
(-0.310664 0.00841599 0)
(-0.309725 0.0188967 0)
(-0.307857 0.0297376 0)
(-0.305001 0.0410185 0)
(-0.301079 0.052798 0)
(-0.295996 0.0651054 0)
(-0.289639 0.077931 0)
(-0.281886 0.0912162 0)
(-0.272602 0.104842 0)
(-0.261656 0.118616 0)
(-0.24892 0.132262 0)
(-0.234292 0.145408 0)
(-0.217707 0.157578 0)
(-0.199162 0.168186 0)
(-0.178739 0.176545 0)
(-0.15664 0.181872 0)
(-0.133213 0.183323 0)
(-0.108979 0.180026 0)
(-0.084662 0.171141 0)
(-0.0611919 0.155928 0)
(-0.039677 0.133827 0)
(-0.0213321 0.104524 0)
(-0.00772261 0.068015 0)
(-0.00116838 0.0246762 0)
(-0.00101491 -0.0202284 0)
(-0.00672016 -0.05525 0)
(-0.0186122 -0.0844899 0)
(-0.0347569 -0.107897 0)
(-0.0538912 -0.125661 0)
(-0.075053 -0.138148 0)
(-0.0973526 -0.145859 0)
(-0.120023 -0.149384 0)
(-0.142445 -0.149349 0)
(-0.164138 -0.146384 0)
(-0.184751 -0.141089 0)
(-0.204041 -0.134011 0)
(-0.221856 -0.125635 0)
(-0.238118 -0.116372 0)
(-0.252806 -0.106561 0)
(-0.265939 -0.096472 0)
(-0.277564 -0.0863074 0)
(-0.287744 -0.0762118 0)
(-0.296554 -0.0662777 0)
(-0.304069 -0.0565534 0)
(-0.310358 -0.0470497 0)
(-0.315487 -0.0377473 0)
(-0.319507 -0.0286022 0)
(-0.322458 -0.0195525 0)
(-0.324366 -0.0105227 0)
(-0.325238 -0.00142965 0)
(-0.325067 0.00781268 0)
(-0.323827 0.0172881 0)
(-0.321476 0.0270727 0)
(-0.317954 0.037229 0)
(-0.313187 0.047799 0)
(-0.307085 0.0587975 0)
(-0.299548 0.0702033 0)
(-0.29047 0.0819508 0)
(-0.279743 0.0939201 0)
(-0.267265 0.105928 0)
(-0.252955 0.117718 0)
(-0.23676 0.128953 0)
(-0.218676 0.139212 0)
(-0.198765 0.147987 0)
(-0.177182 0.154691 0)
(-0.15419 0.158673 0)
(-0.13019 0.159239 0)
(-0.105738 0.155691 0)
(-0.0815557 0.147371 0)
(-0.0585338 0.133715 0)
(-0.0376968 0.114314 0)
(-0.0201353 0.0889634 0)
(-0.00723812 0.0577008 0)
(-0.0010822 0.020864 0)
(-0.000966722 -0.0168685 0)
(-0.00644514 -0.0461567 0)
(-0.0179282 -0.0707215 0)
(-0.0336211 -0.0905164 0)
(-0.0523632 -0.10568 0)
(-0.0732664 -0.116493 0)
(-0.0954932 -0.12334 0)
(-0.118305 -0.126683 0)
(-0.141087 -0.127019 0)
(-0.163348 -0.124852 0)
(-0.184709 -0.12067 0)
(-0.204894 -0.114923 0)
(-0.223712 -0.108014 0)
(-0.241048 -0.100289 0)
(-0.256841 -0.092038 0)
(-0.271077 -0.0834923 0)
(-0.283773 -0.0748304 0)
(-0.294966 -0.0661813 0)
(-0.30471 -0.0576299 0)
(-0.31306 -0.0492236 0)
(-0.320074 -0.0409771 0)
(-0.325805 -0.032879 0)
(-0.330295 -0.0248963 0)
(-0.333577 -0.01698 0)
(-0.33567 -0.00906973 0)
(-0.336578 -0.00109803 0)
(-0.336289 0.0070047 0)
(-0.334776 0.0153057 0)
(-0.331995 0.023865 0)
(-0.327889 0.0327298 0)
(-0.322387 0.0419293 0)
(-0.315407 0.0514676 0)
(-0.306863 0.0613174 0)
(-0.296665 0.0714122 0)
(-0.284729 0.081639 0)
(-0.270986 0.0918305 0)
(-0.255391 0.101759 0)
(-0.237938 0.111131 0)
(-0.218673 0.119585 0)
(-0.197714 0.126693 0)
(-0.175268 0.131969 0)
(-0.151648 0.13488 0)
(-0.127292 0.134869 0)
(-0.102772 0.131387 0)
(-0.0788011 0.123925 0)
(-0.0562307 0.112059 0)
(-0.0360113 0.0954937 0)
(-0.0191306 0.0740973 0)
(-0.00683604 0.0479294 0)
(-0.00101164 0.0172823 0)
(-0.000928616 -0.0136366 0)
(-0.00622558 -0.0373675 0)
(-0.0173775 -0.057343 0)
(-0.032697 -0.0735235 0)
(-0.0511031 -0.0860101 0)
(-0.0717665 -0.0950115 0)
(-0.0938927 -0.100821 0)
(-0.116768 -0.103791 0)
(-0.139787 -0.104307 0)
(-0.16245 -0.102763 0)
(-0.184363 -0.0995444 0)
(-0.205223 -0.0950094 0)
(-0.224812 -0.0894821 0)
(-0.242982 -0.0832444 0)
(-0.259644 -0.0765337 0)
(-0.274754 -0.0695423 0)
(-0.288304 -0.0624198 0)
(-0.30031 -0.055276 0)
(-0.310807 -0.048185 0)
(-0.319834 -0.0411895 0)
(-0.327435 -0.0343056 0)
(-0.333653 -0.0275273 0)
(-0.338523 -0.0208306 0)
(-0.342069 -0.0141781 0)
(-0.344305 -0.00752257 0)
(-0.345231 -0.000811363 0)
(-0.344832 0.00601008 0)
(-0.34308 0.012994 0)
(-0.33993 0.0201861 0)
(-0.335329 0.0276213 0)
(-0.32921 0.0353184 0)
(-0.321499 0.043275 0)
(-0.312121 0.0514623 0)
(-0.301004 0.0598183 0)
(-0.288086 0.0682428 0)
(-0.273325 0.0765914 0)
(-0.25671 0.0846707 0)
(-0.238271 0.0922357 0)
(-0.218098 0.0989887 0)
(-0.196352 0.104582 0)
(-0.17328 0.108624 0)
(-0.149232 0.110695 0)
(-0.124669 0.110361 0)
(-0.100173 0.107196 0)
(-0.0764432 0.100819 0)
(-0.0542935 0.0909162 0)
(-0.0346127 0.0772768 0)
(-0.0183058 0.0598196 0)
(-0.00650893 0.0386098 0)
(-0.00095486 0.0138899 0)
(-0.000899312 -0.0105055 0)
(-0.00605548 -0.02882 0)
(-0.0169481 -0.0442788 0)
(-0.0319706 -0.0568503 0)
(-0.0501023 -0.0666062 0)
(-0.0705589 -0.0736974 0)
(-0.09258 -0.0783385 0)
(-0.115473 -0.0807896 0)
(-0.138641 -0.081337 0)
(-0.161582 -0.0802765 0)
(-0.18389 -0.0778982 0)
(-0.205245 -0.0744755 0)
(-0.225406 -0.0702565 0)
(-0.244203 -0.065459 0)
(-0.261524 -0.0602676 0)
(-0.277303 -0.0548333 0)
(-0.29151 -0.0492746 0)
(-0.304146 -0.0436794 0)
(-0.315226 -0.0381078 0)
(-0.32478 -0.0325957 0)
(-0.332839 -0.027158 0)
(-0.339436 -0.0217922 0)
(-0.3446 -0.0164815 0)
(-0.348348 -0.0111985 0)
(-0.35069 -0.00590825 0)
(-0.351623 -0.000571204 0)
(-0.351128 0.00485336 0)
(-0.349177 0.0104042 0)
(-0.345727 0.0161147 0)
(-0.340725 0.0220094 0)
(-0.334109 0.0280996 0)
(-0.325814 0.0343801 0)
(-0.315775 0.040824 0)
(-0.303934 0.0473787 0)
(-0.290249 0.0539614 0)
(-0.2747 0.0604553 0)
(-0.257303 0.0667061 0)
(-0.23812 0.0725205 0)
(-0.217271 0.0776662 0)
(-0.194952 0.0818748 0)
(-0.171441 0.0848478 0)
(-0.147111 0.0862668 0)
(-0.122441 0.0858072 0)
(-0.0980143 0.0831565 0)
(-0.0745171 0.0780353 0)
(-0.0527314 0.0702201 0)
(-0.0334964 0.059566 0)
(-0.0176528 0.0460244 0)
(-0.00625179 0.0296553 0)
(-0.000910598 0.0106492 0)
(-0.000877956 -0.00745065 0)
(-0.00593082 -0.0204564 0)
(-0.0166318 -0.0314564 0)
(-0.0314325 -0.0404275 0)
(-0.0493551 -0.0474173 0)
(-0.0696484 -0.0525282 0)
(-0.091577 -0.0559065 0)
(-0.114465 -0.0577306 0)
(-0.137722 -0.0581983 0)
(-0.160846 -0.0575148 0)
(-0.183424 -0.0558828 0)
(-0.205123 -0.0534942 0)
(-0.225688 -0.0505241 0)
(-0.244933 -0.0471272 0)
(-0.262727 -0.0434353 0)
(-0.278988 -0.0395569 0)
(-0.293673 -0.0355774 0)
(-0.306766 -0.0315611 0)
(-0.318274 -0.0275522 0)
(-0.328212 -0.0235777 0)
(-0.336606 -0.0196496 0)
(-0.343482 -0.0157671 0)
(-0.348859 -0.0119194 0)
(-0.352754 -0.00808786 0)
(-0.355171 -0.00424834 0)
(-0.356103 -0.000373545 0)
(-0.355532 0.00356467 0)
(-0.353428 0.00759294 0)
(-0.349748 0.0117339 0)
(-0.344443 0.0160034 0)
(-0.337454 0.0204082 0)
(-0.328722 0.0249422 0)
(-0.318191 0.0295841 0)
(-0.305816 0.0342938 0)
(-0.291567 0.0390099 0)
(-0.275443 0.0436463 0)
(-0.257481 0.0480911 0)
(-0.237765 0.0522048 0)
(-0.216441 0.0558214 0)
(-0.193725 0.0587506 0)
(-0.169919 0.0607821 0)
(-0.145414 0.0616936 0)
(-0.120696 0.0612604 0)
(-0.0963499 0.059268 0)
(-0.0730496 0.0555269 0)
(-0.0515524 0.0498877 0)
(-0.0326601 0.0422562 0)
(-0.0171665 0.0326054 0)
(-0.00606128 0.0209825 0)
(-0.000878015 0.00752469 0)
(-0.000863991 -0.00444925 0)
(-0.00584898 -0.0122224 0)
(-0.0164235 -0.0188054 0)
(-0.0310766 -0.0241842 0)
(-0.0488584 -0.0283861 0)
(-0.0690389 -0.0314702 0)
(-0.0908996 -0.0335218 0)
(-0.113775 -0.0346449 0)
(-0.137081 -0.0349557 0)
(-0.160316 -0.034575 0)
(-0.183061 -0.0336224 0)
(-0.204977 -0.0322117 0)
(-0.2258 -0.0304473 0)
(-0.245331 -0.0284214 0)
(-0.26343 -0.0262131 0)
(-0.280004 -0.0238877 0)
(-0.294999 -0.0214968 0)
(-0.308392 -0.0190794 0)
(-0.320178 -0.0166627 0)
(-0.330368 -0.0142634 0)
(-0.338982 -0.0118891 0)
(-0.346039 -0.00953983 0)
(-0.351556 -0.00720959 0)
(-0.355546 -0.00488755 0)
(-0.358009 -0.0025596 0)
(-0.358939 -0.000209748 0)
(-0.358315 0.00217852 0)
(-0.356107 0.00462072 0)
(-0.352273 0.00712992 0)
(-0.346764 0.0097151 0)
(-0.339526 0.0123795 0)
(-0.330504 0.0151187 0)
(-0.319647 0.017919 0)
(-0.306919 0.0207554 0)
(-0.2923 0.0235901 0)
(-0.275802 0.0263705 0)
(-0.257473 0.0290286 0)
(-0.237415 0.0314805 0)
(-0.215788 0.0336265 0)
(-0.192824 0.0353529 0)
(-0.168839 0.0365349 0)
(-0.144233 0.0370413 0)
(-0.119499 0.0367399 0)
(-0.0952191 0.0355056 0)
(-0.0720605 0.0332286 0)
(-0.0507627 0.0298233 0)
(-0.0321029 0.0252367 0)
(-0.0168438 0.0194555 0)
(-0.00593531 0.0125098 0)
(-0.000856565 0.00448224 0)
(-0.000857085 -0.00147952 0)
(-0.00580843 -0.00406545 0)
(-0.0163201 -0.00625687 0)
(-0.0308994 -0.00804908 0)
(-0.0486104 -0.00945096 0)
(-0.0687334 -0.0104819 0)
(-0.0905583 -0.0111698 0)
(-0.113426 -0.0115489 0)
(-0.136753 -0.0116575 0)
(-0.16004 -0.0115355 0)
(-0.182864 -0.0112224 0)
(-0.204885 -0.010756 0)
(-0.225833 -0.0101708 0)
(-0.245504 -0.00949764 0)
(-0.263752 -0.00876274 0)
(-0.28048 -0.00798793 0)
(-0.295628 -0.00719051 0)
(-0.309168 -0.00638352 0)
(-0.321091 -0.00557611 0)
(-0.331407 -0.00477394 0)
(-0.340129 -0.00397963 0)
(-0.347275 -0.0031933 0)
(-0.352862 -0.00241298 0)
(-0.356897 -0.00163513 0)
(-0.359384 -0.000855132 0)
(-0.360312 -6.76991e-05 0)
(-0.35966 0.000732596 0)
(-0.357399 0.00155086 0)
(-0.353488 0.00239135 0)
(-0.347877 0.00325696 0)
(-0.340514 0.00414865 0)
(-0.331347 0.00506483 0)
(-0.320329 0.00600076 0)
(-0.307426 0.00694798 0)
(-0.292624 0.00789366 0)
(-0.27594 0.00882018 0)
(-0.257432 0.00970475 0)
(-0.237206 0.0105193 0)
(-0.215432 0.0112306 0)
(-0.192349 0.0118009 0)
(-0.168279 0.0121888 0)
(-0.143627 0.0123509 0)
(-0.11889 0.0122436 0)
(-0.0946474 0.0118259 0)
(-0.0715627 0.0110616 0)
(-0.0503667 0.00992293 0)
(-0.0318243 0.00839287 0)
(-0.0166829 0.00646739 0)
(-0.00587261 0.00415681 0)
(-0.000845916 0.00148872 0)
(-0.000857084 0.00147971 0)
(-0.00580842 0.00406597 0)
(-0.01632 0.00625761 0)
(-0.0308994 0.00804994 0)
(-0.0486104 0.00945186 0)
(-0.0687334 0.0104828 0)
(-0.0905582 0.0111706 0)
(-0.113425 0.0115496 0)
(-0.136753 0.0116582 0)
(-0.160039 0.011536 0)
(-0.182864 0.0112228 0)
(-0.204885 0.0107563 0)
(-0.225833 0.010171 0)
(-0.245504 0.00949769 0)
(-0.263752 0.00876268 0)
(-0.28048 0.00798777 0)
(-0.295628 0.00719024 0)
(-0.309168 0.00638316 0)
(-0.321091 0.00557567 0)
(-0.331407 0.00477342 0)
(-0.340129 0.00397904 0)
(-0.347275 0.00319264 0)
(-0.352862 0.00241226 0)
(-0.356897 0.00163437 0)
(-0.359384 0.000854326 0)
(-0.360312 6.68613e-05 0)
(-0.35966 -0.000733455 0)
(-0.357399 -0.00155173 0)
(-0.353488 -0.00239221 0)
(-0.347877 -0.00325781 0)
(-0.340514 -0.00414947 0)
(-0.331347 -0.00506561 0)
(-0.320329 -0.00600149 0)
(-0.307426 -0.00694863 0)
(-0.292624 -0.00789422 0)
(-0.27594 -0.00882064 0)
(-0.257432 -0.00970509 0)
(-0.237206 -0.0105195 0)
(-0.215432 -0.0112307 0)
(-0.192349 -0.0118008 0)
(-0.168279 -0.0121886 0)
(-0.143627 -0.0123505 0)
(-0.11889 -0.0122431 0)
(-0.0946475 -0.0118252 0)
(-0.0715628 -0.0110609 0)
(-0.0503667 -0.00992217 0)
(-0.0318243 -0.00839213 0)
(-0.0166829 -0.00646674 0)
(-0.00587262 -0.00415634 0)
(-0.000845917 -0.00148854 0)
(-0.000863988 0.00444944 0)
(-0.00584897 0.0122229 0)
(-0.0164235 0.0188061 0)
(-0.0310765 0.024185 0)
(-0.0488583 0.028387 0)
(-0.0690388 0.0314711 0)
(-0.0908994 0.0335226 0)
(-0.113775 0.0346456 0)
(-0.137081 0.0349563 0)
(-0.160316 0.0345755 0)
(-0.183061 0.0336228 0)
(-0.204977 0.032212 0)
(-0.2258 0.0304475 0)
(-0.245331 0.0284215 0)
(-0.26343 0.026213 0)
(-0.280004 0.0238875 0)
(-0.294999 0.0214965 0)
(-0.308391 0.0190791 0)
(-0.320177 0.0166623 0)
(-0.330368 0.0142629 0)
(-0.338982 0.0118885 0)
(-0.346039 0.00953919 0)
(-0.351556 0.00720889 0)
(-0.355545 0.0048868 0)
(-0.358009 0.00255881 0)
(-0.358939 0.000208923 0)
(-0.358315 -0.00217936 0)
(-0.356107 -0.00462157 0)
(-0.352273 -0.00713077 0)
(-0.346764 -0.00971593 0)
(-0.339526 -0.0123803 0)
(-0.330504 -0.0151194 0)
(-0.319647 -0.0179197 0)
(-0.306919 -0.0207561 0)
(-0.292301 -0.0235906 0)
(-0.275802 -0.0263709 0)
(-0.257473 -0.029029 0)
(-0.237415 -0.0314807 0)
(-0.215788 -0.0336265 0)
(-0.192824 -0.0353528 0)
(-0.168839 -0.0365347 0)
(-0.144233 -0.0370409 0)
(-0.119499 -0.0367394 0)
(-0.0952192 -0.035505 0)
(-0.0720606 -0.0332279 0)
(-0.0507628 -0.0298225 0)
(-0.0321029 -0.025236 0)
(-0.0168439 -0.0194549 0)
(-0.00593532 -0.0125093 0)
(-0.000856566 -0.00448207 0)
(-0.000877951 0.00745082 0)
(-0.00593079 0.0204569 0)
(-0.0166317 0.0314571 0)
(-0.0314323 0.0404283 0)
(-0.049355 0.0474182 0)
(-0.0696481 0.0525291 0)
(-0.0915767 0.0559073 0)
(-0.114465 0.0577313 0)
(-0.137722 0.0581989 0)
(-0.160846 0.0575153 0)
(-0.183423 0.0558832 0)
(-0.205122 0.0534945 0)
(-0.225688 0.0505243 0)
(-0.244932 0.0471273 0)
(-0.262726 0.0434353 0)
(-0.278987 0.0395567 0)
(-0.293672 0.0355772 0)
(-0.306766 0.0315608 0)
(-0.318273 0.0275518 0)
(-0.328212 0.0235772 0)
(-0.336606 0.019649 0)
(-0.343481 0.0157665 0)
(-0.348859 0.0119187 0)
(-0.352754 0.00808713 0)
(-0.35517 0.00424757 0)
(-0.356103 0.000372749 0)
(-0.355532 -0.00356549 0)
(-0.353428 -0.00759376 0)
(-0.349748 -0.0117347 0)
(-0.344443 -0.0160042 0)
(-0.337454 -0.020409 0)
(-0.328722 -0.0249429 0)
(-0.318191 -0.0295848 0)
(-0.305816 -0.0342945 0)
(-0.291567 -0.0390104 0)
(-0.275443 -0.0436468 0)
(-0.257481 -0.0480914 0)
(-0.237765 -0.052205 0)
(-0.216441 -0.0558215 0)
(-0.193726 -0.0587505 0)
(-0.16992 -0.0607819 0)
(-0.145414 -0.0616933 0)
(-0.120697 -0.0612599 0)
(-0.09635 -0.0592674 0)
(-0.0730497 -0.0555262 0)
(-0.0515525 -0.049887 0)
(-0.0326602 -0.0422555 0)
(-0.0171666 -0.0326047 0)
(-0.0060613 -0.020982 0)
(-0.000878018 -0.00752452 0)
(-0.000899306 0.0105056 0)
(-0.00605544 0.0288204 0)
(-0.016948 0.0442795 0)
(-0.0319704 0.0568511 0)
(-0.050102 0.066607 0)
(-0.0705586 0.0736982 0)
(-0.0925796 0.0783392 0)
(-0.115473 0.0807902 0)
(-0.13864 0.0813376 0)
(-0.161582 0.080277 0)
(-0.183889 0.0778986 0)
(-0.205244 0.0744758 0)
(-0.225405 0.0702567 0)
(-0.244203 0.065459 0)
(-0.261524 0.0602675 0)
(-0.277302 0.0548332 0)
(-0.29151 0.0492744 0)
(-0.304145 0.043679 0)
(-0.315226 0.0381074 0)
(-0.324779 0.0325952 0)
(-0.332838 0.0271575 0)
(-0.339436 0.0217916 0)
(-0.344599 0.0164808 0)
(-0.348348 0.0111978 0)
(-0.35069 0.00590753 0)
(-0.351622 0.000570454 0)
(-0.351128 -0.00485413 0)
(-0.349177 -0.010405 0)
(-0.345727 -0.0161155 0)
(-0.340725 -0.0220101 0)
(-0.334109 -0.0281003 0)
(-0.325814 -0.0343808 0)
(-0.315775 -0.0408246 0)
(-0.303935 -0.0473793 0)
(-0.290249 -0.0539619 0)
(-0.274701 -0.0604557 0)
(-0.257303 -0.0667064 0)
(-0.23812 -0.0725207 0)
(-0.217272 -0.0776663 0)
(-0.194953 -0.0818747 0)
(-0.171441 -0.0848476 0)
(-0.147112 -0.0862664 0)
(-0.122442 -0.0858067 0)
(-0.0980145 -0.0831559 0)
(-0.0745173 -0.0780347 0)
(-0.0527316 -0.0702195 0)
(-0.0334965 -0.0595653 0)
(-0.0176529 -0.0460238 0)
(-0.00625181 -0.0296549 0)
(-0.000910602 -0.0106491 0)
(-0.000928607 0.0136367 0)
(-0.00622553 0.0373679 0)
(-0.0173774 0.0573436 0)
(-0.0326968 0.0735241 0)
(-0.0511028 0.0860108 0)
(-0.0717661 0.0950121 0)
(-0.0938922 0.100822 0)
(-0.116767 0.103792 0)
(-0.139786 0.104308 0)
(-0.16245 0.102764 0)
(-0.184362 0.0995447 0)
(-0.205222 0.0950096 0)
(-0.224811 0.0894822 0)
(-0.242981 0.0832445 0)
(-0.259643 0.0765336 0)
(-0.274753 0.0695421 0)
(-0.288303 0.0624196 0)
(-0.30031 0.0552757 0)
(-0.310806 0.0481846 0)
(-0.319833 0.0411891 0)
(-0.327435 0.0343052 0)
(-0.333653 0.0275268 0)
(-0.338522 0.02083 0)
(-0.342069 0.0141774 0)
(-0.344305 0.00752191 0)
(-0.345231 0.000810675 0)
(-0.344832 -0.00601078 0)
(-0.343079 -0.0129947 0)
(-0.33993 -0.0201868 0)
(-0.335329 -0.027622 0)
(-0.32921 -0.035319 0)
(-0.321499 -0.0432757 0)
(-0.312121 -0.0514628 0)
(-0.301004 -0.0598188 0)
(-0.288087 -0.0682433 0)
(-0.273326 -0.0765917 0)
(-0.25671 -0.084671 0)
(-0.238272 -0.0922359 0)
(-0.218099 -0.0989887 0)
(-0.196352 -0.104582 0)
(-0.17328 -0.108624 0)
(-0.149232 -0.110695 0)
(-0.12467 -0.11036 0)
(-0.100173 -0.107196 0)
(-0.0764435 -0.100819 0)
(-0.0542937 -0.0909156 0)
(-0.0346128 -0.0772762 0)
(-0.0183058 -0.0598191 0)
(-0.00650896 -0.0386094 0)
(-0.000954865 -0.0138898 0)
(-0.000966713 0.0168686 0)
(-0.00644509 0.046157 0)
(-0.0179281 0.070722 0)
(-0.0336208 0.090517 0)
(-0.0523628 0.105681 0)
(-0.073266 0.116493 0)
(-0.0954927 0.123341 0)
(-0.118304 0.126683 0)
(-0.141086 0.127019 0)
(-0.163347 0.124852 0)
(-0.184708 0.12067 0)
(-0.204893 0.114924 0)
(-0.223712 0.108014 0)
(-0.241047 0.100289 0)
(-0.256841 0.092038 0)
(-0.271076 0.0834922 0)
(-0.283772 0.0748302 0)
(-0.294965 0.066181 0)
(-0.304709 0.0576296 0)
(-0.313059 0.0492232 0)
(-0.320074 0.0409767 0)
(-0.325804 0.0328785 0)
(-0.330295 0.0248958 0)
(-0.333577 0.0169795 0)
(-0.33567 0.00906914 0)
(-0.336578 0.00109742 0)
(-0.336289 -0.00700532 0)
(-0.334775 -0.0153063 0)
(-0.331995 -0.0238656 0)
(-0.327889 -0.0327304 0)
(-0.322387 -0.0419299 0)
(-0.315408 -0.0514682 0)
(-0.306864 -0.0613179 0)
(-0.296665 -0.0714127 0)
(-0.28473 -0.0816394 0)
(-0.270987 -0.0918308 0)
(-0.255392 -0.101759 0)
(-0.237938 -0.111131 0)
(-0.218674 -0.119585 0)
(-0.197715 -0.126693 0)
(-0.175268 -0.131969 0)
(-0.151648 -0.134879 0)
(-0.127292 -0.134869 0)
(-0.102772 -0.131386 0)
(-0.0788014 -0.123924 0)
(-0.056231 -0.112059 0)
(-0.0360115 -0.0954932 0)
(-0.0191307 -0.0740968 0)
(-0.00683608 -0.0479291 0)
(-0.00101165 -0.0172821 0)
(-0.0010149 0.0202284 0)
(-0.0067201 0.0552503 0)
(-0.018612 0.0844903 0)
(-0.0347567 0.107898 0)
(-0.0538909 0.125661 0)
(-0.0750525 0.138148 0)
(-0.097352 0.14586 0)
(-0.120022 0.149384 0)
(-0.142444 0.14935 0)
(-0.164137 0.146385 0)
(-0.18475 0.141089 0)
(-0.20404 0.134012 0)
(-0.221855 0.125635 0)
(-0.238117 0.116372 0)
(-0.252805 0.106561 0)
(-0.265938 0.0964719 0)
(-0.277563 0.0863073 0)
(-0.287743 0.0762116 0)
(-0.296554 0.0662774 0)
(-0.304068 0.056553 0)
(-0.310358 0.0470493 0)
(-0.315486 0.0377468 0)
(-0.319506 0.0286018 0)
(-0.322458 0.019552 0)
(-0.324365 0.0105222 0)
(-0.325238 0.00142913 0)
(-0.325066 -0.00781321 0)
(-0.323827 -0.0172887 0)
(-0.321476 -0.0270733 0)
(-0.317954 -0.0372295 0)
(-0.313187 -0.0477995 0)
(-0.307085 -0.058798 0)
(-0.299548 -0.0702038 0)
(-0.29047 -0.0819512 0)
(-0.279743 -0.0939204 0)
(-0.267266 -0.105928 0)
(-0.252956 -0.117718 0)
(-0.23676 -0.128953 0)
(-0.218676 -0.139212 0)
(-0.198766 -0.147987 0)
(-0.177182 -0.154691 0)
(-0.15419 -0.158673 0)
(-0.130191 -0.159239 0)
(-0.105739 -0.155691 0)
(-0.081556 -0.147371 0)
(-0.058534 -0.133715 0)
(-0.037697 -0.114314 0)
(-0.0201354 -0.088963 0)
(-0.00723816 -0.0577005 0)
(-0.00108221 -0.0208639 0)
(-0.00107506 0.0237472 0)
(-0.00705932 0.0647171 0)
(-0.0194468 0.0987294 0)
(-0.0361248 0.125733 0)
(-0.0557 0.145983 0)
(-0.0771191 0.159961 0)
(-0.099432 0.168311 0)
(-0.121843 0.171774 0)
(-0.143732 0.171133 0)
(-0.164644 0.167157 0)
(-0.184261 0.160571 0)
(-0.202388 0.152026 0)
(-0.218923 0.14209 0)
(-0.233837 0.131238 0)
(-0.247152 0.119857 0)
(-0.258928 0.108248 0)
(-0.269246 0.0966341 0)
(-0.2782 0.0851705 0)
(-0.285885 0.0739527 0)
(-0.292395 0.0630259 0)
(-0.297817 0.0523938 0)
(-0.302224 0.0420263 0)
(-0.305678 0.0318666 0)
(-0.308228 0.0218377 0)
(-0.309902 0.0118483 0)
(-0.310716 0.00179815 0)
(-0.310664 -0.00841642 0)
(-0.309725 -0.0188972 0)
(-0.307857 -0.029738 0)
(-0.305001 -0.0410189 0)
(-0.30108 -0.0527984 0)
(-0.295996 -0.0651058 0)
(-0.28964 -0.0779314 0)
(-0.281886 -0.0912166 0)
(-0.272603 -0.104842 0)
(-0.261656 -0.118616 0)
(-0.248921 -0.132263 0)
(-0.234293 -0.145409 0)
(-0.217708 -0.157578 0)
(-0.199162 -0.168186 0)
(-0.17874 -0.176545 0)
(-0.156641 -0.181872 0)
(-0.133213 -0.183323 0)
(-0.10898 -0.180026 0)
(-0.0846624 -0.171141 0)
(-0.0611922 -0.155928 0)
(-0.0396772 -0.133826 0)
(-0.0213322 -0.104524 0)
(-0.00772266 -0.0680148 0)
(-0.00116839 -0.0246761 0)
(-0.00114995 0.0274616 0)
(-0.00747543 0.0746371 0)
(-0.0204572 0.113527 0)
(-0.0377542 0.144085 0)
(-0.0578085 0.166662 0)
(-0.0794566 0.181887 0)
(-0.101681 0.190583 0)
(-0.12366 0.193683 0)
(-0.144785 0.192148 0)
(-0.164637 0.186911 0)
(-0.182951 0.178831 0)
(-0.199593 0.168671 0)
(-0.214524 0.157081 0)
(-0.227772 0.144598 0)
(-0.239414 0.13165 0)
(-0.249555 0.118564 0)
(-0.258314 0.105577 0)
(-0.265813 0.0928489 0)
(-0.272174 0.0804716 0)
(-0.277508 0.0684832 0)
(-0.281914 0.0568764 0)
(-0.285478 0.0456075 0)
(-0.288269 0.0346048 0)
(-0.290342 0.023775 0)
(-0.291732 0.0130096 0)
(-0.292459 0.00219049 0)
(-0.292521 -0.00880434 0)
(-0.291901 -0.0200956 0)
(-0.290561 -0.0317966 0)
(-0.288442 -0.0440068 0)
(-0.285466 -0.0568042 0)
(-0.281534 -0.0702369 0)
(-0.276524 -0.0843125 0)
(-0.270299 -0.0989862 0)
(-0.2627 -0.114148 0)
(-0.253563 -0.129608 0)
(-0.242716 -0.145079 0)
(-0.23 -0.160163 0)
(-0.215281 -0.17434 0)
(-0.198477 -0.186953 0)
(-0.179586 -0.197212 0)
(-0.158724 -0.2042 0)
(-0.136163 -0.206902 0)
(-0.112374 -0.204246 0)
(-0.0880625 -0.19517 0)
(-0.0641931 -0.178712 0)
(-0.0419646 -0.154105 0)
(-0.0227392 -0.120885 0)
(-0.00830052 -0.0789702 0)
(-0.00127289 -0.0287648 0)
(-0.00124367 0.0314161 0)
(-0.0079868 0.0851043 0)
(-0.0216789 0.12898 0)
(-0.0396848 0.163016 0)
(-0.0602399 0.187693 0)
(-0.0820501 0.203841 0)
(-0.104026 0.212513 0)
(-0.125331 0.214876 0)
(-0.145383 0.212106 0)
(-0.163819 0.205319 0)
(-0.180452 0.195524 0)
(-0.195224 0.183595 0)
(-0.208173 0.170265 0)
(-0.219399 0.156125 0)
(-0.229037 0.141637 0)
(-0.237243 0.127145 0)
(-0.244175 0.11289 0)
(-0.249986 0.0990292 0)
(-0.25482 0.0856455 0)
(-0.258804 0.072764 0)
(-0.26205 0.0603624 0)
(-0.264651 0.0483807 0)
(-0.266684 0.0367302 0)
(-0.268207 0.0253001 0)
(-0.269259 0.0139641 0)
(-0.269866 0.00258626 0)
(-0.27003 -0.00897428 0)
(-0.269738 -0.0208575 0)
(-0.268958 -0.0331968 0)
(-0.267634 -0.0461129 0)
(-0.265691 -0.059706 0)
(-0.263028 -0.0740467 0)
(-0.25952 -0.0891652 0)
(-0.255017 -0.105039 0)
(-0.249343 -0.121575 0)
(-0.2423 -0.138598 0)
(-0.233674 -0.155822 0)
(-0.223247 -0.17284 0)
(-0.210809 -0.189098 0)
(-0.196187 -0.203879 0)
(-0.179278 -0.216296 0)
(-0.160087 -0.225294 0)
(-0.138786 -0.229673 0)
(-0.115762 -0.228129 0)
(-0.0916795 -0.219334 0)
(-0.0675211 -0.202039 0)
(-0.0445779 -0.175208 0)
(-0.0243827 -0.138156 0)
(-0.00898783 -0.0906756 0)
(-0.0013997 -0.0331829 0)
(-0.00136232 0.0356673 0)
(-0.00861998 0.0962332 0)
(-0.0231616 0.145197 0)
(-0.0419703 0.182575 0)
(-0.0630223 0.209036 0)
(-0.0848722 0.22568 0)
(-0.106362 0.233862 0)
(-0.126656 0.235035 0)
(-0.145229 0.230632 0)
(-0.161804 0.221975 0)
(-0.176294 0.210231 0)
(-0.188742 0.196387 0)
(-0.199279 0.181251 0)
(-0.208086 0.165458 0)
(-0.215365 0.149491 0)
(-0.221321 0.133699 0)
(-0.226154 0.118318 0)
(-0.230044 0.103492 0)
(-0.233154 0.0892879 0)
(-0.235624 0.0757116 0)
(-0.237573 0.0627221 0)
(-0.239101 0.0502404 0)
(-0.240286 0.0381592 0)
(-0.241188 0.0263498 0)
(-0.241852 0.0146681 0)
(-0.242303 0.00296055 0)
(-0.242551 -0.00893175 0)
(-0.242587 -0.0211676 0)
(-0.242385 -0.0339007 0)
(-0.241897 -0.0472734 0)
(-0.241053 -0.0614099 0)
(-0.239757 -0.0764066 0)
(-0.237885 -0.0923219 0)
(-0.235281 -0.109162 0)
(-0.231757 -0.126862 0)
(-0.22709 -0.145273 0)
(-0.221026 -0.164128 0)
(-0.213288 -0.183024 0)
(-0.20359 -0.201395 0)
(-0.191656 -0.21848 0)
(-0.177264 -0.233308 0)
(-0.160284 -0.24469 0)
(-0.140751 -0.251226 0)
(-0.118931 -0.251355 0)
(-0.0954081 -0.243425 0)
(-0.0711537 -0.225828 0)
(-0.0475433 -0.197167 0)
(-0.026301 -0.156445 0)
(-0.00980822 -0.103255 0)
(-0.00155481 -0.0379945 0)
(-0.00151518 0.040289 0)
(-0.00941369 0.108167 0)
(-0.0249747 0.162305 0)
(-0.0446806 0.202801 0)
(-0.0661833 0.230604 0)
(-0.0878696 0.247187 0)
(-0.108526 0.254293 0)
(-0.127354 0.253737 0)
(-0.143923 0.247248 0)
(-0.158082 0.236377 0)
(-0.169877 0.222455 0)
(-0.179477 0.206575 0)
(-0.187122 0.189604 0)
(-0.193083 0.172206 0)
(-0.197629 0.154869 0)
(-0.20102 0.137931 0)
(-0.203487 0.121611 0)
(-0.205236 0.106027 0)
(-0.206442 0.0912237 0)
(-0.207252 0.0771822 0)
(-0.207787 0.0638384 0)
(-0.208147 0.0510922 0)
(-0.208408 0.038817 0)
(-0.208631 0.026866 0)
(-0.20886 0.0150788 0)
(-0.209121 0.00328507 0)
(-0.209429 -0.00869024 0)
(-0.209782 -0.0210234 0)
(-0.210161 -0.0338869 0)
(-0.210528 -0.0474448 0)
(-0.210824 -0.0618454 0)
(-0.210964 -0.0772135 0)
(-0.210831 -0.0936392 0)
(-0.210273 -0.111164 0)
(-0.209099 -0.129763 0)
(-0.207068 -0.149325 0)
(-0.203899 -0.169619 0)
(-0.199261 -0.190271 0)
(-0.19279 -0.210724 0)
(-0.184108 -0.230198 0)
(-0.172854 -0.247661 0)
(-0.15874 -0.261802 0)
(-0.14162 -0.271023 0)
(-0.12159 -0.273473 0)
(-0.0990972 -0.267125 0)
(-0.0750542 -0.24992 0)
(-0.0508949 -0.219978 0)
(-0.0285483 -0.175862 0)
(-0.0107967 -0.116854 0)
(-0.00174734 -0.0432788 0)
(-0.00171672 0.0453806 0)
(-0.0104249 0.121088 0)
(-0.0272144 0.180443 0)
(-0.0479025 0.223702 0)
(-0.06974 0.252235 0)
(-0.0909393 0.268029 0)
(-0.110268 0.27334 0)
(-0.127017 0.270422 0)
(-0.14091 0.26135 0)
(-0.151975 0.247919 0)
(-0.160427 0.231617 0)
(-0.166589 0.213626 0)
(-0.170824 0.194851 0)
(-0.173494 0.17596 0)
(-0.174939 0.157424 0)
(-0.175462 0.139554 0)
(-0.175323 0.122532 0)
(-0.174741 0.106445 0)
(-0.173894 0.0913021 0)
(-0.17293 0.077056 0)
(-0.171963 0.0636164 0)
(-0.171087 0.0508609 0)
(-0.170372 0.0386435 0)
(-0.169872 0.026801 0)
(-0.169629 0.015158 0)
(-0.16967 0.00353041 0)
(-0.170013 -0.00827058 0)
(-0.170661 -0.0204358 0)
(-0.171605 -0.0331543 0)
(-0.172823 -0.0466094 0)
(-0.174269 -0.0609731 0)
(-0.175875 -0.0763986 0)
(-0.177542 -0.0930105 0)
(-0.179131 -0.110891 0)
(-0.18046 -0.130064 0)
(-0.181287 -0.150468 0)
(-0.181313 -0.17193 0)
(-0.18017 -0.194126 0)
(-0.177427 -0.216539 0)
(-0.172601 -0.238406 0)
(-0.165187 -0.258667 0)
(-0.15471 -0.275915 0)
(-0.140804 -0.288369 0)
(-0.12333 -0.293875 0)
(-0.102521 -0.289973 0)
(-0.0791562 -0.274048 0)
(-0.0546726 -0.243584 0)
(-0.0312009 -0.196518 0)
(-0.0120054 -0.13165 0)
(-0.00199164 -0.0491393 0)
(-0.00199025 0.05108 0)
(-0.0117389 0.135232 0)
(-0.0300122 0.199767 0)
(-0.0517362 0.245237 0)
(-0.0736747 0.273649 0)
(-0.0938847 0.287716 0)
(-0.111184 0.290359 0)
(-0.125042 0.284364 0)
(-0.135416 0.272191 0)
(-0.142575 0.255881 0)
(-0.146948 0.237059 0)
(-0.149031 0.216962 0)
(-0.149319 0.196501 0)
(-0.148265 0.176316 0)
(-0.146268 0.156833 0)
(-0.143663 0.138312 0)
(-0.140725 0.120887 0)
(-0.137672 0.104597 0)
(-0.134677 0.089412 0)
(-0.131872 0.0752509 0)
(-0.129359 0.0619952 0)
(-0.127217 0.0495003 0)
(-0.125502 0.0376021 0)
(-0.12426 0.0261235 0)
(-0.123526 0.0148771 0)
(-0.123324 0.00366895 0)
(-0.123673 -0.00769969 0)
(-0.124585 -0.0194301 0)
(-0.126062 -0.0317241 0)
(-0.128096 -0.0447806 0)
(-0.130664 -0.0587923 0)
(-0.13372 -0.0739392 0)
(-0.137191 -0.0903807 0)
(-0.140967 -0.108243 0)
(-0.144886 -0.127604 0)
(-0.148725 -0.148466 0)
(-0.152188 -0.170729 0)
(-0.154888 -0.194149 0)
(-0.156348 -0.218283 0)
(-0.155994 -0.242426 0)
(-0.153178 -0.265539 0)
(-0.147223 -0.286171 0)
(-0.137501 -0.302389 0)
(-0.123563 -0.311747 0)
(-0.105332 -0.311308 0)
(-0.0833343 -0.297785 0)
(-0.0589145 -0.267836 0)
(-0.0343643 -0.218511 0)
(-0.0135139 -0.147861 0)
(-0.00231104 -0.0557154 0)
(-0.00237485 0.0575853 0)
(-0.0134852 0.15091 0)
(-0.0335451 0.220433 0)
(-0.0562801 0.267263 0)
(-0.0778874 0.294387 0)
(-0.0963393 0.305533 0)
(-0.11063 0.304476 0)
(-0.120535 0.294632 0)
(-0.126354 0.278863 0)
(-0.128665 0.259434 0)
(-0.128152 0.23806 0)
(-0.125498 0.215985 0)
(-0.121322 0.194076 0)
(-0.116159 0.172904 0)
(-0.110446 0.152819 0)
(-0.104529 0.134008 0)
(-0.0986782 0.11654 0)
(-0.0930941 0.100396 0)
(-0.0879259 0.0855018 0)
(-0.0832812 0.0717388 0)
(-0.0792367 0.0589613 0)
(-0.0758469 0.0470038 0)
(-0.0731513 0.0356877 0)
(-0.0711793 0.0248252 0)
(-0.0699548 0.0142218 0)
(-0.0694985 0.00367823 0)
(-0.0698295 -0.00700892 0)
(-0.0709654 -0.0180461 0)
(-0.0729215 -0.0296422 0)
(-0.0757077 -0.0420069 0)
(-0.079325 -0.0553483 0)
(-0.0837588 -0.0698694 0)
(-0.0889715 -0.0857614 0)
(-0.0948907 -0.103194 0)
(-0.101396 -0.122301 0)
(-0.108304 -0.14316 0)
(-0.115345 -0.165759 0)
(-0.122147 -0.189956 0)
(-0.128214 -0.215421 0)
(-0.132912 -0.24156 0)
(-0.135471 -0.267418 0)
(-0.135009 -0.291571 0)
(-0.130606 -0.312007 0)
(-0.121433 -0.326026 0)
(-0.106975 -0.330203 0)
(-0.087349 -0.320477 0)
(-0.0636352 -0.292441 0)
(-0.0381799 -0.24191 0)
(-0.0154443 -0.165766 0)
(-0.00274503 -0.063204 0)
(-0.00293865 0.0651899 0)
(-0.0158636 0.168525 0)
(-0.0380416 0.242565 0)
(-0.0615892 0.289454 0)
(-0.0821014 0.313701 0)
(-0.0976338 0.320441 0)
(-0.107568 0.314521 0)
(-0.112167 0.300056 0)
(-0.112197 0.280293 0)
(-0.108618 0.257658 0)
(-0.10239 0.233875 0)
(-0.0943768 0.21012 0)
(-0.0853046 0.187155 0)
(-0.0757525 0.165434 0)
(-0.0661653 0.1452 0)
(-0.0568727 0.126543 0)
(-0.0481107 0.109451 0)
(-0.0400419 0.0938448 0)
(-0.0327741 0.0795998 0)
(-0.0263755 0.0665626 0)
(-0.0208868 0.054562 0)
(-0.0163314 0.0434159 0)
(-0.0127228 0.0329355 0)
(-0.0100709 0.022928 0)
(-0.00838555 0.0131972 0)
(-0.00768008 0.00354451 0)
(-0.00797241 -0.0062319 0)
(-0.00928576 -0.0163373 0)
(-0.0116477 -0.0269809 0)
(-0.0150883 -0.0383762 0)
(-0.0196357 -0.05074 0)
(-0.0253113 -0.0642912 0)
(-0.0321207 -0.0792468 0)
(-0.0400431 -0.0958154 0)
(-0.0490158 -0.114186 0)
(-0.0589155 -0.134511 0)
(-0.0695338 -0.156878 0)
(-0.0805483 -0.181269 0)
(-0.0914904 -0.207503 0)
(-0.101713 -0.235149 0)
(-0.110369 -0.263416 0)
(-0.116401 -0.291005 0)
(-0.118593 -0.315931 0)
(-0.115673 -0.335345 0)
(-0.10656 -0.345379 0)
(-0.0907423 -0.341125 0)
(-0.0687738 -0.316867 0)
(-0.0428255 -0.266704 0)
(-0.0179875 -0.185714 0)
(-0.003363 -0.0718945 0)
(-0.00380425 0.0743446 0)
(-0.0191851 0.188592 0)
(-0.0437697 0.26617 0)
(-0.0675725 0.311154 0)
(-0.0856806 0.330401 0)
(-0.0965698 0.330959 0)
(-0.100335 0.318956 0)
(-0.0979624 0.299215 0)
(-0.090813 0.275277 0)
(-0.0802723 0.2496 0)
(-0.0675692 0.2238 0)
(-0.05371 0.198888 0)
(-0.0394733 0.175444 0)
(-0.0254339 0.153761 0)
(-0.0119973 0.133938 0)
(0.000563953 0.115954 0)
(0.0120777 0.0997098 0)
(0.0224449 0.0850613 0)
(0.0316172 0.0718373 0)
(0.0395796 0.0598534 0)
(0.0463374 0.048919 0)
(0.0519055 0.0388416 0)
(0.0563012 0.0294289 0)
(0.0595384 0.0204894 0)
(0.0616237 0.0118323 0)
(0.0625536 0.00326621 0)
(0.0623129 -0.00540225 0)
(0.0608741 -0.0143699 0)
(0.0581976 -0.0238389 0)
(0.0542338 -0.034018 0)
(0.0489254 -0.0451243 0)
(0.0422129 -0.0573832 0)
(0.0340411 -0.0710279 0)
(0.0243703 -0.0862965 0)
(0.0131903 -0.103425 0)
(0.000541043 -0.122636 0)
(-0.0134609 -0.144118 0)
(-0.028587 -0.167987 0)
(-0.0444528 -0.194238 0)
(-0.0604672 -0.222658 0)
(-0.075778 -0.252698 0)
(-0.0892287 -0.283306 0)
(-0.0993466 -0.312684 0)
(-0.104406 -0.338004 0)
(-0.102636 -0.355098 0)
(-0.0926479 -0.358238 0)
(-0.0740774 -0.340175 0)
(-0.0484937 -0.292707 0)
(-0.0214419 -0.208136 0)
(-0.0042906 -0.0822307 0)
(-0.00519652 0.0857673 0)
(-0.023927 0.211726 0)
(-0.0509649 0.290953 0)
(-0.0737594 0.331113 0)
(-0.0872854 0.342621 0)
(-0.0910442 0.335019 0)
(-0.0863048 0.315832 0)
(-0.0750306 0.290469 0)
(-0.0592693 0.262557 0)
(-0.0408161 0.234383 0)
(-0.0210974 0.207293 0)
(-0.00117361 0.182014 0)
(0.0182098 0.158874 0)
(0.0365575 0.137957 0)
(0.0535632 0.119203 0)
(0.0690572 0.10247 0)
(0.0829647 0.0875729 0)
(0.095274 0.0743086 0)
(0.106013 0.0624683 0)
(0.11523 0.0518455 0)
(0.122984 0.0422389 0)
(0.129333 0.0334546 0)
(0.134329 0.0253048 0)
(0.138009 0.0176073 0)
(0.140399 0.0101835 0)
(0.141507 0.00285659 0)
(0.141322 -0.00455129 0)
(0.139813 -0.0122212 0)
(0.13693 -0.02034 0)
(0.132605 -0.0291034 0)
(0.126755 -0.0387185 0)
(0.11928 -0.0494062 0)
(0.110075 -0.0614032 0)
(0.0990349 -0.074963 0)
(0.0860664 -0.0903541 0)
(0.0711082 -0.107855 0)
(0.0541565 -0.127742 0)
(0.0353023 -0.150265 0)
(0.0147823 -0.175605 0)
(-0.00695368 -0.203797 0)
(-0.02916 -0.234616 0)
(-0.0507017 -0.267383 0)
(-0.0699712 -0.300682 0)
(-0.0848568 -0.331968 0)
(-0.0928537 -0.35706 0)
(-0.0914468 -0.36961 0)
(-0.0788473 -0.36075 0)
(-0.0553001 -0.319339 0)
(-0.0262637 -0.233513 0)
(-0.00575823 -0.0949208 0)
(-0.00752333 0.100626 0)
(-0.0307783 0.238537 0)
(-0.0595883 0.315935 0)
(-0.0787851 0.347059 0)
(-0.0842401 0.347517 0)
(-0.0774456 0.329841 0)
(-0.0613957 0.30282 0)
(-0.0392226 0.272092 0)
(-0.01363 0.241007 0)
(0.0133106 0.211394 0)
(0.0401371 0.18414 0)
(0.0658857 0.159573 0)
(0.0899666 0.137712 0)
(0.112057 0.118409 0)
(0.132017 0.101442 0)
(0.149825 0.0865571 0)
(0.165533 0.073498 0)
(0.179235 0.062018 0)
(0.191046 0.0518856 0)
(0.201083 0.0428857 0)
(0.20946 0.0348191 0)
(0.216279 0.0275004 0)
(0.221624 0.0207559 0)
(0.22556 0.0144205 0)
(0.228127 0.00833551 0)
(0.229345 0.00234503 0)
(0.229208 -0.00370638 0)
(0.227685 -0.00997703 0)
(0.224718 -0.0166313 0)
(0.220224 -0.0238429 0)
(0.214095 -0.031799 0)
(0.2062 -0.0407037 0)
(0.196385 -0.0507828 0)
(0.18448 -0.0622873 0)
(0.17031 -0.0754974 0)
(0.153703 -0.090724 0)
(0.134517 -0.108307 0)
(0.112668 -0.128603 0)
(0.0881859 -0.151966 0)
(0.0612864 -0.178688 0)
(0.0324736 -0.208907 0)
(0.0026798 -0.242429 0)
(-0.0265672 -0.278431 0)
(-0.0529789 -0.314988 0)
(-0.0734331 -0.348363 0)
(-0.0841639 -0.372073 0)
(-0.0814071 -0.375879 0)
(-0.0630065 -0.345217 0)
(-0.0330955 -0.262239 0)
(-0.00818052 -0.111116 0)
(-0.0114649 0.120786 0)
(-0.040534 0.269251 0)
(-0.0686258 0.338706 0)
(-0.0793004 0.355074 0)
(-0.0714146 0.340972 0)
(-0.0497434 0.311957 0)
(-0.0194521 0.277443 0)
(0.0152195 0.2426 0)
(0.0511864 0.209967 0)
(0.0864149 0.180588 0)
(0.119681 0.154708 0)
(0.150325 0.132184 0)
(0.178062 0.112707 0)
(0.202836 0.0959139 0)
(0.224733 0.0814436 0)
(0.243914 0.0689622 0)
(0.260573 0.0581703 0)
(0.274917 0.0488028 0)
(0.287147 0.0406266 0)
(0.297447 0.0334355 0)
(0.305981 0.0270463 0)
(0.312887 0.0212939 0)
(0.318278 0.0160274 0)
(0.322239 0.0111069 0)
(0.324826 0.00639938 0)
(0.326069 0.00177625 0)
(0.325965 -0.00289031 0)
(0.324485 -0.00773029 0)
(0.321566 -0.0128792 0)
(0.317117 -0.0184816 0)
(0.311012 -0.0246955 0)
(0.303095 -0.031697 0)
(0.293176 -0.0396855 0)
(0.281032 -0.0488906 0)
(0.266411 -0.0595791 0)
(0.24904 -0.0720628 0)
(0.228634 -0.0867063 0)
(0.204923 -0.103931 0)
(0.177689 -0.124213 0)
(0.146833 -0.148064 0)
(0.112479 -0.17597 0)
(0.0751398 -0.208272 0)
(0.03595 -0.244905 0)
(-0.0030188 -0.284921 0)
(-0.0384246 -0.325644 0)
(-0.0654539 -0.361317 0)
(-0.0780275 -0.38118 0)
(-0.0702667 -0.367383 0)
(-0.0426103 -0.29418 0)
(-0.0122311 -0.132637 0)
(-0.0178692 0.149161 0)
(-0.0532888 0.302583 0)
(-0.0741958 0.354018 0)
(-0.0677665 0.348803 0)
(-0.0393889 0.317524 0)
(0.00173558 0.277624 0)
(0.0484009 0.237698 0)
(0.0958769 0.201379 0)
(0.141351 0.169791 0)
(0.183351 0.142907 0)
(0.221255 0.120249 0)
(0.25494 0.101216 0)
(0.284555 0.085225 0)
(0.310383 0.07176 0)
(0.332763 0.0603844 0)
(0.352043 0.0507342 0)
(0.368556 0.0425081 0)
(0.382607 0.0354553 0)
(0.394467 0.0293653 0)
(0.404371 0.0240599 0)
(0.412518 0.0193857 0)
(0.419074 0.0152081 0)
(0.424168 0.0114075 0)
(0.427899 0.00787445 0)
(0.430331 0.00450689 0)
(0.431501 0.00120685 0)
(0.431409 -0.0021223 0)
(0.43003 -0.00557875 0)
(0.4273 -0.00926518 0)
(0.423125 -0.0132921 0)
(0.417375 -0.0177818 0)
(0.409879 -0.0228728 0)
(0.400427 -0.0287257 0)
(0.388763 -0.0355305 0)
(0.374584 -0.0435155 0)
(0.357537 -0.0529591 0)
(0.337221 -0.0642036 0)
(0.313195 -0.0776725 0)
(0.284991 -0.0938876 0)
(0.252163 -0.113483 0)
(0.214359 -0.137205 0)
(0.171468 -0.165861 0)
(0.123873 -0.200178 0)
(0.072858 -0.240432 0)
(0.0212091 -0.285651 0)
(-0.0260276 -0.332013 0)
(-0.06085 -0.369972 0)
(-0.0726945 -0.379925 0)
(-0.0545884 -0.327452 0)
(-0.0186834 -0.16228 0)
(-0.0267746 0.190672 0)
(-0.0655143 0.332888 0)
(-0.0648849 0.351057 0)
(-0.028277 0.318408 0)
(0.0282433 0.270742 0)
(0.0916021 0.223814 0)
(0.154081 0.183123 0)
(0.211923 0.149594 0)
(0.263641 0.122501 0)
(0.308969 0.100717 0)
(0.348233 0.0831582 0)
(0.382004 0.0689229 0)
(0.410921 0.0572982 0)
(0.435598 0.0477338 0)
(0.456601 0.039806 0)
(0.474423 0.0331871 0)
(0.489494 0.0276208 0)
(0.502179 0.0229037 0)
(0.512787 0.018872 0)
(0.521575 0.0153912 0)
(0.528756 0.0123486 0)
(0.534499 0.00964814 0)
(0.53894 0.00720563 0)
(0.542176 0.00494562 0)
(0.544275 0.00279854 0)
(0.545272 0.000698261 0)
(0.545174 -0.00142008 0)
(0.543956 -0.00362227 0)
(0.541561 -0.00597734 0)
(0.5379 -0.00856005 0)
(0.532847 -0.011454 0)
(0.526238 -0.0147552 0)
(0.517863 -0.0185773 0)
(0.507461 -0.0230577 0)
(0.494715 -0.028366 0)
(0.479236 -0.0347164 0)
(0.460559 -0.0423833 0)
(0.438129 -0.0517237 0)
(0.411293 -0.0632073 0)
(0.379303 -0.0774556 0)
(0.341336 -0.0952887 0)
(0.296572 -0.117769 0)
(0.244364 -0.146209 0)
(0.184605 -0.182044 0)
(0.118439 -0.226346 0)
(0.0495111 -0.278444 0)
(-0.014155 -0.332588 0)
(-0.0583572 -0.371481 0)
(-0.064862 -0.355546 0)
(-0.0273123 -0.204729 0)
(-0.032908 0.250458 0)
(-0.0616012 0.344051 0)
(-0.011635 0.310428 0)
(0.0703951 0.251139 0)
(0.158079 0.195389 0)
(0.240032 0.150588 0)
(0.311894 0.116685 0)
(0.372999 0.0914207 0)
(0.424271 0.0725024 0)
(0.467085 0.0581511 0)
(0.502805 0.0470915 0)
(0.53263 0.0384322 0)
(0.557567 0.0315521 0)
(0.578441 0.0260136 0)
(0.595923 0.0215037 0)
(0.61056 0.0177934 0)
(0.622796 0.0147118 0)
(0.632995 0.0121283 0)
(0.641452 0.00994091 0)
(0.648405 0.00806798 0)
(0.654049 0.00644283 0)
(0.658536 0.00500953 0)
(0.661984 0.00371998 0)
(0.66448 0.00253164 0)
(0.666083 0.0014057 0)
(0.666825 0.000305605 0)
(0.666711 -0.000804355 0)
(0.665722 -0.00196033 0)
(0.663811 -0.00320032 0)
(0.660903 -0.00456571 0)
(0.656892 -0.00610317 0)
(0.651636 -0.00786702 0)
(0.644953 -0.00992238 0)
(0.636614 -0.0123495 0)
(0.626329 -0.0152498 0)
(0.613737 -0.0187547 0)
(0.598389 -0.0230381 0)
(0.579719 -0.0283358 0)
(0.557018 -0.0349742 0)
(0.529395 -0.0434143 0)
(0.495733 -0.0543193 0)
(0.454658 -0.068654 0)
(0.404535 -0.0878222 0)
(0.343596 -0.113823 0)
(0.270392 -0.149304 0)
(0.185035 -0.197031 0)
(0.091539 -0.257539 0)
(0.00150133 -0.322971 0)
(-0.0570349 -0.361394 0)
(-0.0321792 -0.263987 0)
(0.00110483 0.294939 0)
(0.016899 0.298656 0)
(0.152328 0.212994 0)
(0.282726 0.14521 0)
(0.387648 0.0994361 0)
(0.470513 0.0695223 0)
(0.53548 0.0500967 0)
(0.586418 0.0372394 0)
(0.626689 0.0284385 0)
(0.658869 0.0221912 0)
(0.68484 0.0176057 0)
(0.705978 0.0141423 0)
(0.723296 0.0114639 0)
(0.737557 0.00935233 0)
(0.749339 0.00766142 0)
(0.75909 0.00628944 0)
(0.767162 0.00516332 0)
(0.773832 0.0042289 0)
(0.779319 0.00344494 0)
(0.783799 0.00277915 0)
(0.787411 0.00220558 0)
(0.790264 0.00170282 0)
(0.792441 0.00125272 0)
(0.794002 0.000839395 0)
(0.794988 0.000448488 0)
(0.795421 6.65708e-05 0)
(0.795305 -0.000319407 0)
(0.794627 -0.00072267 0)
(0.793354 -0.00115712 0)
(0.791434 -0.00163797 0)
(0.788795 -0.00218251 0)
(0.785338 -0.00281104 0)
(0.780935 -0.00354823 0)
(0.775424 -0.00442489 0)
(0.768596 -0.00548069 0)
(0.760187 -0.00676809 0)
(0.749858 -0.00835847 0)
(0.73717 -0.0103518 0)
(0.721547 -0.0128927 0)
(0.702225 -0.0161974 0)
(0.678165 -0.0206021 0)
(0.647943 -0.0266487 0)
(0.609571 -0.0352426 0)
(0.560267 -0.0479363 0)
(0.496288 -0.0673899 0)
(0.41316 -0.0979079 0)
(0.305969 -0.145602 0)
(0.170377 -0.2172 0)
(0.0268782 -0.307172 0)
(0.00519272 -0.303035 0)
(0.290268 0.152427 0)
(0.389584 0.128254 0)
(0.565485 0.0747404 0)
(0.683284 0.0422216 0)
(0.7528 0.0245028 0)
(0.797691 0.0148459 0)
(0.828694 0.0095255 0)
(0.85097 0.00649258 0)
(0.867556 0.00466202 0)
(0.880283 0.00348348 0)
(0.890266 0.00267832 0)
(0.898222 0.00210069 0)
(0.904634 0.00167034 0)
(0.909843 0.00134049 0)
(0.914098 0.00108221 0)
(0.917583 0.000876577 0)
(0.920442 0.000710574 0)
(0.922785 0.000574891 0)
(0.924697 0.000462619 0)
(0.926246 0.000368468 0)
(0.927484 0.000288269 0)
(0.928454 0.000218637 0)
(0.929186 0.000156744 0)
(0.929702 0.000100148 0)
(0.930017 4.66644e-05 0)
(0.930139 -5.73262e-06 0)
(0.930069 -5.89904e-05 0)
(0.929801 -0.000115114 0)
(0.929324 -0.000176194 0)
(0.928617 -0.000244533 0)
(0.927652 -0.000322773 0)
(0.926393 -0.000414059 0)
(0.92479 -0.000522258 0)
(0.922781 -0.00065229 0)
(0.920285 -0.000810607 0)
(0.9172 -0.00100595 0)
(0.913391 -0.00125054 0)
(0.908681 -0.0015622 0)
(0.902832 -0.00196802 0)
(0.895515 -0.00251144 0)
(0.88626 -0.00326652 0)
(0.874369 -0.00436758 0)
(0.858752 -0.00607332 0)
(0.837602 -0.00890459 0)
(0.807863 -0.0139216 0)
(0.764258 -0.0232165 0)
(0.695851 -0.0407521 0)
(0.577948 -0.0737406 0)
(0.398077 -0.128752 0)
(0.293884 -0.153799 0)
)
;

boundaryField
{
    movingWallTop
    {
        type            fixedValue;
        value           uniform (1 0 0);
    }
    movingWallBottom
    {
        type            fixedValue;
        value           uniform (1 0 0);
    }
    fixedWalls
    {
        type            noSlip;
    }
    frontAndBack
    {
        type            empty;
    }
}


// ************************************************************************* //
